# x        y
5.4102     28.1166   
12.9329    38.1841   
3.2025     33.9601   
13.4486    11.4312   
17.9301    35.4609   
15.9632    35.7915   

# Frame1

# x        y
6.8704     26.7499   
12.9329    38.1841   
3.2025     33.9601   
13.4486    11.4312   
17.9302    35.4609   
15.9631    35.7915   

# Frame2

# x        y
8.3062     25.4060   
12.9329    38.1841   
3.2025     33.9601   
13.4486    11.4312   
17.9302    35.4609   
15.9631    35.7916   

# Frame3

# x        y
9.7181     24.0845   
12.9329    38.1841   
3.2025     33.9601   
13.4486    11.4312   
17.9302    35.4609   
15.9631    35.7916   

# Frame4

# x        y
11.1065    22.7850   
12.9329    38.1841   
3.2025     33.9601   
13.4486    11.4312   
17.9303    35.4609   
15.9630    35.7916   

# Frame5

# x        y
12.4717    21.5071   
12.9329    38.1841   
3.2025     33.9601   
13.4486    11.4312   
17.9303    35.4609   
15.9630    35.7916   

# Frame6

# x        y
13.8142    20.2506   
12.9329    38.1841   
3.2025     33.9601   
13.4486    11.4312   
17.9303    35.4609   
15.9630    35.7916   

# Frame7

# x        y
15.1343    19.0150   
12.9329    38.1841   
3.2025     33.9601   
13.4486    11.4312   
17.9303    35.4609   
15.9630    35.7916   

# Frame8

# x        y
16.4324    17.8000   
12.9329    38.1841   
3.2025     33.9601   
13.4486    11.4312   
17.9303    35.4609   
15.9630    35.7916   

# Frame9

# x        y
17.7089    16.6052   
12.9329    38.1841   
3.2025     33.9601   
13.4486    11.4312   
17.9303    35.4609   
15.9630    35.7916   

# Frame10

# x        y
18.9641    15.4303   
12.9329    38.1841   
3.2025     33.9601   
13.4486    11.4312   
17.9303    35.4609   
15.9630    35.7916   

# Frame11

# x        y
18.3989    14.6488   
12.9329    38.1841   
3.2025     33.9601   
13.4486    11.4312   
17.9303    35.4609   
15.9630    35.7916   

# Frame12

# x        y
17.7921    13.8929   
12.9329    38.1841   
3.2025     33.9601   
13.4486    11.4312   
17.9303    35.4609   
15.9630    35.7916   

# Frame13

# x        y
17.1953    13.1496   
12.9329    38.1841   
3.2025     33.9601   
13.4486    11.4312   
17.9303    35.4609   
15.9630    35.7916   

# Frame14

# x        y
16.6086    12.4186   
12.9329    38.1841   
3.2025     33.9601   
13.4486    11.4312   
17.9303    35.4609   
15.9630    35.7916   

# Frame15

# x        y
16.0315    11.6999   
12.9329    38.1841   
3.2025     33.9601   
13.4486    11.4312   
17.9303    35.4609   
15.9630    35.7916   

# Frame16

# x        y
15.4641    10.9931   
12.9329    38.1841   
3.2025     33.9601   
13.4486    11.4312   
17.9303    35.4609   
15.9630    35.7916   

# Frame17

# x        y
15.1520    10.4227   
12.9329    38.1841   
3.2025     33.9601   
13.2028    11.3066   
17.9303    35.4609   
15.9630    35.7916   

# Frame18

# x        y
14.9050    9.8967    
12.9329    38.1841   
3.2025     33.9601   
12.9012    11.1492   
17.9303    35.4609   
15.9630    35.7916   

# Frame19

# x        y
14.6622    9.3795    
12.9329    38.1841   
3.2025     33.9601   
12.6045    10.9944   
17.9303    35.4609   
15.9630    35.7916   

# Frame20

# x        y
14.4234    8.8709    
12.9329    38.1841   
3.2025     33.9601   
12.3128    10.8422   
17.9303    35.4609   
15.9630    35.7916   

# Frame21

# x        y
14.1885    8.3708    
12.9329    38.1841   
3.2025     33.9601   
12.0260    10.6925   
17.9303    35.4609   
15.9630    35.7916   

# Frame22

# x        y
13.9576    7.8790    
12.9329    38.1841   
3.2025     33.9601   
11.7439    10.5453   
17.9303    35.4609   
15.9630    35.7916   

# Frame23

# x        y
13.7306    7.3954    
12.9329    38.1841   
3.2025     33.9601   
11.4665    10.4005   
17.9303    35.4609   
15.9630    35.7916   

# Frame24

# x        y
13.5073    6.9199    
12.9329    38.1841   
3.2025     33.9601   
11.1938    10.2582   
17.9303    35.4609   
15.9630    35.7916   

# Frame25

# x        y
13.2877    6.4523    
12.9329    38.1841   
3.2025     33.9601   
10.9256    10.1182   
17.9303    35.4609   
15.9630    35.7916   

# Frame26

# x        y
13.0718    5.9925    
12.9329    38.1841   
3.2025     33.9601   
10.6619    9.9806    
17.9303    35.4609   
15.9630    35.7916   

# Frame27

# x        y
12.8596    5.5404    
12.9329    38.1841   
3.2025     33.9601   
10.4026    9.8453    
17.9303    35.4609   
15.9630    35.7916   

# Frame28

# x        y
12.6508    5.0958    
12.9329    38.1841   
3.2025     33.9601   
10.1476    9.7122    
17.9303    35.4609   
15.9630    35.7916   

# Frame29

# x        y
12.4455    4.6586    
12.9329    38.1841   
3.2025     33.9601   
9.8968     9.5813    
17.9303    35.4609   
15.9630    35.7916   

# Frame30

# x        y
12.2437    4.2287    
12.9329    38.1841   
3.2025     33.9601   
9.6502     9.4526    
17.9303    35.4609   
15.9630    35.7916   

# Frame31

# x        y
12.0452    3.8059    
12.9329    38.1841   
3.2025     33.9601   
9.4078     9.3261    
17.9303    35.4609   
15.9630    35.7916   

# Frame32

# x        y
11.8500    3.3902    
12.9329    38.1841   
3.2025     33.9601   
9.1693     9.2017    
17.9303    35.4609   
15.9630    35.7916   

# Frame33

# x        y
11.6580    2.9815    
12.9329    38.1841   
3.2025     33.9601   
8.9349     9.0793    
17.9303    35.4609   
15.9630    35.7916   

# Frame34

# x        y
11.4693    2.5795    
12.9329    38.1841   
3.2025     33.9601   
8.7043     8.9590    
17.9303    35.4609   
15.9630    35.7916   

# Frame35

# x        y
11.2837    2.1843    
12.9329    38.1841   
3.2025     33.9601   
8.4776     8.8407    
17.9303    35.4609   
15.9630    35.7916   

# Frame36

# x        y
11.1012    1.7956    
12.9329    38.1841   
3.2025     33.9601   
8.2547     8.7244    
17.9303    35.4609   
15.9630    35.7916   

# Frame37

# x        y
10.9218    1.4134    
12.9329    38.1841   
3.2025     33.9601   
8.0355     8.6100    
17.9303    35.4609   
15.9630    35.7916   

# Frame38

# x        y
10.7453    1.0376    
12.9329    38.1841   
3.2025     33.9601   
7.8200     8.4975    
17.9303    35.4609   
15.9630    35.7916   

# Frame39

# x        y
10.6031    1.1683    
12.9329    38.1841   
3.2025     33.9601   
7.6080     8.3869    
17.9303    35.4609   
15.9630    35.7916   

# Frame40

# x        y
10.4673    1.3500    
12.9329    38.1841   
3.2025     33.9601   
7.3996     8.2781    
17.9303    35.4609   
15.9630    35.7916   

# Frame41

# x        y
10.3337    1.5287    
12.9329    38.1841   
3.2025     33.9601   
7.1946     8.1711    
17.9303    35.4609   
15.9630    35.7916   

# Frame42

# x        y
10.2023    1.7044    
12.9329    38.1841   
3.2025     33.9601   
6.9931     8.0660    
17.9303    35.4609   
15.9630    35.7916   

# Frame43

# x        y
10.0732    1.8772    
12.9329    38.1841   
3.2025     33.9601   
6.7949     7.9625    
17.9303    35.4609   
15.9630    35.7916   

# Frame44

# x        y
9.9462     2.0470    
12.9329    38.1841   
3.2025     33.9601   
6.6000     7.8608    
17.9303    35.4609   
15.9630    35.7916   

# Frame45

# x        y
9.8213     2.2141    
12.9329    38.1841   
3.2025     33.9601   
6.4084     7.7608    
17.9303    35.4609   
15.9630    35.7916   

# Frame46

# x        y
9.6984     2.3784    
12.9329    38.1841   
3.2025     33.9601   
6.2200     7.6625    
17.9303    35.4609   
15.9630    35.7916   

# Frame47

# x        y
9.5777     2.5399    
12.9329    38.1841   
3.2025     33.9601   
6.0347     7.5658    
17.9303    35.4609   
15.9630    35.7916   

# Frame48

# x        y
9.4589     2.6987    
12.9329    38.1841   
3.2025     33.9601   
5.8525     7.4707    
17.9303    35.4609   
15.9630    35.7916   

# Frame49

# x        y
9.3422     2.8549    
12.9329    38.1841   
3.2025     33.9601   
5.6733     7.3772    
17.9303    35.4609   
15.9630    35.7916   

# Frame50

# x        y
9.2273     3.0085    
12.9329    38.1841   
3.2025     33.9601   
5.4971     7.2853    
17.9303    35.4609   
15.9630    35.7916   

# Frame51

# x        y
9.1144     3.1595    
12.9329    38.1841   
3.2025     33.9601   
5.3239     7.1949    
17.9303    35.4609   
15.9630    35.7916   

# Frame52

# x        y
9.0034     3.3081    
12.9329    38.1841   
3.2025     33.9601   
5.1535     7.1059    
17.9303    35.4609   
15.9630    35.7916   

# Frame53

# x        y
8.8942     3.4541    
12.9329    38.1841   
3.2025     33.9601   
4.9860     7.0185    
17.9303    35.4609   
15.9630    35.7916   

# Frame54

# x        y
8.7868     3.5977    
12.9329    38.1841   
3.2025     33.9601   
4.8213     6.9326    
17.9303    35.4609   
15.9630    35.7916   

# Frame55

# x        y
8.6813     3.7389    
12.9329    38.1841   
3.2025     33.9601   
4.6593     6.8480    
17.9303    35.4609   
15.9630    35.7916   

# Frame56

# x        y
8.5775     3.8778    
12.9329    38.1841   
3.2025     33.9601   
4.5000     6.7649    
17.9303    35.4609   
15.9630    35.7916   

# Frame57

# x        y
8.4754     4.0143    
12.9329    38.1841   
3.2025     33.9601   
4.3434     6.6832    
17.9303    35.4609   
15.9630    35.7916   

# Frame58

# x        y
8.3750     4.1486    
12.9329    38.1841   
3.2025     33.9601   
4.1893     6.6028    
17.9303    35.4609   
15.9630    35.7916   

# Frame59

# x        y
8.2763     4.2806    
12.9329    38.1841   
3.2025     33.9601   
4.0379     6.5237    
17.9303    35.4609   
15.9630    35.7916   

# Frame60

# x        y
8.1792     4.4104    
12.9329    38.1841   
3.2025     33.9601   
3.8890     6.4460    
17.9303    35.4609   
15.9630    35.7916   

# Frame61

# x        y
8.0838     4.5381    
12.9329    38.1841   
3.2025     33.9601   
3.7425     6.3696    
17.9303    35.4609   
15.9630    35.7916   

# Frame62

# x        y
7.9899     4.6636    
12.9329    38.1841   
3.2025     33.9601   
3.5985     6.2945    
17.9303    35.4609   
15.9630    35.7916   

# Frame63

# x        y
7.8976     4.7871    
12.9329    38.1841   
3.2025     33.9601   
3.4569     6.2206    
17.9303    35.4609   
15.9630    35.7916   

# Frame64

# x        y
7.8069     4.9084    
12.9329    38.1841   
3.2025     33.9601   
3.3177     6.1479    
17.9303    35.4609   
15.9630    35.7916   

# Frame65

# x        y
7.7177     5.0278    
12.9329    38.1841   
3.2025     33.9601   
3.1807     6.0764    
17.9303    35.4609   
15.9630    35.7916   

# Frame66

# x        y
7.6299     5.1452    
12.9329    38.1841   
3.2025     33.9601   
3.0461     6.0062    
17.9303    35.4609   
15.9630    35.7916   

# Frame67

# x        y
7.5436     5.2606    
12.9329    38.1841   
3.2025     33.9601   
2.9137     5.9371    
17.9303    35.4609   
15.9630    35.7916   

# Frame68

# x        y
7.4588     5.3741    
12.9329    38.1841   
3.2025     33.9601   
2.7835     5.8691    
17.9303    35.4609   
15.9630    35.7916   

# Frame69

# x        y
7.3753     5.4857    
12.9329    38.1841   
3.2025     33.9601   
2.6555     5.8023    
17.9303    35.4609   
15.9630    35.7916   

# Frame70

# x        y
7.2933     5.5954    
12.9329    38.1841   
3.2025     33.9601   
2.5296     5.7366    
17.9303    35.4609   
15.9630    35.7916   

# Frame71

# x        y
7.2126     5.7034    
12.9329    38.1841   
3.2025     33.9601   
2.4058     5.6720    
17.9303    35.4609   
15.9630    35.7916   

# Frame72

# x        y
7.1333     5.8095    
12.9329    38.1841   
3.2025     33.9601   
2.2841     5.6085    
17.9303    35.4609   
15.9630    35.7916   

# Frame73

# x        y
7.0553     5.9138    
12.9329    38.1841   
3.2025     33.9601   
2.1644     5.5460    
17.9303    35.4609   
15.9630    35.7916   

# Frame74

# x        y
6.9785     6.0164    
12.9329    38.1841   
3.2025     33.9601   
2.0467     5.4846    
17.9303    35.4609   
15.9630    35.7916   

# Frame75

# x        y
6.9031     6.1173    
12.9329    38.1841   
3.2025     33.9601   
1.9310     5.4242    
17.9303    35.4609   
15.9630    35.7916   

# Frame76

# x        y
6.8289     6.2165    
12.9329    38.1841   
3.2025     33.9601   
1.8171     5.3648    
17.9303    35.4609   
15.9630    35.7916   

# Frame77

# x        y
6.7560     6.3141    
12.9329    38.1841   
3.2025     33.9601   
1.7052     5.3064    
17.9303    35.4609   
15.9630    35.7916   

# Frame78

# x        y
6.6843     6.4100    
12.9329    38.1841   
3.2025     33.9601   
1.5952     5.2490    
17.9303    35.4609   
15.9630    35.7916   

# Frame79

# x        y
6.6137     6.5044    
12.9329    38.1841   
3.2025     33.9601   
1.4870     5.1925    
17.9303    35.4609   
15.9630    35.7916   

# Frame80

# x        y
6.5444     6.5971    
12.9329    38.1841   
3.2025     33.9601   
1.3806     5.1370    
17.9303    35.4609   
15.9630    35.7916   

# Frame81

# x        y
6.4762     6.6884    
12.9329    38.1841   
3.2025     33.9601   
1.2759     5.0824    
17.9303    35.4609   
15.9630    35.7916   

# Frame82

# x        y
6.4091     6.7781    
12.9329    38.1841   
3.2025     33.9601   
1.1730     5.0287    
17.9303    35.4609   
15.9630    35.7916   

# Frame83

# x        y
6.3432     6.8663    
12.9329    38.1841   
3.2025     33.9601   
1.0718     4.9759    
17.9303    35.4609   
15.9630    35.7916   

# Frame84

# x        y
6.2784     6.9530    
12.9329    38.1841   
3.2025     33.9601   
1.0162     4.9241    
17.9303    35.4609   
15.9630    35.7916   

# Frame85

# x        y
6.2146     7.0383    
12.9329    38.1841   
3.2025     33.9601   
1.0651     4.8737    
17.9303    35.4609   
15.9630    35.7916   

# Frame86

# x        y
6.1519     7.1221    
12.9329    38.1841   
3.2025     33.9601   
1.1132     4.8241    
17.9303    35.4609   
15.9630    35.7916   

# Frame87

# x        y
6.0902     7.2046    
12.9329    38.1841   
3.2025     33.9601   
1.1605     4.7753    
17.9303    35.4609   
15.9630    35.7916   

# Frame88

# x        y
6.0296     7.2857    
12.9329    38.1841   
3.2025     33.9601   
1.2070     4.7274    
17.9303    35.4609   
15.9630    35.7916   

# Frame89

# x        y
5.9700     7.3654    
12.9329    38.1841   
3.2025     33.9601   
1.2527     4.6803    
17.9303    35.4609   
15.9630    35.7916   

# Frame90

# x        y
5.9114     7.4439    
12.9329    38.1841   
3.2025     33.9601   
1.2977     4.6339    
17.9303    35.4609   
15.9630    35.7916   

# Frame91

# x        y
5.8537     7.5210    
12.9329    38.1841   
3.2025     33.9601   
1.3419     4.5883    
17.9303    35.4609   
15.9630    35.7916   

# Frame92

# x        y
5.7970     7.5968    
12.9329    38.1841   
3.2025     33.9601   
1.3854     4.5435    
17.9303    35.4609   
15.9630    35.7916   

# Frame93

# x        y
5.7413     7.6713    
12.9329    38.1841   
3.2025     33.9601   
1.4282     4.4994    
17.9303    35.4609   
15.9630    35.7916   

# Frame94

# x        y
5.6865     7.7447    
12.9329    38.1841   
3.2025     33.9601   
1.4702     4.4561    
17.9303    35.4609   
15.9630    35.7916   

# Frame95

# x        y
5.6326     7.8168    
12.9329    38.1841   
3.2025     33.9601   
1.5116     4.4134    
17.9303    35.4609   
15.9630    35.7916   

# Frame96

# x        y
5.5796     7.8876    
12.9329    38.1841   
3.2025     33.9601   
1.5522     4.3715    
17.9303    35.4609   
15.9630    35.7916   

# Frame97

# x        y
5.5275     7.9574    
12.9329    38.1841   
3.2025     33.9601   
1.5922     4.3303    
17.9303    35.4609   
15.9630    35.7916   

# Frame98

# x        y
5.4762     8.0259    
12.9329    38.1841   
3.2025     33.9601   
1.6315     4.2898    
17.9303    35.4609   
15.9630    35.7916   

# Frame99

# x        y
5.4258     8.0933    
12.9329    38.1841   
3.2025     33.9601   
1.6702     4.2500    
17.9303    35.4609   
15.9630    35.7916   

# Frame100

# x        y
5.3763     8.1596    
12.9329    38.1841   
3.2025     33.9601   
1.7082     4.2108    
17.9303    35.4609   
15.9630    35.7916   

# Frame101

# x        y
5.3275     8.2248    
12.9329    38.1841   
3.2025     33.9601   
1.7456     4.1722    
17.9303    35.4609   
15.9630    35.7916   

# Frame102

# x        y
5.2796     8.2889    
12.9329    38.1841   
3.2025     33.9601   
1.7824     4.1343    
17.9303    35.4609   
15.9630    35.7916   

# Frame103

# x        y
5.2325     8.3519    
12.9329    38.1841   
3.2025     33.9601   
1.8185     4.0971    
17.9303    35.4609   
15.9630    35.7916   

# Frame104

# x        y
5.1862     8.4139    
12.9329    38.1841   
3.2025     33.9601   
1.8541     4.0604    
17.9303    35.4609   
15.9630    35.7916   

# Frame105

# x        y
5.1406     8.4748    
12.9329    38.1841   
3.2025     33.9601   
1.8890     4.0244    
17.9303    35.4609   
15.9630    35.7916   

# Frame106

# x        y
5.0958     8.5347    
12.9329    38.1841   
3.2025     33.9601   
1.9234     3.9890    
17.9303    35.4609   
15.9630    35.7916   

# Frame107

# x        y
5.0518     8.5936    
12.9329    38.1841   
3.2025     33.9601   
1.9572     3.9542    
17.9303    35.4609   
15.9630    35.7916   

# Frame108

# x        y
5.0084     8.6516    
12.9329    38.1841   
3.2025     33.9601   
1.9904     3.9199    
17.9303    35.4609   
15.9630    35.7916   

# Frame109

# x        y
4.9658     8.7086    
12.9329    38.1841   
3.2025     33.9601   
2.0231     3.8862    
17.9303    35.4609   
15.9630    35.7916   

# Frame110

# x        y
4.9240     8.7646    
12.9329    38.1841   
3.2025     33.9601   
2.0552     3.8531    
17.9303    35.4609   
15.9630    35.7916   

# Frame111

# x        y
4.8828     8.8197    
12.9329    38.1841   
3.2025     33.9601   
2.0868     3.8205    
17.9303    35.4609   
15.9630    35.7916   

# Frame112

# x        y
4.8423     8.8739    
12.9329    38.1841   
3.2025     33.9601   
2.1179     3.7885    
17.9303    35.4609   
15.9630    35.7916   

# Frame113

# x        y
4.8024     8.9271    
12.9329    38.1841   
3.2025     33.9601   
2.1485     3.7570    
17.9303    35.4609   
15.9630    35.7916   

# Frame114

# x        y
4.7633     8.9795    
12.9329    38.1841   
3.2025     33.9601   
2.1785     3.7260    
17.9303    35.4609   
15.9630    35.7916   

# Frame115

# x        y
4.7248     9.0310    
12.9329    38.1841   
3.2025     33.9601   
2.2080     3.6956    
17.9303    35.4609   
15.9630    35.7916   

# Frame116

# x        y
4.6869     9.0817    
12.9329    38.1841   
3.2025     33.9601   
2.2371     3.6656    
17.9303    35.4609   
15.9630    35.7916   

# Frame117

# x        y
4.6496     9.1315    
12.9329    38.1841   
3.2025     33.9601   
2.2657     3.6362    
17.9303    35.4609   
15.9630    35.7916   

# Frame118

# x        y
4.6130     9.1805    
12.9329    38.1841   
3.2025     33.9601   
2.2938     3.6072    
17.9303    35.4609   
15.9630    35.7916   

# Frame119

# x        y
4.5770     9.2286    
12.9329    38.1841   
3.2025     33.9601   
2.3214     3.5788    
17.9303    35.4609   
15.9630    35.7916   

# Frame120

# x        y
4.5416     9.2760    
12.9329    38.1841   
3.2025     33.9601   
2.3485     3.5508    
17.9303    35.4609   
15.9630    35.7916   

# Frame121

# x        y
4.5068     9.3226    
12.9329    38.1841   
3.2025     33.9601   
2.3753     3.5232    
17.9303    35.4609   
15.9630    35.7916   

# Frame122

# x        y
4.4726     9.3684    
12.9329    38.1841   
3.2025     33.9601   
2.4015     3.4962    
17.9303    35.4609   
15.9630    35.7916   

# Frame123

# x        y
4.4389     9.4134    
12.9329    38.1841   
3.2025     33.9601   
2.4274     3.4695    
17.9303    35.4609   
15.9630    35.7916   

# Frame124

# x        y
4.4058     9.4577    
12.9329    38.1841   
3.2025     33.9601   
2.4527     3.4434    
17.9303    35.4609   
15.9630    35.7916   

# Frame125

# x        y
4.3732     9.5012    
12.9329    38.1841   
3.2025     33.9601   
2.4777     3.4176    
17.9303    35.4609   
15.9630    35.7916   

# Frame126

# x        y
4.3412     9.5440    
12.9329    38.1841   
3.2025     33.9601   
2.5023     3.3923    
17.9303    35.4609   
15.9630    35.7916   

# Frame127

# x        y
4.3097     9.5861    
12.9329    38.1841   
3.2025     33.9601   
2.5264     3.3674    
17.9303    35.4609   
15.9630    35.7916   

# Frame128

# x        y
4.2788     9.6275    
12.9329    38.1841   
3.2025     33.9601   
2.5502     3.3429    
17.9303    35.4609   
15.9630    35.7916   

# Frame129

# x        y
4.2484     9.6683    
12.9329    38.1841   
3.2025     33.9601   
2.5735     3.3189    
17.9303    35.4609   
15.9630    35.7916   

# Frame130

# x        y
4.2184     9.7083    
12.9329    38.1841   
3.2025     33.9601   
2.5965     3.2952    
17.9303    35.4609   
15.9630    35.7916   

# Frame131

# x        y
4.1890     9.7477    
12.9329    38.1841   
3.2025     33.9601   
2.6191     3.2719    
17.9303    35.4609   
15.9630    35.7916   

# Frame132

# x        y
4.1601     9.7864    
12.9329    38.1841   
3.2025     33.9601   
2.6413     3.2490    
17.9303    35.4609   
15.9630    35.7916   

# Frame133

# x        y
4.1316     9.8244    
12.9329    38.1841   
3.2025     33.9601   
2.6631     3.2265    
17.9303    35.4609   
15.9630    35.7916   

# Frame134

# x        y
4.1036     9.8619    
12.9329    38.1841   
3.2025     33.9601   
2.6846     3.2044    
17.9303    35.4609   
15.9630    35.7916   

# Frame135

# x        y
4.0761     9.8987    
12.9329    38.1841   
3.2025     33.9601   
2.7057     3.1826    
17.9303    35.4609   
15.9630    35.7916   

# Frame136

# x        y
4.0490     9.9349    
12.9329    38.1841   
3.2025     33.9601   
2.7264     3.1613    
17.9303    35.4609   
15.9630    35.7916   

# Frame137

# x        y
4.0224     9.9704    
12.9329    38.1841   
3.2025     33.9601   
2.7469     3.1402    
17.9303    35.4609   
15.9630    35.7916   

# Frame138

# x        y
3.9963     10.0054   
12.9329    38.1841   
3.2025     33.9601   
2.7669     3.1195    
17.9303    35.4609   
15.9630    35.7916   

# Frame139

# x        y
3.9705     10.0399   
12.9329    38.1841   
3.2025     33.9601   
2.7867     3.0992    
17.9303    35.4609   
15.9630    35.7916   

# Frame140

# x        y
3.9452     10.0737   
12.9329    38.1841   
3.2025     33.9601   
2.8061     3.0792    
17.9303    35.4609   
15.9630    35.7916   

# Frame141

# x        y
3.9204     10.1070   
12.9329    38.1841   
3.2025     33.9601   
2.8252     3.0595    
17.9303    35.4609   
15.9630    35.7916   

# Frame142

# x        y
3.8959     10.1397   
12.9329    38.1841   
3.2025     33.9601   
2.8439     3.0402    
17.9303    35.4609   
15.9630    35.7916   

# Frame143

# x        y
3.8718     10.1719   
12.9329    38.1841   
3.2025     33.9601   
2.8624     3.0211    
17.9303    35.4609   
15.9630    35.7916   

# Frame144

# x        y
3.8482     10.2035   
12.9329    38.1841   
3.2025     33.9601   
2.8805     3.0024    
17.9303    35.4609   
15.9630    35.7916   

# Frame145

# x        y
3.8249     10.2346   
12.9329    38.1841   
3.2025     33.9601   
2.8984     2.9840    
17.9303    35.4609   
15.9630    35.7916   

# Frame146

# x        y
3.8021     10.2652   
12.9329    38.1841   
3.2025     33.9601   
2.9159     2.9659    
17.9303    35.4609   
15.9630    35.7916   

# Frame147

# x        y
3.7796     10.2953   
12.9329    38.1841   
3.2025     33.9601   
2.9332     2.9482    
17.9303    35.4609   
15.9630    35.7916   

# Frame148

# x        y
3.7574     10.3249   
12.9329    38.1841   
3.2025     33.9601   
2.9501     2.9307    
17.9303    35.4609   
15.9630    35.7916   

# Frame149

# x        y
3.7357     10.3540   
12.9329    38.1841   
3.2025     33.9601   
2.9668     2.9135    
17.9303    35.4609   
15.9630    35.7916   

# Frame150

# x        y
3.7143     10.3826   
12.9329    38.1841   
3.2025     33.9601   
2.9832     2.8966    
17.9303    35.4609   
15.9630    35.7916   

# Frame151

# x        y
3.6933     10.4107   
12.9329    38.1841   
3.2025     33.9601   
2.9994     2.8799    
17.9303    35.4609   
15.9630    35.7916   

# Frame152

# x        y
3.6726     10.4384   
12.9329    38.1841   
3.2025     33.9601   
3.0152     2.8636    
17.9303    35.4609   
15.9630    35.7916   

# Frame153

# x        y
3.6523     10.4656   
12.9329    38.1841   
3.2025     33.9601   
3.0308     2.8475    
17.9303    35.4609   
15.9630    35.7916   

# Frame154

# x        y
3.6323     10.4923   
12.9329    38.1841   
3.2025     33.9601   
3.0462     2.8317    
17.9303    35.4609   
15.9630    35.7916   

# Frame155

# x        y
3.6126     10.5186   
12.9329    38.1841   
3.2025     33.9601   
3.0613     2.8161    
17.9303    35.4609   
15.9630    35.7916   

# Frame156

# x        y
3.5933     10.5445   
12.9329    38.1841   
3.2025     33.9601   
3.0761     2.8009    
17.9303    35.4609   
15.9630    35.7916   

# Frame157

# x        y
3.5743     10.5699   
12.9329    38.1841   
3.2025     33.9601   
3.0907     2.7858    
17.9303    35.4609   
15.9630    35.7916   

# Frame158

# x        y
3.5556     10.5949   
12.9329    38.1841   
3.2025     33.9601   
3.1050     2.7710    
17.9303    35.4609   
15.9630    35.7916   

# Frame159

# x        y
3.5372     10.6195   
12.9329    38.1841   
3.2025     33.9601   
3.1191     2.7565    
17.9303    35.4609   
15.9630    35.7916   

# Frame160

# x        y
3.5191     10.6437   
12.9329    38.1841   
3.2025     33.9601   
3.1330     2.7422    
17.9303    35.4609   
15.9630    35.7916   

# Frame161

# x        y
3.5013     10.6674   
12.9329    38.1841   
3.2025     33.9601   
3.1466     2.7282    
17.9303    35.4609   
15.9630    35.7916   

# Frame162

# x        y
3.4839     10.6908   
12.9329    38.1841   
3.2025     33.9601   
3.1600     2.7143    
17.9303    35.4609   
15.9630    35.7916   

# Frame163

# x        y
3.4667     10.7138   
12.9329    38.1841   
3.2025     33.9601   
3.1732     2.7007    
17.9303    35.4609   
15.9630    35.7916   

# Frame164

# x        y
3.4498     10.7364   
12.9329    38.1841   
3.2025     33.9601   
3.1862     2.6874    
17.9303    35.4609   
15.9630    35.7916   

# Frame165

# x        y
3.4331     10.7587   
12.9329    38.1841   
3.2025     33.9601   
3.1989     2.6742    
17.9303    35.4609   
15.9630    35.7916   

# Frame166

# x        y
3.4168     10.7805   
12.9329    38.1841   
3.2025     33.9601   
3.2115     2.6613    
17.9303    35.4609   
15.9630    35.7916   

# Frame167

# x        y
3.4007     10.8020   
12.9329    38.1841   
3.2025     33.9601   
3.2238     2.6486    
17.9303    35.4609   
15.9630    35.7916   

# Frame168

# x        y
3.3849     10.8232   
12.9329    38.1841   
3.2025     33.9601   
3.2359     2.6361    
17.9303    35.4609   
15.9630    35.7916   

# Frame169

# x        y
3.3694     10.8439   
12.9329    38.1841   
3.2025     33.9601   
3.2478     2.6238    
17.9303    35.4609   
15.9630    35.7916   

# Frame170

# x        y
3.3541     10.8644   
12.9329    38.1841   
3.2025     33.9601   
3.2596     2.6117    
17.9303    35.4609   
15.9630    35.7916   

# Frame171

# x        y
3.3391     10.8845   
12.9329    38.1841   
3.2025     33.9601   
3.2711     2.5999    
17.9303    35.4609   
15.9630    35.7916   

# Frame172

# x        y
3.3243     10.9042   
12.9329    38.1841   
3.2025     33.9601   
3.2824     2.5882    
17.9303    35.4609   
15.9630    35.7916   

# Frame173

# x        y
3.3098     10.9237   
12.9329    38.1841   
3.2025     33.9601   
3.2936     2.5767    
17.9303    35.4609   
15.9630    35.7916   

# Frame174

# x        y
3.2955     10.9428   
12.9329    38.1841   
3.2025     33.9601   
3.3045     2.5654    
17.9303    35.4609   
15.9630    35.7916   

# Frame175

# x        y
3.2814     10.9616   
12.9329    38.1841   
3.2025     33.9601   
3.3153     2.5543    
17.9303    35.4609   
15.9630    35.7916   

# Frame176

# x        y
3.2676     10.9800   
12.9329    38.1841   
3.2025     33.9601   
3.3259     2.5434    
17.9303    35.4609   
15.9630    35.7916   

# Frame177

# x        y
3.2540     10.9982   
12.9329    38.1841   
3.2025     33.9601   
3.3363     2.5326    
17.9303    35.4609   
15.9630    35.7916   

# Frame178

# x        y
3.2407     11.0161   
12.9329    38.1841   
3.2025     33.9601   
3.3466     2.5220    
17.9303    35.4609   
15.9630    35.7916   

# Frame179

# x        y
3.2276     11.0337   
12.9329    38.1841   
3.2025     33.9601   
3.3567     2.5117    
17.9303    35.4609   
15.9630    35.7916   

# Frame180

# x        y
3.2146     11.0509   
12.9329    38.1841   
3.2025     33.9601   
3.3666     2.5014    
17.9303    35.4609   
15.9630    35.7916   

# Frame181

# x        y
3.2019     11.0679   
12.9329    38.1841   
3.2025     33.9601   
3.3763     2.4914    
17.9303    35.4609   
15.9630    35.7916   

# Frame182

# x        y
3.1894     11.0846   
12.9329    38.1841   
3.2025     33.9601   
3.3859     2.4815    
17.9303    35.4609   
15.9630    35.7916   

# Frame183

# x        y
3.1772     11.1011   
12.9329    38.1841   
3.2025     33.9601   
3.3953     2.4718    
17.9303    35.4609   
15.9630    35.7916   

# Frame184

# x        y
3.1651     11.1172   
12.9329    38.1841   
3.2025     33.9601   
3.4046     2.4623    
17.9303    35.4609   
15.9630    35.7916   

# Frame185

# x        y
3.1532     11.1331   
12.9329    38.1841   
3.2025     33.9601   
3.4137     2.4529    
17.9303    35.4609   
15.9630    35.7916   

# Frame186

# x        y
3.1415     11.1487   
12.9329    38.1841   
3.2025     33.9601   
3.4226     2.4436    
17.9303    35.4609   
15.9630    35.7916   

# Frame187

# x        y
3.1301     11.1641   
12.9329    38.1841   
3.2025     33.9601   
3.4315     2.4346    
17.9303    35.4609   
15.9630    35.7916   

# Frame188

# x        y
3.1188     11.1792   
12.9329    38.1841   
3.2025     33.9601   
3.4401     2.4256    
17.9303    35.4609   
15.9630    35.7916   

# Frame189

# x        y
3.1077     11.1940   
12.9329    38.1841   
3.2025     33.9601   
3.4486     2.4169    
17.9303    35.4609   
15.9630    35.7916   

# Frame190

# x        y
3.0967     11.2086   
12.9329    38.1841   
3.2025     33.9601   
3.4570     2.4082    
17.9303    35.4609   
15.9630    35.7916   

# Frame191

# x        y
3.0860     11.2230   
12.9329    38.1841   
3.2025     33.9601   
3.4653     2.3997    
17.9303    35.4609   
15.9630    35.7916   

# Frame192

# x        y
3.0754     11.2371   
12.9329    38.1841   
3.2025     33.9601   
3.4734     2.3914    
17.9303    35.4609   
15.9630    35.7916   

# Frame193

# x        y
3.0651     11.2510   
12.9329    38.1841   
3.2025     33.9601   
3.4813     2.3832    
17.9303    35.4609   
15.9630    35.7916   

# Frame194

# x        y
3.0549     11.2646   
12.9329    38.1841   
3.2025     33.9601   
3.4891     2.3751    
17.9303    35.4609   
15.9630    35.7916   

# Frame195

# x        y
3.0448     11.2781   
12.9329    38.1841   
3.2025     33.9601   
3.4968     2.3672    
17.9303    35.4609   
15.9630    35.7916   

# Frame196

# x        y
3.0349     11.2913   
12.9329    38.1841   
3.2025     33.9601   
3.5044     2.3594    
17.9303    35.4609   
15.9630    35.7916   

# Frame197

# x        y
3.0252     11.3043   
12.9329    38.1841   
3.2025     33.9601   
3.5119     2.3517    
17.9303    35.4609   
15.9630    35.7916   

# Frame198

# x        y
3.0157     11.3170   
12.9329    38.1841   
3.2025     33.9601   
3.5192     2.3441    
17.9303    35.4609   
15.9630    35.7916   

# Frame199

# x        y
3.0063     11.3296   
12.9329    38.1841   
3.2025     33.9601   
3.5264     2.3367    
17.9303    35.4609   
15.9630    35.7916   

# Frame200

# x        y
2.9971     11.3419   
12.9329    38.1841   
3.2025     33.9601   
3.5335     2.3294    
17.9303    35.4609   
15.9630    35.7916   

# Frame201

# x        y
2.9880     11.3541   
12.9329    38.1841   
3.2025     33.9601   
3.5404     2.3222    
17.9303    35.4609   
15.9630    35.7916   

# Frame202

# x        y
2.9791     11.3660   
12.9329    38.1841   
3.2025     33.9601   
3.5473     2.3152    
17.9303    35.4609   
15.9630    35.7916   

# Frame203

# x        y
2.9703     11.3777   
12.9329    38.1841   
3.2025     33.9601   
3.5540     2.3082    
17.9303    35.4609   
15.9630    35.7916   

# Frame204

# x        y
2.9617     11.3893   
12.9329    38.1841   
3.2025     33.9601   
3.5606     2.3014    
17.9303    35.4609   
15.9630    35.7916   

# Frame205

# x        y
2.9532     11.4006   
12.9329    38.1841   
3.2025     33.9601   
3.5671     2.2947    
17.9303    35.4609   
15.9630    35.7916   

# Frame206

# x        y
2.9449     11.4118   
12.9329    38.1841   
3.2025     33.9601   
3.5735     2.2881    
17.9303    35.4609   
15.9630    35.7916   

# Frame207

# x        y
2.9366     11.4228   
12.9329    38.1841   
3.2025     33.9601   
3.5798     2.2816    
17.9303    35.4609   
15.9630    35.7916   

# Frame208

# x        y
2.9286     11.4336   
12.9329    38.1841   
3.2025     33.9601   
3.5860     2.2752    
17.9303    35.4609   
15.9630    35.7916   

# Frame209

# x        y
2.9206     11.4442   
12.9329    38.1841   
3.2025     33.9601   
3.5921     2.2690    
17.9303    35.4609   
15.9630    35.7916   

# Frame210

# x        y
2.9128     11.4546   
12.9329    38.1841   
3.2025     33.9601   
3.5981     2.2628    
17.9303    35.4609   
15.9630    35.7916   

# Frame211

# x        y
2.9052     11.4649   
12.9329    38.1841   
3.2025     33.9601   
3.6040     2.2567    
17.9303    35.4609   
15.9630    35.7916   

# Frame212

# x        y
2.8976     11.4750   
12.9329    38.1841   
3.2025     33.9601   
3.6098     2.2508    
17.9303    35.4609   
15.9630    35.7916   

# Frame213

# x        y
2.8902     11.4849   
12.9329    38.1841   
3.2025     33.9601   
3.6155     2.2449    
17.9303    35.4609   
15.9630    35.7916   

# Frame214

# x        y
2.8829     11.4946   
12.9329    38.1841   
3.2025     33.9601   
3.6211     2.2391    
17.9303    35.4609   
15.9630    35.7916   

# Frame215

# x        y
2.8757     11.5042   
12.9329    38.1841   
3.2025     33.9601   
3.6266     2.2335    
17.9303    35.4609   
15.9630    35.7916   

# Frame216

# x        y
2.8687     11.5137   
12.9329    38.1841   
3.2025     33.9601   
3.6320     2.2279    
17.9303    35.4609   
15.9630    35.7916   

# Frame217

# x        y
2.8618     11.5229   
12.9329    38.1841   
3.2025     33.9601   
3.6373     2.2224    
17.9303    35.4609   
15.9630    35.7916   

# Frame218

# x        y
2.8549     11.5321   
12.9329    38.1841   
3.2025     33.9601   
3.6425     2.2170    
17.9303    35.4609   
15.9630    35.7916   

# Frame219

# x        y
2.8482     11.5410   
12.9329    38.1841   
3.2025     33.9601   
3.6477     2.2117    
17.9303    35.4609   
15.9630    35.7916   

# Frame220

# x        y
2.8416     11.5499   
12.9329    38.1841   
3.2025     33.9601   
3.6527     2.2065    
17.9303    35.4609   
15.9630    35.7916   

# Frame221

# x        y
2.8352     11.5585   
12.9329    38.1841   
3.2025     33.9601   
3.6577     2.2014    
17.9303    35.4609   
15.9630    35.7916   

# Frame222

# x        y
2.8288     11.5671   
12.9329    38.1841   
3.2025     33.9601   
3.6626     2.1963    
17.9303    35.4609   
15.9630    35.7916   

# Frame223

# x        y
2.8225     11.5754   
12.9329    38.1841   
3.2025     33.9601   
3.6674     2.1914    
17.9303    35.4609   
15.9630    35.7916   

# Frame224

# x        y
2.8163     11.5837   
12.9329    38.1841   
3.2025     33.9601   
3.6721     2.1865    
17.9303    35.4609   
15.9630    35.7916   

# Frame225

# x        y
2.8103     11.5918   
12.9329    38.1841   
3.2025     33.9601   
3.6768     2.1817    
17.9303    35.4609   
15.9630    35.7916   

# Frame226

# x        y
2.8043     11.5998   
12.9329    38.1841   
3.2025     33.9601   
3.6814     2.1770    
17.9303    35.4609   
15.9630    35.7916   

# Frame227

# x        y
2.7985     11.6076   
12.9329    38.1841   
3.2025     33.9601   
3.6859     2.1723    
17.9303    35.4609   
15.9630    35.7916   

# Frame228

# x        y
2.7927     11.6153   
12.9329    38.1841   
3.2025     33.9601   
3.6903     2.1678    
17.9303    35.4609   
15.9630    35.7916   

# Frame229

# x        y
2.7870     11.6229   
12.9329    38.1841   
3.2025     33.9601   
3.6946     2.1633    
17.9303    35.4609   
15.9630    35.7916   

# Frame230

# x        y
2.7814     11.6304   
12.9329    38.1841   
3.2025     33.9601   
3.6989     2.1589    
17.9303    35.4609   
15.9630    35.7916   

# Frame231

# x        y
2.7760     11.6377   
12.9329    38.1841   
3.2025     33.9601   
3.7031     2.1546    
17.9303    35.4609   
15.9630    35.7916   

# Frame232

# x        y
2.7706     11.6449   
12.9329    38.1841   
3.2025     33.9601   
3.7072     2.1503    
17.9303    35.4609   
15.9630    35.7916   

# Frame233

# x        y
2.7653     11.6520   
12.9329    38.1841   
3.2025     33.9601   
3.7113     2.1461    
17.9303    35.4609   
15.9630    35.7916   

# Frame234

# x        y
2.7601     11.6590   
12.9329    38.1841   
3.2025     33.9601   
3.7153     2.1420    
17.9303    35.4609   
15.9630    35.7916   

# Frame235

# x        y
2.7549     11.6658   
12.9329    38.1841   
3.2025     33.9601   
3.7192     2.1379    
17.9303    35.4609   
15.9630    35.7916   

# Frame236

# x        y
2.7499     11.6726   
12.9329    38.1841   
3.2025     33.9601   
3.7231     2.1340    
17.9303    35.4609   
15.9630    35.7916   

# Frame237

# x        y
2.7449     11.6792   
12.9329    38.1841   
3.2025     33.9601   
3.7269     2.1300    
17.9303    35.4609   
15.9630    35.7916   

# Frame238

# x        y
2.7401     11.6857   
12.9329    38.1841   
3.2025     33.9601   
3.7306     2.1262    
17.9303    35.4609   
15.9630    35.7916   

# Frame239

# x        y
2.7353     11.6921   
12.9329    38.1841   
3.2025     33.9601   
3.7343     2.1224    
17.9303    35.4609   
15.9630    35.7916   

# Frame240

# x        y
2.7306     11.6984   
12.9329    38.1841   
3.2025     33.9601   
3.7379     2.1187    
17.9303    35.4609   
15.9630    35.7916   

# Frame241

# x        y
2.7259     11.7046   
12.9329    38.1841   
3.2025     33.9601   
3.7415     2.1150    
17.9303    35.4609   
15.9630    35.7916   

# Frame242

# x        y
2.7214     11.7107   
12.9329    38.1841   
3.2025     33.9601   
3.7450     2.1114    
17.9303    35.4609   
15.9630    35.7916   

# Frame243

# x        y
2.7169     11.7167   
12.9329    38.1841   
3.2025     33.9601   
3.7484     2.1079    
17.9303    35.4609   
15.9630    35.7916   

# Frame244

# x        y
2.7125     11.7226   
12.9329    38.1841   
3.2025     33.9601   
3.7518     2.1044    
17.9303    35.4609   
15.9630    35.7916   

# Frame245

# x        y
2.7082     11.7284   
12.9329    38.1841   
3.2025     33.9601   
3.7551     2.1009    
17.9303    35.4609   
15.9630    35.7916   

# Frame246

# x        y
2.7039     11.7341   
12.9329    38.1841   
3.2025     33.9601   
3.7584     2.0976    
17.9303    35.4609   
15.9630    35.7916   

# Frame247

# x        y
2.6997     11.7397   
12.9329    38.1841   
3.2025     33.9601   
3.7616     2.0943    
17.9303    35.4609   
15.9630    35.7916   

# Frame248

# x        y
2.6956     11.7452   
12.9329    38.1841   
3.2025     33.9601   
3.7648     2.0910    
17.9303    35.4609   
15.9630    35.7916   

# Frame249

# x        y
2.6915     11.7506   
12.9329    38.1841   
3.2025     33.9601   
3.7679     2.0878    
17.9303    35.4609   
15.9630    35.7916   

# Frame250

# x        y
2.6876     11.7559   
12.9329    38.1841   
3.2025     33.9601   
3.7709     2.0847    
17.9303    35.4609   
15.9630    35.7916   

# Frame251

# x        y
2.6836     11.7612   
12.9329    38.1841   
3.2025     33.9601   
3.7739     2.0816    
17.9303    35.4609   
15.9630    35.7916   

# Frame252

# x        y
2.6798     11.7663   
12.9329    38.1841   
3.2025     33.9601   
3.7769     2.0785    
17.9303    35.4609   
15.9630    35.7916   

# Frame253

# x        y
2.6760     11.7714   
12.9329    38.1841   
3.2025     33.9601   
3.7798     2.0755    
17.9303    35.4609   
15.9630    35.7916   

# Frame254

# x        y
2.6723     11.7764   
12.9329    38.1841   
3.2025     33.9601   
3.7826     2.0726    
17.9303    35.4609   
15.9630    35.7916   

# Frame255

# x        y
2.6686     11.7813   
12.9329    38.1841   
3.2025     33.9601   
3.7855     2.0697    
17.9303    35.4609   
15.9630    35.7916   

# Frame256

# x        y
2.6650     11.7861   
12.9329    38.1841   
3.2025     33.9601   
3.7882     2.0668    
17.9303    35.4609   
15.9630    35.7916   

# Frame257

# x        y
2.6615     11.7908   
12.9329    38.1841   
3.2025     33.9601   
3.7909     2.0640    
17.9303    35.4609   
15.9630    35.7916   

# Frame258

# x        y
2.6580     11.7955   
12.9329    38.1841   
3.2025     33.9601   
3.7936     2.0613    
17.9303    35.4609   
15.9630    35.7916   

# Frame259

# x        y
2.6546     11.8001   
12.9329    38.1841   
3.2025     33.9601   
3.7962     2.0586    
17.9303    35.4609   
15.9630    35.7916   

# Frame260

# x        y
2.6512     11.8046   
12.9329    38.1841   
3.2025     33.9601   
3.7988     2.0559    
17.9303    35.4609   
15.9630    35.7916   

# Frame261

# x        y
2.6479     11.8090   
12.9329    38.1841   
3.2025     33.9601   
3.8014     2.0533    
17.9303    35.4609   
15.9630    35.7916   

# Frame262

# x        y
2.6446     11.8134   
12.9329    38.1841   
3.2025     33.9601   
3.8039     2.0507    
17.9303    35.4609   
15.9630    35.7916   

# Frame263

# x        y
2.6414     11.8176   
12.9329    38.1841   
3.2025     33.9601   
3.8063     2.0482    
17.9303    35.4609   
15.9630    35.7916   

# Frame264

# x        y
2.6383     11.8218   
12.9329    38.1841   
3.2025     33.9601   
3.8087     2.0457    
17.9303    35.4609   
15.9630    35.7916   

# Frame265

# x        y
2.6352     11.8260   
12.9329    38.1841   
3.2025     33.9601   
3.8111     2.0432    
17.9303    35.4609   
15.9630    35.7916   

# Frame266

# x        y
2.6322     11.8301   
12.9329    38.1841   
3.2025     33.9601   
3.8134     2.0408    
17.9303    35.4609   
15.9630    35.7916   

# Frame267

# x        y
2.6292     11.8341   
12.9329    38.1841   
3.2025     33.9601   
3.8157     2.0385    
17.9303    35.4609   
15.9630    35.7916   

# Frame268

# x        y
2.6262     11.8380   
12.9329    38.1841   
3.2025     33.9601   
3.8180     2.0361    
17.9303    35.4609   
15.9630    35.7916   

# Frame269

# x        y
2.6233     11.8419   
12.9329    38.1841   
3.2025     33.9601   
3.8202     2.0339    
17.9303    35.4609   
15.9630    35.7916   

# Frame270

# x        y
2.6205     11.8457   
12.9329    38.1841   
3.2025     33.9601   
3.8224     2.0316    
17.9303    35.4609   
15.9630    35.7916   

# Frame271

# x        y
2.6177     11.8494   
12.9329    38.1841   
3.2025     33.9601   
3.8245     2.0294    
17.9303    35.4609   
15.9630    35.7916   

# Frame272

# x        y
2.6149     11.8531   
12.9329    38.1841   
3.2025     33.9601   
3.8267     2.0272    
17.9303    35.4609   
15.9630    35.7916   

# Frame273

# x        y
2.6122     11.8567   
12.9329    38.1841   
3.2025     33.9601   
3.8287     2.0251    
17.9303    35.4609   
15.9630    35.7916   

# Frame274

# x        y
2.6096     11.8603   
12.9329    38.1841   
3.2025     33.9601   
3.8308     2.0230    
17.9303    35.4609   
15.9630    35.7916   

# Frame275

# x        y
2.6069     11.8638   
12.9329    38.1841   
3.2025     33.9601   
3.8328     2.0209    
17.9303    35.4609   
15.9630    35.7916   

# Frame276

# x        y
2.6044     11.8672   
12.9329    38.1841   
3.2025     33.9601   
3.8348     2.0189    
17.9303    35.4609   
15.9630    35.7916   

# Frame277

# x        y
2.6018     11.8706   
12.9329    38.1841   
3.2025     33.9601   
3.8367     2.0169    
17.9303    35.4609   
15.9630    35.7916   

# Frame278

# x        y
2.5994     11.8739   
12.9329    38.1841   
3.2025     33.9601   
3.8386     2.0149    
17.9303    35.4609   
15.9630    35.7916   

# Frame279

# x        y
2.5969     11.8772   
12.9329    38.1841   
3.2025     33.9601   
3.8405     2.0130    
17.9303    35.4609   
15.9630    35.7916   

# Frame280

# x        y
2.5945     11.8804   
12.9329    38.1841   
3.2025     33.9601   
3.8423     2.0111    
17.9303    35.4609   
15.9630    35.7916   

# Frame281

# x        y
2.5921     11.8836   
12.9329    38.1841   
3.2025     33.9601   
3.8441     2.0092    
17.9303    35.4609   
15.9630    35.7916   

# Frame282

# x        y
2.5898     11.8867   
12.9329    38.1841   
3.2025     33.9601   
3.8459     2.0074    
17.9303    35.4609   
15.9630    35.7916   

# Frame283

# x        y
2.5875     11.8898   
12.9329    38.1841   
3.2025     33.9601   
3.8477     2.0056    
17.9303    35.4609   
15.9630    35.7916   

# Frame284

# x        y
2.5853     11.8928   
12.9329    38.1841   
3.2025     33.9601   
3.8494     2.0038    
17.9303    35.4609   
15.9630    35.7916   

# Frame285

# x        y
2.5831     11.8957   
12.9329    38.1841   
3.2025     33.9601   
3.8511     2.0020    
17.9303    35.4609   
15.9630    35.7916   

# Frame286

# x        y
2.5809     11.8986   
12.9329    38.1841   
3.2025     33.9601   
3.8528     2.0003    
17.9303    35.4609   
15.9630    35.7916   

# Frame287

# x        y
2.5787     11.9015   
12.9329    38.1841   
3.2025     33.9601   
3.8544     1.9986    
17.9303    35.4609   
15.9630    35.7916   

# Frame288

# x        y
2.5766     11.9043   
12.9329    38.1841   
3.2025     33.9601   
3.8560     1.9969    
17.9303    35.4609   
15.9630    35.7916   

# Frame289

# x        y
2.5746     11.9071   
12.9329    38.1841   
3.2025     33.9601   
3.8576     1.9953    
17.9303    35.4609   
15.9630    35.7916   

# Frame290

# x        y
2.5725     11.9098   
12.9329    38.1841   
3.2025     33.9601   
3.8592     1.9937    
17.9303    35.4609   
15.9630    35.7916   

# Frame291

# x        y
2.5705     11.9125   
12.9329    38.1841   
3.2025     33.9601   
3.8607     1.9921    
17.9303    35.4609   
15.9630    35.7916   

# Frame292

# x        y
2.5686     11.9151   
12.9329    38.1841   
3.2025     33.9601   
3.8622     1.9906    
17.9303    35.4609   
15.9630    35.7916   

# Frame293

# x        y
2.5666     11.9177   
12.9329    38.1841   
3.2025     33.9601   
3.8637     1.9890    
17.9303    35.4609   
15.9630    35.7916   

# Frame294

# x        y
2.5647     11.9202   
12.9329    38.1841   
3.2025     33.9601   
3.8652     1.9875    
17.9303    35.4609   
15.9630    35.7916   

# Frame295

# x        y
2.5629     11.9227   
12.9329    38.1841   
3.2025     33.9601   
3.8666     1.9861    
17.9303    35.4609   
15.9630    35.7916   

# Frame296

# x        y
2.5610     11.9252   
12.9329    38.1841   
3.2025     33.9601   
3.8680     1.9846    
17.9303    35.4609   
15.9630    35.7916   

# Frame297

# x        y
2.5592     11.9276   
12.9329    38.1841   
3.2025     33.9601   
3.8694     1.9832    
17.9303    35.4609   
15.9630    35.7916   

# Frame298

# x        y
2.5574     11.9300   
12.9329    38.1841   
3.2025     33.9601   
3.8707     1.9818    
17.9303    35.4609   
15.9630    35.7916   

# Frame299

# x        y
2.5557     11.9323   
12.9329    38.1841   
3.2025     33.9601   
3.8721     1.9804    
17.9303    35.4609   
15.9630    35.7916   

# Frame300

# x        y
2.5540     11.9346   
12.9329    38.1841   
3.2025     33.9601   
3.8734     1.9790    
17.9303    35.4609   
15.9630    35.7916   

# Frame301

# x        y
2.5523     11.9369   
12.9329    38.1841   
3.2025     33.9601   
3.8747     1.9777    
17.9303    35.4609   
15.9630    35.7916   

# Frame302

# x        y
2.5506     11.9391   
12.9329    38.1841   
3.2025     33.9601   
3.8760     1.9764    
17.9303    35.4609   
15.9630    35.7916   

# Frame303

# x        y
2.5490     11.9413   
12.9329    38.1841   
3.2025     33.9601   
3.8772     1.9751    
17.9303    35.4609   
15.9630    35.7916   

# Frame304

# x        y
2.5474     11.9434   
12.9329    38.1841   
3.2025     33.9601   
3.8785     1.9738    
17.9303    35.4609   
15.9630    35.7916   

# Frame305

# x        y
2.5458     11.9455   
12.9329    38.1841   
3.2025     33.9601   
3.8797     1.9726    
17.9303    35.4609   
15.9630    35.7916   

# Frame306

# x        y
2.5443     11.9476   
12.9329    38.1841   
3.2025     33.9601   
3.8809     1.9713    
17.9303    35.4609   
15.9630    35.7916   

# Frame307

# x        y
2.5427     11.9497   
12.9329    38.1841   
3.2025     33.9601   
3.8820     1.9701    
17.9303    35.4609   
15.9630    35.7916   

# Frame308

# x        y
2.5412     11.9517   
12.9329    38.1841   
3.2025     33.9601   
3.8832     1.9689    
17.9303    35.4609   
15.9630    35.7916   

# Frame309

# x        y
2.5397     11.9537   
12.9329    38.1841   
3.2025     33.9601   
3.8843     1.9678    
17.9303    35.4609   
15.9630    35.7916   

# Frame310

# x        y
2.5383     11.9556   
12.9329    38.1841   
3.2025     33.9601   
3.8854     1.9666    
17.9303    35.4609   
15.9630    35.7916   

# Frame311

# x        y
2.5369     11.9575   
12.9329    38.1841   
3.2025     33.9601   
3.8865     1.9655    
17.9303    35.4609   
15.9630    35.7916   

# Frame312

# x        y
2.5355     11.9594   
12.9329    38.1841   
3.2025     33.9601   
3.8876     1.9644    
17.9303    35.4609   
15.9630    35.7916   

# Frame313

# x        y
2.5341     11.9612   
12.9329    38.1841   
3.2025     33.9601   
3.8887     1.9633    
17.9303    35.4609   
15.9630    35.7916   

# Frame314

# x        y
2.5327     11.9630   
12.9329    38.1841   
3.2025     33.9601   
3.8897     1.9622    
17.9303    35.4609   
15.9630    35.7916   

# Frame315

# x        y
2.5314     11.9648   
12.9329    38.1841   
3.2025     33.9601   
3.8907     1.9612    
17.9303    35.4609   
15.9630    35.7916   

# Frame316

# x        y
2.5301     11.9666   
12.9329    38.1841   
3.2025     33.9601   
3.8918     1.9601    
17.9303    35.4609   
15.9630    35.7916   

# Frame317

# x        y
2.5288     11.9683   
12.9329    38.1841   
3.2025     33.9601   
3.8927     1.9591    
17.9303    35.4609   
15.9630    35.7916   

# Frame318

# x        y
2.5275     11.9700   
12.9329    38.1841   
3.2025     33.9601   
3.8937     1.9581    
17.9303    35.4609   
15.9630    35.7916   

# Frame319

# x        y
2.5263     11.9717   
12.9329    38.1841   
3.2025     33.9601   
3.8947     1.9571    
17.9303    35.4609   
15.9630    35.7916   

# Frame320

# x        y
2.5250     11.9733   
12.9329    38.1841   
3.2025     33.9601   
3.8956     1.9561    
17.9303    35.4609   
15.9630    35.7916   

# Frame321

# x        y
2.5238     11.9749   
12.9329    38.1841   
3.2025     33.9601   
3.8965     1.9552    
17.9303    35.4609   
15.9630    35.7916   

# Frame322

# x        y
2.5226     11.9765   
12.9329    38.1841   
3.2025     33.9601   
3.8975     1.9542    
17.9303    35.4609   
15.9630    35.7916   

# Frame323

# x        y
2.5215     11.9781   
12.9329    38.1841   
3.2025     33.9601   
3.8984     1.9533    
17.9303    35.4609   
15.9630    35.7916   

# Frame324

# x        y
2.5203     11.9796   
12.9329    38.1841   
3.2025     33.9601   
3.8992     1.9524    
17.9303    35.4609   
15.9630    35.7916   

# Frame325

# x        y
2.5192     11.9811   
12.9329    38.1841   
3.2025     33.9601   
3.9001     1.9515    
17.9303    35.4609   
15.9630    35.7916   

# Frame326

# x        y
2.5181     11.9826   
12.9329    38.1841   
3.2025     33.9601   
3.9009     1.9506    
17.9303    35.4609   
15.9630    35.7916   

# Frame327

# x        y
2.5170     11.9841   
12.9329    38.1841   
3.2025     33.9601   
3.9018     1.9498    
17.9303    35.4609   
15.9630    35.7916   

# Frame328

# x        y
2.5159     11.9855   
12.9329    38.1841   
3.2025     33.9601   
3.9026     1.9489    
17.9303    35.4609   
15.9630    35.7916   

# Frame329

# x        y
2.5149     11.9869   
12.9329    38.1841   
3.2025     33.9601   
3.9034     1.9481    
17.9303    35.4609   
15.9630    35.7916   

# Frame330

# x        y
2.5138     11.9883   
12.9329    38.1841   
3.2025     33.9601   
3.9042     1.9473    
17.9303    35.4609   
15.9630    35.7916   

# Frame331

# x        y
2.5128     11.9897   
12.9329    38.1841   
3.2025     33.9601   
3.9050     1.9465    
17.9303    35.4609   
15.9630    35.7916   

# Frame332

# x        y
2.5118     11.9910   
12.9329    38.1841   
3.2025     33.9601   
3.9058     1.9457    
17.9303    35.4609   
15.9630    35.7916   

# Frame333

# x        y
2.5108     11.9924   
12.9329    38.1841   
3.2025     33.9601   
3.9065     1.9449    
17.9303    35.4609   
15.9630    35.7916   

# Frame334

# x        y
2.5098     11.9937   
12.9329    38.1841   
3.2025     33.9601   
3.9073     1.9441    
17.9303    35.4609   
15.9630    35.7916   

# Frame335

# x        y
2.5089     11.9949   
12.9329    38.1841   
3.2025     33.9601   
3.9080     1.9434    
17.9303    35.4609   
15.9630    35.7916   

# Frame336

# x        y
2.5079     11.9962   
12.9329    38.1841   
3.2025     33.9601   
3.9087     1.9426    
17.9303    35.4609   
15.9630    35.7916   

# Frame337

# x        y
2.5070     11.9974   
12.9329    38.1841   
3.2025     33.9601   
3.9094     1.9419    
17.9303    35.4609   
15.9630    35.7916   

# Frame338

# x        y
2.5061     11.9986   
12.9329    38.1841   
3.2025     33.9601   
3.9101     1.9412    
17.9303    35.4609   
15.9630    35.7916   

# Frame339

# x        y
2.5052     11.9998   
12.9329    38.1841   
3.2025     33.9601   
3.9108     1.9405    
17.9303    35.4609   
15.9630    35.7916   

# Frame340

# x        y
2.5043     12.0010   
12.9329    38.1841   
3.2025     33.9601   
3.9115     1.9398    
17.9303    35.4609   
15.9630    35.7916   

# Frame341

# x        y
2.5035     12.0022   
12.9329    38.1841   
3.2025     33.9601   
3.9121     1.9391    
17.9303    35.4609   
15.9630    35.7916   

# Frame342

# x        y
2.5026     12.0033   
12.9329    38.1841   
3.2025     33.9601   
3.9128     1.9384    
17.9303    35.4609   
15.9630    35.7916   

# Frame343

# x        y
2.5018     12.0044   
12.9329    38.1841   
3.2025     33.9601   
3.9134     1.9378    
17.9303    35.4609   
15.9630    35.7916   

# Frame344

# x        y
2.5010     12.0055   
12.9329    38.1841   
3.2025     33.9601   
3.9141     1.9371    
17.9303    35.4609   
15.9630    35.7916   

# Frame345

# x        y
2.5002     12.0066   
12.9329    38.1841   
3.2025     33.9601   
3.9147     1.9365    
17.9303    35.4609   
15.9630    35.7916   

# Frame346

# x        y
2.4994     12.0076   
12.9329    38.1841   
3.2025     33.9601   
3.9153     1.9359    
17.9303    35.4609   
15.9630    35.7916   

# Frame347

# x        y
2.4986     12.0087   
12.9329    38.1841   
3.2025     33.9601   
3.9159     1.9352    
17.9303    35.4609   
15.9630    35.7916   

# Frame348

# x        y
2.4978     12.0097   
12.9329    38.1841   
3.2025     33.9601   
3.9165     1.9346    
17.9303    35.4609   
15.9630    35.7916   

# Frame349

# x        y
2.4971     12.0107   
12.9329    38.1841   
3.2025     33.9601   
3.9171     1.9340    
17.9303    35.4609   
15.9630    35.7916   

# Frame350

# x        y
2.4963     12.0117   
12.9329    38.1841   
3.2025     33.9601   
3.9176     1.9334    
17.9303    35.4609   
15.9630    35.7916   

# Frame351

# x        y
2.4956     12.0127   
12.9329    38.1841   
3.2025     33.9601   
3.9182     1.9329    
17.9303    35.4609   
15.9630    35.7916   

# Frame352

# x        y
2.4949     12.0137   
12.9329    38.1841   
3.2025     33.9601   
3.9187     1.9323    
17.9303    35.4609   
15.9630    35.7916   

# Frame353

# x        y
2.4942     12.0146   
12.9329    38.1841   
3.2025     33.9601   
3.9193     1.9317    
17.9303    35.4609   
15.9630    35.7916   

# Frame354

# x        y
2.4935     12.0155   
12.9329    38.1841   
3.2025     33.9601   
3.9198     1.9312    
17.9303    35.4609   
15.9630    35.7916   

# Frame355

# x        y
2.4928     12.0164   
12.9329    38.1841   
3.2025     33.9601   
3.9203     1.9307    
17.9303    35.4609   
15.9630    35.7916   

# Frame356

# x        y
2.4921     12.0173   
12.9329    38.1841   
3.2025     33.9601   
3.9209     1.9301    
17.9303    35.4609   
15.9630    35.7916   

# Frame357

# x        y
2.4915     12.0182   
12.9329    38.1841   
3.2025     33.9601   
3.9214     1.9296    
17.9303    35.4609   
15.9630    35.7916   

# Frame358

# x        y
2.4908     12.0191   
12.9329    38.1841   
3.2025     33.9601   
3.9219     1.9291    
17.9303    35.4609   
15.9630    35.7916   

# Frame359

# x        y
2.4902     12.0199   
12.9329    38.1841   
3.2025     33.9601   
3.9223     1.9286    
17.9303    35.4609   
15.9630    35.7916   

# Frame360

# x        y
2.4896     12.0208   
12.9329    38.1841   
3.2025     33.9601   
3.9228     1.9281    
17.9303    35.4609   
15.9630    35.7916   

# Frame361

# x        y
2.4889     12.0216   
12.9329    38.1841   
3.2025     33.9601   
3.9233     1.9276    
17.9303    35.4609   
15.9630    35.7916   

# Frame362

# x        y
2.4883     12.0224   
12.9329    38.1841   
3.2025     33.9601   
3.9238     1.9271    
17.9303    35.4609   
15.9630    35.7916   

# Frame363

# x        y
2.4877     12.0232   
12.9329    38.1841   
3.2025     33.9601   
3.9242     1.9267    
17.9303    35.4609   
15.9630    35.7916   

# Frame364

# x        y
2.4872     12.0240   
12.9329    38.1841   
3.2025     33.9601   
3.9247     1.9262    
17.9303    35.4609   
15.9630    35.7916   

# Frame365

# x        y
2.4866     12.0248   
12.9329    38.1841   
3.2025     33.9601   
3.9251     1.9257    
17.9303    35.4609   
15.9630    35.7916   

# Frame366

# x        y
2.4860     12.0255   
12.9329    38.1841   
3.2025     33.9601   
3.9255     1.9253    
17.9303    35.4609   
15.9630    35.7916   

# Frame367

# x        y
2.4855     12.0263   
12.9329    38.1841   
3.2025     33.9601   
3.9260     1.9248    
17.9303    35.4609   
15.9630    35.7916   

# Frame368

# x        y
2.4849     12.0270   
12.9329    38.1841   
3.2025     33.9601   
3.9264     1.9244    
17.9303    35.4609   
15.9630    35.7916   

# Frame369

# x        y
2.4844     12.0277   
12.9329    38.1841   
3.2025     33.9601   
3.9268     1.9240    
17.9303    35.4609   
15.9630    35.7916   

# Frame370

# x        y
2.4838     12.0284   
12.9329    38.1841   
3.2025     33.9601   
3.9272     1.9236    
17.9303    35.4609   
15.9630    35.7916   

# Frame371

# x        y
2.4833     12.0291   
12.9329    38.1841   
3.2025     33.9601   
3.9276     1.9232    
17.9303    35.4609   
15.9630    35.7916   

# Frame372

# x        y
2.4828     12.0298   
12.9329    38.1841   
3.2025     33.9601   
3.9280     1.9227    
17.9303    35.4609   
15.9630    35.7916   

# Frame373

# x        y
2.4823     12.0305   
12.9329    38.1841   
3.2025     33.9601   
3.9284     1.9223    
17.9303    35.4609   
15.9630    35.7916   

# Frame374

# x        y
2.4818     12.0311   
12.9329    38.1841   
3.2025     33.9601   
3.9288     1.9220    
17.9303    35.4609   
15.9630    35.7916   

# Frame375

# x        y
2.4813     12.0318   
12.9329    38.1841   
3.2025     33.9601   
3.9291     1.9216    
17.9303    35.4609   
15.9630    35.7916   

# Frame376

# x        y
2.4808     12.0324   
12.9329    38.1841   
3.2025     33.9601   
3.9295     1.9212    
17.9303    35.4609   
15.9630    35.7916   

# Frame377

# x        y
2.4804     12.0331   
12.9329    38.1841   
3.2025     33.9601   
3.9299     1.9208    
17.9303    35.4609   
15.9630    35.7916   

# Frame378

# x        y
2.4799     12.0337   
12.9329    38.1841   
3.2025     33.9601   
3.9302     1.9205    
17.9303    35.4609   
15.9630    35.7916   

# Frame379

# x        y
2.4795     12.0343   
12.9329    38.1841   
3.2025     33.9601   
3.9306     1.9201    
17.9303    35.4609   
15.9630    35.7916   

# Frame380

# x        y
2.4790     12.0349   
12.9329    38.1841   
3.2025     33.9601   
3.9309     1.9197    
17.9303    35.4609   
15.9630    35.7916   

# Frame381

# x        y
2.4786     12.0355   
12.9329    38.1841   
3.2025     33.9601   
3.9313     1.9194    
17.9303    35.4609   
15.9630    35.7916   

# Frame382

# x        y
2.4781     12.0361   
12.9329    38.1841   
3.2025     33.9601   
3.9316     1.9190    
17.9303    35.4609   
15.9630    35.7916   

# Frame383

# x        y
2.4777     12.0366   
12.9329    38.1841   
3.2025     33.9601   
3.9319     1.9187    
17.9303    35.4609   
15.9630    35.7916   

# Frame384

# x        y
2.4773     12.0372   
12.9329    38.1841   
3.2025     33.9601   
3.9322     1.9184    
17.9303    35.4609   
15.9630    35.7916   

# Frame385

# x        y
2.4769     12.0377   
12.9329    38.1841   
3.2025     33.9601   
3.9326     1.9181    
17.9303    35.4609   
15.9630    35.7916   

# Frame386

# x        y
2.4765     12.0383   
12.9329    38.1841   
3.2025     33.9601   
3.9329     1.9177    
17.9303    35.4609   
15.9630    35.7916   

# Frame387

# x        y
2.4761     12.0388   
12.9329    38.1841   
3.2025     33.9601   
3.9332     1.9174    
17.9303    35.4609   
15.9630    35.7916   

# Frame388

# x        y
2.4757     12.0393   
12.9329    38.1841   
3.2025     33.9601   
3.9335     1.9171    
17.9303    35.4609   
15.9630    35.7916   

# Frame389

# x        y
2.4753     12.0399   
12.9329    38.1841   
3.2025     33.9601   
3.9338     1.9168    
17.9303    35.4609   
15.9630    35.7916   

# Frame390

# x        y
2.4749     12.0404   
12.9329    38.1841   
3.2025     33.9601   
3.9341     1.9165    
17.9303    35.4609   
15.9630    35.7916   

# Frame391

# x        y
2.4745     12.0409   
12.9329    38.1841   
3.2025     33.9601   
3.9344     1.9162    
17.9303    35.4609   
15.9630    35.7916   

# Frame392

# x        y
2.4742     12.0414   
12.9329    38.1841   
3.2025     33.9601   
3.9346     1.9159    
17.9303    35.4609   
15.9630    35.7916   

# Frame393

# x        y
2.4738     12.0418   
12.9329    38.1841   
3.2025     33.9601   
3.9349     1.9156    
17.9303    35.4609   
15.9630    35.7916   

# Frame394

# x        y
2.4735     12.0423   
12.9329    38.1841   
3.2025     33.9601   
3.9352     1.9154    
17.9303    35.4609   
15.9630    35.7916   

# Frame395

# x        y
2.4731     12.0428   
12.9329    38.1841   
3.2025     33.9601   
3.9354     1.9151    
17.9303    35.4609   
15.9630    35.7916   

# Frame396

# x        y
2.4728     12.0432   
12.9329    38.1841   
3.2025     33.9601   
3.9357     1.9148    
17.9303    35.4609   
15.9630    35.7916   

# Frame397

# x        y
2.4724     12.0437   
12.9329    38.1841   
3.2025     33.9601   
3.9360     1.9145    
17.9303    35.4609   
15.9630    35.7916   

# Frame398

# x        y
2.4721     12.0441   
12.9329    38.1841   
3.2025     33.9601   
3.9362     1.9143    
17.9303    35.4609   
15.9630    35.7916   

# Frame399

# x        y
2.4718     12.0446   
12.9329    38.1841   
3.2025     33.9601   
3.9365     1.9140    
17.9303    35.4609   
15.9630    35.7916   

# Frame400

# x        y
2.4715     12.0450   
12.9329    38.1841   
3.2025     33.9601   
3.9367     1.9138    
17.9303    35.4609   
15.9630    35.7916   

# Frame401

# x        y
2.4711     12.0454   
12.9329    38.1841   
3.2025     33.9601   
3.9370     1.9135    
17.9303    35.4609   
15.9630    35.7916   

# Frame402

# x        y
2.4708     12.0458   
12.9329    38.1841   
3.2025     33.9601   
3.9372     1.9133    
17.9303    35.4609   
15.9630    35.7916   

# Frame403

# x        y
2.4705     12.0462   
12.9329    38.1841   
3.2025     33.9601   
3.9374     1.9130    
17.9303    35.4609   
15.9630    35.7916   

# Frame404

# x        y
2.4702     12.0466   
12.9329    38.1841   
3.2025     33.9601   
3.9377     1.9128    
17.9303    35.4609   
15.9630    35.7916   

# Frame405

# x        y
2.4699     12.0470   
12.9329    38.1841   
3.2025     33.9601   
3.9379     1.9126    
17.9303    35.4609   
15.9630    35.7916   

# Frame406

# x        y
2.4696     12.0474   
12.9329    38.1841   
3.2025     33.9601   
3.9381     1.9123    
17.9303    35.4609   
15.9630    35.7916   

# Frame407

# x        y
2.4694     12.0478   
12.9329    38.1841   
3.2025     33.9601   
3.9383     1.9121    
17.9303    35.4609   
15.9630    35.7916   

# Frame408

# x        y
2.4691     12.0482   
12.9329    38.1841   
3.2025     33.9601   
3.9385     1.9119    
17.9303    35.4609   
15.9630    35.7916   

# Frame409

# x        y
2.4688     12.0485   
12.9329    38.1841   
3.2025     33.9601   
3.9388     1.9117    
17.9303    35.4609   
15.9630    35.7916   

# Frame410

# x        y
2.4685     12.0489   
12.9329    38.1841   
3.2025     33.9601   
3.9390     1.9115    
17.9303    35.4609   
15.9630    35.7916   

# Frame411

# x        y
2.4683     12.0493   
12.9329    38.1841   
3.2025     33.9601   
3.9392     1.9113    
17.9303    35.4609   
15.9630    35.7916   

# Frame412

# x        y
2.4680     12.0496   
12.9329    38.1841   
3.2025     33.9601   
3.9394     1.9110    
17.9303    35.4609   
15.9630    35.7916   

# Frame413

# x        y
2.4678     12.0500   
12.9329    38.1841   
3.2025     33.9601   
3.9396     1.9108    
17.9303    35.4609   
15.9630    35.7916   

# Frame414

# x        y
2.4675     12.0503   
12.9329    38.1841   
3.2025     33.9601   
3.9398     1.9106    
17.9303    35.4609   
15.9630    35.7916   

# Frame415

# x        y
2.4673     12.0506   
12.9329    38.1841   
3.2025     33.9601   
3.9399     1.9104    
17.9303    35.4609   
15.9630    35.7916   

# Frame416

# x        y
2.4670     12.0509   
12.9329    38.1841   
3.2025     33.9601   
3.9401     1.9103    
17.9303    35.4609   
15.9630    35.7916   

# Frame417

# x        y
2.4668     12.0513   
12.9329    38.1841   
3.2025     33.9601   
3.9403     1.9101    
17.9303    35.4609   
15.9630    35.7916   

# Frame418

# x        y
2.4665     12.0516   
12.9329    38.1841   
3.2025     33.9601   
3.9405     1.9099    
17.9303    35.4609   
15.9630    35.7916   

# Frame419

# x        y
2.4663     12.0519   
12.9329    38.1841   
3.2025     33.9601   
3.9407     1.9097    
17.9303    35.4609   
15.9630    35.7916   

# Frame420

# x        y
2.4661     12.0522   
12.9329    38.1841   
3.2025     33.9601   
3.9409     1.9095    
17.9303    35.4609   
15.9630    35.7916   

# Frame421

# x        y
2.4658     12.0525   
12.9329    38.1841   
3.2025     33.9601   
3.9410     1.9093    
17.9303    35.4609   
15.9630    35.7916   

# Frame422

# x        y
2.4656     12.0528   
12.9329    38.1841   
3.2025     33.9601   
3.9412     1.9092    
17.9303    35.4609   
15.9630    35.7916   

# Frame423

# x        y
2.4654     12.0531   
12.9329    38.1841   
3.2025     33.9601   
3.9414     1.9090    
17.9303    35.4609   
15.9630    35.7916   

# Frame424

# x        y
2.4652     12.0534   
12.9329    38.1841   
3.2025     33.9601   
3.9415     1.9088    
17.9303    35.4609   
15.9630    35.7916   

# Frame425

# x        y
2.4650     12.0537   
12.9329    38.1841   
3.2025     33.9601   
3.9417     1.9086    
17.9303    35.4609   
15.9630    35.7916   

# Frame426

# x        y
2.4648     12.0539   
12.9329    38.1841   
3.2025     33.9601   
3.9418     1.9085    
17.9303    35.4609   
15.9630    35.7916   

# Frame427

# x        y
2.4646     12.0542   
12.9329    38.1841   
3.2025     33.9601   
3.9420     1.9083    
17.9303    35.4609   
15.9630    35.7916   

# Frame428

# x        y
2.4644     12.0545   
12.9329    38.1841   
3.2025     33.9601   
3.9422     1.9082    
17.9303    35.4609   
15.9630    35.7916   

# Frame429

# x        y
2.4642     12.0547   
12.9329    38.1841   
3.2025     33.9601   
3.9423     1.9080    
17.9303    35.4609   
15.9630    35.7916   

# Frame430

# x        y
2.4640     12.0550   
12.9329    38.1841   
3.2025     33.9601   
3.9425     1.9079    
17.9303    35.4609   
15.9630    35.7916   

# Frame431

# x        y
2.4638     12.0553   
12.9329    38.1841   
3.2025     33.9601   
3.9426     1.9077    
17.9303    35.4609   
15.9630    35.7916   

# Frame432

# x        y
2.4636     12.0555   
12.9329    38.1841   
3.2025     33.9601   
3.9427     1.9076    
17.9303    35.4609   
15.9630    35.7916   

# Frame433

# x        y
2.4634     12.0557   
12.9329    38.1841   
3.2025     33.9601   
3.9429     1.9074    
17.9303    35.4609   
15.9630    35.7916   

# Frame434

# x        y
2.4632     12.0560   
12.9329    38.1841   
3.2025     33.9601   
3.9430     1.9073    
17.9303    35.4609   
15.9630    35.7916   

# Frame435

# x        y
2.4631     12.0562   
12.9329    38.1841   
3.2025     33.9601   
3.9432     1.9071    
17.9303    35.4609   
15.9630    35.7916   

# Frame436

# x        y
2.4629     12.0565   
12.9329    38.1841   
3.2025     33.9601   
3.9433     1.9070    
17.9303    35.4609   
15.9630    35.7916   

# Frame437

# x        y
2.4627     12.0567   
12.9329    38.1841   
3.2025     33.9601   
3.9434     1.9069    
17.9303    35.4609   
15.9630    35.7916   

# Frame438

# x        y
2.4625     12.0569   
12.9329    38.1841   
3.2025     33.9601   
3.9436     1.9067    
17.9303    35.4609   
15.9630    35.7916   

# Frame439

# x        y
2.4624     12.0571   
12.9329    38.1841   
3.2025     33.9601   
3.9437     1.9066    
17.9303    35.4609   
15.9630    35.7916   

# Frame440

# x        y
2.4622     12.0574   
12.9329    38.1841   
3.2025     33.9601   
3.9438     1.9065    
17.9303    35.4609   
15.9630    35.7916   

# Frame441

# x        y
2.4621     12.0576   
12.9329    38.1841   
3.2025     33.9601   
3.9439     1.9063    
17.9303    35.4609   
15.9630    35.7916   

# Frame442

# x        y
2.4619     12.0578   
12.9329    38.1841   
3.2025     33.9601   
3.9441     1.9062    
17.9303    35.4609   
15.9630    35.7916   

# Frame443

# x        y
2.4617     12.0580   
12.9329    38.1841   
3.2025     33.9601   
3.9442     1.9061    
17.9303    35.4609   
15.9630    35.7916   

# Frame444

# x        y
2.4616     12.0582   
12.9329    38.1841   
3.2025     33.9601   
3.9443     1.9060    
17.9303    35.4609   
15.9630    35.7916   

# Frame445

# x        y
2.4614     12.0584   
12.9329    38.1841   
3.2025     33.9601   
3.9444     1.9058    
17.9303    35.4609   
15.9630    35.7916   

# Frame446

# x        y
2.4613     12.0586   
12.9329    38.1841   
3.2025     33.9601   
3.9445     1.9057    
17.9303    35.4609   
15.9630    35.7916   

# Frame447

# x        y
2.4611     12.0588   
12.9329    38.1841   
3.2025     33.9601   
3.9446     1.9056    
17.9303    35.4609   
15.9630    35.7916   

# Frame448

# x        y
2.4610     12.0590   
12.9329    38.1841   
3.2025     33.9601   
3.9447     1.9055    
17.9303    35.4609   
15.9630    35.7916   

# Frame449

# x        y
2.4609     12.0592   
12.9329    38.1841   
3.2025     33.9601   
3.9448     1.9054    
17.9303    35.4609   
15.9630    35.7916   

# Frame450

# x        y
2.4607     12.0594   
12.9329    38.1841   
3.2025     33.9601   
3.9450     1.9053    
17.9303    35.4609   
15.9630    35.7916   

# Frame451

# x        y
2.4606     12.0595   
12.9329    38.1841   
3.2025     33.9601   
3.9451     1.9052    
17.9303    35.4609   
15.9630    35.7916   

# Frame452

# x        y
2.4605     12.0597   
12.9329    38.1841   
3.2025     33.9601   
3.9452     1.9051    
17.9303    35.4609   
15.9630    35.7916   

# Frame453

# x        y
2.4603     12.0599   
12.9329    38.1841   
3.2025     33.9601   
3.9453     1.9050    
17.9303    35.4609   
15.9630    35.7916   

# Frame454

# x        y
2.4602     12.0601   
12.9329    38.1841   
3.2025     33.9601   
3.9454     1.9049    
17.9303    35.4609   
15.9630    35.7916   

# Frame455

# x        y
2.4601     12.0602   
12.9329    38.1841   
3.2025     33.9601   
3.9455     1.9048    
17.9303    35.4609   
15.9630    35.7916   

# Frame456

# x        y
2.4599     12.0604   
12.9329    38.1841   
3.2025     33.9601   
3.9456     1.9047    
17.9303    35.4609   
15.9630    35.7916   

# Frame457

# x        y
2.4598     12.0606   
12.9329    38.1841   
3.2025     33.9601   
3.9456     1.9046    
17.9303    35.4609   
15.9630    35.7916   

# Frame458

# x        y
2.4597     12.0607   
12.9329    38.1841   
3.2025     33.9601   
3.9457     1.9045    
17.9303    35.4609   
15.9630    35.7916   

# Frame459

# x        y
2.4596     12.0609   
12.9329    38.1841   
3.2025     33.9601   
3.9458     1.9044    
17.9303    35.4609   
15.9630    35.7916   

# Frame460

# x        y
2.4595     12.0610   
12.9329    38.1841   
3.2025     33.9601   
3.9459     1.9043    
17.9303    35.4609   
15.9630    35.7916   

# Frame461

# x        y
2.4593     12.0612   
12.9329    38.1841   
3.2025     33.9601   
3.9460     1.9042    
17.9303    35.4609   
15.9630    35.7916   

# Frame462

# x        y
2.4592     12.0613   
12.9329    38.1841   
3.2025     33.9601   
3.9461     1.9041    
17.9303    35.4609   
15.9630    35.7916   

# Frame463

# x        y
2.4591     12.0615   
12.9329    38.1841   
3.2025     33.9601   
3.9462     1.9040    
17.9303    35.4609   
15.9630    35.7916   

# Frame464

# x        y
2.4590     12.0616   
12.9329    38.1841   
3.2025     33.9601   
3.9463     1.9039    
17.9303    35.4609   
15.9630    35.7916   

# Frame465

# x        y
2.4589     12.0618   
12.9329    38.1841   
3.2025     33.9601   
3.9463     1.9038    
17.9303    35.4609   
15.9630    35.7916   

# Frame466

# x        y
2.4588     12.0619   
12.9329    38.1841   
3.2025     33.9601   
3.9464     1.9038    
17.9303    35.4609   
15.9630    35.7916   

# Frame467

# x        y
2.4587     12.0621   
12.9329    38.1841   
3.2025     33.9601   
3.9465     1.9037    
17.9303    35.4609   
15.9630    35.7916   

# Frame468

# x        y
2.4586     12.0622   
12.9329    38.1841   
3.2025     33.9601   
3.9466     1.9036    
17.9303    35.4609   
15.9630    35.7916   

# Frame469

# x        y
2.4585     12.0623   
12.9329    38.1841   
3.2025     33.9601   
3.9467     1.9035    
17.9303    35.4609   
15.9630    35.7916   

# Frame470

# x        y
2.4584     12.0625   
12.9329    38.1841   
3.2025     33.9601   
3.9467     1.9034    
17.9303    35.4609   
15.9630    35.7916   

# Frame471

# x        y
2.4583     12.0626   
12.9329    38.1841   
3.2025     33.9601   
3.9468     1.9034    
17.9303    35.4609   
15.9630    35.7916   

# Frame472

# x        y
2.4582     12.0627   
12.9329    38.1841   
3.2025     33.9601   
3.9469     1.9033    
17.9303    35.4609   
15.9630    35.7916   

# Frame473

# x        y
2.4581     12.0628   
12.9329    38.1841   
3.2025     33.9601   
3.9470     1.9032    
17.9303    35.4609   
15.9630    35.7916   

# Frame474

# x        y
2.4580     12.0630   
12.9329    38.1841   
3.2025     33.9601   
3.9470     1.9031    
17.9303    35.4609   
15.9630    35.7916   

# Frame475

# x        y
2.4579     12.0631   
12.9329    38.1841   
3.2025     33.9601   
3.9470     1.9031    
17.9303    35.4609   
15.9630    35.7916   

# Frame476

# x        y
2.4578     12.0632   
12.9329    38.1841   
3.2025     33.9601   
3.9470     1.9031    
17.9303    35.4609   
15.9630    35.7916   

# Frame477

# x        y
2.4577     12.0633   
12.9329    38.1841   
3.2025     33.9601   
3.9470     1.9031    
17.9303    35.4609   
15.9630    35.7916   

# Frame478

# x        y
2.4577     12.0634   
12.9329    38.1841   
3.2025     33.9601   
3.9470     1.9031    
17.9303    35.4609   
15.9630    35.7916   

# Frame479

# x        y
2.4576     12.0636   
12.9329    38.1841   
3.2025     33.9601   
3.9470     1.9031    
17.9303    35.4609   
15.9630    35.7916   

# Frame480

# x        y
2.4575     12.0637   
12.9329    38.1841   
3.2025     33.9601   
3.9470     1.9031    
17.9303    35.4609   
15.9630    35.7916   

# Frame481

# x        y
2.4574     12.0638   
12.9329    38.1841   
3.2025     33.9601   
3.9470     1.9031    
17.9303    35.4609   
15.9630    35.7916   

# Frame482

# x        y
2.4573     12.0639   
12.9329    38.1841   
3.2025     33.9601   
3.9470     1.9031    
17.9303    35.4609   
15.9630    35.7916   

# Frame483

# x        y
2.4573     12.0640   
12.9329    38.1841   
3.2025     33.9601   
3.9470     1.9031    
17.9303    35.4609   
15.9630    35.7916   

# Frame484

# x        y
2.4572     12.0641   
12.9329    38.1841   
3.2025     33.9601   
3.9470     1.9031    
17.9303    35.4609   
15.9630    35.7916   

# Frame485

# x        y
2.4571     12.0642   
12.9329    38.1841   
3.2025     33.9601   
3.9470     1.9031    
17.9303    35.4609   
15.9630    35.7916   

# Frame486

# x        y
2.4570     12.0643   
12.9329    38.1841   
3.2025     33.9601   
3.9470     1.9031    
17.9303    35.4609   
15.9630    35.7916   

# Frame487

# x        y
2.4569     12.0644   
12.9329    38.1841   
3.2025     33.9601   
3.9470     1.9031    
17.9303    35.4609   
15.9630    35.7916   

# Frame488

# x        y
2.4569     12.0645   
12.9329    38.1841   
3.2025     33.9601   
3.9470     1.9031    
17.9303    35.4609   
15.9630    35.7916   

# Frame489

# x        y
2.4568     12.0646   
12.9329    38.1841   
3.2025     33.9601   
3.9470     1.9031    
17.9303    35.4609   
15.9630    35.7916   

# Frame490

# x        y
2.4567     12.0647   
12.9329    38.1841   
3.2025     33.9601   
3.9470     1.9031    
17.9303    35.4609   
15.9630    35.7916   

# Frame491

# x        y
2.4567     12.0648   
12.9329    38.1841   
3.2025     33.9601   
3.9470     1.9031    
17.9303    35.4609   
15.9630    35.7916   

# Frame492

# x        y
2.4566     12.0649   
12.9329    38.1841   
3.2025     33.9601   
3.9470     1.9031    
17.9303    35.4609   
15.9630    35.7916   

# Frame493

# x        y
2.4565     12.0650   
12.9329    38.1841   
3.2025     33.9601   
3.9470     1.9031    
17.9303    35.4609   
15.9630    35.7916   

# Frame494

# x        y
2.4565     12.0650   
12.9329    38.1841   
3.2025     33.9601   
3.9470     1.9031    
17.9303    35.4609   
15.9630    35.7916   

# Frame495

# x        y
2.4564     12.0651   
12.9329    38.1841   
3.2025     33.9601   
3.9470     1.9031    
17.9303    35.4609   
15.9630    35.7916   

# Frame496

# x        y
2.4563     12.0652   
12.9329    38.1841   
3.2025     33.9601   
3.9470     1.9031    
17.9303    35.4609   
15.9630    35.7916   

# Frame497

# x        y
2.4563     12.0653   
12.9329    38.1841   
3.2025     33.9601   
3.9470     1.9031    
17.9303    35.4609   
15.9630    35.7916   

# Frame498

# x        y
2.4562     12.0654   
12.9329    38.1841   
3.2025     33.9601   
3.9470     1.9031    
17.9303    35.4609   
15.9630    35.7916   

# Frame499

# x        y
2.4561     12.0655   
12.9329    38.1841   
3.2025     33.9601   
3.9470     1.9031    
17.9303    35.4609   
15.9630    35.7916   

# Frame500

