# x        y
11.1614    10.7614   
3.3966     24.1072   
5.3599     17.1230   
1.2243     23.6056   
15.6994    37.0765   
5.0725     20.1563   

# Frame1

# x        y
11.1540    12.7614   
3.3966     24.1072   
5.3599     17.1230   
1.2243     23.6056   
15.6994    37.0765   
5.0725     20.1563   

# Frame2

# x        y
11.1467    14.7281   
3.3966     24.1072   
5.3599     17.1230   
1.2243     23.6056   
15.6994    37.0765   
5.0725     20.1563   

# Frame3

# x        y
11.1395    16.6619   
3.3966     24.1072   
5.3599     17.1230   
1.2243     23.6056   
15.6994    37.0765   
5.0725     20.1563   

# Frame4

# x        y
11.1324    18.5636   
3.3966     24.1072   
5.3599     17.1230   
1.2243     23.6056   
15.6994    37.0765   
5.0725     20.1563   

# Frame5

# x        y
11.1255    20.4335   
3.3966     24.1072   
5.3599     17.1230   
1.2243     23.6056   
15.6994    37.0765   
5.0725     20.1563   

# Frame6

# x        y
11.1186    22.2723   
3.3966     24.1072   
5.3599     17.1230   
1.2243     23.6056   
15.6994    37.0765   
5.0725     20.1563   

# Frame7

# x        y
11.1119    24.0805   
3.3966     24.1072   
5.3599     17.1230   
1.2243     23.6056   
15.6994    37.0765   
5.0725     20.1563   

# Frame8

# x        y
11.1053    25.8585   
3.3966     24.1072   
5.3599     17.1230   
1.2243     23.6056   
15.6994    37.0765   
5.0725     20.1563   

# Frame9

# x        y
11.0988    27.6068   
3.3966     24.1072   
5.3599     17.1230   
1.2243     23.6056   
15.6994    37.0765   
5.0725     20.1563   

# Frame10

# x        y
11.0924    29.3261   
3.3966     24.1072   
5.3599     17.1230   
1.2243     23.6056   
15.6994    37.0765   
5.0725     20.1563   

# Frame11

# x        y
11.0861    31.0166   
3.3966     24.1072   
5.3599     17.1230   
1.2243     23.6056   
15.6994    37.0765   
5.0725     20.1563   

# Frame12

# x        y
11.0799    32.6790   
3.3966     24.1072   
5.3599     17.1230   
1.2243     23.6056   
15.6994    37.0765   
5.0725     20.1563   

# Frame13

# x        y
11.0739    34.3137   
3.3966     24.1072   
5.3599     17.1230   
1.2243     23.6056   
15.6994    37.0765   
5.0725     20.1563   

# Frame14

# x        y
11.0679    35.9212   
3.3966     24.1072   
5.3599     17.1230   
1.2243     23.6056   
15.6994    37.0765   
5.0725     20.1563   

# Frame15

# x        y
11.0620    37.5018   
3.3966     24.1072   
5.3599     17.1230   
1.2243     23.6056   
15.6994    37.0765   
5.0725     20.1563   

# Frame16

# x        y
11.0563    38.9696   
3.3966     24.1072   
5.3599     17.1230   
1.2243     23.6056   
15.6994    37.0765   
5.0725     20.1563   

# Frame17

# x        y
11.0525    38.2054   
3.3966     24.1072   
5.3599     17.1230   
1.2243     23.6056   
15.6994    37.0765   
5.0725     20.1563   

# Frame18

# x        y
11.0488    37.4539   
3.3966     24.1072   
5.3599     17.1230   
1.2243     23.6056   
15.6994    37.0765   
5.0725     20.1563   

# Frame19

# x        y
11.0451    36.7150   
3.3966     24.1072   
5.3599     17.1230   
1.2243     23.6056   
15.6994    37.0765   
5.0725     20.1563   

# Frame20

# x        y
11.0415    35.9883   
3.3966     24.1072   
5.3599     17.1230   
1.2243     23.6056   
15.6994    37.0765   
5.0725     20.1563   

# Frame21

# x        y
11.0380    35.2738   
3.3966     24.1072   
5.3599     17.1230   
1.2243     23.6056   
15.6994    37.0765   
5.0725     20.1563   

# Frame22

# x        y
11.0345    34.5712   
3.3966     24.1072   
5.3599     17.1230   
1.2243     23.6056   
15.6994    37.0765   
5.0725     20.1563   

# Frame23

# x        y
11.0311    33.8803   
3.3966     24.1072   
5.3599     17.1230   
1.2243     23.6056   
15.6994    37.0765   
5.0725     20.1563   

# Frame24

# x        y
11.0278    33.2009   
3.3966     24.1072   
5.3599     17.1230   
1.2243     23.6056   
15.6994    37.0765   
5.0725     20.1563   

# Frame25

# x        y
11.0244    32.5329   
3.3966     24.1072   
5.3599     17.1230   
1.2243     23.6056   
15.6994    37.0765   
5.0725     20.1563   

# Frame26

# x        y
11.0212    31.8759   
3.3966     24.1072   
5.3599     17.1230   
1.2243     23.6056   
15.6994    37.0765   
5.0725     20.1563   

# Frame27

# x        y
11.0180    31.2300   
3.3966     24.1072   
5.3599     17.1230   
1.2243     23.6056   
15.6994    37.0765   
5.0725     20.1563   

# Frame28

# x        y
11.0149    30.5948   
3.3966     24.1072   
5.3599     17.1230   
1.2243     23.6056   
15.6994    37.0765   
5.0725     20.1563   

# Frame29

# x        y
11.0118    29.9701   
3.3966     24.1072   
5.3599     17.1230   
1.2243     23.6056   
15.6994    37.0765   
5.0725     20.1563   

# Frame30

# x        y
11.0087    29.3559   
3.3966     24.1072   
5.3599     17.1230   
1.2243     23.6056   
15.6994    37.0765   
5.0725     20.1563   

# Frame31

# x        y
11.0057    28.7519   
3.3966     24.1072   
5.3599     17.1230   
1.2243     23.6056   
15.6994    37.0765   
5.0725     20.1563   

# Frame32

# x        y
11.0028    28.1580   
3.3966     24.1072   
5.3599     17.1230   
1.2243     23.6056   
15.6994    37.0765   
5.0725     20.1563   

# Frame33

# x        y
10.9999    27.5740   
3.3966     24.1072   
5.3599     17.1230   
1.2243     23.6056   
15.6994    37.0765   
5.0725     20.1563   

# Frame34

# x        y
10.9971    26.9997   
3.3966     24.1072   
5.3599     17.1230   
1.2243     23.6056   
15.6994    37.0765   
5.0725     20.1563   

# Frame35

# x        y
10.9943    26.4350   
3.3966     24.1072   
5.3599     17.1230   
1.2243     23.6056   
15.6994    37.0765   
5.0725     20.1563   

# Frame36

# x        y
10.9915    25.8797   
3.3966     24.1072   
5.3599     17.1230   
1.2243     23.6056   
15.6994    37.0765   
5.0725     20.1563   

# Frame37

# x        y
10.9888    25.3337   
3.3966     24.1072   
5.3599     17.1230   
1.2243     23.6056   
15.6994    37.0765   
5.0725     20.1563   

# Frame38

# x        y
10.9862    24.7968   
3.3966     24.1072   
5.3599     17.1230   
1.2243     23.6056   
15.6994    37.0765   
5.0725     20.1563   

# Frame39

# x        y
10.9836    24.2688   
3.3966     24.1072   
5.3599     17.1230   
1.2243     23.6056   
15.6994    37.0765   
5.0725     20.1563   

# Frame40

# x        y
10.9810    23.7496   
3.3966     24.1072   
5.3599     17.1230   
1.2243     23.6056   
15.6994    37.0765   
5.0725     20.1563   

# Frame41

# x        y
10.9785    23.2390   
3.3966     24.1072   
5.3599     17.1230   
1.2243     23.6056   
15.6994    37.0765   
5.0725     20.1563   

# Frame42

# x        y
10.9760    22.7370   
3.3966     24.1072   
5.3599     17.1230   
1.2243     23.6056   
15.6994    37.0765   
5.0725     20.1563   

# Frame43

# x        y
10.9735    22.2434   
3.3966     24.1072   
5.3599     17.1230   
1.2243     23.6056   
15.6994    37.0765   
5.0725     20.1563   

# Frame44

# x        y
10.9711    21.7579   
3.3966     24.1072   
5.3599     17.1230   
1.2243     23.6056   
15.6994    37.0765   
5.0725     20.1563   

# Frame45

# x        y
10.9688    21.2806   
3.3966     24.1072   
5.3599     17.1230   
1.2243     23.6056   
15.6994    37.0765   
5.0725     20.1563   

# Frame46

# x        y
10.9664    20.8112   
3.3966     24.1072   
5.3599     17.1230   
1.2243     23.6056   
15.6994    37.0765   
5.0725     20.1563   

# Frame47

# x        y
10.9642    20.3496   
3.3966     24.1072   
5.3599     17.1230   
1.2243     23.6056   
15.6994    37.0765   
5.0725     20.1563   

# Frame48

# x        y
10.9619    19.8958   
3.3966     24.1072   
5.3599     17.1230   
1.2243     23.6056   
15.6994    37.0765   
5.0725     20.1563   

# Frame49

# x        y
10.9597    19.4494   
3.3966     24.1072   
5.3599     17.1230   
1.2243     23.6056   
15.6994    37.0765   
5.0725     20.1563   

# Frame50

# x        y
10.9575    19.0106   
3.3966     24.1072   
5.3599     17.1230   
1.2243     23.6056   
15.6994    37.0765   
5.0725     20.1563   

# Frame51

# x        y
10.9554    18.5790   
3.3966     24.1072   
5.3599     17.1230   
1.2243     23.6056   
15.6994    37.0765   
5.0725     20.1563   

# Frame52

# x        y
10.9533    18.1547   
3.3966     24.1072   
5.3599     17.1230   
1.2243     23.6056   
15.6994    37.0765   
5.0725     20.1563   

# Frame53

# x        y
10.9512    17.7374   
3.3966     24.1072   
5.3599     17.1230   
1.2243     23.6056   
15.6994    37.0765   
5.0725     20.1563   

# Frame54

# x        y
10.9492    17.3270   
3.3966     24.1072   
5.3599     17.1230   
1.2243     23.6056   
15.6994    37.0765   
5.0725     20.1563   

# Frame55

# x        y
10.9472    16.9235   
3.3966     24.1072   
5.3599     17.1230   
1.2243     23.6056   
15.6994    37.0765   
5.0725     20.1563   

# Frame56

# x        y
10.9452    16.5268   
3.3966     24.1072   
5.3599     17.1230   
1.2243     23.6056   
15.6994    37.0765   
5.0725     20.1563   

# Frame57

# x        y
10.9433    16.1366   
3.3966     24.1072   
5.3599     17.1230   
1.2243     23.6056   
15.6994    37.0765   
5.0725     20.1563   

# Frame58

# x        y
10.9414    15.7530   
3.3966     24.1072   
5.3599     17.1230   
1.2243     23.6056   
15.6994    37.0765   
5.0725     20.1563   

# Frame59

# x        y
10.9395    15.3757   
3.3966     24.1072   
5.3599     17.1230   
1.2243     23.6056   
15.6994    37.0765   
5.0725     20.1563   

# Frame60

# x        y
10.9377    15.0047   
3.3966     24.1072   
5.3599     17.1230   
1.2243     23.6056   
15.6994    37.0765   
5.0725     20.1563   

# Frame61

# x        y
10.9359    14.6399   
3.3966     24.1072   
5.3599     17.1230   
1.2243     23.6056   
15.6994    37.0765   
5.0725     20.1563   

# Frame62

# x        y
10.9341    14.2812   
3.3966     24.1072   
5.3599     17.1230   
1.2243     23.6056   
15.6994    37.0765   
5.0725     20.1563   

# Frame63

# x        y
10.9324    13.9285   
3.3966     24.1072   
5.3599     17.1230   
1.2243     23.6056   
15.6994    37.0765   
5.0725     20.1563   

# Frame64

# x        y
10.9307    13.5816   
3.3966     24.1072   
5.3599     17.1230   
1.2243     23.6056   
15.6994    37.0765   
5.0725     20.1563   

# Frame65

# x        y
10.9290    13.2406   
3.3966     24.1072   
5.3599     17.1230   
1.2243     23.6056   
15.6994    37.0765   
5.0725     20.1563   

# Frame66

# x        y
10.9273    12.9052   
3.3966     24.1072   
5.3599     17.1230   
1.2243     23.6056   
15.6994    37.0765   
5.0725     20.1563   

# Frame67

# x        y
10.9257    12.5754   
3.3966     24.1072   
5.3599     17.1230   
1.2243     23.6056   
15.6994    37.0765   
5.0725     20.1563   

# Frame68

# x        y
10.9241    12.2511   
3.3966     24.1072   
5.3599     17.1230   
1.2243     23.6056   
15.6994    37.0765   
5.0725     20.1563   

# Frame69

# x        y
10.9225    11.9322   
3.3966     24.1072   
5.3599     17.1230   
1.2243     23.6056   
15.6994    37.0765   
5.0725     20.1563   

# Frame70

# x        y
10.9210    11.6186   
3.3966     24.1072   
5.3599     17.1230   
1.2243     23.6056   
15.6994    37.0765   
5.0725     20.1563   

# Frame71

# x        y
10.9194    11.3102   
3.3966     24.1072   
5.3599     17.1230   
1.2243     23.6056   
15.6994    37.0765   
5.0725     20.1563   

# Frame72

# x        y
10.9179    11.0070   
3.3966     24.1072   
5.3599     17.1230   
1.2243     23.6056   
15.6994    37.0765   
5.0725     20.1563   

# Frame73

# x        y
10.9165    10.7089   
3.3966     24.1072   
5.3599     17.1230   
1.2243     23.6056   
15.6994    37.0765   
5.0725     20.1563   

# Frame74

# x        y
10.9150    10.4157   
3.3966     24.1072   
5.3599     17.1230   
1.2243     23.6056   
15.6994    37.0765   
5.0725     20.1563   

# Frame75

# x        y
10.9136    10.1274   
3.3966     24.1072   
5.3599     17.1230   
1.2243     23.6056   
15.6994    37.0765   
5.0725     20.1563   

# Frame76

# x        y
10.9122    9.8439    
3.3966     24.1072   
5.3599     17.1230   
1.2243     23.6056   
15.6994    37.0765   
5.0725     20.1563   

# Frame77

# x        y
10.9108    9.5651    
3.3966     24.1072   
5.3599     17.1230   
1.2243     23.6056   
15.6994    37.0765   
5.0725     20.1563   

# Frame78

# x        y
10.9094    9.2910    
3.3966     24.1072   
5.3599     17.1230   
1.2243     23.6056   
15.6994    37.0765   
5.0725     20.1563   

# Frame79

# x        y
10.9081    9.0214    
3.3966     24.1072   
5.3599     17.1230   
1.2243     23.6056   
15.6994    37.0765   
5.0725     20.1563   

# Frame80

# x        y
10.9068    8.7563    
3.3966     24.1072   
5.3599     17.1230   
1.2243     23.6056   
15.6994    37.0765   
5.0725     20.1563   

# Frame81

# x        y
10.9055    8.4957    
3.3966     24.1072   
5.3599     17.1230   
1.2243     23.6056   
15.6994    37.0765   
5.0725     20.1563   

# Frame82

# x        y
10.9042    8.2394    
3.3966     24.1072   
5.3599     17.1230   
1.2243     23.6056   
15.6994    37.0765   
5.0725     20.1563   

# Frame83

# x        y
10.9030    7.9873    
3.3966     24.1072   
5.3599     17.1230   
1.2243     23.6056   
15.6994    37.0765   
5.0725     20.1563   

# Frame84

# x        y
10.9018    7.7395    
3.3966     24.1072   
5.3599     17.1230   
1.2243     23.6056   
15.6994    37.0765   
5.0725     20.1563   

# Frame85

# x        y
10.9006    7.4958    
3.3966     24.1072   
5.3599     17.1230   
1.2243     23.6056   
15.6994    37.0765   
5.0725     20.1563   

# Frame86

# x        y
10.8994    7.2562    
3.3966     24.1072   
5.3599     17.1230   
1.2243     23.6056   
15.6994    37.0765   
5.0725     20.1563   

# Frame87

# x        y
10.8982    7.0205    
3.3966     24.1072   
5.3599     17.1230   
1.2243     23.6056   
15.6994    37.0765   
5.0725     20.1563   

# Frame88

# x        y
10.8971    6.7888    
3.3966     24.1072   
5.3599     17.1230   
1.2243     23.6056   
15.6994    37.0765   
5.0725     20.1563   

# Frame89

# x        y
10.8959    6.5609    
3.3966     24.1072   
5.3599     17.1230   
1.2243     23.6056   
15.6994    37.0765   
5.0725     20.1563   

# Frame90

# x        y
10.8948    6.3369    
3.3966     24.1072   
5.3599     17.1230   
1.2243     23.6056   
15.6994    37.0765   
5.0725     20.1563   

# Frame91

# x        y
10.8937    6.1165    
3.3966     24.1072   
5.3599     17.1230   
1.2243     23.6056   
15.6994    37.0765   
5.0725     20.1563   

# Frame92

# x        y
10.8927    5.8999    
3.3966     24.1072   
5.3599     17.1230   
1.2243     23.6056   
15.6994    37.0765   
5.0725     20.1563   

# Frame93

# x        y
10.8916    5.6868    
3.3966     24.1072   
5.3599     17.1230   
1.2243     23.6056   
15.6994    37.0765   
5.0725     20.1563   

# Frame94

# x        y
10.8906    5.4774    
3.3966     24.1072   
5.3599     17.1230   
1.2243     23.6056   
15.6994    37.0765   
5.0725     20.1563   

# Frame95

# x        y
10.8896    5.2714    
3.3966     24.1072   
5.3599     17.1230   
1.2243     23.6056   
15.6994    37.0765   
5.0725     20.1563   

# Frame96

# x        y
10.8885    5.0688    
3.3966     24.1072   
5.3599     17.1230   
1.2243     23.6056   
15.6994    37.0765   
5.0725     20.1563   

# Frame97

# x        y
10.8876    4.8696    
3.3966     24.1072   
5.3599     17.1230   
1.2243     23.6056   
15.6994    37.0765   
5.0725     20.1563   

# Frame98

# x        y
10.8866    4.6737    
3.3966     24.1072   
5.3599     17.1230   
1.2243     23.6056   
15.6994    37.0765   
5.0725     20.1563   

# Frame99

# x        y
10.8856    4.4811    
3.3966     24.1072   
5.3599     17.1230   
1.2243     23.6056   
15.6994    37.0765   
5.0725     20.1563   

# Frame100

# x        y
10.8847    4.2917    
3.3966     24.1072   
5.3599     17.1230   
1.2243     23.6056   
15.6994    37.0765   
5.0725     20.1563   

# Frame101

# x        y
10.8838    4.1055    
3.3966     24.1072   
5.3599     17.1230   
1.2243     23.6056   
15.6994    37.0765   
5.0725     20.1563   

# Frame102

# x        y
10.8829    3.9223    
3.3966     24.1072   
5.3599     17.1230   
1.2243     23.6056   
15.6994    37.0765   
5.0725     20.1563   

# Frame103

# x        y
10.8820    3.7423    
3.3966     24.1072   
5.3599     17.1230   
1.2243     23.6056   
15.6994    37.0765   
5.0725     20.1563   

# Frame104

# x        y
10.8811    3.5652    
3.3966     24.1072   
5.3599     17.1230   
1.2243     23.6056   
15.6994    37.0765   
5.0725     20.1563   

# Frame105

# x        y
10.8802    3.3910    
3.3966     24.1072   
5.3599     17.1230   
1.2243     23.6056   
15.6994    37.0765   
5.0725     20.1563   

# Frame106

# x        y
10.8794    3.2198    
3.3966     24.1072   
5.3599     17.1230   
1.2243     23.6056   
15.6994    37.0765   
5.0725     20.1563   

# Frame107

# x        y
10.8786    3.0514    
3.3966     24.1072   
5.3599     17.1230   
1.2243     23.6056   
15.6994    37.0765   
5.0725     20.1563   

# Frame108

# x        y
10.8777    2.8859    
3.3966     24.1072   
5.3599     17.1230   
1.2243     23.6056   
15.6994    37.0765   
5.0725     20.1563   

# Frame109

# x        y
10.8769    2.7231    
3.3966     24.1072   
5.3599     17.1230   
1.2243     23.6056   
15.6994    37.0765   
5.0725     20.1563   

# Frame110

# x        y
10.8762    2.5630    
3.3966     24.1072   
5.3599     17.1230   
1.2243     23.6056   
15.6994    37.0765   
5.0725     20.1563   

# Frame111

# x        y
10.8754    2.4055    
3.3966     24.1072   
5.3599     17.1230   
1.2243     23.6056   
15.6994    37.0765   
5.0725     20.1563   

# Frame112

# x        y
10.8746    2.2507    
3.3966     24.1072   
5.3599     17.1230   
1.2243     23.6056   
15.6994    37.0765   
5.0725     20.1563   

# Frame113

# x        y
10.8739    2.0985    
3.3966     24.1072   
5.3599     17.1230   
1.2243     23.6056   
15.6994    37.0765   
5.0725     20.1563   

# Frame114

# x        y
10.8731    1.9488    
3.3966     24.1072   
5.3599     17.1230   
1.2243     23.6056   
15.6994    37.0765   
5.0725     20.1563   

# Frame115

# x        y
10.8724    1.8016    
3.3966     24.1072   
5.3599     17.1230   
1.2243     23.6056   
15.6994    37.0765   
5.0725     20.1563   

# Frame116

# x        y
10.8717    1.6569    
3.3966     24.1072   
5.3599     17.1230   
1.2243     23.6056   
15.6994    37.0765   
5.0725     20.1563   

# Frame117

# x        y
10.8710    1.5146    
3.3966     24.1072   
5.3599     17.1230   
1.2243     23.6056   
15.6994    37.0765   
5.0725     20.1563   

# Frame118

# x        y
10.8703    1.3746    
3.3966     24.1072   
5.3599     17.1230   
1.2243     23.6056   
15.6994    37.0765   
5.0725     20.1563   

# Frame119

# x        y
10.8696    1.2370    
3.3966     24.1072   
5.3599     17.1230   
1.2243     23.6056   
15.6994    37.0765   
5.0725     20.1563   

# Frame120

# x        y
10.8689    1.1017    
3.3966     24.1072   
5.3599     17.1230   
1.2243     23.6056   
15.6994    37.0765   
5.0725     20.1563   

# Frame121

# x        y
10.8683    1.0176    
3.3966     24.1072   
5.3599     17.1230   
1.2243     23.6056   
15.6994    37.0765   
5.0725     20.1563   

# Frame122

# x        y
10.8679    1.0830    
3.3966     24.1072   
5.3599     17.1230   
1.2243     23.6056   
15.6994    37.0765   
5.0725     20.1563   

# Frame123

# x        y
10.8675    1.1473    
3.3966     24.1072   
5.3599     17.1230   
1.2243     23.6056   
15.6994    37.0765   
5.0725     20.1563   

# Frame124

# x        y
10.8671    1.2106    
3.3966     24.1072   
5.3599     17.1230   
1.2243     23.6056   
15.6994    37.0765   
5.0725     20.1563   

# Frame125

# x        y
10.8668    1.2728    
3.3966     24.1072   
5.3599     17.1230   
1.2243     23.6056   
15.6994    37.0765   
5.0725     20.1563   

# Frame126

# x        y
10.8664    1.3340    
3.3966     24.1072   
5.3599     17.1230   
1.2243     23.6056   
15.6994    37.0765   
5.0725     20.1563   

# Frame127

# x        y
10.8660    1.3941    
3.3966     24.1072   
5.3599     17.1230   
1.2243     23.6056   
15.6994    37.0765   
5.0725     20.1563   

# Frame128

# x        y
10.8657    1.4533    
3.3966     24.1072   
5.3599     17.1230   
1.2243     23.6056   
15.6994    37.0765   
5.0725     20.1563   

# Frame129

# x        y
10.8653    1.5115    
3.3966     24.1072   
5.3599     17.1230   
1.2243     23.6056   
15.6994    37.0765   
5.0725     20.1563   

# Frame130

# x        y
10.8650    1.5687    
3.3966     24.1072   
5.3599     17.1230   
1.2243     23.6056   
15.6994    37.0765   
5.0725     20.1563   

# Frame131

# x        y
10.8646    1.6249    
3.3966     24.1072   
5.3599     17.1230   
1.2243     23.6056   
15.6994    37.0765   
5.0725     20.1563   

# Frame132

# x        y
10.8643    1.6802    
3.3966     24.1072   
5.3599     17.1230   
1.2243     23.6056   
15.6994    37.0765   
5.0725     20.1563   

# Frame133

# x        y
10.8640    1.7346    
3.3966     24.1072   
5.3599     17.1230   
1.2243     23.6056   
15.6994    37.0765   
5.0725     20.1563   

# Frame134

# x        y
10.8637    1.7881    
3.3966     24.1072   
5.3599     17.1230   
1.2243     23.6056   
15.6994    37.0765   
5.0725     20.1563   

# Frame135

# x        y
10.8633    1.8407    
3.3966     24.1072   
5.3599     17.1230   
1.2243     23.6056   
15.6994    37.0765   
5.0725     20.1563   

# Frame136

# x        y
10.8630    1.8924    
3.3966     24.1072   
5.3599     17.1230   
1.2243     23.6056   
15.6994    37.0765   
5.0725     20.1563   

# Frame137

# x        y
10.8627    1.9432    
3.3966     24.1072   
5.3599     17.1230   
1.2243     23.6056   
15.6994    37.0765   
5.0725     20.1563   

# Frame138

# x        y
10.8624    1.9932    
3.3966     24.1072   
5.3599     17.1230   
1.2243     23.6056   
15.6994    37.0765   
5.0725     20.1563   

# Frame139

# x        y
10.8621    2.0424    
3.3966     24.1072   
5.3599     17.1230   
1.2243     23.6056   
15.6994    37.0765   
5.0725     20.1563   

# Frame140

# x        y
10.8618    2.0907    
3.3966     24.1072   
5.3599     17.1230   
1.2243     23.6056   
15.6994    37.0765   
5.0725     20.1563   

# Frame141

# x        y
10.8615    2.1383    
3.3966     24.1072   
5.3599     17.1230   
1.2243     23.6056   
15.6994    37.0765   
5.0725     20.1563   

# Frame142

# x        y
10.8613    2.1850    
3.3966     24.1072   
5.3599     17.1230   
1.2243     23.6056   
15.6994    37.0765   
5.0725     20.1563   

# Frame143

# x        y
10.8610    2.2310    
3.3966     24.1072   
5.3599     17.1230   
1.2243     23.6056   
15.6994    37.0765   
5.0725     20.1563   

# Frame144

# x        y
10.8607    2.2762    
3.3966     24.1072   
5.3599     17.1230   
1.2243     23.6056   
15.6994    37.0765   
5.0725     20.1563   

# Frame145

# x        y
10.8604    2.3206    
3.3966     24.1072   
5.3599     17.1230   
1.2243     23.6056   
15.6994    37.0765   
5.0725     20.1563   

# Frame146

# x        y
10.8602    2.3644    
3.3966     24.1072   
5.3599     17.1230   
1.2243     23.6056   
15.6994    37.0765   
5.0725     20.1563   

# Frame147

# x        y
10.8599    2.4073    
3.3966     24.1072   
5.3599     17.1230   
1.2243     23.6056   
15.6994    37.0765   
5.0725     20.1563   

# Frame148

# x        y
10.8597    2.4496    
3.3966     24.1072   
5.3599     17.1230   
1.2243     23.6056   
15.6994    37.0765   
5.0725     20.1563   

# Frame149

# x        y
10.8594    2.4912    
3.3966     24.1072   
5.3599     17.1230   
1.2243     23.6056   
15.6994    37.0765   
5.0725     20.1563   

# Frame150

# x        y
10.8592    2.5320    
3.3966     24.1072   
5.3599     17.1230   
1.2243     23.6056   
15.6994    37.0765   
5.0725     20.1563   

# Frame151

# x        y
10.8589    2.5722    
3.3966     24.1072   
5.3599     17.1230   
1.2243     23.6056   
15.6994    37.0765   
5.0725     20.1563   

# Frame152

# x        y
10.8587    2.6117    
3.3966     24.1072   
5.3599     17.1230   
1.2243     23.6056   
15.6994    37.0765   
5.0725     20.1563   

# Frame153

# x        y
10.8585    2.6506    
3.3966     24.1072   
5.3599     17.1230   
1.2243     23.6056   
15.6994    37.0765   
5.0725     20.1563   

# Frame154

# x        y
10.8582    2.6888    
3.3966     24.1072   
5.3599     17.1230   
1.2243     23.6056   
15.6994    37.0765   
5.0725     20.1563   

# Frame155

# x        y
10.8580    2.7264    
3.3966     24.1072   
5.3599     17.1230   
1.2243     23.6056   
15.6994    37.0765   
5.0725     20.1563   

# Frame156

# x        y
10.8578    2.7633    
3.3966     24.1072   
5.3599     17.1230   
1.2243     23.6056   
15.6994    37.0765   
5.0725     20.1563   

# Frame157

# x        y
10.8576    2.7997    
3.3966     24.1072   
5.3599     17.1230   
1.2243     23.6056   
15.6994    37.0765   
5.0725     20.1563   

# Frame158

# x        y
10.8573    2.8354    
3.3966     24.1072   
5.3599     17.1230   
1.2243     23.6056   
15.6994    37.0765   
5.0725     20.1563   

# Frame159

# x        y
10.8571    2.8705    
3.3966     24.1072   
5.3599     17.1230   
1.2243     23.6056   
15.6994    37.0765   
5.0725     20.1563   

# Frame160

# x        y
10.8569    2.9051    
3.3966     24.1072   
5.3599     17.1230   
1.2243     23.6056   
15.6994    37.0765   
5.0725     20.1563   

# Frame161

# x        y
10.8567    2.9390    
3.3966     24.1072   
5.3599     17.1230   
1.2243     23.6056   
15.6994    37.0765   
5.0725     20.1563   

# Frame162

# x        y
10.8565    2.9724    
3.3966     24.1072   
5.3599     17.1230   
1.2243     23.6056   
15.6994    37.0765   
5.0725     20.1563   

# Frame163

# x        y
10.8563    3.0053    
3.3966     24.1072   
5.3599     17.1230   
1.2243     23.6056   
15.6994    37.0765   
5.0725     20.1563   

# Frame164

# x        y
10.8561    3.0376    
3.3966     24.1072   
5.3599     17.1230   
1.2243     23.6056   
15.6994    37.0765   
5.0725     20.1563   

# Frame165

# x        y
10.8559    3.0693    
3.3966     24.1072   
5.3599     17.1230   
1.2243     23.6056   
15.6994    37.0765   
5.0725     20.1563   

# Frame166

# x        y
10.8557    3.1006    
3.3966     24.1072   
5.3599     17.1230   
1.2243     23.6056   
15.6994    37.0765   
5.0725     20.1563   

# Frame167

# x        y
10.8556    3.1313    
3.3966     24.1072   
5.3599     17.1230   
1.2243     23.6056   
15.6994    37.0765   
5.0725     20.1563   

# Frame168

# x        y
10.8554    3.1615    
3.3966     24.1072   
5.3599     17.1230   
1.2243     23.6056   
15.6994    37.0765   
5.0725     20.1563   

# Frame169

# x        y
10.8552    3.1912    
3.3966     24.1072   
5.3599     17.1230   
1.2243     23.6056   
15.6994    37.0765   
5.0725     20.1563   

# Frame170

# x        y
10.8550    3.2204    
3.3966     24.1072   
5.3599     17.1230   
1.2243     23.6056   
15.6994    37.0765   
5.0725     20.1563   

# Frame171

# x        y
10.8548    3.2491    
3.3966     24.1072   
5.3599     17.1230   
1.2243     23.6056   
15.6994    37.0765   
5.0725     20.1563   

# Frame172

# x        y
10.8547    3.2773    
3.3966     24.1072   
5.3599     17.1230   
1.2243     23.6056   
15.6994    37.0765   
5.0725     20.1563   

# Frame173

# x        y
10.8545    3.3051    
3.3966     24.1072   
5.3599     17.1230   
1.2243     23.6056   
15.6994    37.0765   
5.0725     20.1563   

# Frame174

# x        y
10.8543    3.3324    
3.3966     24.1072   
5.3599     17.1230   
1.2243     23.6056   
15.6994    37.0765   
5.0725     20.1563   

# Frame175

# x        y
10.8542    3.3592    
3.3966     24.1072   
5.3599     17.1230   
1.2243     23.6056   
15.6994    37.0765   
5.0725     20.1563   

# Frame176

# x        y
10.8540    3.3856    
3.3966     24.1072   
5.3599     17.1230   
1.2243     23.6056   
15.6994    37.0765   
5.0725     20.1563   

# Frame177

# x        y
10.8539    3.4116    
3.3966     24.1072   
5.3599     17.1230   
1.2243     23.6056   
15.6994    37.0765   
5.0725     20.1563   

# Frame178

# x        y
10.8537    3.4371    
3.3966     24.1072   
5.3599     17.1230   
1.2243     23.6056   
15.6994    37.0765   
5.0725     20.1563   

# Frame179

# x        y
10.8536    3.4622    
3.3966     24.1072   
5.3599     17.1230   
1.2243     23.6056   
15.6994    37.0765   
5.0725     20.1563   

# Frame180

# x        y
10.8534    3.4869    
3.3966     24.1072   
5.3599     17.1230   
1.2243     23.6056   
15.6994    37.0765   
5.0725     20.1563   

# Frame181

# x        y
10.8533    3.5112    
3.3966     24.1072   
5.3599     17.1230   
1.2243     23.6056   
15.6994    37.0765   
5.0725     20.1563   

# Frame182

# x        y
10.8531    3.5350    
3.3966     24.1072   
5.3599     17.1230   
1.2243     23.6056   
15.6994    37.0765   
5.0725     20.1563   

# Frame183

# x        y
10.8530    3.5585    
3.3966     24.1072   
5.3599     17.1230   
1.2243     23.6056   
15.6994    37.0765   
5.0725     20.1563   

# Frame184

# x        y
10.8528    3.5816    
3.3966     24.1072   
5.3599     17.1230   
1.2243     23.6056   
15.6994    37.0765   
5.0725     20.1563   

# Frame185

# x        y
10.8527    3.6043    
3.3966     24.1072   
5.3599     17.1230   
1.2243     23.6056   
15.6994    37.0765   
5.0725     20.1563   

# Frame186

# x        y
10.8526    3.6266    
3.3966     24.1072   
5.3599     17.1230   
1.2243     23.6056   
15.6994    37.0765   
5.0725     20.1563   

# Frame187

# x        y
10.8524    3.6486    
3.3966     24.1072   
5.3599     17.1230   
1.2243     23.6056   
15.6994    37.0765   
5.0725     20.1563   

# Frame188

# x        y
10.8523    3.6701    
3.3966     24.1072   
5.3599     17.1230   
1.2243     23.6056   
15.6994    37.0765   
5.0725     20.1563   

# Frame189

# x        y
10.8522    3.6913    
3.3966     24.1072   
5.3599     17.1230   
1.2243     23.6056   
15.6994    37.0765   
5.0725     20.1563   

# Frame190

# x        y
10.8520    3.7122    
3.3966     24.1072   
5.3599     17.1230   
1.2243     23.6056   
15.6994    37.0765   
5.0725     20.1563   

# Frame191

# x        y
10.8519    3.7327    
3.3966     24.1072   
5.3599     17.1230   
1.2243     23.6056   
15.6994    37.0765   
5.0725     20.1563   

# Frame192

# x        y
10.8518    3.7529    
3.3966     24.1072   
5.3599     17.1230   
1.2243     23.6056   
15.6994    37.0765   
5.0725     20.1563   

# Frame193

# x        y
10.8517    3.7727    
3.3966     24.1072   
5.3599     17.1230   
1.2243     23.6056   
15.6994    37.0765   
5.0725     20.1563   

# Frame194

# x        y
10.8516    3.7923    
3.3966     24.1072   
5.3599     17.1230   
1.2243     23.6056   
15.6994    37.0765   
5.0725     20.1563   

# Frame195

# x        y
10.8514    3.8114    
3.3966     24.1072   
5.3599     17.1230   
1.2243     23.6056   
15.6994    37.0765   
5.0725     20.1563   

# Frame196

# x        y
10.8513    3.8303    
3.3966     24.1072   
5.3599     17.1230   
1.2243     23.6056   
15.6994    37.0765   
5.0725     20.1563   

# Frame197

# x        y
10.8512    3.8488    
3.3966     24.1072   
5.3599     17.1230   
1.2243     23.6056   
15.6994    37.0765   
5.0725     20.1563   

# Frame198

# x        y
10.8511    3.8671    
3.3966     24.1072   
5.3599     17.1230   
1.2243     23.6056   
15.6994    37.0765   
5.0725     20.1563   

# Frame199

# x        y
10.8510    3.8850    
3.3966     24.1072   
5.3599     17.1230   
1.2243     23.6056   
15.6994    37.0765   
5.0725     20.1563   

# Frame200

# x        y
10.8509    3.9027    
3.3966     24.1072   
5.3599     17.1230   
1.2243     23.6056   
15.6994    37.0765   
5.0725     20.1563   

# Frame201

# x        y
10.8508    3.9200    
3.3966     24.1072   
5.3599     17.1230   
1.2243     23.6056   
15.6994    37.0765   
5.0725     20.1563   

# Frame202

# x        y
10.8507    3.9371    
3.3966     24.1072   
5.3599     17.1230   
1.2243     23.6056   
15.6994    37.0765   
5.0725     20.1563   

# Frame203

# x        y
10.8506    3.9538    
3.3966     24.1072   
5.3599     17.1230   
1.2243     23.6056   
15.6994    37.0765   
5.0725     20.1563   

# Frame204

# x        y
10.8505    3.9703    
3.3966     24.1072   
5.3599     17.1230   
1.2243     23.6056   
15.6994    37.0765   
5.0725     20.1563   

# Frame205

# x        y
10.8504    3.9865    
3.3966     24.1072   
5.3599     17.1230   
1.2243     23.6056   
15.6994    37.0765   
5.0725     20.1563   

# Frame206

# x        y
10.8503    4.0025    
3.3966     24.1072   
5.3599     17.1230   
1.2243     23.6056   
15.6994    37.0765   
5.0725     20.1563   

# Frame207

# x        y
10.8502    4.0182    
3.3966     24.1072   
5.3599     17.1230   
1.2243     23.6056   
15.6994    37.0765   
5.0725     20.1563   

# Frame208

# x        y
10.8501    4.0336    
3.3966     24.1072   
5.3599     17.1230   
1.2243     23.6056   
15.6994    37.0765   
5.0725     20.1563   

# Frame209

# x        y
10.8500    4.0487    
3.3966     24.1072   
5.3599     17.1230   
1.2243     23.6056   
15.6994    37.0765   
5.0725     20.1563   

# Frame210

# x        y
10.8499    4.0636    
3.3966     24.1072   
5.3599     17.1230   
1.2243     23.6056   
15.6994    37.0765   
5.0725     20.1563   

# Frame211

# x        y
10.8498    4.0783    
3.3966     24.1072   
5.3599     17.1230   
1.2243     23.6056   
15.6994    37.0765   
5.0725     20.1563   

# Frame212

# x        y
10.8498    4.0927    
3.3966     24.1072   
5.3599     17.1230   
1.2243     23.6056   
15.6994    37.0765   
5.0725     20.1563   

# Frame213

# x        y
10.8497    4.1069    
3.3966     24.1072   
5.3599     17.1230   
1.2243     23.6056   
15.6994    37.0765   
5.0725     20.1563   

# Frame214

# x        y
10.8496    4.1208    
3.3966     24.1072   
5.3599     17.1230   
1.2243     23.6056   
15.6994    37.0765   
5.0725     20.1563   

# Frame215

# x        y
10.8495    4.1345    
3.3966     24.1072   
5.3599     17.1230   
1.2243     23.6056   
15.6994    37.0765   
5.0725     20.1563   

# Frame216

# x        y
10.8494    4.1480    
3.3966     24.1072   
5.3599     17.1230   
1.2243     23.6056   
15.6994    37.0765   
5.0725     20.1563   

# Frame217

# x        y
10.8493    4.1613    
3.3966     24.1072   
5.3599     17.1230   
1.2243     23.6056   
15.6994    37.0765   
5.0725     20.1563   

# Frame218

# x        y
10.8493    4.1743    
3.3966     24.1072   
5.3599     17.1230   
1.2243     23.6056   
15.6994    37.0765   
5.0725     20.1563   

# Frame219

# x        y
10.8492    4.1871    
3.3966     24.1072   
5.3599     17.1230   
1.2243     23.6056   
15.6994    37.0765   
5.0725     20.1563   

# Frame220

# x        y
10.8491    4.1997    
3.3966     24.1072   
5.3599     17.1230   
1.2243     23.6056   
15.6994    37.0765   
5.0725     20.1563   

# Frame221

# x        y
10.8490    4.2121    
3.3966     24.1072   
5.3599     17.1230   
1.2243     23.6056   
15.6994    37.0765   
5.0725     20.1563   

# Frame222

# x        y
10.8490    4.2243    
3.3966     24.1072   
5.3599     17.1230   
1.2243     23.6056   
15.6994    37.0765   
5.0725     20.1563   

# Frame223

# x        y
10.8489    4.2363    
3.3966     24.1072   
5.3599     17.1230   
1.2243     23.6056   
15.6994    37.0765   
5.0725     20.1563   

# Frame224

# x        y
10.8488    4.2481    
3.3966     24.1072   
5.3599     17.1230   
1.2243     23.6056   
15.6994    37.0765   
5.0725     20.1563   

# Frame225

# x        y
10.8487    4.2596    
3.3966     24.1072   
5.3599     17.1230   
1.2243     23.6056   
15.6994    37.0765   
5.0725     20.1563   

# Frame226

# x        y
10.8487    4.2710    
3.3966     24.1072   
5.3599     17.1230   
1.2243     23.6056   
15.6994    37.0765   
5.0725     20.1563   

# Frame227

# x        y
10.8486    4.2822    
3.3966     24.1072   
5.3599     17.1230   
1.2243     23.6056   
15.6994    37.0765   
5.0725     20.1563   

# Frame228

# x        y
10.8485    4.2933    
3.3966     24.1072   
5.3599     17.1230   
1.2243     23.6056   
15.6994    37.0765   
5.0725     20.1563   

# Frame229

# x        y
10.8485    4.3041    
3.3966     24.1072   
5.3599     17.1230   
1.2243     23.6056   
15.6994    37.0765   
5.0725     20.1563   

# Frame230

# x        y
10.8484    4.3147    
3.3966     24.1072   
5.3599     17.1230   
1.2243     23.6056   
15.6994    37.0765   
5.0725     20.1563   

# Frame231

# x        y
10.8483    4.3252    
3.3966     24.1072   
5.3599     17.1230   
1.2243     23.6056   
15.6994    37.0765   
5.0725     20.1563   

# Frame232

# x        y
10.8483    4.3355    
3.3966     24.1072   
5.3599     17.1230   
1.2243     23.6056   
15.6994    37.0765   
5.0725     20.1563   

# Frame233

# x        y
10.8482    4.3456    
3.3966     24.1072   
5.3599     17.1230   
1.2243     23.6056   
15.6994    37.0765   
5.0725     20.1563   

# Frame234

# x        y
10.8482    4.3556    
3.3966     24.1072   
5.3599     17.1230   
1.2243     23.6056   
15.6994    37.0765   
5.0725     20.1563   

# Frame235

# x        y
10.8481    4.3654    
3.3966     24.1072   
5.3599     17.1230   
1.2243     23.6056   
15.6994    37.0765   
5.0725     20.1563   

# Frame236

# x        y
10.8480    4.3750    
3.3966     24.1072   
5.3599     17.1230   
1.2243     23.6056   
15.6994    37.0765   
5.0725     20.1563   

# Frame237

# x        y
10.8480    4.3845    
3.3966     24.1072   
5.3599     17.1230   
1.2243     23.6056   
15.6994    37.0765   
5.0725     20.1563   

# Frame238

# x        y
10.8479    4.3938    
3.3966     24.1072   
5.3599     17.1230   
1.2243     23.6056   
15.6994    37.0765   
5.0725     20.1563   

# Frame239

# x        y
10.8479    4.4030    
3.3966     24.1072   
5.3599     17.1230   
1.2243     23.6056   
15.6994    37.0765   
5.0725     20.1563   

# Frame240

# x        y
10.8478    4.4120    
3.3966     24.1072   
5.3599     17.1230   
1.2243     23.6056   
15.6994    37.0765   
5.0725     20.1563   

# Frame241

# x        y
10.8478    4.4208    
3.3966     24.1072   
5.3599     17.1230   
1.2243     23.6056   
15.6994    37.0765   
5.0725     20.1563   

# Frame242

# x        y
10.8477    4.4295    
3.3966     24.1072   
5.3599     17.1230   
1.2243     23.6056   
15.6994    37.0765   
5.0725     20.1563   

# Frame243

# x        y
10.8477    4.4381    
3.3966     24.1072   
5.3599     17.1230   
1.2243     23.6056   
15.6994    37.0765   
5.0725     20.1563   

# Frame244

# x        y
10.8476    4.4465    
3.3966     24.1072   
5.3599     17.1230   
1.2243     23.6056   
15.6994    37.0765   
5.0725     20.1563   

# Frame245

# x        y
10.8476    4.4548    
3.3966     24.1072   
5.3599     17.1230   
1.2243     23.6056   
15.6994    37.0765   
5.0725     20.1563   

# Frame246

# x        y
10.8475    4.4629    
3.3966     24.1072   
5.3599     17.1230   
1.2243     23.6056   
15.6994    37.0765   
5.0725     20.1563   

# Frame247

# x        y
10.8475    4.4709    
3.3966     24.1072   
5.3599     17.1230   
1.2243     23.6056   
15.6994    37.0765   
5.0725     20.1563   

# Frame248

# x        y
10.8474    4.4788    
3.3966     24.1072   
5.3599     17.1230   
1.2243     23.6056   
15.6994    37.0765   
5.0725     20.1563   

# Frame249

# x        y
10.8474    4.4866    
3.3966     24.1072   
5.3599     17.1230   
1.2243     23.6056   
15.6994    37.0765   
5.0725     20.1563   

# Frame250

# x        y
10.8473    4.4942    
3.3966     24.1072   
5.3599     17.1230   
1.2243     23.6056   
15.6994    37.0765   
5.0725     20.1563   

# Frame251

# x        y
10.8473    4.5016    
3.3966     24.1072   
5.3599     17.1230   
1.2243     23.6056   
15.6994    37.0765   
5.0725     20.1563   

# Frame252

# x        y
10.8472    4.5090    
3.3966     24.1072   
5.3599     17.1230   
1.2243     23.6056   
15.6994    37.0765   
5.0725     20.1563   

# Frame253

# x        y
10.8472    4.5162    
3.3966     24.1072   
5.3599     17.1230   
1.2243     23.6056   
15.6994    37.0765   
5.0725     20.1563   

# Frame254

# x        y
10.8472    4.5234    
3.3966     24.1072   
5.3599     17.1230   
1.2243     23.6056   
15.6994    37.0765   
5.0725     20.1563   

# Frame255

# x        y
10.8471    4.5304    
3.3966     24.1072   
5.3599     17.1230   
1.2243     23.6056   
15.6994    37.0765   
5.0725     20.1563   

# Frame256

# x        y
10.8471    4.5372    
3.3966     24.1072   
5.3599     17.1230   
1.2243     23.6056   
15.6994    37.0765   
5.0725     20.1563   

# Frame257

# x        y
10.8470    4.5440    
3.3966     24.1072   
5.3599     17.1230   
1.2243     23.6056   
15.6994    37.0765   
5.0725     20.1563   

# Frame258

# x        y
10.8470    4.5507    
3.3966     24.1072   
5.3599     17.1230   
1.2243     23.6056   
15.6994    37.0765   
5.0725     20.1563   

# Frame259

# x        y
10.8469    4.5572    
3.3966     24.1072   
5.3599     17.1230   
1.2243     23.6056   
15.6994    37.0765   
5.0725     20.1563   

# Frame260

# x        y
10.8469    4.5636    
3.3966     24.1072   
5.3599     17.1230   
1.2243     23.6056   
15.6994    37.0765   
5.0725     20.1563   

# Frame261

# x        y
10.8469    4.5700    
3.3966     24.1072   
5.3599     17.1230   
1.2243     23.6056   
15.6994    37.0765   
5.0725     20.1563   

# Frame262

# x        y
10.8468    4.5762    
3.3966     24.1072   
5.3599     17.1230   
1.2243     23.6056   
15.6994    37.0765   
5.0725     20.1563   

# Frame263

# x        y
10.8468    4.5823    
3.3966     24.1072   
5.3599     17.1230   
1.2243     23.6056   
15.6994    37.0765   
5.0725     20.1563   

# Frame264

# x        y
10.8468    4.5883    
3.3966     24.1072   
5.3599     17.1230   
1.2243     23.6056   
15.6994    37.0765   
5.0725     20.1563   

# Frame265

# x        y
10.8467    4.5942    
3.3966     24.1072   
5.3599     17.1230   
1.2243     23.6056   
15.6994    37.0765   
5.0725     20.1563   

# Frame266

# x        y
10.8467    4.6001    
3.3966     24.1072   
5.3599     17.1230   
1.2243     23.6056   
15.6994    37.0765   
5.0725     20.1563   

# Frame267

# x        y
10.8467    4.6058    
3.3966     24.1072   
5.3599     17.1230   
1.2243     23.6056   
15.6994    37.0765   
5.0725     20.1563   

# Frame268

# x        y
10.8466    4.6114    
3.3966     24.1072   
5.3599     17.1230   
1.2243     23.6056   
15.6994    37.0765   
5.0725     20.1563   

# Frame269

# x        y
10.8466    4.6169    
3.3966     24.1072   
5.3599     17.1230   
1.2243     23.6056   
15.6994    37.0765   
5.0725     20.1563   

# Frame270

# x        y
10.8466    4.6224    
3.3966     24.1072   
5.3599     17.1230   
1.2243     23.6056   
15.6994    37.0765   
5.0725     20.1563   

# Frame271

# x        y
10.8465    4.6277    
3.3966     24.1072   
5.3599     17.1230   
1.2243     23.6056   
15.6994    37.0765   
5.0725     20.1563   

# Frame272

# x        y
10.8465    4.6330    
3.3966     24.1072   
5.3599     17.1230   
1.2243     23.6056   
15.6994    37.0765   
5.0725     20.1563   

# Frame273

# x        y
10.8465    4.6381    
3.3966     24.1072   
5.3599     17.1230   
1.2243     23.6056   
15.6994    37.0765   
5.0725     20.1563   

# Frame274

# x        y
10.8464    4.6432    
3.3966     24.1072   
5.3599     17.1230   
1.2243     23.6056   
15.6994    37.0765   
5.0725     20.1563   

# Frame275

# x        y
10.8464    4.6482    
3.3966     24.1072   
5.3599     17.1230   
1.2243     23.6056   
15.6994    37.0765   
5.0725     20.1563   

# Frame276

# x        y
10.8464    4.6531    
3.3966     24.1072   
5.3599     17.1230   
1.2243     23.6056   
15.6994    37.0765   
5.0725     20.1563   

# Frame277

# x        y
10.8463    4.6580    
3.3966     24.1072   
5.3599     17.1230   
1.2243     23.6056   
15.6994    37.0765   
5.0725     20.1563   

# Frame278

# x        y
10.8463    4.6627    
3.3966     24.1072   
5.3599     17.1230   
1.2243     23.6056   
15.6994    37.0765   
5.0725     20.1563   

# Frame279

# x        y
10.8463    4.6674    
3.3966     24.1072   
5.3599     17.1230   
1.2243     23.6056   
15.6994    37.0765   
5.0725     20.1563   

# Frame280

# x        y
10.8463    4.6720    
3.3966     24.1072   
5.3599     17.1230   
1.2243     23.6056   
15.6994    37.0765   
5.0725     20.1563   

# Frame281

# x        y
10.8462    4.6765    
3.3966     24.1072   
5.3599     17.1230   
1.2243     23.6056   
15.6994    37.0765   
5.0725     20.1563   

# Frame282

# x        y
10.8462    4.6810    
3.3966     24.1072   
5.3599     17.1230   
1.2243     23.6056   
15.6994    37.0765   
5.0725     20.1563   

# Frame283

# x        y
10.8462    4.6853    
3.3966     24.1072   
5.3599     17.1230   
1.2243     23.6056   
15.6994    37.0765   
5.0725     20.1563   

# Frame284

# x        y
10.8461    4.6896    
3.3966     24.1072   
5.3599     17.1230   
1.2243     23.6056   
15.6994    37.0765   
5.0725     20.1563   

# Frame285

# x        y
10.8461    4.6939    
3.3966     24.1072   
5.3599     17.1230   
1.2243     23.6056   
15.6994    37.0765   
5.0725     20.1563   

# Frame286

# x        y
10.8461    4.6980    
3.3966     24.1072   
5.3599     17.1230   
1.2243     23.6056   
15.6994    37.0765   
5.0725     20.1563   

# Frame287

# x        y
10.8461    4.7021    
3.3966     24.1072   
5.3599     17.1230   
1.2243     23.6056   
15.6994    37.0765   
5.0725     20.1563   

# Frame288

# x        y
10.8460    4.7061    
3.3966     24.1072   
5.3599     17.1230   
1.2243     23.6056   
15.6994    37.0765   
5.0725     20.1563   

# Frame289

# x        y
10.8460    4.7101    
3.3966     24.1072   
5.3599     17.1230   
1.2243     23.6056   
15.6994    37.0765   
5.0725     20.1563   

# Frame290

# x        y
10.8460    4.7140    
3.3966     24.1072   
5.3599     17.1230   
1.2243     23.6056   
15.6994    37.0765   
5.0725     20.1563   

# Frame291

# x        y
10.8460    4.7178    
3.3966     24.1072   
5.3599     17.1230   
1.2243     23.6056   
15.6994    37.0765   
5.0725     20.1563   

# Frame292

# x        y
10.8460    4.7215    
3.3966     24.1072   
5.3599     17.1230   
1.2243     23.6056   
15.6994    37.0765   
5.0725     20.1563   

# Frame293

# x        y
10.8459    4.7252    
3.3966     24.1072   
5.3599     17.1230   
1.2243     23.6056   
15.6994    37.0765   
5.0725     20.1563   

# Frame294

# x        y
10.8459    4.7289    
3.3966     24.1072   
5.3599     17.1230   
1.2243     23.6056   
15.6994    37.0765   
5.0725     20.1563   

# Frame295

# x        y
10.8459    4.7324    
3.3966     24.1072   
5.3599     17.1230   
1.2243     23.6056   
15.6994    37.0765   
5.0725     20.1563   

# Frame296

# x        y
10.8459    4.7360    
3.3966     24.1072   
5.3599     17.1230   
1.2243     23.6056   
15.6994    37.0765   
5.0725     20.1563   

# Frame297

# x        y
10.8458    4.7394    
3.3966     24.1072   
5.3599     17.1230   
1.2243     23.6056   
15.6994    37.0765   
5.0725     20.1563   

# Frame298

# x        y
10.8458    4.7428    
3.3966     24.1072   
5.3599     17.1230   
1.2243     23.6056   
15.6994    37.0765   
5.0725     20.1563   

# Frame299

# x        y
10.8458    4.7461    
3.3966     24.1072   
5.3599     17.1230   
1.2243     23.6056   
15.6994    37.0765   
5.0725     20.1563   

# Frame300

# x        y
10.8458    4.7494    
3.3966     24.1072   
5.3599     17.1230   
1.2243     23.6056   
15.6994    37.0765   
5.0725     20.1563   

# Frame301

# x        y
10.8458    4.7527    
3.3966     24.1072   
5.3599     17.1230   
1.2243     23.6056   
15.6994    37.0765   
5.0725     20.1563   

# Frame302

# x        y
10.8457    4.7558    
3.3966     24.1072   
5.3599     17.1230   
1.2243     23.6056   
15.6994    37.0765   
5.0725     20.1563   

# Frame303

# x        y
10.8457    4.7590    
3.3966     24.1072   
5.3599     17.1230   
1.2243     23.6056   
15.6994    37.0765   
5.0725     20.1563   

# Frame304

# x        y
10.8457    4.7620    
3.3966     24.1072   
5.3599     17.1230   
1.2243     23.6056   
15.6994    37.0765   
5.0725     20.1563   

# Frame305

# x        y
10.8457    4.7651    
3.3966     24.1072   
5.3599     17.1230   
1.2243     23.6056   
15.6994    37.0765   
5.0725     20.1563   

# Frame306

# x        y
10.8457    4.7680    
3.3966     24.1072   
5.3599     17.1230   
1.2243     23.6056   
15.6994    37.0765   
5.0725     20.1563   

# Frame307

# x        y
10.8457    4.7709    
3.3966     24.1072   
5.3599     17.1230   
1.2243     23.6056   
15.6994    37.0765   
5.0725     20.1563   

# Frame308

# x        y
10.8456    4.7738    
3.3966     24.1072   
5.3599     17.1230   
1.2243     23.6056   
15.6994    37.0765   
5.0725     20.1563   

# Frame309

# x        y
10.8456    4.7766    
3.3966     24.1072   
5.3599     17.1230   
1.2243     23.6056   
15.6994    37.0765   
5.0725     20.1563   

# Frame310

# x        y
10.8456    4.7794    
3.3966     24.1072   
5.3599     17.1230   
1.2243     23.6056   
15.6994    37.0765   
5.0725     20.1563   

# Frame311

# x        y
10.8456    4.7821    
3.3966     24.1072   
5.3599     17.1230   
1.2243     23.6056   
15.6994    37.0765   
5.0725     20.1563   

# Frame312

# x        y
10.8456    4.7848    
3.3966     24.1072   
5.3599     17.1230   
1.2243     23.6056   
15.6994    37.0765   
5.0725     20.1563   

# Frame313

# x        y
10.8456    4.7875    
3.3966     24.1072   
5.3599     17.1230   
1.2243     23.6056   
15.6994    37.0765   
5.0725     20.1563   

# Frame314

# x        y
10.8455    4.7901    
3.3966     24.1072   
5.3599     17.1230   
1.2243     23.6056   
15.6994    37.0765   
5.0725     20.1563   

# Frame315

# x        y
10.8455    4.7926    
3.3966     24.1072   
5.3599     17.1230   
1.2243     23.6056   
15.6994    37.0765   
5.0725     20.1563   

# Frame316

# x        y
10.8455    4.7951    
3.3966     24.1072   
5.3599     17.1230   
1.2243     23.6056   
15.6994    37.0765   
5.0725     20.1563   

# Frame317

# x        y
10.8455    4.7976    
3.3966     24.1072   
5.3599     17.1230   
1.2243     23.6056   
15.6994    37.0765   
5.0725     20.1563   

# Frame318

# x        y
10.8455    4.8000    
3.3966     24.1072   
5.3599     17.1230   
1.2243     23.6056   
15.6994    37.0765   
5.0725     20.1563   

# Frame319

# x        y
10.8455    4.8024    
3.3966     24.1072   
5.3599     17.1230   
1.2243     23.6056   
15.6994    37.0765   
5.0725     20.1563   

# Frame320

# x        y
10.8455    4.8048    
3.3966     24.1072   
5.3599     17.1230   
1.2243     23.6056   
15.6994    37.0765   
5.0725     20.1563   

# Frame321

# x        y
10.8454    4.8071    
3.3966     24.1072   
5.3599     17.1230   
1.2243     23.6056   
15.6994    37.0765   
5.0725     20.1563   

# Frame322

# x        y
10.8454    4.8093    
3.3966     24.1072   
5.3599     17.1230   
1.2243     23.6056   
15.6994    37.0765   
5.0725     20.1563   

# Frame323

# x        y
10.8454    4.8116    
3.3966     24.1072   
5.3599     17.1230   
1.2243     23.6056   
15.6994    37.0765   
5.0725     20.1563   

# Frame324

# x        y
10.8454    4.8138    
3.3966     24.1072   
5.3599     17.1230   
1.2243     23.6056   
15.6994    37.0765   
5.0725     20.1563   

# Frame325

# x        y
10.8454    4.8159    
3.3966     24.1072   
5.3599     17.1230   
1.2243     23.6056   
15.6994    37.0765   
5.0725     20.1563   

# Frame326

# x        y
10.8454    4.8180    
3.3966     24.1072   
5.3599     17.1230   
1.2243     23.6056   
15.6994    37.0765   
5.0725     20.1563   

# Frame327

# x        y
10.8454    4.8201    
3.3966     24.1072   
5.3599     17.1230   
1.2243     23.6056   
15.6994    37.0765   
5.0725     20.1563   

# Frame328

# x        y
10.8454    4.8222    
3.3966     24.1072   
5.3599     17.1230   
1.2243     23.6056   
15.6994    37.0765   
5.0725     20.1563   

# Frame329

# x        y
10.8453    4.8242    
3.3966     24.1072   
5.3599     17.1230   
1.2243     23.6056   
15.6994    37.0765   
5.0725     20.1563   

# Frame330

# x        y
10.8453    4.8262    
3.3966     24.1072   
5.3599     17.1230   
1.2243     23.6056   
15.6994    37.0765   
5.0725     20.1563   

# Frame331

# x        y
10.8453    4.8281    
3.3966     24.1072   
5.3599     17.1230   
1.2243     23.6056   
15.6994    37.0765   
5.0725     20.1563   

# Frame332

# x        y
10.8453    4.8301    
3.3966     24.1072   
5.3599     17.1230   
1.2243     23.6056   
15.6994    37.0765   
5.0725     20.1563   

# Frame333

# x        y
10.8453    4.8319    
3.3966     24.1072   
5.3599     17.1230   
1.2243     23.6056   
15.6994    37.0765   
5.0725     20.1563   

# Frame334

# x        y
10.8453    4.8338    
3.3966     24.1072   
5.3599     17.1230   
1.2243     23.6056   
15.6994    37.0765   
5.0725     20.1563   

# Frame335

# x        y
10.8453    4.8356    
3.3966     24.1072   
5.3599     17.1230   
1.2243     23.6056   
15.6994    37.0765   
5.0725     20.1563   

# Frame336

# x        y
10.8453    4.8374    
3.3966     24.1072   
5.3599     17.1230   
1.2243     23.6056   
15.6994    37.0765   
5.0725     20.1563   

# Frame337

# x        y
10.8452    4.8392    
3.3966     24.1072   
5.3599     17.1230   
1.2243     23.6056   
15.6994    37.0765   
5.0725     20.1563   

# Frame338

# x        y
10.8452    4.8409    
3.3966     24.1072   
5.3599     17.1230   
1.2243     23.6056   
15.6994    37.0765   
5.0725     20.1563   

# Frame339

# x        y
10.8452    4.8426    
3.3966     24.1072   
5.3599     17.1230   
1.2243     23.6056   
15.6994    37.0765   
5.0725     20.1563   

# Frame340

# x        y
10.8452    4.8443    
3.3966     24.1072   
5.3599     17.1230   
1.2243     23.6056   
15.6994    37.0765   
5.0725     20.1563   

# Frame341

# x        y
10.8452    4.8459    
3.3966     24.1072   
5.3599     17.1230   
1.2243     23.6056   
15.6994    37.0765   
5.0725     20.1563   

# Frame342

# x        y
10.8452    4.8476    
3.3966     24.1072   
5.3599     17.1230   
1.2243     23.6056   
15.6994    37.0765   
5.0725     20.1563   

# Frame343

# x        y
10.8452    4.8492    
3.3966     24.1072   
5.3599     17.1230   
1.2243     23.6056   
15.6994    37.0765   
5.0725     20.1563   

# Frame344

# x        y
10.8452    4.8507    
3.3966     24.1072   
5.3599     17.1230   
1.2243     23.6056   
15.6994    37.0765   
5.0725     20.1563   

# Frame345

# x        y
10.8452    4.8523    
3.3966     24.1072   
5.3599     17.1230   
1.2243     23.6056   
15.6994    37.0765   
5.0725     20.1563   

# Frame346

# x        y
10.8452    4.8538    
3.3966     24.1072   
5.3599     17.1230   
1.2243     23.6056   
15.6994    37.0765   
5.0725     20.1563   

# Frame347

# x        y
10.8451    4.8553    
3.3966     24.1072   
5.3599     17.1230   
1.2243     23.6056   
15.6994    37.0765   
5.0725     20.1563   

# Frame348

# x        y
10.8451    4.8567    
3.3966     24.1072   
5.3599     17.1230   
1.2243     23.6056   
15.6994    37.0765   
5.0725     20.1563   

# Frame349

# x        y
10.8451    4.8582    
3.3966     24.1072   
5.3599     17.1230   
1.2243     23.6056   
15.6994    37.0765   
5.0725     20.1563   

# Frame350

# x        y
10.8451    4.8596    
3.3966     24.1072   
5.3599     17.1230   
1.2243     23.6056   
15.6994    37.0765   
5.0725     20.1563   

# Frame351

# x        y
10.8451    4.8610    
3.3966     24.1072   
5.3599     17.1230   
1.2243     23.6056   
15.6994    37.0765   
5.0725     20.1563   

# Frame352

# x        y
10.8451    4.8624    
3.3966     24.1072   
5.3599     17.1230   
1.2243     23.6056   
15.6994    37.0765   
5.0725     20.1563   

# Frame353

# x        y
10.8451    4.8637    
3.3966     24.1072   
5.3599     17.1230   
1.2243     23.6056   
15.6994    37.0765   
5.0725     20.1563   

# Frame354

# x        y
10.8451    4.8650    
3.3966     24.1072   
5.3599     17.1230   
1.2243     23.6056   
15.6994    37.0765   
5.0725     20.1563   

# Frame355

# x        y
10.8451    4.8663    
3.3966     24.1072   
5.3599     17.1230   
1.2243     23.6056   
15.6994    37.0765   
5.0725     20.1563   

# Frame356

# x        y
10.8451    4.8676    
3.3966     24.1072   
5.3599     17.1230   
1.2243     23.6056   
15.6994    37.0765   
5.0725     20.1563   

# Frame357

# x        y
10.8451    4.8689    
3.3966     24.1072   
5.3599     17.1230   
1.2243     23.6056   
15.6994    37.0765   
5.0725     20.1563   

# Frame358

# x        y
10.8451    4.8701    
3.3966     24.1072   
5.3599     17.1230   
1.2243     23.6056   
15.6994    37.0765   
5.0725     20.1563   

# Frame359

# x        y
10.8451    4.8713    
3.3966     24.1072   
5.3599     17.1230   
1.2243     23.6056   
15.6994    37.0765   
5.0725     20.1563   

# Frame360

# x        y
10.8450    4.8725    
3.3966     24.1072   
5.3599     17.1230   
1.2243     23.6056   
15.6994    37.0765   
5.0725     20.1563   

# Frame361

# x        y
10.8450    4.8737    
3.3966     24.1072   
5.3599     17.1230   
1.2243     23.6056   
15.6994    37.0765   
5.0725     20.1563   

# Frame362

# x        y
10.8450    4.8749    
3.3966     24.1072   
5.3599     17.1230   
1.2243     23.6056   
15.6994    37.0765   
5.0725     20.1563   

# Frame363

# x        y
10.8450    4.8760    
3.3966     24.1072   
5.3599     17.1230   
1.2243     23.6056   
15.6994    37.0765   
5.0725     20.1563   

# Frame364

# x        y
10.8450    4.8771    
3.3966     24.1072   
5.3599     17.1230   
1.2243     23.6056   
15.6994    37.0765   
5.0725     20.1563   

# Frame365

# x        y
10.8450    4.8782    
3.3966     24.1072   
5.3599     17.1230   
1.2243     23.6056   
15.6994    37.0765   
5.0725     20.1563   

# Frame366

# x        y
10.8450    4.8793    
3.3966     24.1072   
5.3599     17.1230   
1.2243     23.6056   
15.6994    37.0765   
5.0725     20.1563   

# Frame367

# x        y
10.8450    4.8804    
3.3966     24.1072   
5.3599     17.1230   
1.2243     23.6056   
15.6994    37.0765   
5.0725     20.1563   

# Frame368

# x        y
10.8450    4.8814    
3.3966     24.1072   
5.3599     17.1230   
1.2243     23.6056   
15.6994    37.0765   
5.0725     20.1563   

# Frame369

# x        y
10.8450    4.8825    
3.3966     24.1072   
5.3599     17.1230   
1.2243     23.6056   
15.6994    37.0765   
5.0725     20.1563   

# Frame370

# x        y
10.8450    4.8835    
3.3966     24.1072   
5.3599     17.1230   
1.2243     23.6056   
15.6994    37.0765   
5.0725     20.1563   

# Frame371

# x        y
10.8450    4.8845    
3.3966     24.1072   
5.3599     17.1230   
1.2243     23.6056   
15.6994    37.0765   
5.0725     20.1563   

# Frame372

# x        y
10.8450    4.8854    
3.3966     24.1072   
5.3599     17.1230   
1.2243     23.6056   
15.6994    37.0765   
5.0725     20.1563   

# Frame373

# x        y
10.8450    4.8864    
3.3966     24.1072   
5.3599     17.1230   
1.2243     23.6056   
15.6994    37.0765   
5.0725     20.1563   

# Frame374

# x        y
10.8450    4.8874    
3.3966     24.1072   
5.3599     17.1230   
1.2243     23.6056   
15.6994    37.0765   
5.0725     20.1563   

# Frame375

# x        y
10.8450    4.8883    
3.3966     24.1072   
5.3599     17.1230   
1.2243     23.6056   
15.6994    37.0765   
5.0725     20.1563   

# Frame376

# x        y
10.8449    4.8892    
3.3966     24.1072   
5.3599     17.1230   
1.2243     23.6056   
15.6994    37.0765   
5.0725     20.1563   

# Frame377

# x        y
10.8449    4.8901    
3.3966     24.1072   
5.3599     17.1230   
1.2243     23.6056   
15.6994    37.0765   
5.0725     20.1563   

# Frame378

# x        y
10.8449    4.8910    
3.3966     24.1072   
5.3599     17.1230   
1.2243     23.6056   
15.6994    37.0765   
5.0725     20.1563   

# Frame379

# x        y
10.8449    4.8919    
3.3966     24.1072   
5.3599     17.1230   
1.2243     23.6056   
15.6994    37.0765   
5.0725     20.1563   

# Frame380

# x        y
10.8449    4.8927    
3.3966     24.1072   
5.3599     17.1230   
1.2243     23.6056   
15.6994    37.0765   
5.0725     20.1563   

# Frame381

# x        y
10.8449    4.8936    
3.3966     24.1072   
5.3599     17.1230   
1.2243     23.6056   
15.6994    37.0765   
5.0725     20.1563   

# Frame382

# x        y
10.8449    4.8944    
3.3966     24.1072   
5.3599     17.1230   
1.2243     23.6056   
15.6994    37.0765   
5.0725     20.1563   

# Frame383

# x        y
10.8449    4.8952    
3.3966     24.1072   
5.3599     17.1230   
1.2243     23.6056   
15.6994    37.0765   
5.0725     20.1563   

# Frame384

# x        y
10.8449    4.8960    
3.3966     24.1072   
5.3599     17.1230   
1.2243     23.6056   
15.6994    37.0765   
5.0725     20.1563   

# Frame385

# x        y
10.8449    4.8968    
3.3966     24.1072   
5.3599     17.1230   
1.2243     23.6056   
15.6994    37.0765   
5.0725     20.1563   

# Frame386

# x        y
10.8449    4.8976    
3.3966     24.1072   
5.3599     17.1230   
1.2243     23.6056   
15.6994    37.0765   
5.0725     20.1563   

# Frame387

# x        y
10.8449    4.8983    
3.3966     24.1072   
5.3599     17.1230   
1.2243     23.6056   
15.6994    37.0765   
5.0725     20.1563   

# Frame388

# x        y
10.8449    4.8991    
3.3966     24.1072   
5.3599     17.1230   
1.2243     23.6056   
15.6994    37.0765   
5.0725     20.1563   

# Frame389

# x        y
10.8449    4.8998    
3.3966     24.1072   
5.3599     17.1230   
1.2243     23.6056   
15.6994    37.0765   
5.0725     20.1563   

# Frame390

# x        y
10.8449    4.9005    
3.3966     24.1072   
5.3599     17.1230   
1.2243     23.6056   
15.6994    37.0765   
5.0725     20.1563   

# Frame391

# x        y
10.8449    4.9012    
3.3966     24.1072   
5.3599     17.1230   
1.2243     23.6056   
15.6994    37.0765   
5.0725     20.1563   

# Frame392

# x        y
10.8449    4.9019    
3.3966     24.1072   
5.3599     17.1230   
1.2243     23.6056   
15.6994    37.0765   
5.0725     20.1563   

# Frame393

# x        y
10.8449    4.9026    
3.3966     24.1072   
5.3599     17.1230   
1.2243     23.6056   
15.6994    37.0765   
5.0725     20.1563   

# Frame394

# x        y
10.8449    4.9033    
3.3966     24.1072   
5.3599     17.1230   
1.2243     23.6056   
15.6994    37.0765   
5.0725     20.1563   

# Frame395

# x        y
10.8449    4.9040    
3.3966     24.1072   
5.3599     17.1230   
1.2243     23.6056   
15.6994    37.0765   
5.0725     20.1563   

# Frame396

# x        y
10.8449    4.9046    
3.3966     24.1072   
5.3599     17.1230   
1.2243     23.6056   
15.6994    37.0765   
5.0725     20.1563   

# Frame397

# x        y
10.8448    4.9053    
3.3966     24.1072   
5.3599     17.1230   
1.2243     23.6056   
15.6994    37.0765   
5.0725     20.1563   

# Frame398

# x        y
10.8448    4.9059    
3.3966     24.1072   
5.3599     17.1230   
1.2243     23.6056   
15.6994    37.0765   
5.0725     20.1563   

# Frame399

# x        y
10.8448    4.9065    
3.3966     24.1072   
5.3599     17.1230   
1.2243     23.6056   
15.6994    37.0765   
5.0725     20.1563   

# Frame400

# x        y
10.8448    4.9071    
3.3966     24.1072   
5.3599     17.1230   
1.2243     23.6056   
15.6994    37.0765   
5.0725     20.1563   

# Frame401

# x        y
10.8448    4.9077    
3.3966     24.1072   
5.3599     17.1230   
1.2243     23.6056   
15.6994    37.0765   
5.0725     20.1563   

# Frame402

# x        y
10.8448    4.9083    
3.3966     24.1072   
5.3599     17.1230   
1.2243     23.6056   
15.6994    37.0765   
5.0725     20.1563   

# Frame403

# x        y
10.8448    4.9089    
3.3966     24.1072   
5.3599     17.1230   
1.2243     23.6056   
15.6994    37.0765   
5.0725     20.1563   

# Frame404

# x        y
10.8448    4.9095    
3.3966     24.1072   
5.3599     17.1230   
1.2243     23.6056   
15.6994    37.0765   
5.0725     20.1563   

# Frame405

# x        y
10.8448    4.9100    
3.3966     24.1072   
5.3599     17.1230   
1.2243     23.6056   
15.6994    37.0765   
5.0725     20.1563   

# Frame406

# x        y
10.8448    4.9106    
3.3966     24.1072   
5.3599     17.1230   
1.2243     23.6056   
15.6994    37.0765   
5.0725     20.1563   

# Frame407

# x        y
10.8448    4.9111    
3.3966     24.1072   
5.3599     17.1230   
1.2243     23.6056   
15.6994    37.0765   
5.0725     20.1563   

# Frame408

# x        y
10.8448    4.9117    
3.3966     24.1072   
5.3599     17.1230   
1.2243     23.6056   
15.6994    37.0765   
5.0725     20.1563   

# Frame409

# x        y
10.8448    4.9122    
3.3966     24.1072   
5.3599     17.1230   
1.2243     23.6056   
15.6994    37.0765   
5.0725     20.1563   

# Frame410

# x        y
10.8448    4.9127    
3.3966     24.1072   
5.3599     17.1230   
1.2243     23.6056   
15.6994    37.0765   
5.0725     20.1563   

# Frame411

# x        y
10.8448    4.9132    
3.3966     24.1072   
5.3599     17.1230   
1.2243     23.6056   
15.6994    37.0765   
5.0725     20.1563   

# Frame412

# x        y
10.8448    4.9137    
3.3966     24.1072   
5.3599     17.1230   
1.2243     23.6056   
15.6994    37.0765   
5.0725     20.1563   

# Frame413

# x        y
10.8448    4.9142    
3.3966     24.1072   
5.3599     17.1230   
1.2243     23.6056   
15.6994    37.0765   
5.0725     20.1563   

# Frame414

# x        y
10.8448    4.9147    
3.3966     24.1072   
5.3599     17.1230   
1.2243     23.6056   
15.6994    37.0765   
5.0725     20.1563   

# Frame415

# x        y
10.8448    4.9152    
3.3966     24.1072   
5.3599     17.1230   
1.2243     23.6056   
15.6994    37.0765   
5.0725     20.1563   

# Frame416

# x        y
10.8448    4.9157    
3.3966     24.1072   
5.3599     17.1230   
1.2243     23.6056   
15.6994    37.0765   
5.0725     20.1563   

# Frame417

# x        y
10.8448    4.9161    
3.3966     24.1072   
5.3599     17.1230   
1.2243     23.6056   
15.6994    37.0765   
5.0725     20.1563   

# Frame418

# x        y
10.8448    4.9166    
3.3966     24.1072   
5.3599     17.1230   
1.2243     23.6056   
15.6994    37.0765   
5.0725     20.1563   

# Frame419

# x        y
10.8448    4.9170    
3.3966     24.1072   
5.3599     17.1230   
1.2243     23.6056   
15.6994    37.0765   
5.0725     20.1563   

# Frame420

# x        y
10.8448    4.9174    
3.3966     24.1072   
5.3599     17.1230   
1.2243     23.6056   
15.6994    37.0765   
5.0725     20.1563   

# Frame421

# x        y
10.8448    4.9179    
3.3966     24.1072   
5.3599     17.1230   
1.2243     23.6056   
15.6994    37.0765   
5.0725     20.1563   

# Frame422

# x        y
10.8448    4.9183    
3.3966     24.1072   
5.3599     17.1230   
1.2243     23.6056   
15.6994    37.0765   
5.0725     20.1563   

# Frame423

# x        y
10.8448    4.9187    
3.3966     24.1072   
5.3599     17.1230   
1.2243     23.6056   
15.6994    37.0765   
5.0725     20.1563   

# Frame424

# x        y
10.8448    4.9191    
3.3966     24.1072   
5.3599     17.1230   
1.2243     23.6056   
15.6994    37.0765   
5.0725     20.1563   

# Frame425

# x        y
10.8448    4.9195    
3.3966     24.1072   
5.3599     17.1230   
1.2243     23.6056   
15.6994    37.0765   
5.0725     20.1563   

# Frame426

# x        y
10.8448    4.9199    
3.3966     24.1072   
5.3599     17.1230   
1.2243     23.6056   
15.6994    37.0765   
5.0725     20.1563   

# Frame427

# x        y
10.8448    4.9203    
3.3966     24.1072   
5.3599     17.1230   
1.2243     23.6056   
15.6994    37.0765   
5.0725     20.1563   

# Frame428

# x        y
10.8448    4.9207    
3.3966     24.1072   
5.3599     17.1230   
1.2243     23.6056   
15.6994    37.0765   
5.0725     20.1563   

# Frame429

# x        y
10.8448    4.9211    
3.3966     24.1072   
5.3599     17.1230   
1.2243     23.6056   
15.6994    37.0765   
5.0725     20.1563   

# Frame430

# x        y
10.8447    4.9214    
3.3966     24.1072   
5.3599     17.1230   
1.2243     23.6056   
15.6994    37.0765   
5.0725     20.1563   

# Frame431

# x        y
10.8447    4.9218    
3.3966     24.1072   
5.3599     17.1230   
1.2243     23.6056   
15.6994    37.0765   
5.0725     20.1563   

# Frame432

# x        y
10.8447    4.9222    
3.3966     24.1072   
5.3599     17.1230   
1.2243     23.6056   
15.6994    37.0765   
5.0725     20.1563   

# Frame433

# x        y
10.8447    4.9225    
3.3966     24.1072   
5.3599     17.1230   
1.2243     23.6056   
15.6994    37.0765   
5.0725     20.1563   

# Frame434

# x        y
10.8447    4.9229    
3.3966     24.1072   
5.3599     17.1230   
1.2243     23.6056   
15.6994    37.0765   
5.0725     20.1563   

# Frame435

# x        y
10.8447    4.9232    
3.3966     24.1072   
5.3599     17.1230   
1.2243     23.6056   
15.6994    37.0765   
5.0725     20.1563   

# Frame436

# x        y
10.8447    4.9235    
3.3966     24.1072   
5.3599     17.1230   
1.2243     23.6056   
15.6994    37.0765   
5.0725     20.1563   

# Frame437

# x        y
10.8447    4.9239    
3.3966     24.1072   
5.3599     17.1230   
1.2243     23.6056   
15.6994    37.0765   
5.0725     20.1563   

# Frame438

# x        y
10.8447    4.9242    
3.3966     24.1072   
5.3599     17.1230   
1.2243     23.6056   
15.6994    37.0765   
5.0725     20.1563   

# Frame439

# x        y
10.8447    4.9245    
3.3966     24.1072   
5.3599     17.1230   
1.2243     23.6056   
15.6994    37.0765   
5.0725     20.1563   

# Frame440

# x        y
10.8447    4.9248    
3.3966     24.1072   
5.3599     17.1230   
1.2243     23.6056   
15.6994    37.0765   
5.0725     20.1563   

# Frame441

# x        y
10.8447    4.9251    
3.3966     24.1072   
5.3599     17.1230   
1.2243     23.6056   
15.6994    37.0765   
5.0725     20.1563   

# Frame442

# x        y
10.8447    4.9254    
3.3966     24.1072   
5.3599     17.1230   
1.2243     23.6056   
15.6994    37.0765   
5.0725     20.1563   

# Frame443

# x        y
10.8447    4.9257    
3.3966     24.1072   
5.3599     17.1230   
1.2243     23.6056   
15.6994    37.0765   
5.0725     20.1563   

# Frame444

# x        y
10.8447    4.9260    
3.3966     24.1072   
5.3599     17.1230   
1.2243     23.6056   
15.6994    37.0765   
5.0725     20.1563   

# Frame445

# x        y
10.8447    4.9263    
3.3966     24.1072   
5.3599     17.1230   
1.2243     23.6056   
15.6994    37.0765   
5.0725     20.1563   

# Frame446

# x        y
10.8447    4.9266    
3.3966     24.1072   
5.3599     17.1230   
1.2243     23.6056   
15.6994    37.0765   
5.0725     20.1563   

# Frame447

# x        y
10.8447    4.9269    
3.3966     24.1072   
5.3599     17.1230   
1.2243     23.6056   
15.6994    37.0765   
5.0725     20.1563   

# Frame448

# x        y
10.8447    4.9271    
3.3966     24.1072   
5.3599     17.1230   
1.2243     23.6056   
15.6994    37.0765   
5.0725     20.1563   

# Frame449

# x        y
10.8447    4.9274    
3.3966     24.1072   
5.3599     17.1230   
1.2243     23.6056   
15.6994    37.0765   
5.0725     20.1563   

# Frame450

# x        y
10.8447    4.9277    
3.3966     24.1072   
5.3599     17.1230   
1.2243     23.6056   
15.6994    37.0765   
5.0725     20.1563   

# Frame451

# x        y
10.8447    4.9279    
3.3966     24.1072   
5.3599     17.1230   
1.2243     23.6056   
15.6994    37.0765   
5.0725     20.1563   

# Frame452

# x        y
10.8447    4.9282    
3.3966     24.1072   
5.3599     17.1230   
1.2243     23.6056   
15.6994    37.0765   
5.0725     20.1563   

# Frame453

# x        y
10.8447    4.9284    
3.3966     24.1072   
5.3599     17.1230   
1.2243     23.6056   
15.6994    37.0765   
5.0725     20.1563   

# Frame454

# x        y
10.8447    4.9287    
3.3966     24.1072   
5.3599     17.1230   
1.2243     23.6056   
15.6994    37.0765   
5.0725     20.1563   

# Frame455

# x        y
10.8447    4.9289    
3.3966     24.1072   
5.3599     17.1230   
1.2243     23.6056   
15.6994    37.0765   
5.0725     20.1563   

# Frame456

# x        y
10.8447    4.9292    
3.3966     24.1072   
5.3599     17.1230   
1.2243     23.6056   
15.6994    37.0765   
5.0725     20.1563   

# Frame457

# x        y
10.8447    4.9294    
3.3966     24.1072   
5.3599     17.1230   
1.2243     23.6056   
15.6994    37.0765   
5.0725     20.1563   

# Frame458

# x        y
10.8447    4.9296    
3.3966     24.1072   
5.3599     17.1230   
1.2243     23.6056   
15.6994    37.0765   
5.0725     20.1563   

# Frame459

# x        y
10.8447    4.9298    
3.3966     24.1072   
5.3599     17.1230   
1.2243     23.6056   
15.6994    37.0765   
5.0725     20.1563   

# Frame460

# x        y
10.8447    4.9301    
3.3966     24.1072   
5.3599     17.1230   
1.2243     23.6056   
15.6994    37.0765   
5.0725     20.1563   

# Frame461

# x        y
10.8447    4.9303    
3.3966     24.1072   
5.3599     17.1230   
1.2243     23.6056   
15.6994    37.0765   
5.0725     20.1563   

# Frame462

# x        y
10.8447    4.9305    
3.3966     24.1072   
5.3599     17.1230   
1.2243     23.6056   
15.6994    37.0765   
5.0725     20.1563   

# Frame463

# x        y
10.8447    4.9307    
3.3966     24.1072   
5.3599     17.1230   
1.2243     23.6056   
15.6994    37.0765   
5.0725     20.1563   

# Frame464

# x        y
10.8447    4.9309    
3.3966     24.1072   
5.3599     17.1230   
1.2243     23.6056   
15.6994    37.0765   
5.0725     20.1563   

# Frame465

# x        y
10.8447    4.9311    
3.3966     24.1072   
5.3599     17.1230   
1.2243     23.6056   
15.6994    37.0765   
5.0725     20.1563   

# Frame466

# x        y
10.8447    4.9313    
3.3966     24.1072   
5.3599     17.1230   
1.2243     23.6056   
15.6994    37.0765   
5.0725     20.1563   

# Frame467

# x        y
10.8447    4.9315    
3.3966     24.1072   
5.3599     17.1230   
1.2243     23.6056   
15.6994    37.0765   
5.0725     20.1563   

# Frame468

# x        y
10.8447    4.9317    
3.3966     24.1072   
5.3599     17.1230   
1.2243     23.6056   
15.6994    37.0765   
5.0725     20.1563   

# Frame469

# x        y
10.8447    4.9319    
3.3966     24.1072   
5.3599     17.1230   
1.2243     23.6056   
15.6994    37.0765   
5.0725     20.1563   

# Frame470

# x        y
10.8447    4.9321    
3.3966     24.1072   
5.3599     17.1230   
1.2243     23.6056   
15.6994    37.0765   
5.0725     20.1563   

# Frame471

# x        y
10.8447    4.9323    
3.3966     24.1072   
5.3599     17.1230   
1.2243     23.6056   
15.6994    37.0765   
5.0725     20.1563   

# Frame472

# x        y
10.8447    4.9325    
3.3966     24.1072   
5.3599     17.1230   
1.2243     23.6056   
15.6994    37.0765   
5.0725     20.1563   

# Frame473

# x        y
10.8447    4.9327    
3.3966     24.1072   
5.3599     17.1230   
1.2243     23.6056   
15.6994    37.0765   
5.0725     20.1563   

# Frame474

# x        y
10.8447    4.9328    
3.3966     24.1072   
5.3599     17.1230   
1.2243     23.6056   
15.6994    37.0765   
5.0725     20.1563   

# Frame475

# x        y
10.8447    4.9330    
3.3966     24.1072   
5.3599     17.1230   
1.2243     23.6056   
15.6994    37.0765   
5.0725     20.1563   

# Frame476

# x        y
10.8447    4.9332    
3.3966     24.1072   
5.3599     17.1230   
1.2243     23.6056   
15.6994    37.0765   
5.0725     20.1563   

# Frame477

# x        y
10.8447    4.9333    
3.3966     24.1072   
5.3599     17.1230   
1.2243     23.6056   
15.6994    37.0765   
5.0725     20.1563   

# Frame478

# x        y
10.8447    4.9335    
3.3966     24.1072   
5.3599     17.1230   
1.2243     23.6056   
15.6994    37.0765   
5.0725     20.1563   

# Frame479

# x        y
10.8447    4.9337    
3.3966     24.1072   
5.3599     17.1230   
1.2243     23.6056   
15.6994    37.0765   
5.0725     20.1563   

# Frame480

# x        y
10.8447    4.9338    
3.3966     24.1072   
5.3599     17.1230   
1.2243     23.6056   
15.6994    37.0765   
5.0725     20.1563   

# Frame481

# x        y
10.8447    4.9340    
3.3966     24.1072   
5.3599     17.1230   
1.2243     23.6056   
15.6994    37.0765   
5.0725     20.1563   

# Frame482

# x        y
10.8447    4.9341    
3.3966     24.1072   
5.3599     17.1230   
1.2243     23.6056   
15.6994    37.0765   
5.0725     20.1563   

# Frame483

# x        y
10.8447    4.9343    
3.3966     24.1072   
5.3599     17.1230   
1.2243     23.6056   
15.6994    37.0765   
5.0725     20.1563   

# Frame484

# x        y
10.8447    4.9344    
3.3966     24.1072   
5.3599     17.1230   
1.2243     23.6056   
15.6994    37.0765   
5.0725     20.1563   

# Frame485

# x        y
10.8447    4.9346    
3.3966     24.1072   
5.3599     17.1230   
1.2243     23.6056   
15.6994    37.0765   
5.0725     20.1563   

# Frame486

# x        y
10.8447    4.9347    
3.3966     24.1072   
5.3599     17.1230   
1.2243     23.6056   
15.6994    37.0765   
5.0725     20.1563   

# Frame487

# x        y
10.8447    4.9349    
3.3966     24.1072   
5.3599     17.1230   
1.2243     23.6056   
15.6994    37.0765   
5.0725     20.1563   

# Frame488

# x        y
10.8447    4.9350    
3.3966     24.1072   
5.3599     17.1230   
1.2243     23.6056   
15.6994    37.0765   
5.0725     20.1563   

# Frame489

# x        y
10.8447    4.9351    
3.3966     24.1072   
5.3599     17.1230   
1.2243     23.6056   
15.6994    37.0765   
5.0725     20.1563   

# Frame490

# x        y
10.8447    4.9353    
3.3966     24.1072   
5.3599     17.1230   
1.2243     23.6056   
15.6994    37.0765   
5.0725     20.1563   

# Frame491

# x        y
10.8447    4.9354    
3.3966     24.1072   
5.3599     17.1230   
1.2243     23.6056   
15.6994    37.0765   
5.0725     20.1563   

# Frame492

# x        y
10.8447    4.9355    
3.3966     24.1072   
5.3599     17.1230   
1.2243     23.6056   
15.6994    37.0765   
5.0725     20.1563   

# Frame493

# x        y
10.8447    4.9357    
3.3966     24.1072   
5.3599     17.1230   
1.2243     23.6056   
15.6994    37.0765   
5.0725     20.1563   

# Frame494

# x        y
10.8447    4.9358    
3.3966     24.1072   
5.3599     17.1230   
1.2243     23.6056   
15.6994    37.0765   
5.0725     20.1563   

# Frame495

# x        y
10.8447    4.9359    
3.3966     24.1072   
5.3599     17.1230   
1.2243     23.6056   
15.6994    37.0765   
5.0725     20.1563   

# Frame496

# x        y
10.8447    4.9360    
3.3966     24.1072   
5.3599     17.1230   
1.2243     23.6056   
15.6994    37.0765   
5.0725     20.1563   

# Frame497

# x        y
10.8447    4.9362    
3.3966     24.1072   
5.3599     17.1230   
1.2243     23.6056   
15.6994    37.0765   
5.0725     20.1563   

# Frame498

# x        y
10.8447    4.9363    
3.3966     24.1072   
5.3599     17.1230   
1.2243     23.6056   
15.6994    37.0765   
5.0725     20.1563   

# Frame499

# x        y
10.8447    4.9364    
3.3966     24.1072   
5.3599     17.1230   
1.2243     23.6056   
15.6994    37.0765   
5.0725     20.1563   

# Frame500

# x        y
10.8447    4.9365    
3.3966     24.1072   
5.3599     17.1230   
1.2243     23.6056   
15.6994    37.0765   
5.0725     20.1563   

# Frame501

# x        y
10.8447    4.9366    
3.3966     24.1072   
5.3599     17.1230   
1.2243     23.6056   
15.6994    37.0765   
5.0725     20.1563   

# Frame502

# x        y
10.8447    4.9367    
3.3966     24.1072   
5.3599     17.1230   
1.2243     23.6056   
15.6994    37.0765   
5.0725     20.1563   

# Frame503

# x        y
10.8447    4.9368    
3.3966     24.1072   
5.3599     17.1230   
1.2243     23.6056   
15.6994    37.0765   
5.0725     20.1563   

# Frame504

# x        y
10.8447    4.9369    
3.3966     24.1072   
5.3599     17.1230   
1.2243     23.6056   
15.6994    37.0765   
5.0725     20.1563   

# Frame505

# x        y
10.8447    4.9371    
3.3966     24.1072   
5.3599     17.1230   
1.2243     23.6056   
15.6994    37.0765   
5.0725     20.1563   

# Frame506

# x        y
10.8447    4.9372    
3.3966     24.1072   
5.3599     17.1230   
1.2243     23.6056   
15.6994    37.0765   
5.0725     20.1563   

# Frame507

# x        y
10.8447    4.9373    
3.3966     24.1072   
5.3599     17.1230   
1.2243     23.6056   
15.6994    37.0765   
5.0725     20.1563   

# Frame508

