# x        y
15.4663    36.9313   
13.7156    31.6557   
5.4426     4.8053    
16.2975    8.2871    
11.7747    38.2035   
10.2911    27.8742   

# Frame1

# x        y
15.8002    35.2620   
13.7156    31.6557   
5.4426     4.8053    
16.2975    8.2871    
11.7747    38.2035   
10.2911    27.8742   

# Frame2

# x        y
16.1285    33.6205   
13.7156    31.6557   
5.4426     4.8053    
16.2975    8.2871    
11.7747    38.2035   
10.2911    27.8742   

# Frame3

# x        y
16.4513    32.0063   
13.7156    31.6557   
5.4426     4.8053    
16.2975    8.2871    
11.7747    38.2035   
10.2911    27.8742   

# Frame4

# x        y
16.7688    30.4190   
13.7156    31.6557   
5.4426     4.8053    
16.2975    8.2871    
11.7747    38.2035   
10.2911    27.8742   

# Frame5

# x        y
17.0810    28.8582   
13.7156    31.6557   
5.4426     4.8053    
16.2975    8.2871    
11.7747    38.2035   
10.2911    27.8742   

# Frame6

# x        y
17.3879    27.3234   
13.7156    31.6557   
5.4426     4.8053    
16.2975    8.2871    
11.7747    38.2035   
10.2911    27.8742   

# Frame7

# x        y
17.6898    25.8141   
13.7156    31.6557   
5.4426     4.8053    
16.2975    8.2871    
11.7747    38.2035   
10.2911    27.8742   

# Frame8

# x        y
17.9866    24.3301   
13.7156    31.6557   
5.4426     4.8053    
16.2975    8.2871    
11.7747    38.2035   
10.2911    27.8742   

# Frame9

# x        y
18.2785    22.8707   
13.7156    31.6557   
5.4426     4.8053    
16.2975    8.2871    
11.7747    38.2035   
10.2911    27.8742   

# Frame10

# x        y
18.5655    21.4357   
13.7156    31.6557   
5.4426     4.8053    
16.2975    8.2871    
11.7747    38.2035   
10.2911    27.8742   

# Frame11

# x        y
18.8477    20.0246   
13.7156    31.6557   
5.4426     4.8053    
16.2975    8.2871    
11.7747    38.2035   
10.2911    27.8742   

# Frame12

# x        y
18.9355    18.8381   
13.7156    31.6557   
5.4426     4.8053    
16.2975    8.2871    
11.7747    38.2035   
10.2911    27.8742   

# Frame13

# x        y
18.7991    17.9302   
13.7156    31.6557   
5.4426     4.8053    
16.2975    8.2871    
11.7747    38.2035   
10.2911    27.8742   

# Frame14

# x        y
18.6649    17.0374   
13.7156    31.6557   
5.4426     4.8053    
16.2975    8.2871    
11.7747    38.2035   
10.2911    27.8742   

# Frame15

# x        y
18.5330    16.1595   
13.7156    31.6557   
5.4426     4.8053    
16.2975    8.2871    
11.7747    38.2035   
10.2911    27.8742   

# Frame16

# x        y
18.4032    15.2962   
13.7156    31.6557   
5.4426     4.8053    
16.2975    8.2871    
11.7747    38.2035   
10.2911    27.8742   

# Frame17

# x        y
18.2757    14.4473   
13.7156    31.6557   
5.4426     4.8053    
16.2975    8.2871    
11.7747    38.2035   
10.2911    27.8742   

# Frame18

# x        y
18.1502    13.6126   
13.7156    31.6557   
5.4426     4.8053    
16.2975    8.2871    
11.7747    38.2035   
10.2911    27.8742   

# Frame19

# x        y
18.0269    12.7917   
13.7156    31.6557   
5.4426     4.8053    
16.2975    8.2871    
11.7747    38.2035   
10.2911    27.8742   

# Frame20

# x        y
17.9056    11.9846   
13.7156    31.6557   
5.4426     4.8053    
16.2975    8.2871    
11.7747    38.2035   
10.2911    27.8742   

# Frame21

# x        y
17.7863    11.1909   
13.7156    31.6557   
5.4426     4.8053    
16.2975    8.2871    
11.7747    38.2035   
10.2911    27.8742   

# Frame22

# x        y
17.6690    10.4104   
13.7156    31.6557   
5.4426     4.8053    
16.2975    8.2871    
11.7747    38.2035   
10.2911    27.8742   

# Frame23

# x        y
17.5958    9.7496    
13.7156    31.6557   
5.4426     4.8053    
16.2554    8.1804    
11.7747    38.2035   
10.2911    27.8742   

# Frame24

# x        y
17.6657    9.4781    
13.7156    31.6557   
5.4426     4.8053    
16.0721    7.6973    
11.7747    38.2035   
10.2911    27.8742   

# Frame25

# x        y
17.7344    9.2110    
13.7156    31.6557   
5.4426     4.8053    
15.8919    7.2223    
11.7747    38.2035   
10.2911    27.8742   

# Frame26

# x        y
17.8019    8.9484    
13.7156    31.6557   
5.4426     4.8053    
15.7146    6.7551    
11.7747    38.2035   
10.2911    27.8742   

# Frame27

# x        y
17.8684    8.6902    
13.7156    31.6557   
5.4426     4.8053    
15.5404    6.2958    
11.7747    38.2035   
10.2911    27.8742   

# Frame28

# x        y
17.9337    8.4363    
13.7156    31.6557   
5.4426     4.8053    
15.3690    5.8441    
11.7747    38.2035   
10.2911    27.8742   

# Frame29

# x        y
17.9979    8.1866    
13.7156    31.6557   
5.4426     4.8053    
15.2005    5.3999    
11.7747    38.2035   
10.2911    27.8742   

# Frame30

# x        y
18.0611    7.9411    
13.7156    31.6557   
5.4426     4.8053    
15.0348    4.9632    
11.7747    38.2035   
10.2911    27.8742   

# Frame31

# x        y
18.1232    7.6996    
13.7156    31.6557   
5.4426     4.8053    
14.8719    4.5337    
11.7747    38.2035   
10.2911    27.8742   

# Frame32

# x        y
18.1843    7.4622    
13.7156    31.6557   
5.4426     4.8053    
14.7116    4.1114    
11.7747    38.2035   
10.2911    27.8742   

# Frame33

# x        y
18.2443    7.2288    
13.7156    31.6557   
5.4426     4.8053    
14.5541    3.6961    
11.7747    38.2035   
10.2911    27.8742   

# Frame34

# x        y
18.3034    6.9992    
13.7156    31.6557   
5.4426     4.8053    
14.3992    3.2877    
11.7747    38.2035   
10.2911    27.8742   

# Frame35

# x        y
18.3615    6.7735    
13.7156    31.6557   
5.4426     4.8053    
14.2468    2.8862    
11.7747    38.2035   
10.2911    27.8742   

# Frame36

# x        y
18.4186    6.5515    
13.7156    31.6557   
5.4426     4.8053    
14.0970    2.4913    
11.7747    38.2035   
10.2911    27.8742   

# Frame37

# x        y
18.4747    6.3333    
13.7156    31.6557   
5.4426     4.8053    
13.9497    2.1030    
11.7747    38.2035   
10.2911    27.8742   

# Frame38

# x        y
18.5299    6.1186    
13.7156    31.6557   
5.4426     4.8053    
13.8048    1.7212    
11.7747    38.2035   
10.2911    27.8742   

# Frame39

# x        y
18.5842    5.9076    
13.7156    31.6557   
5.4426     4.8053    
13.6624    1.3458    
11.7747    38.2035   
10.2911    27.8742   

# Frame40

# x        y
18.6376    5.7000    
13.7156    31.6557   
5.4426     4.8053    
13.5279    1.0141    
11.7747    38.2035   
10.2911    27.8742   

# Frame41

# x        y
18.6901    5.4959    
13.7156    31.6557   
5.4426     4.8053    
13.5004    1.1956    
11.7747    38.2035   
10.2911    27.8742   

# Frame42

# x        y
18.7418    5.2953    
13.7156    31.6557   
5.4426     4.8053    
13.4733    1.3741    
11.7747    38.2035   
10.2911    27.8742   

# Frame43

# x        y
18.7925    5.0979    
13.7156    31.6557   
5.4426     4.8053    
13.4467    1.5496    
11.7747    38.2035   
10.2911    27.8742   

# Frame44

# x        y
18.8425    4.9039    
13.7156    31.6557   
5.4426     4.8053    
13.4206    1.7222    
11.7747    38.2035   
10.2911    27.8742   

# Frame45

# x        y
18.8915    4.7131    
13.7156    31.6557   
5.4426     4.8053    
13.3948    1.8919    
11.7747    38.2035   
10.2911    27.8742   

# Frame46

# x        y
18.9398    4.5254    
13.7156    31.6557   
5.4426     4.8053    
13.3695    2.0588    
11.7747    38.2035   
10.2911    27.8742   

# Frame47

# x        y
18.9873    4.3409    
13.7156    31.6557   
5.4426     4.8053    
13.3446    2.2229    
11.7747    38.2035   
10.2911    27.8742   

# Frame48

# x        y
18.9811    4.1715    
13.7156    31.6557   
5.4426     4.8053    
13.3202    2.3843    
11.7747    38.2035   
10.2911    27.8742   

# Frame49

# x        y
18.9582    4.0120    
13.7156    31.6557   
5.4426     4.8053    
13.2961    2.5429    
11.7747    38.2035   
10.2911    27.8742   

# Frame50

# x        y
18.9356    3.8552    
13.7156    31.6557   
5.4426     4.8053    
13.2725    2.6990    
11.7747    38.2035   
10.2911    27.8742   

# Frame51

# x        y
18.9134    3.7011    
13.7156    31.6557   
5.4426     4.8053    
13.2492    2.8524    
11.7747    38.2035   
10.2911    27.8742   

# Frame52

# x        y
18.8916    3.5495    
13.7156    31.6557   
5.4426     4.8053    
13.2263    3.0033    
11.7747    38.2035   
10.2911    27.8742   

# Frame53

# x        y
18.8702    3.4004    
13.7156    31.6557   
5.4426     4.8053    
13.2038    3.1517    
11.7747    38.2035   
10.2911    27.8742   

# Frame54

# x        y
18.8491    3.2538    
13.7156    31.6557   
5.4426     4.8053    
13.1817    3.2976    
11.7747    38.2035   
10.2911    27.8742   

# Frame55

# x        y
18.8283    3.1096    
13.7156    31.6557   
5.4426     4.8053    
13.1600    3.4410    
11.7747    38.2035   
10.2911    27.8742   

# Frame56

# x        y
18.8079    2.9679    
13.7156    31.6557   
5.4426     4.8053    
13.1386    3.5821    
11.7747    38.2035   
10.2911    27.8742   

# Frame57

# x        y
18.7879    2.8285    
13.7156    31.6557   
5.4426     4.8053    
13.1175    3.7208    
11.7747    38.2035   
10.2911    27.8742   

# Frame58

# x        y
18.7681    2.6914    
13.7156    31.6557   
5.4426     4.8053    
13.0969    3.8572    
11.7747    38.2035   
10.2911    27.8742   

# Frame59

# x        y
18.7487    2.5566    
13.7156    31.6557   
5.4426     4.8053    
13.0765    3.9913    
11.7747    38.2035   
10.2911    27.8742   

# Frame60

# x        y
18.7297    2.4241    
13.7156    31.6557   
5.4426     4.8053    
13.0565    4.1232    
11.7747    38.2035   
10.2911    27.8742   

# Frame61

# x        y
18.7109    2.2938    
13.7156    31.6557   
5.4426     4.8053    
13.0369    4.2529    
11.7747    38.2035   
10.2911    27.8742   

# Frame62

# x        y
18.6925    2.1656    
13.7156    31.6557   
5.4426     4.8053    
13.0175    4.3805    
11.7747    38.2035   
10.2911    27.8742   

# Frame63

# x        y
18.6743    2.0396    
13.7156    31.6557   
5.4426     4.8053    
12.9985    4.5059    
11.7747    38.2035   
10.2911    27.8742   

# Frame64

# x        y
18.6565    1.9157    
13.7156    31.6557   
5.4426     4.8053    
12.9798    4.6292    
11.7747    38.2035   
10.2911    27.8742   

# Frame65

# x        y
18.6389    1.7938    
13.7156    31.6557   
5.4426     4.8053    
12.9614    4.7505    
11.7747    38.2035   
10.2911    27.8742   

# Frame66

# x        y
18.6217    1.6740    
13.7156    31.6557   
5.4426     4.8053    
12.9433    4.8697    
11.7747    38.2035   
10.2911    27.8742   

# Frame67

# x        y
18.6047    1.5562    
13.7156    31.6557   
5.4426     4.8053    
12.9256    4.9870    
11.7747    38.2035   
10.2911    27.8742   

# Frame68

# x        y
18.5881    1.4403    
13.7156    31.6557   
5.4426     4.8053    
12.9081    5.1023    
11.7747    38.2035   
10.2911    27.8742   

# Frame69

# x        y
18.5717    1.3264    
13.7156    31.6557   
5.4426     4.8053    
12.8909    5.2157    
11.7747    38.2035   
10.2911    27.8742   

# Frame70

# x        y
18.5555    1.2144    
13.7156    31.6557   
5.4426     4.8053    
12.8740    5.3271    
11.7747    38.2035   
10.2911    27.8742   

# Frame71

# x        y
18.5397    1.1042    
13.7156    31.6557   
5.4426     4.8053    
12.8574    5.4368    
11.7747    38.2035   
10.2911    27.8742   

# Frame72

# x        y
18.5241    0.9959    
13.7156    31.6557   
5.4426     4.8053    
12.8410    5.5446    
11.7747    38.2035   
10.2911    27.8742   

# Frame73

# x        y
18.4906    1.0577    
13.7156    31.6557   
5.4426     4.8053    
12.8250    5.6506    
11.7747    38.2035   
10.2911    27.8742   

# Frame74

# x        y
18.4577    1.1101    
13.7156    31.6557   
5.4426     4.8053    
12.8092    5.7548    
11.7747    38.2035   
10.2911    27.8742   

# Frame75

# x        y
18.4254    1.1616    
13.7156    31.6557   
5.4426     4.8053    
12.7936    5.8573    
11.7747    38.2035   
10.2911    27.8742   

# Frame76

# x        y
18.3936    1.2122    
13.7156    31.6557   
5.4426     4.8053    
12.7783    5.9581    
11.7747    38.2035   
10.2911    27.8742   

# Frame77

# x        y
18.3623    1.2620    
13.7156    31.6557   
5.4426     4.8053    
12.7633    6.0573    
11.7747    38.2035   
10.2911    27.8742   

# Frame78

# x        y
18.3316    1.3110    
13.7156    31.6557   
5.4426     4.8053    
12.7485    6.1547    
11.7747    38.2035   
10.2911    27.8742   

# Frame79

# x        y
18.3013    1.3591    
13.7156    31.6557   
5.4426     4.8053    
12.7340    6.2506    
11.7747    38.2035   
10.2911    27.8742   

# Frame80

# x        y
18.2716    1.4065    
13.7156    31.6557   
5.4426     4.8053    
12.7197    6.3448    
11.7747    38.2035   
10.2911    27.8742   

# Frame81

# x        y
18.2423    1.4530    
13.7156    31.6557   
5.4426     4.8053    
12.7057    6.4375    
11.7747    38.2035   
10.2911    27.8742   

# Frame82

# x        y
18.2136    1.4988    
13.7156    31.6557   
5.4426     4.8053    
12.6918    6.5286    
11.7747    38.2035   
10.2911    27.8742   

# Frame83

# x        y
18.1853    1.5438    
13.7156    31.6557   
5.4426     4.8053    
12.6782    6.6182    
11.7747    38.2035   
10.2911    27.8742   

# Frame84

# x        y
18.1575    1.5881    
13.7156    31.6557   
5.4426     4.8053    
12.6649    6.7063    
11.7747    38.2035   
10.2911    27.8742   

# Frame85

# x        y
18.1302    1.6316    
13.7156    31.6557   
5.4426     4.8053    
12.6518    6.7930    
11.7747    38.2035   
10.2911    27.8742   

# Frame86

# x        y
18.1033    1.6744    
13.7156    31.6557   
5.4426     4.8053    
12.6388    6.8782    
11.7747    38.2035   
10.2911    27.8742   

# Frame87

# x        y
18.0768    1.7165    
13.7156    31.6557   
5.4426     4.8053    
12.6261    6.9620    
11.7747    38.2035   
10.2911    27.8742   

# Frame88

# x        y
18.0508    1.7579    
13.7156    31.6557   
5.4426     4.8053    
12.6136    7.0444    
11.7747    38.2035   
10.2911    27.8742   

# Frame89

# x        y
18.0253    1.7986    
13.7156    31.6557   
5.4426     4.8053    
12.6014    7.1254    
11.7747    38.2035   
10.2911    27.8742   

# Frame90

# x        y
18.0001    1.8387    
13.7156    31.6557   
5.4426     4.8053    
12.5893    7.2050    
11.7747    38.2035   
10.2911    27.8742   

# Frame91

# x        y
17.9754    1.8780    
13.7156    31.6557   
5.4426     4.8053    
12.5774    7.2834    
11.7747    38.2035   
10.2911    27.8742   

# Frame92

# x        y
17.9511    1.9167    
13.7156    31.6557   
5.4426     4.8053    
12.5657    7.3604    
11.7747    38.2035   
10.2911    27.8742   

# Frame93

# x        y
17.9272    1.9548    
13.7156    31.6557   
5.4426     4.8053    
12.5542    7.4361    
11.7747    38.2035   
10.2911    27.8742   

# Frame94

# x        y
17.9037    1.9922    
13.7156    31.6557   
5.4426     4.8053    
12.5429    7.5106    
11.7747    38.2035   
10.2911    27.8742   

# Frame95

# x        y
17.8806    2.0290    
13.7156    31.6557   
5.4426     4.8053    
12.5318    7.5839    
11.7747    38.2035   
10.2911    27.8742   

# Frame96

# x        y
17.8579    2.0652    
13.7156    31.6557   
5.4426     4.8053    
12.5209    7.6559    
11.7747    38.2035   
10.2911    27.8742   

# Frame97

# x        y
17.8355    2.1008    
13.7156    31.6557   
5.4426     4.8053    
12.5102    7.7267    
11.7747    38.2035   
10.2911    27.8742   

# Frame98

# x        y
17.8136    2.1358    
13.7156    31.6557   
5.4426     4.8053    
12.4996    7.7964    
11.7747    38.2035   
10.2911    27.8742   

# Frame99

# x        y
17.7919    2.1702    
13.7156    31.6557   
5.4426     4.8053    
12.4892    7.8648    
11.7747    38.2035   
10.2911    27.8742   

# Frame100

# x        y
17.7707    2.2040    
13.7156    31.6557   
5.4426     4.8053    
12.4790    7.9322    
11.7747    38.2035   
10.2911    27.8742   

# Frame101

# x        y
17.7498    2.2373    
13.7156    31.6557   
5.4426     4.8053    
12.4690    7.9984    
11.7747    38.2035   
10.2911    27.8742   

# Frame102

# x        y
17.7293    2.2700    
13.7156    31.6557   
5.4426     4.8053    
12.4591    8.0635    
11.7747    38.2035   
10.2911    27.8742   

# Frame103

# x        y
17.7090    2.3021    
13.7156    31.6557   
5.4426     4.8053    
12.4494    8.1275    
11.7747    38.2035   
10.2911    27.8742   

# Frame104

# x        y
17.6892    2.3338    
13.7156    31.6557   
5.4426     4.8053    
12.4399    8.1905    
11.7747    38.2035   
10.2911    27.8742   

# Frame105

# x        y
17.6696    2.3649    
13.7156    31.6557   
5.4426     4.8053    
12.4305    8.2524    
11.7747    38.2035   
10.2911    27.8742   

# Frame106

# x        y
17.6504    2.3955    
13.7156    31.6557   
5.4426     4.8053    
12.4212    8.3133    
11.7747    38.2035   
10.2911    27.8742   

# Frame107

# x        y
17.6315    2.4255    
13.7156    31.6557   
5.4426     4.8053    
12.4122    8.3731    
11.7747    38.2035   
10.2911    27.8742   

# Frame108

# x        y
17.6130    2.4551    
13.7156    31.6557   
5.4426     4.8053    
12.4032    8.4320    
11.7747    38.2035   
10.2911    27.8742   

# Frame109

# x        y
17.5947    2.4842    
13.7156    31.6557   
5.4426     4.8053    
12.3945    8.4899    
11.7747    38.2035   
10.2911    27.8742   

# Frame110

# x        y
17.5767    2.5128    
13.7156    31.6557   
5.4426     4.8053    
12.3858    8.5468    
11.7747    38.2035   
10.2911    27.8742   

# Frame111

# x        y
17.5591    2.5409    
13.7156    31.6557   
5.4426     4.8053    
12.3774    8.6028    
11.7747    38.2035   
10.2911    27.8742   

# Frame112

# x        y
17.5417    2.5686    
13.7156    31.6557   
5.4426     4.8053    
12.3690    8.6578    
11.7747    38.2035   
10.2911    27.8742   

# Frame113

# x        y
17.5246    2.5958    
13.7156    31.6557   
5.4426     4.8053    
12.3608    8.7120    
11.7747    38.2035   
10.2911    27.8742   

# Frame114

# x        y
17.5078    2.6225    
13.7156    31.6557   
5.4426     4.8053    
12.3527    8.7652    
11.7747    38.2035   
10.2911    27.8742   

# Frame115

# x        y
17.4913    2.6488    
13.7156    31.6557   
5.4426     4.8053    
12.3448    8.8175    
11.7747    38.2035   
10.2911    27.8742   

# Frame116

# x        y
17.4751    2.6747    
13.7156    31.6557   
5.4426     4.8053    
12.3370    8.8690    
11.7747    38.2035   
10.2911    27.8742   

# Frame117

# x        y
17.4591    2.7001    
13.7156    31.6557   
5.4426     4.8053    
12.3293    8.9196    
11.7747    38.2035   
10.2911    27.8742   

# Frame118

# x        y
17.4434    2.7251    
13.7156    31.6557   
5.4426     4.8053    
12.3218    8.9693    
11.7747    38.2035   
10.2911    27.8742   

# Frame119

# x        y
17.4280    2.7497    
13.7156    31.6557   
5.4426     4.8053    
12.3144    9.0183    
11.7747    38.2035   
10.2911    27.8742   

# Frame120

# x        y
17.4128    2.7738    
13.7156    31.6557   
5.4426     4.8053    
12.3071    9.0664    
11.7747    38.2035   
10.2911    27.8742   

# Frame121

# x        y
17.3979    2.7976    
13.7156    31.6557   
5.4426     4.8053    
12.2999    9.1137    
11.7747    38.2035   
10.2911    27.8742   

# Frame122

# x        y
17.3832    2.8210    
13.7156    31.6557   
5.4426     4.8053    
12.2928    9.1602    
11.7747    38.2035   
10.2911    27.8742   

# Frame123

# x        y
17.3687    2.8440    
13.7156    31.6557   
5.4426     4.8053    
12.2859    9.2060    
11.7747    38.2035   
10.2911    27.8742   

# Frame124

# x        y
17.3546    2.8666    
13.7156    31.6557   
5.4426     4.8053    
12.2791    9.2510    
11.7747    38.2035   
10.2911    27.8742   

# Frame125

# x        y
17.3406    2.8888    
13.7156    31.6557   
5.4426     4.8053    
12.2724    9.2952    
11.7747    38.2035   
10.2911    27.8742   

# Frame126

# x        y
17.3269    2.9106    
13.7156    31.6557   
5.4426     4.8053    
12.2658    9.3387    
11.7747    38.2035   
10.2911    27.8742   

# Frame127

# x        y
17.3134    2.9321    
13.7156    31.6557   
5.4426     4.8053    
12.2593    9.3815    
11.7747    38.2035   
10.2911    27.8742   

# Frame128

# x        y
17.3001    2.9533    
13.7156    31.6557   
5.4426     4.8053    
12.2529    9.4235    
11.7747    38.2035   
10.2911    27.8742   

# Frame129

# x        y
17.2870    2.9740    
13.7156    31.6557   
5.4426     4.8053    
12.2466    9.4649    
11.7747    38.2035   
10.2911    27.8742   

# Frame130

# x        y
17.2742    2.9945    
13.7156    31.6557   
5.4426     4.8053    
12.2405    9.5056    
11.7747    38.2035   
10.2911    27.8742   

# Frame131

# x        y
17.2616    3.0146    
13.7156    31.6557   
5.4426     4.8053    
12.2344    9.5456    
11.7747    38.2035   
10.2911    27.8742   

# Frame132

# x        y
17.2492    3.0343    
13.7156    31.6557   
5.4426     4.8053    
12.2285    9.5849    
11.7747    38.2035   
10.2911    27.8742   

# Frame133

# x        y
17.2370    3.0538    
13.7156    31.6557   
5.4426     4.8053    
12.2226    9.6235    
11.7747    38.2035   
10.2911    27.8742   

# Frame134

# x        y
17.2250    3.0729    
13.7156    31.6557   
5.4426     4.8053    
12.2168    9.6616    
11.7747    38.2035   
10.2911    27.8742   

# Frame135

# x        y
17.2132    3.0917    
13.7156    31.6557   
5.4426     4.8053    
12.2112    9.6990    
11.7747    38.2035   
10.2911    27.8742   

# Frame136

# x        y
17.2016    3.1101    
13.7156    31.6557   
5.4426     4.8053    
12.2056    9.7357    
11.7747    38.2035   
10.2911    27.8742   

# Frame137

# x        y
17.1902    3.1283    
13.7156    31.6557   
5.4426     4.8053    
12.2001    9.7719    
11.7747    38.2035   
10.2911    27.8742   

# Frame138

# x        y
17.1790    3.1462    
13.7156    31.6557   
5.4426     4.8053    
12.1947    9.8075    
11.7747    38.2035   
10.2911    27.8742   

# Frame139

# x        y
17.1679    3.1637    
13.7156    31.6557   
5.4426     4.8053    
12.1894    9.8424    
11.7747    38.2035   
10.2911    27.8742   

# Frame140

# x        y
17.1571    3.1810    
13.7156    31.6557   
5.4426     4.8053    
12.1842    9.8768    
11.7747    38.2035   
10.2911    27.8742   

# Frame141

# x        y
17.1464    3.1980    
13.7156    31.6557   
5.4426     4.8053    
12.1791    9.9106    
11.7747    38.2035   
10.2911    27.8742   

# Frame142

# x        y
17.1359    3.2147    
13.7156    31.6557   
5.4426     4.8053    
12.1740    9.9438    
11.7747    38.2035   
10.2911    27.8742   

# Frame143

# x        y
17.1256    3.2311    
13.7156    31.6557   
5.4426     4.8053    
12.1691    9.9765    
11.7747    38.2035   
10.2911    27.8742   

# Frame144

# x        y
17.1155    3.2473    
13.7156    31.6557   
5.4426     4.8053    
12.1642    10.0087   
11.7747    38.2035   
10.2911    27.8742   

# Frame145

# x        y
17.1055    3.2631    
13.7156    31.6557   
5.4426     4.8053    
12.1594    10.0403   
11.7747    38.2035   
10.2911    27.8742   

# Frame146

# x        y
17.0957    3.2788    
13.7156    31.6557   
5.4426     4.8053    
12.1547    10.0714   
11.7747    38.2035   
10.2911    27.8742   

# Frame147

# x        y
17.0860    3.2941    
13.7156    31.6557   
5.4426     4.8053    
12.1501    10.1019   
11.7747    38.2035   
10.2911    27.8742   

# Frame148

# x        y
17.0765    3.3092    
13.7156    31.6557   
5.4426     4.8053    
12.1455    10.1320   
11.7747    38.2035   
10.2911    27.8742   

# Frame149

# x        y
17.0672    3.3241    
13.7156    31.6557   
5.4426     4.8053    
12.1410    10.1615   
11.7747    38.2035   
10.2911    27.8742   

# Frame150

# x        y
17.0581    3.3387    
13.7156    31.6557   
5.4426     4.8053    
12.1366    10.1906   
11.7747    38.2035   
10.2911    27.8742   

# Frame151

# x        y
17.0490    3.3530    
13.7156    31.6557   
5.4426     4.8053    
12.1323    10.2192   
11.7747    38.2035   
10.2911    27.8742   

# Frame152

# x        y
17.0402    3.3671    
13.7156    31.6557   
5.4426     4.8053    
12.1280    10.2473   
11.7747    38.2035   
10.2911    27.8742   

# Frame153

# x        y
17.0314    3.3810    
13.7156    31.6557   
5.4426     4.8053    
12.1238    10.2749   
11.7747    38.2035   
10.2911    27.8742   

# Frame154

# x        y
17.0229    3.3947    
13.7156    31.6557   
5.4426     4.8053    
12.1197    10.3021   
11.7747    38.2035   
10.2911    27.8742   

# Frame155

# x        y
17.0144    3.4081    
13.7156    31.6557   
5.4426     4.8053    
12.1157    10.3288   
11.7747    38.2035   
10.2911    27.8742   

# Frame156

# x        y
17.0062    3.4213    
13.7156    31.6557   
5.4426     4.8053    
12.1117    10.3551   
11.7747    38.2035   
10.2911    27.8742   

# Frame157

# x        y
16.9980    3.4343    
13.7156    31.6557   
5.4426     4.8053    
12.1078    10.3809   
11.7747    38.2035   
10.2911    27.8742   

# Frame158

# x        y
16.9900    3.4470    
13.7156    31.6557   
5.4426     4.8053    
12.1039    10.4063   
11.7747    38.2035   
10.2911    27.8742   

# Frame159

# x        y
16.9821    3.4596    
13.7156    31.6557   
5.4426     4.8053    
12.1001    10.4313   
11.7747    38.2035   
10.2911    27.8742   

# Frame160

# x        y
16.9743    3.4719    
13.7156    31.6557   
5.4426     4.8053    
12.0964    10.4559   
11.7747    38.2035   
10.2911    27.8742   

# Frame161

# x        y
16.9667    3.4841    
13.7156    31.6557   
5.4426     4.8053    
12.0927    10.4800   
11.7747    38.2035   
10.2911    27.8742   

# Frame162

# x        y
16.9592    3.4960    
13.7156    31.6557   
5.4426     4.8053    
12.0891    10.5038   
11.7747    38.2035   
10.2911    27.8742   

# Frame163

# x        y
16.9519    3.5077    
13.7156    31.6557   
5.4426     4.8053    
12.0856    10.5271   
11.7747    38.2035   
10.2911    27.8742   

# Frame164

# x        y
16.9446    3.5193    
13.7156    31.6557   
5.4426     4.8053    
12.0821    10.5501   
11.7747    38.2035   
10.2911    27.8742   

# Frame165

# x        y
16.9375    3.5306    
13.7156    31.6557   
5.4426     4.8053    
12.0787    10.5727   
11.7747    38.2035   
10.2911    27.8742   

# Frame166

# x        y
16.9305    3.5418    
13.7156    31.6557   
5.4426     4.8053    
12.0753    10.5949   
11.7747    38.2035   
10.2911    27.8742   

# Frame167

# x        y
16.9236    3.5527    
13.7156    31.6557   
5.4426     4.8053    
12.0720    10.6167   
11.7747    38.2035   
10.2911    27.8742   

# Frame168

# x        y
16.9168    3.5635    
13.7156    31.6557   
5.4426     4.8053    
12.0688    10.6382   
11.7747    38.2035   
10.2911    27.8742   

# Frame169

# x        y
16.9101    3.5741    
13.7156    31.6557   
5.4426     4.8053    
12.0656    10.6593   
11.7747    38.2035   
10.2911    27.8742   

# Frame170

# x        y
16.9036    3.5846    
13.7156    31.6557   
5.4426     4.8053    
12.0624    10.6801   
11.7747    38.2035   
10.2911    27.8742   

# Frame171

# x        y
16.8972    3.5948    
13.7156    31.6557   
5.4426     4.8053    
12.0593    10.7005   
11.7747    38.2035   
10.2911    27.8742   

# Frame172

# x        y
16.8908    3.6049    
13.7156    31.6557   
5.4426     4.8053    
12.0563    10.7206   
11.7747    38.2035   
10.2911    27.8742   

# Frame173

# x        y
16.8846    3.6148    
13.7156    31.6557   
5.4426     4.8053    
12.0533    10.7403   
11.7747    38.2035   
10.2911    27.8742   

# Frame174

# x        y
16.8785    3.6246    
13.7156    31.6557   
5.4426     4.8053    
12.0503    10.7597   
11.7747    38.2035   
10.2911    27.8742   

# Frame175

# x        y
16.8724    3.6342    
13.7156    31.6557   
5.4426     4.8053    
12.0474    10.7788   
11.7747    38.2035   
10.2911    27.8742   

# Frame176

# x        y
16.8665    3.6436    
13.7156    31.6557   
5.4426     4.8053    
12.0446    10.7976   
11.7747    38.2035   
10.2911    27.8742   

# Frame177

# x        y
16.8607    3.6529    
13.7156    31.6557   
5.4426     4.8053    
12.0418    10.8160   
11.7747    38.2035   
10.2911    27.8742   

# Frame178

# x        y
16.8550    3.6620    
13.7156    31.6557   
5.4426     4.8053    
12.0390    10.8342   
11.7747    38.2035   
10.2911    27.8742   

# Frame179

# x        y
16.8493    3.6710    
13.7156    31.6557   
5.4426     4.8053    
12.0363    10.8520   
11.7747    38.2035   
10.2911    27.8742   

# Frame180

# x        y
16.8438    3.6798    
13.7156    31.6557   
5.4426     4.8053    
12.0337    10.8696   
11.7747    38.2035   
10.2911    27.8742   

# Frame181

# x        y
16.8383    3.6885    
13.7156    31.6557   
5.4426     4.8053    
12.0311    10.8869   
11.7747    38.2035   
10.2911    27.8742   

# Frame182

# x        y
16.8330    3.6970    
13.7156    31.6557   
5.4426     4.8053    
12.0285    10.9038   
11.7747    38.2035   
10.2911    27.8742   

# Frame183

# x        y
16.8277    3.7054    
13.7156    31.6557   
5.4426     4.8053    
12.0260    10.9205   
11.7747    38.2035   
10.2911    27.8742   

# Frame184

# x        y
16.8225    3.7136    
13.7156    31.6557   
5.4426     4.8053    
12.0235    10.9369   
11.7747    38.2035   
10.2911    27.8742   

# Frame185

# x        y
16.8175    3.7217    
13.7156    31.6557   
5.4426     4.8053    
12.0210    10.9531   
11.7747    38.2035   
10.2911    27.8742   

# Frame186

# x        y
16.8124    3.7297    
13.7156    31.6557   
5.4426     4.8053    
12.0186    10.9689   
11.7747    38.2035   
10.2911    27.8742   

# Frame187

# x        y
16.8075    3.7375    
13.7156    31.6557   
5.4426     4.8053    
12.0162    10.9845   
11.7747    38.2035   
10.2911    27.8742   

# Frame188

# x        y
16.8027    3.7453    
13.7156    31.6557   
5.4426     4.8053    
12.0139    10.9999   
11.7747    38.2035   
10.2911    27.8742   

# Frame189

# x        y
16.7979    3.7528    
13.7156    31.6557   
5.4426     4.8053    
12.0116    11.0150   
11.7747    38.2035   
10.2911    27.8742   

# Frame190

# x        y
16.7932    3.7603    
13.7156    31.6557   
5.4426     4.8053    
12.0094    11.0298   
11.7747    38.2035   
10.2911    27.8742   

# Frame191

# x        y
16.7886    3.7676    
13.7156    31.6557   
5.4426     4.8053    
12.0072    11.0444   
11.7747    38.2035   
10.2911    27.8742   

# Frame192

# x        y
16.7841    3.7748    
13.7156    31.6557   
5.4426     4.8053    
12.0050    11.0587   
11.7747    38.2035   
10.2911    27.8742   

# Frame193

# x        y
16.7797    3.7819    
13.7156    31.6557   
5.4426     4.8053    
12.0029    11.0729   
11.7747    38.2035   
10.2911    27.8742   

# Frame194

# x        y
16.7753    3.7889    
13.7156    31.6557   
5.4426     4.8053    
12.0008    11.0867   
11.7747    38.2035   
10.2911    27.8742   

# Frame195

# x        y
16.7710    3.7957    
13.7156    31.6557   
5.4426     4.8053    
11.9987    11.1004   
11.7747    38.2035   
10.2911    27.8742   

# Frame196

# x        y
16.7667    3.8025    
13.7156    31.6557   
5.4426     4.8053    
11.9967    11.1138   
11.7747    38.2035   
10.2911    27.8742   

# Frame197

# x        y
16.7626    3.8091    
13.7156    31.6557   
5.4426     4.8053    
11.9947    11.1270   
11.7747    38.2035   
10.2911    27.8742   

# Frame198

# x        y
16.7585    3.8156    
13.7156    31.6557   
5.4426     4.8053    
11.9927    11.1399   
11.7747    38.2035   
10.2911    27.8742   

# Frame199

# x        y
16.7545    3.8220    
13.7156    31.6557   
5.4426     4.8053    
11.9908    11.1527   
11.7747    38.2035   
10.2911    27.8742   

# Frame200

# x        y
16.7505    3.8283    
13.7156    31.6557   
5.4426     4.8053    
11.9889    11.1652   
11.7747    38.2035   
10.2911    27.8742   

# Frame201

# x        y
16.7466    3.8345    
13.7156    31.6557   
5.4426     4.8053    
11.9870    11.1776   
11.7747    38.2035   
10.2911    27.8742   

# Frame202

# x        y
16.7428    3.8406    
13.7156    31.6557   
5.4426     4.8053    
11.9851    11.1897   
11.7747    38.2035   
10.2911    27.8742   

# Frame203

# x        y
16.7390    3.8466    
13.7156    31.6557   
5.4426     4.8053    
11.9833    11.2016   
11.7747    38.2035   
10.2911    27.8742   

# Frame204

# x        y
16.7353    3.8525    
13.7156    31.6557   
5.4426     4.8053    
11.9816    11.2133   
11.7747    38.2035   
10.2911    27.8742   

# Frame205

# x        y
16.7317    3.8583    
13.7156    31.6557   
5.4426     4.8053    
11.9798    11.2249   
11.7747    38.2035   
10.2911    27.8742   

# Frame206

# x        y
16.7281    3.8640    
13.7156    31.6557   
5.4426     4.8053    
11.9781    11.2362   
11.7747    38.2035   
10.2911    27.8742   

# Frame207

# x        y
16.7246    3.8696    
13.7156    31.6557   
5.4426     4.8053    
11.9764    11.2474   
11.7747    38.2035   
10.2911    27.8742   

# Frame208

# x        y
16.7211    3.8751    
13.7156    31.6557   
5.4426     4.8053    
11.9747    11.2583   
11.7747    38.2035   
10.2911    27.8742   

# Frame209

# x        y
16.7177    3.8805    
13.7156    31.6557   
5.4426     4.8053    
11.9731    11.2691   
11.7747    38.2035   
10.2911    27.8742   

# Frame210

# x        y
16.7144    3.8858    
13.7156    31.6557   
5.4426     4.8053    
11.9715    11.2797   
11.7747    38.2035   
10.2911    27.8742   

# Frame211

# x        y
16.7111    3.8911    
13.7156    31.6557   
5.4426     4.8053    
11.9699    11.2901   
11.7747    38.2035   
10.2911    27.8742   

# Frame212

# x        y
16.7079    3.8962    
13.7156    31.6557   
5.4426     4.8053    
11.9684    11.3004   
11.7747    38.2035   
10.2911    27.8742   

# Frame213

# x        y
16.7047    3.9013    
13.7156    31.6557   
5.4426     4.8053    
11.9668    11.3105   
11.7747    38.2035   
10.2911    27.8742   

# Frame214

# x        y
16.7015    3.9063    
13.7156    31.6557   
5.4426     4.8053    
11.9653    11.3204   
11.7747    38.2035   
10.2911    27.8742   

# Frame215

# x        y
16.6985    3.9112    
13.7156    31.6557   
5.4426     4.8053    
11.9639    11.3301   
11.7747    38.2035   
10.2911    27.8742   

# Frame216

# x        y
16.6954    3.9160    
13.7156    31.6557   
5.4426     4.8053    
11.9624    11.3397   
11.7747    38.2035   
10.2911    27.8742   

# Frame217

# x        y
16.6925    3.9207    
13.7156    31.6557   
5.4426     4.8053    
11.9610    11.3491   
11.7747    38.2035   
10.2911    27.8742   

# Frame218

# x        y
16.6895    3.9254    
13.7156    31.6557   
5.4426     4.8053    
11.9596    11.3584   
11.7747    38.2035   
10.2911    27.8742   

# Frame219

# x        y
16.6867    3.9300    
13.7156    31.6557   
5.4426     4.8053    
11.9582    11.3675   
11.7747    38.2035   
10.2911    27.8742   

# Frame220

# x        y
16.6838    3.9345    
13.7156    31.6557   
5.4426     4.8053    
11.9568    11.3765   
11.7747    38.2035   
10.2911    27.8742   

# Frame221

# x        y
16.6811    3.9389    
13.7156    31.6557   
5.4426     4.8053    
11.9555    11.3853   
11.7747    38.2035   
10.2911    27.8742   

# Frame222

# x        y
16.6783    3.9432    
13.7156    31.6557   
5.4426     4.8053    
11.9542    11.3939   
11.7747    38.2035   
10.2911    27.8742   

# Frame223

# x        y
16.6756    3.9475    
13.7156    31.6557   
5.4426     4.8053    
11.9529    11.4025   
11.7747    38.2035   
10.2911    27.8742   

# Frame224

# x        y
16.6730    3.9517    
13.7156    31.6557   
5.4426     4.8053    
11.9516    11.4108   
11.7747    38.2035   
10.2911    27.8742   

# Frame225

# x        y
16.6704    3.9559    
13.7156    31.6557   
5.4426     4.8053    
11.9504    11.4191   
11.7747    38.2035   
10.2911    27.8742   

# Frame226

# x        y
16.6678    3.9599    
13.7156    31.6557   
5.4426     4.8053    
11.9491    11.4272   
11.7747    38.2035   
10.2911    27.8742   

# Frame227

# x        y
16.6653    3.9639    
13.7156    31.6557   
5.4426     4.8053    
11.9479    11.4352   
11.7747    38.2035   
10.2911    27.8742   

# Frame228

# x        y
16.6629    3.9679    
13.7156    31.6557   
5.4426     4.8053    
11.9467    11.4430   
11.7747    38.2035   
10.2911    27.8742   

# Frame229

# x        y
16.6604    3.9717    
13.7156    31.6557   
5.4426     4.8053    
11.9456    11.4507   
11.7747    38.2035   
10.2911    27.8742   

# Frame230

# x        y
16.6580    3.9756    
13.7156    31.6557   
5.4426     4.8053    
11.9444    11.4583   
11.7747    38.2035   
10.2911    27.8742   

# Frame231

# x        y
16.6557    3.9793    
13.7156    31.6557   
5.4426     4.8053    
11.9433    11.4657   
11.7747    38.2035   
10.2911    27.8742   

# Frame232

# x        y
16.6534    3.9830    
13.7156    31.6557   
5.4426     4.8053    
11.9422    11.4730   
11.7747    38.2035   
10.2911    27.8742   

# Frame233

# x        y
16.6511    3.9866    
13.7156    31.6557   
5.4426     4.8053    
11.9411    11.4802   
11.7747    38.2035   
10.2911    27.8742   

# Frame234

# x        y
16.6489    3.9902    
13.7156    31.6557   
5.4426     4.8053    
11.9400    11.4873   
11.7747    38.2035   
10.2911    27.8742   

# Frame235

# x        y
16.6467    3.9937    
13.7156    31.6557   
5.4426     4.8053    
11.9390    11.4943   
11.7747    38.2035   
10.2911    27.8742   

# Frame236

# x        y
16.6445    3.9971    
13.7156    31.6557   
5.4426     4.8053    
11.9379    11.5011   
11.7747    38.2035   
10.2911    27.8742   

# Frame237

# x        y
16.6424    4.0005    
13.7156    31.6557   
5.4426     4.8053    
11.9369    11.5079   
11.7747    38.2035   
10.2911    27.8742   

# Frame238

# x        y
16.6403    4.0038    
13.7156    31.6557   
5.4426     4.8053    
11.9359    11.5145   
11.7747    38.2035   
10.2911    27.8742   

# Frame239

# x        y
16.6382    4.0071    
13.7156    31.6557   
5.4426     4.8053    
11.9349    11.5210   
11.7747    38.2035   
10.2911    27.8742   

# Frame240

# x        y
16.6362    4.0103    
13.7156    31.6557   
5.4426     4.8053    
11.9339    11.5274   
11.7747    38.2035   
10.2911    27.8742   

# Frame241

# x        y
16.6342    4.0135    
13.7156    31.6557   
5.4426     4.8053    
11.9330    11.5337   
11.7747    38.2035   
10.2911    27.8742   

# Frame242

# x        y
16.6323    4.0166    
13.7156    31.6557   
5.4426     4.8053    
11.9320    11.5399   
11.7747    38.2035   
10.2911    27.8742   

# Frame243

# x        y
16.6304    4.0196    
13.7156    31.6557   
5.4426     4.8053    
11.9311    11.5460   
11.7747    38.2035   
10.2911    27.8742   

# Frame244

# x        y
16.6285    4.0226    
13.7156    31.6557   
5.4426     4.8053    
11.9302    11.5520   
11.7747    38.2035   
10.2911    27.8742   

# Frame245

# x        y
16.6266    4.0256    
13.7156    31.6557   
5.4426     4.8053    
11.9293    11.5578   
11.7747    38.2035   
10.2911    27.8742   

# Frame246

# x        y
16.6248    4.0285    
13.7156    31.6557   
5.4426     4.8053    
11.9284    11.5636   
11.7747    38.2035   
10.2911    27.8742   

# Frame247

# x        y
16.6230    4.0314    
13.7156    31.6557   
5.4426     4.8053    
11.9276    11.5693   
11.7747    38.2035   
10.2911    27.8742   

# Frame248

# x        y
16.6212    4.0342    
13.7156    31.6557   
5.4426     4.8053    
11.9267    11.5749   
11.7747    38.2035   
10.2911    27.8742   

# Frame249

# x        y
16.6195    4.0369    
13.7156    31.6557   
5.4426     4.8053    
11.9259    11.5804   
11.7747    38.2035   
10.2911    27.8742   

# Frame250

# x        y
16.6178    4.0397    
13.7156    31.6557   
5.4426     4.8053    
11.9251    11.5858   
11.7747    38.2035   
10.2911    27.8742   

# Frame251

# x        y
16.6161    4.0423    
13.7156    31.6557   
5.4426     4.8053    
11.9243    11.5912   
11.7747    38.2035   
10.2911    27.8742   

# Frame252

# x        y
16.6144    4.0450    
13.7156    31.6557   
5.4426     4.8053    
11.9235    11.5964   
11.7747    38.2035   
10.2911    27.8742   

# Frame253

# x        y
16.6128    4.0475    
13.7156    31.6557   
5.4426     4.8053    
11.9227    11.6015   
11.7747    38.2035   
10.2911    27.8742   

# Frame254

# x        y
16.6112    4.0501    
13.7156    31.6557   
5.4426     4.8053    
11.9219    11.6066   
11.7747    38.2035   
10.2911    27.8742   

# Frame255

# x        y
16.6097    4.0526    
13.7156    31.6557   
5.4426     4.8053    
11.9212    11.6116   
11.7747    38.2035   
10.2911    27.8742   

# Frame256

# x        y
16.6081    4.0550    
13.7156    31.6557   
5.4426     4.8053    
11.9204    11.6165   
11.7747    38.2035   
10.2911    27.8742   

# Frame257

# x        y
16.6066    4.0575    
13.7156    31.6557   
5.4426     4.8053    
11.9197    11.6213   
11.7747    38.2035   
10.2911    27.8742   

# Frame258

# x        y
16.6051    4.0598    
13.7156    31.6557   
5.4426     4.8053    
11.9190    11.6260   
11.7747    38.2035   
10.2911    27.8742   

# Frame259

# x        y
16.6036    4.0622    
13.7156    31.6557   
5.4426     4.8053    
11.9183    11.6307   
11.7747    38.2035   
10.2911    27.8742   

# Frame260

# x        y
16.6022    4.0645    
13.7156    31.6557   
5.4426     4.8053    
11.9176    11.6352   
11.7747    38.2035   
10.2911    27.8742   

# Frame261

# x        y
16.6008    4.0667    
13.7156    31.6557   
5.4426     4.8053    
11.9169    11.6397   
11.7747    38.2035   
10.2911    27.8742   

# Frame262

# x        y
16.5994    4.0690    
13.7156    31.6557   
5.4426     4.8053    
11.9162    11.6442   
11.7747    38.2035   
10.2911    27.8742   

# Frame263

# x        y
16.5980    4.0711    
13.7156    31.6557   
5.4426     4.8053    
11.9156    11.6485   
11.7747    38.2035   
10.2911    27.8742   

# Frame264

# x        y
16.5966    4.0733    
13.7156    31.6557   
5.4426     4.8053    
11.9149    11.6528   
11.7747    38.2035   
10.2911    27.8742   

# Frame265

# x        y
16.5953    4.0754    
13.7156    31.6557   
5.4426     4.8053    
11.9143    11.6570   
11.7747    38.2035   
10.2911    27.8742   

# Frame266

# x        y
16.5940    4.0775    
13.7156    31.6557   
5.4426     4.8053    
11.9137    11.6611   
11.7747    38.2035   
10.2911    27.8742   

# Frame267

# x        y
16.5927    4.0795    
13.7156    31.6557   
5.4426     4.8053    
11.9130    11.6652   
11.7747    38.2035   
10.2911    27.8742   

# Frame268

# x        y
16.5915    4.0815    
13.7156    31.6557   
5.4426     4.8053    
11.9124    11.6692   
11.7747    38.2035   
10.2911    27.8742   

# Frame269

# x        y
16.5902    4.0835    
13.7156    31.6557   
5.4426     4.8053    
11.9118    11.6731   
11.7747    38.2035   
10.2911    27.8742   

# Frame270

# x        y
16.5890    4.0855    
13.7156    31.6557   
5.4426     4.8053    
11.9113    11.6770   
11.7747    38.2035   
10.2911    27.8742   

# Frame271

# x        y
16.5878    4.0874    
13.7156    31.6557   
5.4426     4.8053    
11.9107    11.6808   
11.7747    38.2035   
10.2911    27.8742   

# Frame272

# x        y
16.5866    4.0892    
13.7156    31.6557   
5.4426     4.8053    
11.9101    11.6845   
11.7747    38.2035   
10.2911    27.8742   

# Frame273

# x        y
16.5855    4.0911    
13.7156    31.6557   
5.4426     4.8053    
11.9096    11.6882   
11.7747    38.2035   
10.2911    27.8742   

# Frame274

# x        y
16.5843    4.0929    
13.7156    31.6557   
5.4426     4.8053    
11.9090    11.6918   
11.7747    38.2035   
10.2911    27.8742   

# Frame275

# x        y
16.5832    4.0947    
13.7156    31.6557   
5.4426     4.8053    
11.9085    11.6954   
11.7747    38.2035   
10.2911    27.8742   

# Frame276

# x        y
16.5821    4.0965    
13.7156    31.6557   
5.4426     4.8053    
11.9079    11.6989   
11.7747    38.2035   
10.2911    27.8742   

# Frame277

# x        y
16.5810    4.0982    
13.7156    31.6557   
5.4426     4.8053    
11.9074    11.7023   
11.7747    38.2035   
10.2911    27.8742   

# Frame278

# x        y
16.5800    4.0999    
13.7156    31.6557   
5.4426     4.8053    
11.9069    11.7057   
11.7747    38.2035   
10.2911    27.8742   

# Frame279

# x        y
16.5789    4.1015    
13.7156    31.6557   
5.4426     4.8053    
11.9064    11.7090   
11.7747    38.2035   
10.2911    27.8742   

# Frame280

# x        y
16.5779    4.1032    
13.7156    31.6557   
5.4426     4.8053    
11.9059    11.7123   
11.7747    38.2035   
10.2911    27.8742   

# Frame281

# x        y
16.5769    4.1048    
13.7156    31.6557   
5.4426     4.8053    
11.9054    11.7155   
11.7747    38.2035   
10.2911    27.8742   

# Frame282

# x        y
16.5759    4.1064    
13.7156    31.6557   
5.4426     4.8053    
11.9049    11.7187   
11.7747    38.2035   
10.2911    27.8742   

# Frame283

# x        y
16.5749    4.1080    
13.7156    31.6557   
5.4426     4.8053    
11.9045    11.7218   
11.7747    38.2035   
10.2911    27.8742   

# Frame284

# x        y
16.5739    4.1095    
13.7156    31.6557   
5.4426     4.8053    
11.9040    11.7248   
11.7747    38.2035   
10.2911    27.8742   

# Frame285

# x        y
16.5730    4.1110    
13.7156    31.6557   
5.4426     4.8053    
11.9035    11.7278   
11.7747    38.2035   
10.2911    27.8742   

# Frame286

# x        y
16.5720    4.1125    
13.7156    31.6557   
5.4426     4.8053    
11.9031    11.7308   
11.7747    38.2035   
10.2911    27.8742   

# Frame287

# x        y
16.5711    4.1139    
13.7156    31.6557   
5.4426     4.8053    
11.9027    11.7337   
11.7747    38.2035   
10.2911    27.8742   

# Frame288

# x        y
16.5702    4.1154    
13.7156    31.6557   
5.4426     4.8053    
11.9022    11.7366   
11.7747    38.2035   
10.2911    27.8742   

# Frame289

# x        y
16.5693    4.1168    
13.7156    31.6557   
5.4426     4.8053    
11.9018    11.7394   
11.7747    38.2035   
10.2911    27.8742   

# Frame290

# x        y
16.5685    4.1182    
13.7156    31.6557   
5.4426     4.8053    
11.9014    11.7421   
11.7747    38.2035   
10.2911    27.8742   

# Frame291

# x        y
16.5676    4.1195    
13.7156    31.6557   
5.4426     4.8053    
11.9010    11.7449   
11.7747    38.2035   
10.2911    27.8742   

# Frame292

# x        y
16.5668    4.1209    
13.7156    31.6557   
5.4426     4.8053    
11.9006    11.7475   
11.7747    38.2035   
10.2911    27.8742   

# Frame293

# x        y
16.5659    4.1222    
13.7156    31.6557   
5.4426     4.8053    
11.9002    11.7502   
11.7747    38.2035   
10.2911    27.8742   

# Frame294

# x        y
16.5651    4.1235    
13.7156    31.6557   
5.4426     4.8053    
11.8998    11.7527   
11.7747    38.2035   
10.2911    27.8742   

# Frame295

# x        y
16.5643    4.1248    
13.7156    31.6557   
5.4426     4.8053    
11.8994    11.7553   
11.7747    38.2035   
10.2911    27.8742   

# Frame296

# x        y
16.5635    4.1260    
13.7156    31.6557   
5.4426     4.8053    
11.8990    11.7578   
11.7747    38.2035   
10.2911    27.8742   

# Frame297

# x        y
16.5627    4.1273    
13.7156    31.6557   
5.4426     4.8053    
11.8986    11.7602   
11.7747    38.2035   
10.2911    27.8742   

# Frame298

# x        y
16.5620    4.1285    
13.7156    31.6557   
5.4426     4.8053    
11.8983    11.7627   
11.7747    38.2035   
10.2911    27.8742   

# Frame299

# x        y
16.5612    4.1297    
13.7156    31.6557   
5.4426     4.8053    
11.8979    11.7650   
11.7747    38.2035   
10.2911    27.8742   

# Frame300

# x        y
16.5605    4.1309    
13.7156    31.6557   
5.4426     4.8053    
11.8976    11.7674   
11.7747    38.2035   
10.2911    27.8742   

# Frame301

# x        y
16.5598    4.1320    
13.7156    31.6557   
5.4426     4.8053    
11.8972    11.7697   
11.7747    38.2035   
10.2911    27.8742   

# Frame302

# x        y
16.5591    4.1331    
13.7156    31.6557   
5.4426     4.8053    
11.8969    11.7719   
11.7747    38.2035   
10.2911    27.8742   

# Frame303

# x        y
16.5584    4.1343    
13.7156    31.6557   
5.4426     4.8053    
11.8965    11.7741   
11.7747    38.2035   
10.2911    27.8742   

# Frame304

# x        y
16.5577    4.1354    
13.7156    31.6557   
5.4426     4.8053    
11.8962    11.7763   
11.7747    38.2035   
10.2911    27.8742   

# Frame305

# x        y
16.5570    4.1364    
13.7156    31.6557   
5.4426     4.8053    
11.8959    11.7785   
11.7747    38.2035   
10.2911    27.8742   

# Frame306

# x        y
16.5563    4.1375    
13.7156    31.6557   
5.4426     4.8053    
11.8955    11.7806   
11.7747    38.2035   
10.2911    27.8742   

# Frame307

# x        y
16.5557    4.1385    
13.7156    31.6557   
5.4426     4.8053    
11.8952    11.7827   
11.7747    38.2035   
10.2911    27.8742   

# Frame308

# x        y
16.5550    4.1396    
13.7156    31.6557   
5.4426     4.8053    
11.8949    11.7847   
11.7747    38.2035   
10.2911    27.8742   

# Frame309

# x        y
16.5544    4.1406    
13.7156    31.6557   
5.4426     4.8053    
11.8946    11.7867   
11.7747    38.2035   
10.2911    27.8742   

# Frame310

# x        y
16.5538    4.1416    
13.7156    31.6557   
5.4426     4.8053    
11.8943    11.7887   
11.7747    38.2035   
10.2911    27.8742   

# Frame311

# x        y
16.5532    4.1425    
13.7156    31.6557   
5.4426     4.8053    
11.8940    11.7906   
11.7747    38.2035   
10.2911    27.8742   

# Frame312

# x        y
16.5526    4.1435    
13.7156    31.6557   
5.4426     4.8053    
11.8937    11.7925   
11.7747    38.2035   
10.2911    27.8742   

# Frame313

# x        y
16.5520    4.1444    
13.7156    31.6557   
5.4426     4.8053    
11.8935    11.7944   
11.7747    38.2035   
10.2911    27.8742   

# Frame314

# x        y
16.5514    4.1454    
13.7156    31.6557   
5.4426     4.8053    
11.8932    11.7963   
11.7747    38.2035   
10.2911    27.8742   

# Frame315

# x        y
16.5508    4.1463    
13.7156    31.6557   
5.4426     4.8053    
11.8929    11.7981   
11.7747    38.2035   
10.2911    27.8742   

# Frame316

# x        y
16.5502    4.1472    
13.7156    31.6557   
5.4426     4.8053    
11.8926    11.7999   
11.7747    38.2035   
10.2911    27.8742   

# Frame317

# x        y
16.5497    4.1481    
13.7156    31.6557   
5.4426     4.8053    
11.8924    11.8016   
11.7747    38.2035   
10.2911    27.8742   

# Frame318

# x        y
16.5491    4.1489    
13.7156    31.6557   
5.4426     4.8053    
11.8921    11.8033   
11.7747    38.2035   
10.2911    27.8742   

# Frame319

# x        y
16.5486    4.1498    
13.7156    31.6557   
5.4426     4.8053    
11.8918    11.8050   
11.7747    38.2035   
10.2911    27.8742   

# Frame320

# x        y
16.5481    4.1506    
13.7156    31.6557   
5.4426     4.8053    
11.8916    11.8067   
11.7747    38.2035   
10.2911    27.8742   

# Frame321

# x        y
16.5476    4.1514    
13.7156    31.6557   
5.4426     4.8053    
11.8913    11.8083   
11.7747    38.2035   
10.2911    27.8742   

# Frame322

# x        y
16.5471    4.1523    
13.7156    31.6557   
5.4426     4.8053    
11.8911    11.8100   
11.7747    38.2035   
10.2911    27.8742   

# Frame323

# x        y
16.5466    4.1530    
13.7156    31.6557   
5.4426     4.8053    
11.8909    11.8115   
11.7747    38.2035   
10.2911    27.8742   

# Frame324

# x        y
16.5461    4.1538    
13.7156    31.6557   
5.4426     4.8053    
11.8906    11.8131   
11.7747    38.2035   
10.2911    27.8742   

# Frame325

# x        y
16.5456    4.1546    
13.7156    31.6557   
5.4426     4.8053    
11.8904    11.8146   
11.7747    38.2035   
10.2911    27.8742   

# Frame326

# x        y
16.5451    4.1554    
13.7156    31.6557   
5.4426     4.8053    
11.8902    11.8161   
11.7747    38.2035   
10.2911    27.8742   

# Frame327

# x        y
16.5446    4.1561    
13.7156    31.6557   
5.4426     4.8053    
11.8899    11.8176   
11.7747    38.2035   
10.2911    27.8742   

# Frame328

# x        y
16.5442    4.1568    
13.7156    31.6557   
5.4426     4.8053    
11.8897    11.8191   
11.7747    38.2035   
10.2911    27.8742   

# Frame329

# x        y
16.5437    4.1576    
13.7156    31.6557   
5.4426     4.8053    
11.8895    11.8205   
11.7747    38.2035   
10.2911    27.8742   

# Frame330

# x        y
16.5433    4.1583    
13.7156    31.6557   
5.4426     4.8053    
11.8893    11.8219   
11.7747    38.2035   
10.2911    27.8742   

# Frame331

# x        y
16.5428    4.1590    
13.7156    31.6557   
5.4426     4.8053    
11.8891    11.8233   
11.7747    38.2035   
10.2911    27.8742   

# Frame332

# x        y
16.5424    4.1597    
13.7156    31.6557   
5.4426     4.8053    
11.8889    11.8247   
11.7747    38.2035   
10.2911    27.8742   

# Frame333

# x        y
16.5420    4.1603    
13.7156    31.6557   
5.4426     4.8053    
11.8887    11.8260   
11.7747    38.2035   
10.2911    27.8742   

# Frame334

# x        y
16.5416    4.1610    
13.7156    31.6557   
5.4426     4.8053    
11.8885    11.8273   
11.7747    38.2035   
10.2911    27.8742   

# Frame335

# x        y
16.5412    4.1616    
13.7156    31.6557   
5.4426     4.8053    
11.8883    11.8286   
11.7747    38.2035   
10.2911    27.8742   

# Frame336

# x        y
16.5408    4.1623    
13.7156    31.6557   
5.4426     4.8053    
11.8881    11.8299   
11.7747    38.2035   
10.2911    27.8742   

# Frame337

# x        y
16.5404    4.1629    
13.7156    31.6557   
5.4426     4.8053    
11.8879    11.8312   
11.7747    38.2035   
10.2911    27.8742   

# Frame338

# x        y
16.5400    4.1635    
13.7156    31.6557   
5.4426     4.8053    
11.8877    11.8324   
11.7747    38.2035   
10.2911    27.8742   

# Frame339

# x        y
16.5396    4.1641    
13.7156    31.6557   
5.4426     4.8053    
11.8875    11.8336   
11.7747    38.2035   
10.2911    27.8742   

# Frame340

# x        y
16.5392    4.1647    
13.7156    31.6557   
5.4426     4.8053    
11.8873    11.8348   
11.7747    38.2035   
10.2911    27.8742   

# Frame341

# x        y
16.5388    4.1653    
13.7156    31.6557   
5.4426     4.8053    
11.8871    11.8360   
11.7747    38.2035   
10.2911    27.8742   

# Frame342

# x        y
16.5385    4.1659    
13.7156    31.6557   
5.4426     4.8053    
11.8870    11.8371   
11.7747    38.2035   
10.2911    27.8742   

# Frame343

# x        y
16.5381    4.1665    
13.7156    31.6557   
5.4426     4.8053    
11.8868    11.8383   
11.7747    38.2035   
10.2911    27.8742   

# Frame344

# x        y
16.5378    4.1670    
13.7156    31.6557   
5.4426     4.8053    
11.8866    11.8394   
11.7747    38.2035   
10.2911    27.8742   

# Frame345

# x        y
16.5374    4.1676    
13.7156    31.6557   
5.4426     4.8053    
11.8865    11.8405   
11.7747    38.2035   
10.2911    27.8742   

# Frame346

# x        y
16.5371    4.1681    
13.7156    31.6557   
5.4426     4.8053    
11.8863    11.8416   
11.7747    38.2035   
10.2911    27.8742   

# Frame347

# x        y
16.5368    4.1687    
13.7156    31.6557   
5.4426     4.8053    
11.8861    11.8426   
11.7747    38.2035   
10.2911    27.8742   

# Frame348

# x        y
16.5364    4.1692    
13.7156    31.6557   
5.4426     4.8053    
11.8860    11.8437   
11.7747    38.2035   
10.2911    27.8742   

# Frame349

# x        y
16.5361    4.1697    
13.7156    31.6557   
5.4426     4.8053    
11.8858    11.8447   
11.7747    38.2035   
10.2911    27.8742   

# Frame350

# x        y
16.5358    4.1702    
13.7156    31.6557   
5.4426     4.8053    
11.8857    11.8457   
11.7747    38.2035   
10.2911    27.8742   

# Frame351

# x        y
16.5355    4.1707    
13.7156    31.6557   
5.4426     4.8053    
11.8855    11.8467   
11.7747    38.2035   
10.2911    27.8742   

# Frame352

# x        y
16.5352    4.1712    
13.7156    31.6557   
5.4426     4.8053    
11.8854    11.8477   
11.7747    38.2035   
10.2911    27.8742   

# Frame353

# x        y
16.5349    4.1717    
13.7156    31.6557   
5.4426     4.8053    
11.8852    11.8486   
11.7747    38.2035   
10.2911    27.8742   

# Frame354

# x        y
16.5346    4.1722    
13.7156    31.6557   
5.4426     4.8053    
11.8851    11.8496   
11.7747    38.2035   
10.2911    27.8742   

# Frame355

# x        y
16.5343    4.1726    
13.7156    31.6557   
5.4426     4.8053    
11.8849    11.8505   
11.7747    38.2035   
10.2911    27.8742   

# Frame356

# x        y
16.5340    4.1731    
13.7156    31.6557   
5.4426     4.8053    
11.8848    11.8514   
11.7747    38.2035   
10.2911    27.8742   

# Frame357

# x        y
16.5337    4.1735    
13.7156    31.6557   
5.4426     4.8053    
11.8847    11.8523   
11.7747    38.2035   
10.2911    27.8742   

# Frame358

# x        y
16.5334    4.1740    
13.7156    31.6557   
5.4426     4.8053    
11.8845    11.8532   
11.7747    38.2035   
10.2911    27.8742   

# Frame359

# x        y
16.5331    4.1744    
13.7156    31.6557   
5.4426     4.8053    
11.8844    11.8540   
11.7747    38.2035   
10.2911    27.8742   

# Frame360

# x        y
16.5329    4.1748    
13.7156    31.6557   
5.4426     4.8053    
11.8843    11.8549   
11.7747    38.2035   
10.2911    27.8742   

# Frame361

# x        y
16.5326    4.1753    
13.7156    31.6557   
5.4426     4.8053    
11.8842    11.8557   
11.7747    38.2035   
10.2911    27.8742   

# Frame362

# x        y
16.5324    4.1757    
13.7156    31.6557   
5.4426     4.8053    
11.8840    11.8566   
11.7747    38.2035   
10.2911    27.8742   

# Frame363

# x        y
16.5321    4.1761    
13.7156    31.6557   
5.4426     4.8053    
11.8839    11.8574   
11.7747    38.2035   
10.2911    27.8742   

# Frame364

# x        y
16.5318    4.1765    
13.7156    31.6557   
5.4426     4.8053    
11.8838    11.8582   
11.7747    38.2035   
10.2911    27.8742   

# Frame365

# x        y
16.5316    4.1769    
13.7156    31.6557   
5.4426     4.8053    
11.8837    11.8589   
11.7747    38.2035   
10.2911    27.8742   

# Frame366

# x        y
16.5314    4.1773    
13.7156    31.6557   
5.4426     4.8053    
11.8835    11.8597   
11.7747    38.2035   
10.2911    27.8742   

# Frame367

# x        y
16.5311    4.1776    
13.7156    31.6557   
5.4426     4.8053    
11.8834    11.8605   
11.7747    38.2035   
10.2911    27.8742   

# Frame368

# x        y
16.5309    4.1780    
13.7156    31.6557   
5.4426     4.8053    
11.8833    11.8612   
11.7747    38.2035   
10.2911    27.8742   

# Frame369

# x        y
16.5307    4.1784    
13.7156    31.6557   
5.4426     4.8053    
11.8832    11.8620   
11.7747    38.2035   
10.2911    27.8742   

# Frame370

# x        y
16.5304    4.1787    
13.7156    31.6557   
5.4426     4.8053    
11.8831    11.8627   
11.7747    38.2035   
10.2911    27.8742   

# Frame371

# x        y
16.5302    4.1791    
13.7156    31.6557   
5.4426     4.8053    
11.8830    11.8634   
11.7747    38.2035   
10.2911    27.8742   

# Frame372

# x        y
16.5300    4.1794    
13.7156    31.6557   
5.4426     4.8053    
11.8829    11.8641   
11.7747    38.2035   
10.2911    27.8742   

# Frame373

# x        y
16.5298    4.1798    
13.7156    31.6557   
5.4426     4.8053    
11.8828    11.8648   
11.7747    38.2035   
10.2911    27.8742   

# Frame374

# x        y
16.5296    4.1801    
13.7156    31.6557   
5.4426     4.8053    
11.8827    11.8654   
11.7747    38.2035   
10.2911    27.8742   

# Frame375

# x        y
16.5293    4.1805    
13.7156    31.6557   
5.4426     4.8053    
11.8826    11.8661   
11.7747    38.2035   
10.2911    27.8742   

# Frame376

# x        y
16.5291    4.1808    
13.7156    31.6557   
5.4426     4.8053    
11.8825    11.8668   
11.7747    38.2035   
10.2911    27.8742   

# Frame377

# x        y
16.5289    4.1811    
13.7156    31.6557   
5.4426     4.8053    
11.8824    11.8674   
11.7747    38.2035   
10.2911    27.8742   

# Frame378

# x        y
16.5287    4.1814    
13.7156    31.6557   
5.4426     4.8053    
11.8823    11.8680   
11.7747    38.2035   
10.2911    27.8742   

# Frame379

# x        y
16.5285    4.1817    
13.7156    31.6557   
5.4426     4.8053    
11.8822    11.8686   
11.7747    38.2035   
10.2911    27.8742   

# Frame380

# x        y
16.5284    4.1820    
13.7156    31.6557   
5.4426     4.8053    
11.8821    11.8692   
11.7747    38.2035   
10.2911    27.8742   

# Frame381

# x        y
16.5282    4.1823    
13.7156    31.6557   
5.4426     4.8053    
11.8820    11.8698   
11.7747    38.2035   
10.2911    27.8742   

# Frame382

# x        y
16.5280    4.1826    
13.7156    31.6557   
5.4426     4.8053    
11.8819    11.8704   
11.7747    38.2035   
10.2911    27.8742   

# Frame383

# x        y
16.5278    4.1829    
13.7156    31.6557   
5.4426     4.8053    
11.8818    11.8710   
11.7747    38.2035   
10.2911    27.8742   

# Frame384

# x        y
16.5276    4.1832    
13.7156    31.6557   
5.4426     4.8053    
11.8818    11.8716   
11.7747    38.2035   
10.2911    27.8742   

# Frame385

# x        y
16.5274    4.1835    
13.7156    31.6557   
5.4426     4.8053    
11.8817    11.8721   
11.7747    38.2035   
10.2911    27.8742   

# Frame386

# x        y
16.5273    4.1838    
13.7156    31.6557   
5.4426     4.8053    
11.8816    11.8727   
11.7747    38.2035   
10.2911    27.8742   

# Frame387

# x        y
16.5271    4.1840    
13.7156    31.6557   
5.4426     4.8053    
11.8815    11.8732   
11.7747    38.2035   
10.2911    27.8742   

# Frame388

# x        y
16.5269    4.1843    
13.7156    31.6557   
5.4426     4.8053    
11.8814    11.8738   
11.7747    38.2035   
10.2911    27.8742   

# Frame389

# x        y
16.5268    4.1846    
13.7156    31.6557   
5.4426     4.8053    
11.8813    11.8743   
11.7747    38.2035   
10.2911    27.8742   

# Frame390

# x        y
16.5266    4.1848    
13.7156    31.6557   
5.4426     4.8053    
11.8813    11.8748   
11.7747    38.2035   
10.2911    27.8742   

# Frame391

# x        y
16.5264    4.1851    
13.7156    31.6557   
5.4426     4.8053    
11.8812    11.8753   
11.7747    38.2035   
10.2911    27.8742   

# Frame392

# x        y
16.5263    4.1853    
13.7156    31.6557   
5.4426     4.8053    
11.8811    11.8758   
11.7747    38.2035   
10.2911    27.8742   

# Frame393

# x        y
16.5261    4.1856    
13.7156    31.6557   
5.4426     4.8053    
11.8810    11.8763   
11.7747    38.2035   
10.2911    27.8742   

# Frame394

# x        y
16.5260    4.1858    
13.7156    31.6557   
5.4426     4.8053    
11.8810    11.8768   
11.7747    38.2035   
10.2911    27.8742   

# Frame395

# x        y
16.5258    4.1861    
13.7156    31.6557   
5.4426     4.8053    
11.8809    11.8773   
11.7747    38.2035   
10.2911    27.8742   

# Frame396

# x        y
16.5257    4.1863    
13.7156    31.6557   
5.4426     4.8053    
11.8808    11.8777   
11.7747    38.2035   
10.2911    27.8742   

# Frame397

# x        y
16.5255    4.1865    
13.7156    31.6557   
5.4426     4.8053    
11.8808    11.8782   
11.7747    38.2035   
10.2911    27.8742   

# Frame398

# x        y
16.5254    4.1868    
13.7156    31.6557   
5.4426     4.8053    
11.8807    11.8786   
11.7747    38.2035   
10.2911    27.8742   

# Frame399

# x        y
16.5253    4.1870    
13.7156    31.6557   
5.4426     4.8053    
11.8806    11.8791   
11.7747    38.2035   
10.2911    27.8742   

# Frame400

# x        y
16.5251    4.1872    
13.7156    31.6557   
5.4426     4.8053    
11.8806    11.8795   
11.7747    38.2035   
10.2911    27.8742   

# Frame401

# x        y
16.5250    4.1874    
13.7156    31.6557   
5.4426     4.8053    
11.8805    11.8799   
11.7747    38.2035   
10.2911    27.8742   

# Frame402

# x        y
16.5248    4.1876    
13.7156    31.6557   
5.4426     4.8053    
11.8804    11.8804   
11.7747    38.2035   
10.2911    27.8742   

# Frame403

# x        y
16.5247    4.1878    
13.7156    31.6557   
5.4426     4.8053    
11.8804    11.8808   
11.7747    38.2035   
10.2911    27.8742   

# Frame404

# x        y
16.5246    4.1880    
13.7156    31.6557   
5.4426     4.8053    
11.8803    11.8812   
11.7747    38.2035   
10.2911    27.8742   

# Frame405

# x        y
16.5245    4.1882    
13.7156    31.6557   
5.4426     4.8053    
11.8802    11.8816   
11.7747    38.2035   
10.2911    27.8742   

# Frame406

# x        y
16.5243    4.1884    
13.7156    31.6557   
5.4426     4.8053    
11.8802    11.8820   
11.7747    38.2035   
10.2911    27.8742   

# Frame407

# x        y
16.5242    4.1886    
13.7156    31.6557   
5.4426     4.8053    
11.8801    11.8824   
11.7747    38.2035   
10.2911    27.8742   

# Frame408

# x        y
16.5241    4.1888    
13.7156    31.6557   
5.4426     4.8053    
11.8801    11.8827   
11.7747    38.2035   
10.2911    27.8742   

# Frame409

# x        y
16.5240    4.1890    
13.7156    31.6557   
5.4426     4.8053    
11.8800    11.8831   
11.7747    38.2035   
10.2911    27.8742   

# Frame410

# x        y
16.5239    4.1892    
13.7156    31.6557   
5.4426     4.8053    
11.8799    11.8835   
11.7747    38.2035   
10.2911    27.8742   

# Frame411

# x        y
16.5237    4.1894    
13.7156    31.6557   
5.4426     4.8053    
11.8799    11.8838   
11.7747    38.2035   
10.2911    27.8742   

# Frame412

# x        y
16.5236    4.1895    
13.7156    31.6557   
5.4426     4.8053    
11.8798    11.8842   
11.7747    38.2035   
10.2911    27.8742   

# Frame413

# x        y
16.5235    4.1897    
13.7156    31.6557   
5.4426     4.8053    
11.8798    11.8845   
11.7747    38.2035   
10.2911    27.8742   

# Frame414

# x        y
16.5234    4.1899    
13.7156    31.6557   
5.4426     4.8053    
11.8797    11.8849   
11.7747    38.2035   
10.2911    27.8742   

# Frame415

# x        y
16.5233    4.1901    
13.7156    31.6557   
5.4426     4.8053    
11.8797    11.8852   
11.7747    38.2035   
10.2911    27.8742   

# Frame416

# x        y
16.5232    4.1902    
13.7156    31.6557   
5.4426     4.8053    
11.8796    11.8856   
11.7747    38.2035   
10.2911    27.8742   

# Frame417

# x        y
16.5231    4.1904    
13.7156    31.6557   
5.4426     4.8053    
11.8796    11.8859   
11.7747    38.2035   
10.2911    27.8742   

# Frame418

# x        y
16.5230    4.1906    
13.7156    31.6557   
5.4426     4.8053    
11.8795    11.8862   
11.7747    38.2035   
10.2911    27.8742   

# Frame419

# x        y
16.5229    4.1907    
13.7156    31.6557   
5.4426     4.8053    
11.8795    11.8865   
11.7747    38.2035   
10.2911    27.8742   

# Frame420

# x        y
16.5228    4.1909    
13.7156    31.6557   
5.4426     4.8053    
11.8794    11.8868   
11.7747    38.2035   
10.2911    27.8742   

# Frame421

# x        y
16.5227    4.1910    
13.7156    31.6557   
5.4426     4.8053    
11.8794    11.8871   
11.7747    38.2035   
10.2911    27.8742   

# Frame422

# x        y
16.5226    4.1912    
13.7156    31.6557   
5.4426     4.8053    
11.8793    11.8874   
11.7747    38.2035   
10.2911    27.8742   

# Frame423

# x        y
16.5225    4.1913    
13.7156    31.6557   
5.4426     4.8053    
11.8793    11.8877   
11.7747    38.2035   
10.2911    27.8742   

# Frame424

# x        y
16.5224    4.1915    
13.7156    31.6557   
5.4426     4.8053    
11.8793    11.8880   
11.7747    38.2035   
10.2911    27.8742   

# Frame425

# x        y
16.5223    4.1916    
13.7156    31.6557   
5.4426     4.8053    
11.8792    11.8883   
11.7747    38.2035   
10.2911    27.8742   

# Frame426

# x        y
16.5222    4.1918    
13.7156    31.6557   
5.4426     4.8053    
11.8792    11.8886   
11.7747    38.2035   
10.2911    27.8742   

# Frame427

# x        y
16.5222    4.1919    
13.7156    31.6557   
5.4426     4.8053    
11.8791    11.8889   
11.7747    38.2035   
10.2911    27.8742   

# Frame428

# x        y
16.5221    4.1920    
13.7156    31.6557   
5.4426     4.8053    
11.8791    11.8891   
11.7747    38.2035   
10.2911    27.8742   

# Frame429

# x        y
16.5220    4.1922    
13.7156    31.6557   
5.4426     4.8053    
11.8790    11.8894   
11.7747    38.2035   
10.2911    27.8742   

# Frame430

# x        y
16.5219    4.1923    
13.7156    31.6557   
5.4426     4.8053    
11.8790    11.8897   
11.7747    38.2035   
10.2911    27.8742   

# Frame431

# x        y
16.5218    4.1924    
13.7156    31.6557   
5.4426     4.8053    
11.8790    11.8899   
11.7747    38.2035   
10.2911    27.8742   

# Frame432

# x        y
16.5217    4.1926    
13.7156    31.6557   
5.4426     4.8053    
11.8789    11.8902   
11.7747    38.2035   
10.2911    27.8742   

# Frame433

# x        y
16.5217    4.1927    
13.7156    31.6557   
5.4426     4.8053    
11.8789    11.8904   
11.7747    38.2035   
10.2911    27.8742   

# Frame434

# x        y
16.5216    4.1928    
13.7156    31.6557   
5.4426     4.8053    
11.8789    11.8907   
11.7747    38.2035   
10.2911    27.8742   

# Frame435

# x        y
16.5215    4.1929    
13.7156    31.6557   
5.4426     4.8053    
11.8788    11.8909   
11.7747    38.2035   
10.2911    27.8742   

# Frame436

# x        y
16.5214    4.1930    
13.7156    31.6557   
5.4426     4.8053    
11.8788    11.8912   
11.7747    38.2035   
10.2911    27.8742   

# Frame437

# x        y
16.5214    4.1932    
13.7156    31.6557   
5.4426     4.8053    
11.8787    11.8914   
11.7747    38.2035   
10.2911    27.8742   

# Frame438

# x        y
16.5213    4.1933    
13.7156    31.6557   
5.4426     4.8053    
11.8787    11.8916   
11.7747    38.2035   
10.2911    27.8742   

# Frame439

# x        y
16.5212    4.1934    
13.7156    31.6557   
5.4426     4.8053    
11.8787    11.8918   
11.7747    38.2035   
10.2911    27.8742   

# Frame440

# x        y
16.5212    4.1935    
13.7156    31.6557   
5.4426     4.8053    
11.8786    11.8921   
11.7747    38.2035   
10.2911    27.8742   

# Frame441

# x        y
16.5211    4.1936    
13.7156    31.6557   
5.4426     4.8053    
11.8786    11.8923   
11.7747    38.2035   
10.2911    27.8742   

# Frame442

# x        y
16.5210    4.1937    
13.7156    31.6557   
5.4426     4.8053    
11.8786    11.8925   
11.7747    38.2035   
10.2911    27.8742   

# Frame443

# x        y
16.5209    4.1938    
13.7156    31.6557   
5.4426     4.8053    
11.8785    11.8927   
11.7747    38.2035   
10.2911    27.8742   

# Frame444

# x        y
16.5209    4.1939    
13.7156    31.6557   
5.4426     4.8053    
11.8785    11.8929   
11.7747    38.2035   
10.2911    27.8742   

# Frame445

# x        y
16.5208    4.1940    
13.7156    31.6557   
5.4426     4.8053    
11.8785    11.8931   
11.7747    38.2035   
10.2911    27.8742   

# Frame446

# x        y
16.5208    4.1941    
13.7156    31.6557   
5.4426     4.8053    
11.8785    11.8933   
11.7747    38.2035   
10.2911    27.8742   

# Frame447

# x        y
16.5207    4.1942    
13.7156    31.6557   
5.4426     4.8053    
11.8784    11.8935   
11.7747    38.2035   
10.2911    27.8742   

# Frame448

# x        y
16.5206    4.1943    
13.7156    31.6557   
5.4426     4.8053    
11.8784    11.8937   
11.7747    38.2035   
10.2911    27.8742   

# Frame449

# x        y
16.5206    4.1944    
13.7156    31.6557   
5.4426     4.8053    
11.8784    11.8939   
11.7747    38.2035   
10.2911    27.8742   

# Frame450

# x        y
16.5205    4.1945    
13.7156    31.6557   
5.4426     4.8053    
11.8783    11.8941   
11.7747    38.2035   
10.2911    27.8742   

# Frame451

# x        y
16.5205    4.1946    
13.7156    31.6557   
5.4426     4.8053    
11.8783    11.8943   
11.7747    38.2035   
10.2911    27.8742   

# Frame452

# x        y
16.5204    4.1947    
13.7156    31.6557   
5.4426     4.8053    
11.8783    11.8945   
11.7747    38.2035   
10.2911    27.8742   

# Frame453

# x        y
16.5203    4.1948    
13.7156    31.6557   
5.4426     4.8053    
11.8783    11.8946   
11.7747    38.2035   
10.2911    27.8742   

# Frame454

# x        y
16.5203    4.1949    
13.7156    31.6557   
5.4426     4.8053    
11.8782    11.8948   
11.7747    38.2035   
10.2911    27.8742   

# Frame455

# x        y
16.5202    4.1950    
13.7156    31.6557   
5.4426     4.8053    
11.8782    11.8950   
11.7747    38.2035   
10.2911    27.8742   

# Frame456

# x        y
16.5202    4.1951    
13.7156    31.6557   
5.4426     4.8053    
11.8782    11.8952   
11.7747    38.2035   
10.2911    27.8742   

# Frame457

# x        y
16.5202    4.1951    
13.7156    31.6557   
5.4426     4.8053    
11.8782    11.8953   
11.7747    38.2035   
10.2911    27.8742   

# Frame458

# x        y
16.5202    4.1951    
13.7156    31.6557   
5.4426     4.8053    
11.8781    11.8955   
11.7747    38.2035   
10.2911    27.8742   

# Frame459

# x        y
16.5202    4.1951    
13.7156    31.6557   
5.4426     4.8053    
11.8781    11.8956   
11.7747    38.2035   
10.2911    27.8742   

# Frame460

# x        y
16.5202    4.1951    
13.7156    31.6557   
5.4426     4.8053    
11.8781    11.8958   
11.7747    38.2035   
10.2911    27.8742   

# Frame461

# x        y
16.5202    4.1951    
13.7156    31.6557   
5.4426     4.8053    
11.8781    11.8960   
11.7747    38.2035   
10.2911    27.8742   

# Frame462

# x        y
16.5202    4.1951    
13.7156    31.6557   
5.4426     4.8053    
11.8780    11.8961   
11.7747    38.2035   
10.2911    27.8742   

# Frame463

# x        y
16.5202    4.1951    
13.7156    31.6557   
5.4426     4.8053    
11.8780    11.8963   
11.7747    38.2035   
10.2911    27.8742   

# Frame464

# x        y
16.5202    4.1951    
13.7156    31.6557   
5.4426     4.8053    
11.8780    11.8964   
11.7747    38.2035   
10.2911    27.8742   

# Frame465

# x        y
16.5202    4.1951    
13.7156    31.6557   
5.4426     4.8053    
11.8780    11.8966   
11.7747    38.2035   
10.2911    27.8742   

# Frame466

# x        y
16.5202    4.1951    
13.7156    31.6557   
5.4426     4.8053    
11.8779    11.8967   
11.7747    38.2035   
10.2911    27.8742   

# Frame467

# x        y
16.5202    4.1951    
13.7156    31.6557   
5.4426     4.8053    
11.8779    11.8968   
11.7747    38.2035   
10.2911    27.8742   

# Frame468

# x        y
16.5202    4.1951    
13.7156    31.6557   
5.4426     4.8053    
11.8779    11.8970   
11.7747    38.2035   
10.2911    27.8742   

# Frame469

# x        y
16.5202    4.1951    
13.7156    31.6557   
5.4426     4.8053    
11.8779    11.8971   
11.7747    38.2035   
10.2911    27.8742   

# Frame470

# x        y
16.5202    4.1951    
13.7156    31.6557   
5.4426     4.8053    
11.8779    11.8973   
11.7747    38.2035   
10.2911    27.8742   

# Frame471

# x        y
16.5202    4.1951    
13.7156    31.6557   
5.4426     4.8053    
11.8778    11.8974   
11.7747    38.2035   
10.2911    27.8742   

# Frame472

# x        y
16.5202    4.1951    
13.7156    31.6557   
5.4426     4.8053    
11.8778    11.8975   
11.7747    38.2035   
10.2911    27.8742   

# Frame473

# x        y
16.5202    4.1951    
13.7156    31.6557   
5.4426     4.8053    
11.8778    11.8976   
11.7747    38.2035   
10.2911    27.8742   

# Frame474

# x        y
16.5202    4.1951    
13.7156    31.6557   
5.4426     4.8053    
11.8778    11.8978   
11.7747    38.2035   
10.2911    27.8742   

# Frame475

# x        y
16.5202    4.1951    
13.7156    31.6557   
5.4426     4.8053    
11.8778    11.8979   
11.7747    38.2035   
10.2911    27.8742   

# Frame476

# x        y
16.5202    4.1951    
13.7156    31.6557   
5.4426     4.8053    
11.8777    11.8980   
11.7747    38.2035   
10.2911    27.8742   

# Frame477

# x        y
16.5202    4.1951    
13.7156    31.6557   
5.4426     4.8053    
11.8777    11.8981   
11.7747    38.2035   
10.2911    27.8742   

# Frame478

# x        y
16.5202    4.1951    
13.7156    31.6557   
5.4426     4.8053    
11.8777    11.8983   
11.7747    38.2035   
10.2911    27.8742   

# Frame479

# x        y
16.5202    4.1951    
13.7156    31.6557   
5.4426     4.8053    
11.8777    11.8984   
11.7747    38.2035   
10.2911    27.8742   

# Frame480

# x        y
16.5202    4.1951    
13.7156    31.6557   
5.4426     4.8053    
11.8777    11.8985   
11.7747    38.2035   
10.2911    27.8742   

# Frame481

# x        y
16.5202    4.1951    
13.7156    31.6557   
5.4426     4.8053    
11.8777    11.8986   
11.7747    38.2035   
10.2911    27.8742   

# Frame482

# x        y
16.5202    4.1951    
13.7156    31.6557   
5.4426     4.8053    
11.8776    11.8987   
11.7747    38.2035   
10.2911    27.8742   

# Frame483

# x        y
16.5202    4.1951    
13.7156    31.6557   
5.4426     4.8053    
11.8776    11.8988   
11.7747    38.2035   
10.2911    27.8742   

# Frame484

# x        y
16.5202    4.1951    
13.7156    31.6557   
5.4426     4.8053    
11.8776    11.8989   
11.7747    38.2035   
10.2911    27.8742   

# Frame485

# x        y
16.5202    4.1951    
13.7156    31.6557   
5.4426     4.8053    
11.8776    11.8990   
11.7747    38.2035   
10.2911    27.8742   

# Frame486

# x        y
16.5202    4.1951    
13.7156    31.6557   
5.4426     4.8053    
11.8776    11.8991   
11.7747    38.2035   
10.2911    27.8742   

# Frame487

# x        y
16.5202    4.1951    
13.7156    31.6557   
5.4426     4.8053    
11.8776    11.8992   
11.7747    38.2035   
10.2911    27.8742   

# Frame488

