# x        y
11.7355    11.2528   
12.0202    23.1495   
12.4867    21.2102   
15.3071    30.4824   
18.9952    11.8431   
7.2252     10.3444   

# Frame1

# x        y
12.4816    13.1084   
12.0202    23.1495   
12.4867    21.2102   
15.3071    30.4824   
18.9952    11.8431   
7.2252     10.3444   

# Frame2

# x        y
13.2153    14.9331   
12.0202    23.1496   
12.4867    21.2101   
15.3071    30.4824   
18.9951    11.8431   
7.2252     10.3444   

# Frame3

# x        y
13.9368    16.7274   
12.0202    23.1496   
12.4867    21.2101   
15.3071    30.4824   
18.9951    11.8431   
7.2252     10.3444   

# Frame4

# x        y
14.6462    18.4918   
12.0202    23.1496   
12.4867    21.2101   
15.3071    30.4824   
18.9951    11.8431   
7.2252     10.3444   

# Frame5

# x        y
15.3438    20.2267   
12.0202    23.1496   
12.4867    21.2101   
15.3071    30.4824   
18.9951    11.8431   
7.2252     10.3444   

# Frame6

# x        y
16.0298    21.9328   
12.0202    23.1496   
12.4867    21.2101   
15.3071    30.4824   
18.9951    11.8431   
7.2252     10.3444   

# Frame7

# x        y
16.7043    23.6104   
12.0202    23.1496   
12.4867    21.2100   
15.3071    30.4824   
18.9950    11.8431   
7.2252     10.3444   

# Frame8

# x        y
17.3676    25.2600   
12.0202    23.1496   
12.4867    21.2100   
15.3071    30.4824   
18.9950    11.8431   
7.2252     10.3444   

# Frame9

# x        y
18.0199    26.8822   
12.0202    23.1497   
12.4867    21.2100   
15.3071    30.4824   
18.9950    11.8431   
7.2252     10.3444   

# Frame10

# x        y
18.6613    28.4773   
12.0202    23.1497   
12.4867    21.2100   
15.3071    30.4824   
18.9950    11.8431   
7.2252     10.3444   

# Frame11

# x        y
18.8522    29.8071   
12.0202    23.1497   
12.4867    21.2100   
15.3071    30.4824   
18.9950    11.8431   
7.2252     10.3444   

# Frame12

# x        y
18.5421    30.8334   
12.0202    23.1497   
12.4867    21.2100   
15.3071    30.4824   
18.9950    11.8431   
7.2252     10.3444   

# Frame13

# x        y
18.2371    31.8427   
12.0202    23.1497   
12.4867    21.2100   
15.3071    30.4824   
18.9950    11.8431   
7.2252     10.3444   

# Frame14

# x        y
17.9373    32.8351   
12.0202    23.1497   
12.4867    21.2100   
15.3071    30.4824   
18.9950    11.8431   
7.2252     10.3444   

# Frame15

# x        y
17.6425    33.8109   
12.0202    23.1497   
12.4867    21.2100   
15.3071    30.4824   
18.9950    11.8431   
7.2252     10.3444   

# Frame16

# x        y
17.3525    34.7705   
12.0202    23.1497   
12.4867    21.2100   
15.3071    30.4824   
18.9950    11.8431   
7.2252     10.3444   

# Frame17

# x        y
17.0674    35.7141   
12.0202    23.1497   
12.4867    21.2100   
15.3071    30.4824   
18.9950    11.8431   
7.2252     10.3444   

# Frame18

# x        y
16.7871    36.6420   
12.0202    23.1497   
12.4867    21.2100   
15.3071    30.4824   
18.9950    11.8431   
7.2252     10.3444   

# Frame19

# x        y
16.5114    37.5544   
12.0202    23.1497   
12.4867    21.2100   
15.3071    30.4824   
18.9950    11.8431   
7.2252     10.3444   

# Frame20

# x        y
16.2404    38.4517   
12.0202    23.1497   
12.4867    21.2100   
15.3071    30.4824   
18.9950    11.8431   
7.2252     10.3444   

# Frame21

# x        y
15.9143    38.8312   
12.0202    23.1497   
12.4867    21.2100   
15.3071    30.4824   
18.9950    11.8431   
7.2252     10.3444   

# Frame22

# x        y
15.4952    38.3974   
12.0202    23.1497   
12.4867    21.2100   
15.3071    30.4824   
18.9950    11.8431   
7.2252     10.3444   

# Frame23

# x        y
15.0831    37.9708   
12.0202    23.1497   
12.4867    21.2100   
15.3071    30.4824   
18.9950    11.8431   
7.2252     10.3444   

# Frame24

# x        y
14.6779    37.5514   
12.0202    23.1497   
12.4867    21.2100   
15.3071    30.4824   
18.9950    11.8431   
7.2252     10.3444   

# Frame25

# x        y
14.2794    37.1390   
12.0202    23.1497   
12.4867    21.2100   
15.3071    30.4824   
18.9950    11.8431   
7.2252     10.3444   

# Frame26

# x        y
13.8876    36.7334   
12.0202    23.1497   
12.4867    21.2100   
15.3071    30.4824   
18.9950    11.8431   
7.2252     10.3444   

# Frame27

# x        y
13.5023    36.3346   
12.0202    23.1497   
12.4867    21.2100   
15.3071    30.4824   
18.9950    11.8431   
7.2252     10.3444   

# Frame28

# x        y
13.1234    35.9424   
12.0202    23.1497   
12.4867    21.2100   
15.3071    30.4824   
18.9950    11.8431   
7.2252     10.3444   

# Frame29

# x        y
12.7509    35.5568   
12.0202    23.1497   
12.4867    21.2100   
15.3071    30.4824   
18.9950    11.8431   
7.2252     10.3444   

# Frame30

# x        y
12.3845    35.1776   
12.0202    23.1497   
12.4867    21.2100   
15.3071    30.4824   
18.9950    11.8431   
7.2252     10.3444   

# Frame31

# x        y
12.0243    34.8047   
12.0202    23.1497   
12.4867    21.2100   
15.3071    30.4824   
18.9950    11.8431   
7.2252     10.3444   

# Frame32

# x        y
11.6700    34.4380   
12.0202    23.1497   
12.4867    21.2100   
15.3071    30.4824   
18.9950    11.8431   
7.2252     10.3444   

# Frame33

# x        y
11.3217    34.0775   
12.0202    23.1497   
12.4867    21.2100   
15.3071    30.4824   
18.9950    11.8431   
7.2252     10.3444   

# Frame34

# x        y
10.9791    33.7229   
12.0202    23.1497   
12.4867    21.2100   
15.3071    30.4824   
18.9950    11.8431   
7.2252     10.3444   

# Frame35

# x        y
10.6423    33.3743   
12.0202    23.1497   
12.4867    21.2100   
15.3071    30.4824   
18.9950    11.8431   
7.2252     10.3444   

# Frame36

# x        y
10.3111    33.0314   
12.0202    23.1497   
12.4867    21.2100   
15.3071    30.4824   
18.9950    11.8431   
7.2252     10.3444   

# Frame37

# x        y
9.9854     32.6943   
12.0202    23.1497   
12.4867    21.2100   
15.3071    30.4824   
18.9950    11.8431   
7.2252     10.3444   

# Frame38

# x        y
9.6652     32.3628   
12.0202    23.1497   
12.4867    21.2100   
15.3071    30.4824   
18.9950    11.8431   
7.2252     10.3444   

# Frame39

# x        y
9.3502     32.0369   
12.0202    23.1497   
12.4867    21.2100   
15.3071    30.4824   
18.9950    11.8431   
7.2252     10.3444   

# Frame40

# x        y
9.0406     31.7163   
12.0202    23.1497   
12.4867    21.2100   
15.3071    30.4824   
18.9950    11.8431   
7.2252     10.3444   

# Frame41

# x        y
8.7361     31.4011   
12.0202    23.1497   
12.4867    21.2100   
15.3071    30.4824   
18.9950    11.8431   
7.2252     10.3444   

# Frame42

# x        y
8.4366     31.0912   
12.0202    23.1497   
12.4867    21.2100   
15.3071    30.4824   
18.9950    11.8431   
7.2252     10.3444   

# Frame43

# x        y
8.1422     30.7864   
12.0202    23.1497   
12.4867    21.2100   
15.3071    30.4824   
18.9950    11.8431   
7.2252     10.3444   

# Frame44

# x        y
7.8526     30.4867   
12.0202    23.1497   
12.4867    21.2100   
15.3071    30.4824   
18.9950    11.8431   
7.2252     10.3444   

# Frame45

# x        y
7.5679     30.1920   
12.0202    23.1497   
12.4867    21.2100   
15.3071    30.4824   
18.9950    11.8431   
7.2252     10.3444   

# Frame46

# x        y
7.2879     29.9022   
12.0202    23.1497   
12.4867    21.2100   
15.3071    30.4824   
18.9950    11.8431   
7.2252     10.3444   

# Frame47

# x        y
7.0126     29.6172   
12.0202    23.1497   
12.4867    21.2100   
15.3071    30.4824   
18.9950    11.8431   
7.2252     10.3444   

# Frame48

# x        y
6.7419     29.3370   
12.0202    23.1497   
12.4867    21.2100   
15.3071    30.4824   
18.9950    11.8431   
7.2252     10.3444   

# Frame49

# x        y
6.4757     29.0615   
12.0202    23.1497   
12.4867    21.2100   
15.3071    30.4824   
18.9950    11.8431   
7.2252     10.3444   

# Frame50

# x        y
6.2140     28.7905   
12.0202    23.1497   
12.4867    21.2100   
15.3071    30.4824   
18.9950    11.8431   
7.2252     10.3444   

# Frame51

# x        y
5.9565     28.5241   
12.0202    23.1497   
12.4867    21.2100   
15.3071    30.4824   
18.9950    11.8431   
7.2252     10.3444   

# Frame52

# x        y
5.7034     28.2621   
12.0202    23.1497   
12.4867    21.2100   
15.3071    30.4824   
18.9950    11.8431   
7.2252     10.3444   

# Frame53

# x        y
5.4545     28.0045   
12.0202    23.1497   
12.4867    21.2100   
15.3071    30.4824   
18.9950    11.8431   
7.2252     10.3444   

# Frame54

# x        y
5.2098     27.7512   
12.0202    23.1497   
12.4867    21.2100   
15.3071    30.4824   
18.9950    11.8431   
7.2252     10.3444   

# Frame55

# x        y
4.9691     27.5020   
12.0202    23.1497   
12.4867    21.2100   
15.3071    30.4824   
18.9950    11.8431   
7.2252     10.3444   

# Frame56

# x        y
4.7325     27.2571   
12.0202    23.1497   
12.4867    21.2100   
15.3071    30.4824   
18.9950    11.8431   
7.2252     10.3444   

# Frame57

# x        y
4.4998     27.0162   
12.0202    23.1497   
12.4867    21.2100   
15.3071    30.4824   
18.9950    11.8431   
7.2252     10.3444   

# Frame58

# x        y
4.2709     26.7794   
12.0202    23.1497   
12.4867    21.2100   
15.3071    30.4824   
18.9950    11.8431   
7.2252     10.3444   

# Frame59

# x        y
4.0459     26.5464   
12.0202    23.1497   
12.4867    21.2100   
15.3071    30.4824   
18.9950    11.8431   
7.2252     10.3444   

# Frame60

# x        y
3.8246     26.3174   
12.0202    23.1497   
12.4867    21.2100   
15.3071    30.4824   
18.9950    11.8431   
7.2252     10.3444   

# Frame61

# x        y
3.6070     26.0922   
12.0202    23.1497   
12.4867    21.2100   
15.3071    30.4824   
18.9950    11.8431   
7.2252     10.3444   

# Frame62

# x        y
3.3931     25.8707   
12.0202    23.1497   
12.4867    21.2100   
15.3071    30.4824   
18.9950    11.8431   
7.2252     10.3444   

# Frame63

# x        y
3.1827     25.6530   
12.0202    23.1497   
12.4867    21.2100   
15.3071    30.4824   
18.9950    11.8431   
7.2252     10.3444   

# Frame64

# x        y
2.9758     25.4388   
12.0202    23.1497   
12.4867    21.2100   
15.3071    30.4824   
18.9950    11.8431   
7.2252     10.3444   

# Frame65

# x        y
2.7724     25.2283   
12.0202    23.1497   
12.4867    21.2100   
15.3071    30.4824   
18.9950    11.8431   
7.2252     10.3444   

# Frame66

# x        y
2.5723     25.0212   
12.0202    23.1497   
12.4867    21.2100   
15.3071    30.4824   
18.9950    11.8431   
7.2252     10.3444   

# Frame67

# x        y
2.3756     24.8176   
12.0202    23.1497   
12.4867    21.2100   
15.3071    30.4824   
18.9950    11.8431   
7.2252     10.3444   

# Frame68

# x        y
2.1822     24.6174   
12.0202    23.1497   
12.4867    21.2100   
15.3071    30.4824   
18.9950    11.8431   
7.2252     10.3444   

# Frame69

# x        y
1.9920     24.4205   
12.0202    23.1497   
12.4867    21.2100   
15.3071    30.4824   
18.9950    11.8431   
7.2252     10.3444   

# Frame70

# x        y
1.8050     24.2269   
12.0202    23.1497   
12.4867    21.2100   
15.3071    30.4824   
18.9950    11.8431   
7.2252     10.3444   

# Frame71

# x        y
1.6210     24.0365   
12.0202    23.1497   
12.4867    21.2100   
15.3071    30.4824   
18.9950    11.8431   
7.2252     10.3444   

# Frame72

# x        y
1.4402     23.8493   
12.0202    23.1497   
12.4867    21.2100   
15.3071    30.4824   
18.9950    11.8431   
7.2252     10.3444   

# Frame73

# x        y
1.2623     23.6652   
12.0202    23.1497   
12.4867    21.2100   
15.3071    30.4824   
18.9950    11.8431   
7.2252     10.3444   

# Frame74

# x        y
1.0875     23.4842   
12.0202    23.1497   
12.4867    21.2100   
15.3071    30.4824   
18.9950    11.8431   
7.2252     10.3444   

# Frame75

# x        y
1.0446     23.3232   
12.0202    23.1497   
12.4867    21.2100   
15.3071    30.4824   
18.9950    11.8431   
7.2252     10.3444   

# Frame76

# x        y
1.1291     23.1842   
12.0202    23.1497   
12.4867    21.2100   
15.3071    30.4824   
18.9950    11.8431   
7.2252     10.3444   

# Frame77

# x        y
1.2123     23.0476   
12.0202    23.1497   
12.4867    21.2100   
15.3071    30.4824   
18.9950    11.8431   
7.2252     10.3444   

# Frame78

# x        y
1.2940     22.9132   
12.0202    23.1497   
12.4867    21.2100   
15.3071    30.4824   
18.9950    11.8431   
7.2252     10.3444   

# Frame79

# x        y
1.3744     22.7811   
12.0202    23.1497   
12.4867    21.2100   
15.3071    30.4824   
18.9950    11.8431   
7.2252     10.3444   

# Frame80

# x        y
1.4535     22.6512   
12.0202    23.1497   
12.4867    21.2100   
15.3071    30.4824   
18.9950    11.8431   
7.2252     10.3444   

# Frame81

# x        y
1.5312     22.5234   
12.0202    23.1497   
12.4867    21.2100   
15.3071    30.4824   
18.9950    11.8431   
7.2252     10.3444   

# Frame82

# x        y
1.6076     22.3978   
12.0202    23.1497   
12.4867    21.2100   
15.3071    30.4824   
18.9950    11.8431   
7.2252     10.3444   

# Frame83

# x        y
1.6828     22.2742   
12.0202    23.1497   
12.4867    21.2100   
15.3071    30.4824   
18.9950    11.8431   
7.2252     10.3444   

# Frame84

# x        y
1.7567     22.1528   
12.0202    23.1497   
12.4867    21.2100   
15.3071    30.4824   
18.9950    11.8431   
7.2252     10.3444   

# Frame85

# x        y
1.8294     22.0333   
12.0202    23.1497   
12.4867    21.2100   
15.3071    30.4824   
18.9950    11.8431   
7.2252     10.3444   

# Frame86

# x        y
1.9009     21.9158   
12.0202    23.1497   
12.4867    21.2100   
15.3071    30.4824   
18.9950    11.8431   
7.2252     10.3444   

# Frame87

# x        y
1.9711     21.8003   
12.0202    23.1497   
12.4867    21.2100   
15.3071    30.4824   
18.9950    11.8431   
7.2252     10.3444   

# Frame88

# x        y
2.0403     21.6868   
12.0202    23.1497   
12.4867    21.2100   
15.3071    30.4824   
18.9950    11.8431   
7.2252     10.3444   

# Frame89

# x        y
2.1082     21.5751   
12.0202    23.1497   
12.4867    21.2100   
15.3071    30.4824   
18.9950    11.8431   
7.2252     10.3444   

# Frame90

# x        y
2.1750     21.4652   
12.0202    23.1497   
12.4867    21.2100   
15.3071    30.4824   
18.9950    11.8431   
7.2252     10.3444   

# Frame91

# x        y
2.2407     21.3572   
12.0202    23.1497   
12.4867    21.2100   
15.3071    30.4824   
18.9950    11.8431   
7.2252     10.3444   

# Frame92

# x        y
2.3053     21.2511   
12.0202    23.1497   
12.4867    21.2100   
15.3071    30.4824   
18.9950    11.8431   
7.2252     10.3444   

# Frame93

# x        y
2.3689     21.1466   
12.0202    23.1497   
12.4867    21.2100   
15.3071    30.4824   
18.9950    11.8431   
7.2252     10.3444   

# Frame94

# x        y
2.4314     21.0439   
12.0202    23.1497   
12.4867    21.2100   
15.3071    30.4824   
18.9950    11.8431   
7.2252     10.3444   

# Frame95

# x        y
2.4928     20.9430   
12.0202    23.1497   
12.4867    21.2100   
15.3071    30.4824   
18.9950    11.8431   
7.2252     10.3444   

# Frame96

# x        y
2.5532     20.8437   
12.0202    23.1497   
12.4867    21.2100   
15.3071    30.4824   
18.9950    11.8431   
7.2252     10.3444   

# Frame97

# x        y
2.6126     20.7460   
12.0202    23.1497   
12.4867    21.2100   
15.3071    30.4824   
18.9950    11.8431   
7.2252     10.3444   

# Frame98

# x        y
2.6710     20.6500   
12.0202    23.1497   
12.4867    21.2100   
15.3071    30.4824   
18.9950    11.8431   
7.2252     10.3444   

# Frame99

# x        y
2.7285     20.5556   
12.0202    23.1497   
12.4867    21.2100   
15.3071    30.4824   
18.9950    11.8431   
7.2252     10.3444   

# Frame100

# x        y
2.7850     20.4628   
12.0202    23.1497   
12.4867    21.2100   
15.3071    30.4824   
18.9950    11.8431   
7.2252     10.3444   

# Frame101

# x        y
2.8405     20.3715   
12.0202    23.1497   
12.4867    21.2100   
15.3071    30.4824   
18.9950    11.8431   
7.2252     10.3444   

# Frame102

# x        y
2.8951     20.2817   
12.0202    23.1497   
12.4867    21.2100   
15.3071    30.4824   
18.9950    11.8431   
7.2252     10.3444   

# Frame103

# x        y
2.9488     20.1935   
12.0202    23.1497   
12.4867    21.2100   
15.3071    30.4824   
18.9950    11.8431   
7.2252     10.3444   

# Frame104

# x        y
3.0016     20.1067   
12.0202    23.1497   
12.4867    21.2100   
15.3071    30.4824   
18.9950    11.8431   
7.2252     10.3444   

# Frame105

# x        y
3.0536     20.0213   
12.0202    23.1497   
12.4867    21.2100   
15.3071    30.4824   
18.9950    11.8431   
7.2252     10.3444   

# Frame106

# x        y
3.1046     19.9374   
12.0202    23.1497   
12.4867    21.2100   
15.3071    30.4824   
18.9950    11.8431   
7.2252     10.3444   

# Frame107

# x        y
3.1548     19.8549   
12.0202    23.1497   
12.4867    21.2100   
15.3071    30.4824   
18.9950    11.8431   
7.2252     10.3444   

# Frame108

# x        y
3.2042     19.7737   
12.0202    23.1497   
12.4867    21.2100   
15.3071    30.4824   
18.9950    11.8431   
7.2252     10.3444   

# Frame109

# x        y
3.2528     19.6939   
12.0202    23.1497   
12.4867    21.2100   
15.3071    30.4824   
18.9950    11.8431   
7.2252     10.3444   

# Frame110

# x        y
3.3005     19.6154   
12.0202    23.1497   
12.4867    21.2100   
15.3071    30.4824   
18.9950    11.8431   
7.2252     10.3444   

# Frame111

# x        y
3.3475     19.5383   
12.0202    23.1497   
12.4867    21.2100   
15.3071    30.4824   
18.9950    11.8431   
7.2252     10.3444   

# Frame112

# x        y
3.3936     19.4624   
12.0202    23.1497   
12.4867    21.2100   
15.3071    30.4824   
18.9950    11.8431   
7.2252     10.3444   

# Frame113

# x        y
3.4390     19.3878   
12.0202    23.1497   
12.4867    21.2100   
15.3071    30.4824   
18.9950    11.8431   
7.2252     10.3444   

# Frame114

# x        y
3.4837     19.3144   
12.0202    23.1497   
12.4867    21.2100   
15.3071    30.4824   
18.9950    11.8431   
7.2252     10.3444   

# Frame115

# x        y
3.5276     19.2423   
12.0202    23.1497   
12.4867    21.2100   
15.3071    30.4824   
18.9950    11.8431   
7.2252     10.3444   

# Frame116

# x        y
3.5707     19.1713   
12.0202    23.1497   
12.4867    21.2100   
15.3071    30.4824   
18.9950    11.8431   
7.2252     10.3444   

# Frame117

# x        y
3.6132     19.1016   
12.0202    23.1497   
12.4867    21.2100   
15.3071    30.4824   
18.9950    11.8431   
7.2252     10.3444   

# Frame118

# x        y
3.6549     19.0330   
12.0202    23.1497   
12.4867    21.2100   
15.3071    30.4824   
18.9950    11.8431   
7.2252     10.3444   

# Frame119

# x        y
3.6960     18.9655   
12.0202    23.1497   
12.4867    21.2100   
15.3071    30.4824   
18.9950    11.8431   
7.2252     10.3444   

# Frame120

# x        y
3.7363     18.8992   
12.0202    23.1497   
12.4867    21.2100   
15.3071    30.4824   
18.9950    11.8431   
7.2252     10.3444   

# Frame121

# x        y
3.7760     18.8339   
12.0202    23.1497   
12.4867    21.2100   
15.3071    30.4824   
18.9950    11.8431   
7.2252     10.3444   

# Frame122

# x        y
3.8150     18.7698   
12.0202    23.1497   
12.4867    21.2100   
15.3071    30.4824   
18.9950    11.8431   
7.2252     10.3444   

# Frame123

# x        y
3.8534     18.7067   
12.0202    23.1497   
12.4867    21.2100   
15.3071    30.4824   
18.9950    11.8431   
7.2252     10.3444   

# Frame124

# x        y
3.8911     18.6447   
12.0202    23.1497   
12.4867    21.2100   
15.3071    30.4824   
18.9950    11.8431   
7.2252     10.3444   

# Frame125

# x        y
3.9282     18.5837   
12.0202    23.1497   
12.4867    21.2100   
15.3071    30.4824   
18.9950    11.8431   
7.2252     10.3444   

# Frame126

# x        y
3.9647     18.5238   
12.0202    23.1497   
12.4867    21.2100   
15.3071    30.4824   
18.9950    11.8431   
7.2252     10.3444   

# Frame127

# x        y
4.0006     18.4648   
12.0202    23.1497   
12.4867    21.2100   
15.3071    30.4824   
18.9950    11.8431   
7.2252     10.3444   

# Frame128

# x        y
4.0359     18.4068   
12.0202    23.1497   
12.4867    21.2100   
15.3071    30.4824   
18.9950    11.8431   
7.2252     10.3444   

# Frame129

# x        y
4.0706     18.3498   
12.0202    23.1497   
12.4867    21.2100   
15.3071    30.4824   
18.9950    11.8431   
7.2252     10.3444   

# Frame130

# x        y
4.1047     18.2937   
12.0202    23.1497   
12.4867    21.2100   
15.3071    30.4824   
18.9950    11.8431   
7.2252     10.3444   

# Frame131

# x        y
4.1382     18.2386   
12.0202    23.1497   
12.4867    21.2100   
15.3071    30.4824   
18.9950    11.8431   
7.2252     10.3444   

# Frame132

# x        y
4.1712     18.1844   
12.0202    23.1497   
12.4867    21.2100   
15.3071    30.4824   
18.9950    11.8431   
7.2252     10.3444   

# Frame133

# x        y
4.2037     18.1310   
12.0202    23.1497   
12.4867    21.2100   
15.3071    30.4824   
18.9950    11.8431   
7.2252     10.3444   

# Frame134

# x        y
4.2356     18.0786   
12.0202    23.1497   
12.4867    21.2100   
15.3071    30.4824   
18.9950    11.8431   
7.2252     10.3444   

# Frame135

# x        y
4.2669     18.0271   
12.0202    23.1497   
12.4867    21.2100   
15.3071    30.4824   
18.9950    11.8431   
7.2252     10.3444   

# Frame136

# x        y
4.2978     17.9764   
12.0202    23.1497   
12.4867    21.2100   
15.3071    30.4824   
18.9950    11.8431   
7.2252     10.3444   

# Frame137

# x        y
4.3281     17.9265   
12.0202    23.1497   
12.4867    21.2100   
15.3071    30.4824   
18.9950    11.8431   
7.2252     10.3444   

# Frame138

# x        y
4.3579     17.8775   
12.0202    23.1497   
12.4867    21.2100   
15.3071    30.4824   
18.9950    11.8431   
7.2252     10.3444   

# Frame139

# x        y
4.3873     17.8293   
12.0202    23.1497   
12.4867    21.2100   
15.3071    30.4824   
18.9950    11.8431   
7.2252     10.3444   

# Frame140

# x        y
4.4161     17.7819   
12.0202    23.1497   
12.4867    21.2100   
15.3071    30.4824   
18.9950    11.8431   
7.2252     10.3444   

# Frame141

# x        y
4.4444     17.7353   
12.0202    23.1497   
12.4867    21.2100   
15.3071    30.4824   
18.9950    11.8431   
7.2252     10.3444   

# Frame142

# x        y
4.4723     17.6895   
12.0202    23.1497   
12.4867    21.2100   
15.3071    30.4824   
18.9950    11.8431   
7.2252     10.3444   

# Frame143

# x        y
4.4997     17.6444   
12.0202    23.1497   
12.4867    21.2100   
15.3071    30.4824   
18.9950    11.8431   
7.2252     10.3444   

# Frame144

# x        y
4.5267     17.6001   
12.0202    23.1497   
12.4867    21.2100   
15.3071    30.4824   
18.9950    11.8431   
7.2252     10.3444   

# Frame145

# x        y
4.5532     17.5565   
12.0202    23.1497   
12.4867    21.2100   
15.3071    30.4824   
18.9950    11.8431   
7.2252     10.3444   

# Frame146

# x        y
4.5793     17.5137   
12.0202    23.1497   
12.4867    21.2100   
15.3071    30.4824   
18.9950    11.8431   
7.2252     10.3444   

# Frame147

# x        y
4.6049     17.4715   
12.0202    23.1497   
12.4867    21.2100   
15.3071    30.4824   
18.9950    11.8431   
7.2252     10.3444   

# Frame148

# x        y
4.6301     17.4301   
12.0202    23.1497   
12.4867    21.2100   
15.3071    30.4824   
18.9950    11.8431   
7.2252     10.3444   

# Frame149

# x        y
4.6549     17.3894   
12.0202    23.1497   
12.4867    21.2100   
15.3071    30.4824   
18.9950    11.8431   
7.2252     10.3444   

# Frame150

# x        y
4.6793     17.3493   
12.0202    23.1497   
12.4867    21.2100   
15.3071    30.4824   
18.9950    11.8431   
7.2252     10.3444   

# Frame151

# x        y
4.7033     17.3099   
12.0202    23.1497   
12.4867    21.2100   
15.3071    30.4824   
18.9950    11.8431   
7.2252     10.3444   

# Frame152

# x        y
4.7268     17.2712   
12.0202    23.1497   
12.4867    21.2100   
15.3071    30.4824   
18.9950    11.8431   
7.2252     10.3444   

# Frame153

# x        y
4.7500     17.2331   
12.0202    23.1497   
12.4867    21.2100   
15.3071    30.4824   
18.9950    11.8431   
7.2252     10.3444   

# Frame154

# x        y
4.7728     17.1956   
12.0202    23.1497   
12.4867    21.2100   
15.3071    30.4824   
18.9950    11.8431   
7.2252     10.3444   

# Frame155

# x        y
4.7952     17.1588   
12.0202    23.1497   
12.4867    21.2100   
15.3071    30.4824   
18.9950    11.8431   
7.2252     10.3444   

# Frame156

# x        y
4.8173     17.1226   
12.0202    23.1497   
12.4867    21.2100   
15.3071    30.4824   
18.9950    11.8431   
7.2252     10.3444   

# Frame157

# x        y
4.8389     17.0870   
12.0202    23.1497   
12.4867    21.2100   
15.3071    30.4824   
18.9950    11.8431   
7.2252     10.3444   

# Frame158

# x        y
4.8602     17.0519   
12.0202    23.1497   
12.4867    21.2100   
15.3071    30.4824   
18.9950    11.8431   
7.2252     10.3444   

# Frame159

# x        y
4.8812     17.0175   
12.0202    23.1497   
12.4867    21.2100   
15.3071    30.4824   
18.9950    11.8431   
7.2252     10.3444   

# Frame160

# x        y
4.9018     16.9836   
12.0202    23.1497   
12.4867    21.2100   
15.3071    30.4824   
18.9950    11.8431   
7.2252     10.3444   

# Frame161

# x        y
4.9221     16.9503   
12.0202    23.1497   
12.4867    21.2100   
15.3071    30.4824   
18.9950    11.8431   
7.2252     10.3444   

# Frame162

# x        y
4.9420     16.9176   
12.0202    23.1497   
12.4867    21.2100   
15.3071    30.4824   
18.9950    11.8431   
7.2252     10.3444   

# Frame163

# x        y
4.9616     16.8854   
12.0202    23.1497   
12.4867    21.2100   
15.3071    30.4824   
18.9950    11.8431   
7.2252     10.3444   

# Frame164

# x        y
4.9808     16.8537   
12.0202    23.1497   
12.4867    21.2100   
15.3071    30.4824   
18.9950    11.8431   
7.2252     10.3444   

# Frame165

# x        y
4.9998     16.8226   
12.0202    23.1497   
12.4867    21.2100   
15.3071    30.4824   
18.9950    11.8431   
7.2252     10.3444   

# Frame166

# x        y
5.0184     16.7920   
12.0202    23.1497   
12.4867    21.2100   
15.3071    30.4824   
18.9950    11.8431   
7.2252     10.3444   

# Frame167

# x        y
5.0367     16.7619   
12.0202    23.1497   
12.4867    21.2100   
15.3071    30.4824   
18.9950    11.8431   
7.2252     10.3444   

# Frame168

# x        y
5.0547     16.7323   
12.0202    23.1497   
12.4867    21.2100   
15.3071    30.4824   
18.9950    11.8431   
7.2252     10.3444   

# Frame169

# x        y
5.0725     16.7031   
12.0202    23.1497   
12.4867    21.2100   
15.3071    30.4824   
18.9950    11.8431   
7.2252     10.3444   

# Frame170

# x        y
5.0899     16.6745   
12.0202    23.1497   
12.4867    21.2100   
15.3071    30.4824   
18.9950    11.8431   
7.2252     10.3444   

# Frame171

# x        y
5.1070     16.6464   
12.0202    23.1497   
12.4867    21.2100   
15.3071    30.4824   
18.9950    11.8431   
7.2252     10.3444   

# Frame172

# x        y
5.1238     16.6187   
12.0202    23.1497   
12.4867    21.2100   
15.3071    30.4824   
18.9950    11.8431   
7.2252     10.3444   

# Frame173

# x        y
5.1404     16.5915   
12.0202    23.1497   
12.4867    21.2100   
15.3071    30.4824   
18.9950    11.8431   
7.2252     10.3444   

# Frame174

# x        y
5.1567     16.5647   
12.0202    23.1497   
12.4867    21.2100   
15.3071    30.4824   
18.9950    11.8431   
7.2252     10.3444   

# Frame175

# x        y
5.1727     16.5384   
12.0202    23.1497   
12.4867    21.2100   
15.3071    30.4824   
18.9950    11.8431   
7.2252     10.3444   

# Frame176

# x        y
5.1884     16.5125   
12.0202    23.1497   
12.4867    21.2100   
15.3071    30.4824   
18.9950    11.8431   
7.2252     10.3444   

# Frame177

# x        y
5.2039     16.4871   
12.0202    23.1497   
12.4867    21.2100   
15.3071    30.4824   
18.9950    11.8431   
7.2252     10.3444   

# Frame178

# x        y
5.2192     16.4620   
12.0202    23.1497   
12.4867    21.2100   
15.3071    30.4824   
18.9950    11.8431   
7.2252     10.3444   

# Frame179

# x        y
5.2341     16.4374   
12.0202    23.1497   
12.4867    21.2100   
15.3071    30.4824   
18.9950    11.8431   
7.2252     10.3444   

# Frame180

# x        y
5.2489     16.4132   
12.0202    23.1497   
12.4867    21.2100   
15.3071    30.4824   
18.9950    11.8431   
7.2252     10.3444   

# Frame181

# x        y
5.2633     16.3894   
12.0202    23.1497   
12.4867    21.2100   
15.3071    30.4824   
18.9950    11.8431   
7.2252     10.3444   

# Frame182

# x        y
5.2776     16.3660   
12.0202    23.1497   
12.4867    21.2100   
15.3071    30.4824   
18.9950    11.8431   
7.2252     10.3444   

# Frame183

# x        y
5.2916     16.3430   
12.0202    23.1497   
12.4867    21.2100   
15.3071    30.4824   
18.9950    11.8431   
7.2252     10.3444   

# Frame184

# x        y
5.3053     16.3204   
12.0202    23.1497   
12.4867    21.2100   
15.3071    30.4824   
18.9950    11.8431   
7.2252     10.3444   

# Frame185

# x        y
5.3189     16.2982   
12.0202    23.1497   
12.4867    21.2100   
15.3071    30.4824   
18.9950    11.8431   
7.2252     10.3444   

# Frame186

# x        y
5.3322     16.2763   
12.0202    23.1497   
12.4867    21.2100   
15.3071    30.4824   
18.9950    11.8431   
7.2252     10.3444   

# Frame187

# x        y
5.3453     16.2548   
12.0202    23.1497   
12.4867    21.2100   
15.3071    30.4824   
18.9950    11.8431   
7.2252     10.3444   

# Frame188

# x        y
5.3581     16.2336   
12.0202    23.1497   
12.4867    21.2100   
15.3071    30.4824   
18.9950    11.8431   
7.2252     10.3444   

# Frame189

# x        y
5.3708     16.2128   
12.0202    23.1497   
12.4867    21.2100   
15.3071    30.4824   
18.9950    11.8431   
7.2252     10.3444   

# Frame190

# x        y
5.3832     16.1924   
12.0202    23.1497   
12.4867    21.2100   
15.3071    30.4824   
18.9950    11.8431   
7.2252     10.3444   

# Frame191

# x        y
5.3955     16.1722   
12.0202    23.1497   
12.4867    21.2100   
15.3071    30.4824   
18.9950    11.8431   
7.2252     10.3444   

# Frame192

# x        y
5.4075     16.1525   
12.0202    23.1497   
12.4867    21.2100   
15.3071    30.4824   
18.9950    11.8431   
7.2252     10.3444   

# Frame193

# x        y
5.4193     16.1330   
12.0202    23.1497   
12.4867    21.2100   
15.3071    30.4824   
18.9950    11.8431   
7.2252     10.3444   

# Frame194

# x        y
5.4310     16.1139   
12.0202    23.1497   
12.4867    21.2100   
15.3071    30.4824   
18.9950    11.8431   
7.2252     10.3444   

# Frame195

# x        y
5.4424     16.0951   
12.0202    23.1497   
12.4867    21.2100   
15.3071    30.4824   
18.9950    11.8431   
7.2252     10.3444   

# Frame196

# x        y
5.4537     16.0766   
12.0202    23.1497   
12.4867    21.2100   
15.3071    30.4824   
18.9950    11.8431   
7.2252     10.3444   

# Frame197

# x        y
5.4647     16.0584   
12.0202    23.1497   
12.4867    21.2100   
15.3071    30.4824   
18.9950    11.8431   
7.2252     10.3444   

# Frame198

# x        y
5.4756     16.0405   
12.0202    23.1497   
12.4867    21.2100   
15.3071    30.4824   
18.9950    11.8431   
7.2252     10.3444   

# Frame199

# x        y
5.4863     16.0230   
12.0202    23.1497   
12.4867    21.2100   
15.3071    30.4824   
18.9950    11.8431   
7.2252     10.3444   

# Frame200

# x        y
5.4968     16.0057   
12.0202    23.1497   
12.4867    21.2100   
15.3071    30.4824   
18.9950    11.8431   
7.2252     10.3444   

# Frame201

# x        y
5.5072     15.9887   
12.0202    23.1497   
12.4867    21.2100   
15.3071    30.4824   
18.9950    11.8431   
7.2252     10.3444   

# Frame202

# x        y
5.5173     15.9719   
12.0202    23.1497   
12.4867    21.2100   
15.3071    30.4824   
18.9950    11.8431   
7.2252     10.3444   

# Frame203

# x        y
5.5273     15.9555   
12.0202    23.1497   
12.4867    21.2100   
15.3071    30.4824   
18.9950    11.8431   
7.2252     10.3444   

# Frame204

# x        y
5.5372     15.9393   
12.0202    23.1497   
12.4867    21.2100   
15.3071    30.4824   
18.9950    11.8431   
7.2252     10.3444   

# Frame205

# x        y
5.5469     15.9234   
12.0202    23.1497   
12.4867    21.2100   
15.3071    30.4824   
18.9950    11.8431   
7.2252     10.3444   

# Frame206

# x        y
5.5564     15.9078   
12.0202    23.1497   
12.4867    21.2100   
15.3071    30.4824   
18.9950    11.8431   
7.2252     10.3444   

# Frame207

# x        y
5.5657     15.8924   
12.0202    23.1497   
12.4867    21.2100   
15.3071    30.4824   
18.9950    11.8431   
7.2252     10.3444   

# Frame208

# x        y
5.5749     15.8773   
12.0202    23.1497   
12.4867    21.2100   
15.3071    30.4824   
18.9950    11.8431   
7.2252     10.3444   

# Frame209

# x        y
5.5840     15.8625   
12.0202    23.1497   
12.4867    21.2100   
15.3071    30.4824   
18.9950    11.8431   
7.2252     10.3444   

# Frame210

# x        y
5.5928     15.8479   
12.0202    23.1497   
12.4867    21.2100   
15.3071    30.4824   
18.9950    11.8431   
7.2252     10.3444   

# Frame211

# x        y
5.6016     15.8335   
12.0202    23.1497   
12.4867    21.2100   
15.3071    30.4824   
18.9950    11.8431   
7.2252     10.3444   

# Frame212

# x        y
5.6102     15.8193   
12.0202    23.1497   
12.4867    21.2100   
15.3071    30.4824   
18.9950    11.8431   
7.2252     10.3444   

# Frame213

# x        y
5.6186     15.8055   
12.0202    23.1497   
12.4867    21.2100   
15.3071    30.4824   
18.9950    11.8431   
7.2252     10.3444   

# Frame214

# x        y
5.6270     15.7918   
12.0202    23.1497   
12.4867    21.2100   
15.3071    30.4824   
18.9950    11.8431   
7.2252     10.3444   

# Frame215

# x        y
5.6351     15.7784   
12.0202    23.1497   
12.4867    21.2100   
15.3071    30.4824   
18.9950    11.8431   
7.2252     10.3444   

# Frame216

# x        y
5.6432     15.7651   
12.0202    23.1497   
12.4867    21.2100   
15.3071    30.4824   
18.9950    11.8431   
7.2252     10.3444   

# Frame217

# x        y
5.6511     15.7521   
12.0202    23.1497   
12.4867    21.2100   
15.3071    30.4824   
18.9950    11.8431   
7.2252     10.3444   

# Frame218

# x        y
5.6589     15.7394   
12.0202    23.1497   
12.4867    21.2100   
15.3071    30.4824   
18.9950    11.8431   
7.2252     10.3444   

# Frame219

# x        y
5.6665     15.7268   
12.0202    23.1497   
12.4867    21.2100   
15.3071    30.4824   
18.9950    11.8431   
7.2252     10.3444   

# Frame220

# x        y
5.6740     15.7145   
12.0202    23.1497   
12.4867    21.2100   
15.3071    30.4824   
18.9950    11.8431   
7.2252     10.3444   

# Frame221

# x        y
5.6814     15.7023   
12.0202    23.1497   
12.4867    21.2100   
15.3071    30.4824   
18.9950    11.8431   
7.2252     10.3444   

# Frame222

# x        y
5.6887     15.6904   
12.0202    23.1497   
12.4867    21.2100   
15.3071    30.4824   
18.9950    11.8431   
7.2252     10.3444   

# Frame223

# x        y
5.6958     15.6786   
12.0202    23.1497   
12.4867    21.2100   
15.3071    30.4824   
18.9950    11.8431   
7.2252     10.3444   

# Frame224

# x        y
5.7028     15.6671   
12.0202    23.1497   
12.4867    21.2100   
15.3071    30.4824   
18.9950    11.8431   
7.2252     10.3444   

# Frame225

# x        y
5.7098     15.6557   
12.0202    23.1497   
12.4867    21.2100   
15.3071    30.4824   
18.9950    11.8431   
7.2252     10.3444   

# Frame226

# x        y
5.7166     15.6445   
12.0202    23.1497   
12.4867    21.2100   
15.3071    30.4824   
18.9950    11.8431   
7.2252     10.3444   

# Frame227

# x        y
5.7232     15.6336   
12.0202    23.1497   
12.4867    21.2100   
15.3071    30.4824   
18.9950    11.8431   
7.2252     10.3444   

# Frame228

# x        y
5.7298     15.6228   
12.0202    23.1497   
12.4867    21.2100   
15.3071    30.4824   
18.9950    11.8431   
7.2252     10.3444   

# Frame229

# x        y
5.7363     15.6121   
12.0202    23.1497   
12.4867    21.2100   
15.3071    30.4824   
18.9950    11.8431   
7.2252     10.3444   

# Frame230

# x        y
5.7426     15.6017   
12.0202    23.1497   
12.4867    21.2100   
15.3071    30.4824   
18.9950    11.8431   
7.2252     10.3444   

# Frame231

# x        y
5.7489     15.5914   
12.0202    23.1497   
12.4867    21.2100   
15.3071    30.4824   
18.9950    11.8431   
7.2252     10.3444   

# Frame232

# x        y
5.7550     15.5813   
12.0202    23.1497   
12.4867    21.2100   
15.3071    30.4824   
18.9950    11.8431   
7.2252     10.3444   

# Frame233

# x        y
5.7611     15.5714   
12.0202    23.1497   
12.4867    21.2100   
15.3071    30.4824   
18.9950    11.8431   
7.2252     10.3444   

# Frame234

# x        y
5.7670     15.5616   
12.0202    23.1497   
12.4867    21.2100   
15.3071    30.4824   
18.9950    11.8431   
7.2252     10.3444   

# Frame235

# x        y
5.7728     15.5520   
12.0202    23.1497   
12.4867    21.2100   
15.3071    30.4824   
18.9950    11.8431   
7.2252     10.3444   

# Frame236

# x        y
5.7786     15.5426   
12.0202    23.1497   
12.4867    21.2100   
15.3071    30.4824   
18.9950    11.8431   
7.2252     10.3444   

# Frame237

# x        y
5.7842     15.5333   
12.0202    23.1497   
12.4867    21.2100   
15.3071    30.4824   
18.9950    11.8431   
7.2252     10.3444   

# Frame238

# x        y
5.7898     15.5242   
12.0202    23.1497   
12.4867    21.2100   
15.3071    30.4824   
18.9950    11.8431   
7.2252     10.3444   

# Frame239

# x        y
5.7952     15.5152   
12.0202    23.1497   
12.4867    21.2100   
15.3071    30.4824   
18.9950    11.8431   
7.2252     10.3444   

# Frame240

# x        y
5.8006     15.5064   
12.0202    23.1497   
12.4867    21.2100   
15.3071    30.4824   
18.9950    11.8431   
7.2252     10.3444   

# Frame241

# x        y
5.8059     15.4977   
12.0202    23.1497   
12.4867    21.2100   
15.3071    30.4824   
18.9950    11.8431   
7.2252     10.3444   

# Frame242

# x        y
5.8111     15.4892   
12.0202    23.1497   
12.4867    21.2100   
15.3071    30.4824   
18.9950    11.8431   
7.2252     10.3444   

# Frame243

# x        y
5.8162     15.4808   
12.0202    23.1497   
12.4867    21.2100   
15.3071    30.4824   
18.9950    11.8431   
7.2252     10.3444   

# Frame244

# x        y
5.8212     15.4725   
12.0202    23.1497   
12.4867    21.2100   
15.3071    30.4824   
18.9950    11.8431   
7.2252     10.3444   

# Frame245

# x        y
5.8262     15.4644   
12.0202    23.1497   
12.4867    21.2100   
15.3071    30.4824   
18.9950    11.8431   
7.2252     10.3444   

# Frame246

# x        y
5.8310     15.4564   
12.0202    23.1497   
12.4867    21.2100   
15.3071    30.4824   
18.9950    11.8431   
7.2252     10.3444   

# Frame247

# x        y
5.8358     15.4486   
12.0202    23.1497   
12.4867    21.2100   
15.3071    30.4824   
18.9950    11.8431   
7.2252     10.3444   

# Frame248

# x        y
5.8405     15.4409   
12.0202    23.1497   
12.4867    21.2100   
15.3071    30.4824   
18.9950    11.8431   
7.2252     10.3444   

# Frame249

# x        y
5.8451     15.4333   
12.0202    23.1497   
12.4867    21.2100   
15.3071    30.4824   
18.9950    11.8431   
7.2252     10.3444   

# Frame250

# x        y
5.8496     15.4258   
12.0202    23.1497   
12.4867    21.2100   
15.3071    30.4824   
18.9950    11.8431   
7.2252     10.3444   

# Frame251

# x        y
5.8541     15.4185   
12.0202    23.1497   
12.4867    21.2100   
15.3071    30.4824   
18.9950    11.8431   
7.2252     10.3444   

# Frame252

# x        y
5.8585     15.4113   
12.0202    23.1497   
12.4867    21.2100   
15.3071    30.4824   
18.9950    11.8431   
7.2252     10.3444   

# Frame253

# x        y
5.8628     15.4042   
12.0202    23.1497   
12.4867    21.2100   
15.3071    30.4824   
18.9950    11.8431   
7.2252     10.3444   

# Frame254

# x        y
5.8671     15.3972   
12.0202    23.1497   
12.4867    21.2100   
15.3071    30.4824   
18.9950    11.8431   
7.2252     10.3444   

# Frame255

# x        y
5.8712     15.3903   
12.0202    23.1497   
12.4867    21.2100   
15.3071    30.4824   
18.9950    11.8431   
7.2252     10.3444   

# Frame256

# x        y
5.8753     15.3836   
12.0202    23.1497   
12.4867    21.2100   
15.3071    30.4824   
18.9950    11.8431   
7.2252     10.3444   

# Frame257

# x        y
5.8794     15.3769   
12.0202    23.1497   
12.4867    21.2100   
15.3071    30.4824   
18.9950    11.8431   
7.2252     10.3444   

# Frame258

# x        y
5.8833     15.3704   
12.0202    23.1497   
12.4867    21.2100   
15.3071    30.4824   
18.9950    11.8431   
7.2252     10.3444   

# Frame259

# x        y
5.8872     15.3640   
12.0202    23.1497   
12.4867    21.2100   
15.3071    30.4824   
18.9950    11.8431   
7.2252     10.3444   

# Frame260

# x        y
5.8911     15.3577   
12.0202    23.1497   
12.4867    21.2100   
15.3071    30.4824   
18.9950    11.8431   
7.2252     10.3444   

# Frame261

# x        y
5.8948     15.3515   
12.0202    23.1497   
12.4867    21.2100   
15.3071    30.4824   
18.9950    11.8431   
7.2252     10.3444   

# Frame262

# x        y
5.8986     15.3454   
12.0202    23.1497   
12.4867    21.2100   
15.3071    30.4824   
18.9950    11.8431   
7.2252     10.3444   

# Frame263

# x        y
5.9022     15.3394   
12.0202    23.1497   
12.4867    21.2100   
15.3071    30.4824   
18.9950    11.8431   
7.2252     10.3444   

# Frame264

# x        y
5.9058     15.3335   
12.0202    23.1497   
12.4867    21.2100   
15.3071    30.4824   
18.9950    11.8431   
7.2252     10.3444   

# Frame265

# x        y
5.9093     15.3277   
12.0202    23.1497   
12.4867    21.2100   
15.3071    30.4824   
18.9950    11.8431   
7.2252     10.3444   

# Frame266

# x        y
5.9128     15.3220   
12.0202    23.1497   
12.4867    21.2100   
15.3071    30.4824   
18.9950    11.8431   
7.2252     10.3444   

# Frame267

# x        y
5.9162     15.3164   
12.0202    23.1497   
12.4867    21.2100   
15.3071    30.4824   
18.9950    11.8431   
7.2252     10.3444   

# Frame268

# x        y
5.9196     15.3109   
12.0202    23.1497   
12.4867    21.2100   
15.3071    30.4824   
18.9950    11.8431   
7.2252     10.3444   

# Frame269

# x        y
5.9229     15.3055   
12.0202    23.1497   
12.4867    21.2100   
15.3071    30.4824   
18.9950    11.8431   
7.2252     10.3444   

# Frame270

# x        y
5.9261     15.3001   
12.0202    23.1497   
12.4867    21.2100   
15.3071    30.4824   
18.9950    11.8431   
7.2252     10.3444   

# Frame271

# x        y
5.9293     15.2949   
12.0202    23.1497   
12.4867    21.2100   
15.3071    30.4824   
18.9950    11.8431   
7.2252     10.3444   

# Frame272

# x        y
5.9324     15.2897   
12.0202    23.1497   
12.4867    21.2100   
15.3071    30.4824   
18.9950    11.8431   
7.2252     10.3444   

# Frame273

# x        y
5.9355     15.2847   
12.0202    23.1497   
12.4867    21.2100   
15.3071    30.4824   
18.9950    11.8431   
7.2252     10.3444   

# Frame274

# x        y
5.9385     15.2797   
12.0202    23.1497   
12.4867    21.2100   
15.3071    30.4824   
18.9950    11.8431   
7.2252     10.3444   

# Frame275

# x        y
5.9415     15.2748   
12.0202    23.1497   
12.4867    21.2100   
15.3071    30.4824   
18.9950    11.8431   
7.2252     10.3444   

# Frame276

# x        y
5.9445     15.2700   
12.0202    23.1497   
12.4867    21.2100   
15.3071    30.4824   
18.9950    11.8431   
7.2252     10.3444   

# Frame277

# x        y
5.9473     15.2652   
12.0202    23.1497   
12.4867    21.2100   
15.3071    30.4824   
18.9950    11.8431   
7.2252     10.3444   

# Frame278

# x        y
5.9502     15.2606   
12.0202    23.1497   
12.4867    21.2100   
15.3071    30.4824   
18.9950    11.8431   
7.2252     10.3444   

# Frame279

# x        y
5.9530     15.2560   
12.0202    23.1497   
12.4867    21.2100   
15.3071    30.4824   
18.9950    11.8431   
7.2252     10.3444   

# Frame280

# x        y
5.9557     15.2515   
12.0202    23.1497   
12.4867    21.2100   
15.3071    30.4824   
18.9950    11.8431   
7.2252     10.3444   

# Frame281

# x        y
5.9584     15.2470   
12.0202    23.1497   
12.4867    21.2100   
15.3071    30.4824   
18.9950    11.8431   
7.2252     10.3444   

# Frame282

# x        y
5.9611     15.2427   
12.0202    23.1497   
12.4867    21.2100   
15.3071    30.4824   
18.9950    11.8431   
7.2252     10.3444   

# Frame283

# x        y
5.9637     15.2384   
12.0202    23.1497   
12.4867    21.2100   
15.3071    30.4824   
18.9950    11.8431   
7.2252     10.3444   

# Frame284

# x        y
5.9662     15.2342   
12.0202    23.1497   
12.4867    21.2100   
15.3071    30.4824   
18.9950    11.8431   
7.2252     10.3444   

# Frame285

# x        y
5.9687     15.2300   
12.0202    23.1497   
12.4867    21.2100   
15.3071    30.4824   
18.9950    11.8431   
7.2252     10.3444   

# Frame286

# x        y
5.9712     15.2260   
12.0202    23.1497   
12.4867    21.2100   
15.3071    30.4824   
18.9950    11.8431   
7.2252     10.3444   

# Frame287

# x        y
5.9737     15.2220   
12.0202    23.1497   
12.4867    21.2100   
15.3071    30.4824   
18.9950    11.8431   
7.2252     10.3444   

# Frame288

# x        y
5.9761     15.2180   
12.0202    23.1497   
12.4867    21.2100   
15.3071    30.4824   
18.9950    11.8431   
7.2252     10.3444   

# Frame289

# x        y
5.9784     15.2141   
12.0202    23.1497   
12.4867    21.2100   
15.3071    30.4824   
18.9950    11.8431   
7.2252     10.3444   

# Frame290

# x        y
5.9807     15.2103   
12.0202    23.1497   
12.4867    21.2100   
15.3071    30.4824   
18.9950    11.8431   
7.2252     10.3444   

# Frame291

# x        y
5.9830     15.2066   
12.0202    23.1497   
12.4867    21.2100   
15.3071    30.4824   
18.9950    11.8431   
7.2252     10.3444   

# Frame292

# x        y
5.9853     15.2029   
12.0202    23.1497   
12.4867    21.2100   
15.3071    30.4824   
18.9950    11.8431   
7.2252     10.3444   

# Frame293

# x        y
5.9875     15.1993   
12.0202    23.1497   
12.4867    21.2100   
15.3071    30.4824   
18.9950    11.8431   
7.2252     10.3444   

# Frame294

# x        y
5.9896     15.1957   
12.0202    23.1497   
12.4867    21.2100   
15.3071    30.4824   
18.9950    11.8431   
7.2252     10.3444   

# Frame295

# x        y
5.9918     15.1922   
12.0202    23.1497   
12.4867    21.2100   
15.3071    30.4824   
18.9950    11.8431   
7.2252     10.3444   

# Frame296

# x        y
5.9939     15.1888   
12.0202    23.1497   
12.4867    21.2100   
15.3071    30.4824   
18.9950    11.8431   
7.2252     10.3444   

# Frame297

# x        y
5.9959     15.1854   
12.0202    23.1497   
12.4867    21.2100   
15.3071    30.4824   
18.9950    11.8431   
7.2252     10.3444   

# Frame298

# x        y
5.9979     15.1821   
12.0202    23.1497   
12.4867    21.2100   
15.3071    30.4824   
18.9950    11.8431   
7.2252     10.3444   

# Frame299

# x        y
5.9999     15.1788   
12.0202    23.1497   
12.4867    21.2100   
15.3071    30.4824   
18.9950    11.8431   
7.2252     10.3444   

# Frame300

# x        y
6.0019     15.1756   
12.0202    23.1497   
12.4867    21.2100   
15.3071    30.4824   
18.9950    11.8431   
7.2252     10.3444   

# Frame301

# x        y
6.0038     15.1724   
12.0202    23.1497   
12.4867    21.2100   
15.3071    30.4824   
18.9950    11.8431   
7.2252     10.3444   

# Frame302

# x        y
6.0057     15.1693   
12.0202    23.1497   
12.4867    21.2100   
15.3071    30.4824   
18.9950    11.8431   
7.2252     10.3444   

# Frame303

# x        y
6.0076     15.1662   
12.0202    23.1497   
12.4867    21.2100   
15.3071    30.4824   
18.9950    11.8431   
7.2252     10.3444   

# Frame304

# x        y
6.0094     15.1632   
12.0202    23.1497   
12.4867    21.2100   
15.3071    30.4824   
18.9950    11.8431   
7.2252     10.3444   

# Frame305

# x        y
6.0112     15.1603   
12.0202    23.1497   
12.4867    21.2100   
15.3071    30.4824   
18.9950    11.8431   
7.2252     10.3444   

# Frame306

# x        y
6.0130     15.1573   
12.0202    23.1497   
12.4867    21.2100   
15.3071    30.4824   
18.9950    11.8431   
7.2252     10.3444   

# Frame307

# x        y
6.0147     15.1545   
12.0202    23.1497   
12.4867    21.2100   
15.3071    30.4824   
18.9950    11.8431   
7.2252     10.3444   

# Frame308

# x        y
6.0164     15.1517   
12.0202    23.1497   
12.4867    21.2100   
15.3071    30.4824   
18.9950    11.8431   
7.2252     10.3444   

# Frame309

# x        y
6.0181     15.1489   
12.0202    23.1497   
12.4867    21.2100   
15.3071    30.4824   
18.9950    11.8431   
7.2252     10.3444   

# Frame310

# x        y
6.0198     15.1462   
12.0202    23.1497   
12.4867    21.2100   
15.3071    30.4824   
18.9950    11.8431   
7.2252     10.3444   

# Frame311

# x        y
6.0214     15.1435   
12.0202    23.1497   
12.4867    21.2100   
15.3071    30.4824   
18.9950    11.8431   
7.2252     10.3444   

# Frame312

# x        y
6.0230     15.1409   
12.0202    23.1497   
12.4867    21.2100   
15.3071    30.4824   
18.9950    11.8431   
7.2252     10.3444   

# Frame313

# x        y
6.0246     15.1383   
12.0202    23.1497   
12.4867    21.2100   
15.3071    30.4824   
18.9950    11.8431   
7.2252     10.3444   

# Frame314

# x        y
6.0261     15.1357   
12.0202    23.1497   
12.4867    21.2100   
15.3071    30.4824   
18.9950    11.8431   
7.2252     10.3444   

# Frame315

# x        y
6.0277     15.1332   
12.0202    23.1497   
12.4867    21.2100   
15.3071    30.4824   
18.9950    11.8431   
7.2252     10.3444   

# Frame316

# x        y
6.0291     15.1308   
12.0202    23.1497   
12.4867    21.2100   
15.3071    30.4824   
18.9950    11.8431   
7.2252     10.3444   

# Frame317

# x        y
6.0306     15.1283   
12.0202    23.1497   
12.4867    21.2100   
15.3071    30.4824   
18.9950    11.8431   
7.2252     10.3444   

# Frame318

# x        y
6.0321     15.1260   
12.0202    23.1497   
12.4867    21.2100   
15.3071    30.4824   
18.9950    11.8431   
7.2252     10.3444   

# Frame319

# x        y
6.0335     15.1236   
12.0202    23.1497   
12.4867    21.2100   
15.3071    30.4824   
18.9950    11.8431   
7.2252     10.3444   

# Frame320

# x        y
6.0349     15.1213   
12.0202    23.1497   
12.4867    21.2100   
15.3071    30.4824   
18.9950    11.8431   
7.2252     10.3444   

# Frame321

# x        y
6.0363     15.1191   
12.0202    23.1497   
12.4867    21.2100   
15.3071    30.4824   
18.9950    11.8431   
7.2252     10.3444   

# Frame322

# x        y
6.0376     15.1168   
12.0202    23.1497   
12.4867    21.2100   
15.3071    30.4824   
18.9950    11.8431   
7.2252     10.3444   

# Frame323

# x        y
6.0390     15.1147   
12.0202    23.1497   
12.4867    21.2100   
15.3071    30.4824   
18.9950    11.8431   
7.2252     10.3444   

# Frame324

# x        y
6.0403     15.1125   
12.0202    23.1497   
12.4867    21.2100   
15.3071    30.4824   
18.9950    11.8431   
7.2252     10.3444   

# Frame325

# x        y
6.0415     15.1104   
12.0202    23.1497   
12.4867    21.2100   
15.3071    30.4824   
18.9950    11.8431   
7.2252     10.3444   

# Frame326

# x        y
6.0428     15.1083   
12.0202    23.1497   
12.4867    21.2100   
15.3071    30.4824   
18.9950    11.8431   
7.2252     10.3444   

# Frame327

# x        y
6.0441     15.1063   
12.0202    23.1497   
12.4867    21.2100   
15.3071    30.4824   
18.9950    11.8431   
7.2252     10.3444   

# Frame328

# x        y
6.0453     15.1042   
12.0202    23.1497   
12.4867    21.2100   
15.3071    30.4824   
18.9950    11.8431   
7.2252     10.3444   

# Frame329

# x        y
6.0465     15.1023   
12.0202    23.1497   
12.4867    21.2100   
15.3071    30.4824   
18.9950    11.8431   
7.2252     10.3444   

# Frame330

# x        y
6.0477     15.1003   
12.0202    23.1497   
12.4867    21.2100   
15.3071    30.4824   
18.9950    11.8431   
7.2252     10.3444   

# Frame331

# x        y
6.0488     15.0984   
12.0202    23.1497   
12.4867    21.2100   
15.3071    30.4824   
18.9950    11.8431   
7.2252     10.3444   

# Frame332

# x        y
6.0500     15.0965   
12.0202    23.1497   
12.4867    21.2100   
15.3071    30.4824   
18.9950    11.8431   
7.2252     10.3444   

# Frame333

# x        y
6.0511     15.0947   
12.0202    23.1497   
12.4867    21.2100   
15.3071    30.4824   
18.9950    11.8431   
7.2252     10.3444   

# Frame334

# x        y
6.0522     15.0929   
12.0202    23.1497   
12.4867    21.2100   
15.3071    30.4824   
18.9950    11.8431   
7.2252     10.3444   

# Frame335

# x        y
6.0533     15.0911   
12.0202    23.1497   
12.4867    21.2100   
15.3071    30.4824   
18.9950    11.8431   
7.2252     10.3444   

# Frame336

# x        y
6.0544     15.0893   
12.0202    23.1497   
12.4867    21.2100   
15.3071    30.4824   
18.9950    11.8431   
7.2252     10.3444   

# Frame337

# x        y
6.0554     15.0876   
12.0202    23.1497   
12.4867    21.2100   
15.3071    30.4824   
18.9950    11.8431   
7.2252     10.3444   

# Frame338

# x        y
6.0565     15.0859   
12.0202    23.1497   
12.4867    21.2100   
15.3071    30.4824   
18.9950    11.8431   
7.2252     10.3444   

# Frame339

# x        y
6.0575     15.0842   
12.0202    23.1497   
12.4867    21.2100   
15.3071    30.4824   
18.9950    11.8431   
7.2252     10.3444   

# Frame340

# x        y
6.0585     15.0826   
12.0202    23.1497   
12.4867    21.2100   
15.3071    30.4824   
18.9950    11.8431   
7.2252     10.3444   

# Frame341

# x        y
6.0595     15.0810   
12.0202    23.1497   
12.4867    21.2100   
15.3071    30.4824   
18.9950    11.8431   
7.2252     10.3444   

# Frame342

# x        y
6.0604     15.0794   
12.0202    23.1497   
12.4867    21.2100   
15.3071    30.4824   
18.9950    11.8431   
7.2252     10.3444   

# Frame343

# x        y
6.0614     15.0778   
12.0202    23.1497   
12.4867    21.2100   
15.3071    30.4824   
18.9950    11.8431   
7.2252     10.3444   

# Frame344

# x        y
6.0623     15.0763   
12.0202    23.1497   
12.4867    21.2100   
15.3071    30.4824   
18.9950    11.8431   
7.2252     10.3444   

# Frame345

# x        y
6.0632     15.0748   
12.0202    23.1497   
12.4867    21.2100   
15.3071    30.4824   
18.9950    11.8431   
7.2252     10.3444   

# Frame346

# x        y
6.0641     15.0733   
12.0202    23.1497   
12.4867    21.2100   
15.3071    30.4824   
18.9950    11.8431   
7.2252     10.3444   

# Frame347

# x        y
6.0650     15.0718   
12.0202    23.1497   
12.4867    21.2100   
15.3071    30.4824   
18.9950    11.8431   
7.2252     10.3444   

# Frame348

# x        y
6.0659     15.0704   
12.0202    23.1497   
12.4867    21.2100   
15.3071    30.4824   
18.9950    11.8431   
7.2252     10.3444   

# Frame349

# x        y
6.0668     15.0690   
12.0202    23.1497   
12.4867    21.2100   
15.3071    30.4824   
18.9950    11.8431   
7.2252     10.3444   

# Frame350

# x        y
6.0676     15.0676   
12.0202    23.1497   
12.4867    21.2100   
15.3071    30.4824   
18.9950    11.8431   
7.2252     10.3444   

# Frame351

# x        y
6.0684     15.0662   
12.0202    23.1497   
12.4867    21.2100   
15.3071    30.4824   
18.9950    11.8431   
7.2252     10.3444   

# Frame352

# x        y
6.0693     15.0649   
12.0202    23.1497   
12.4867    21.2100   
15.3071    30.4824   
18.9950    11.8431   
7.2252     10.3444   

# Frame353

# x        y
6.0701     15.0635   
12.0202    23.1497   
12.4867    21.2100   
15.3071    30.4824   
18.9950    11.8431   
7.2252     10.3444   

# Frame354

# x        y
6.0708     15.0622   
12.0202    23.1497   
12.4867    21.2100   
15.3071    30.4824   
18.9950    11.8431   
7.2252     10.3444   

# Frame355

# x        y
6.0716     15.0610   
12.0202    23.1497   
12.4867    21.2100   
15.3071    30.4824   
18.9950    11.8431   
7.2252     10.3444   

# Frame356

# x        y
6.0724     15.0597   
12.0202    23.1497   
12.4867    21.2100   
15.3071    30.4824   
18.9950    11.8431   
7.2252     10.3444   

# Frame357

# x        y
6.0731     15.0585   
12.0202    23.1497   
12.4867    21.2100   
15.3071    30.4824   
18.9950    11.8431   
7.2252     10.3444   

# Frame358

# x        y
6.0739     15.0573   
12.0202    23.1497   
12.4867    21.2100   
15.3071    30.4824   
18.9950    11.8431   
7.2252     10.3444   

# Frame359

# x        y
6.0746     15.0561   
12.0202    23.1497   
12.4867    21.2100   
15.3071    30.4824   
18.9950    11.8431   
7.2252     10.3444   

# Frame360

# x        y
6.0753     15.0549   
12.0202    23.1497   
12.4867    21.2100   
15.3071    30.4824   
18.9950    11.8431   
7.2252     10.3444   

# Frame361

# x        y
6.0760     15.0537   
12.0202    23.1497   
12.4867    21.2100   
15.3071    30.4824   
18.9950    11.8431   
7.2252     10.3444   

# Frame362

# x        y
6.0767     15.0526   
12.0202    23.1497   
12.4867    21.2100   
15.3071    30.4824   
18.9950    11.8431   
7.2252     10.3444   

# Frame363

# x        y
6.0774     15.0515   
12.0202    23.1497   
12.4867    21.2100   
15.3071    30.4824   
18.9950    11.8431   
7.2252     10.3444   

# Frame364

# x        y
6.0781     15.0504   
12.0202    23.1497   
12.4867    21.2100   
15.3071    30.4824   
18.9950    11.8431   
7.2252     10.3444   

# Frame365

# x        y
6.0787     15.0493   
12.0202    23.1497   
12.4867    21.2100   
15.3071    30.4824   
18.9950    11.8431   
7.2252     10.3444   

# Frame366

# x        y
6.0794     15.0482   
12.0202    23.1497   
12.4867    21.2100   
15.3071    30.4824   
18.9950    11.8431   
7.2252     10.3444   

# Frame367

# x        y
6.0800     15.0472   
12.0202    23.1497   
12.4867    21.2100   
15.3071    30.4824   
18.9950    11.8431   
7.2252     10.3444   

# Frame368

# x        y
6.0806     15.0462   
12.0202    23.1497   
12.4867    21.2100   
15.3071    30.4824   
18.9950    11.8431   
7.2252     10.3444   

# Frame369

# x        y
6.0812     15.0452   
12.0202    23.1497   
12.4867    21.2100   
15.3071    30.4824   
18.9950    11.8431   
7.2252     10.3444   

# Frame370

# x        y
6.0818     15.0442   
12.0202    23.1497   
12.4867    21.2100   
15.3071    30.4824   
18.9950    11.8431   
7.2252     10.3444   

# Frame371

# x        y
6.0824     15.0432   
12.0202    23.1497   
12.4867    21.2100   
15.3071    30.4824   
18.9950    11.8431   
7.2252     10.3444   

# Frame372

# x        y
6.0830     15.0422   
12.0202    23.1497   
12.4867    21.2100   
15.3071    30.4824   
18.9950    11.8431   
7.2252     10.3444   

# Frame373

# x        y
6.0836     15.0413   
12.0202    23.1497   
12.4867    21.2100   
15.3071    30.4824   
18.9950    11.8431   
7.2252     10.3444   

# Frame374

# x        y
6.0842     15.0404   
12.0202    23.1497   
12.4867    21.2100   
15.3071    30.4824   
18.9950    11.8431   
7.2252     10.3444   

# Frame375

# x        y
6.0847     15.0394   
12.0202    23.1497   
12.4867    21.2100   
15.3071    30.4824   
18.9950    11.8431   
7.2252     10.3444   

# Frame376

# x        y
6.0853     15.0385   
12.0202    23.1497   
12.4867    21.2100   
15.3071    30.4824   
18.9950    11.8431   
7.2252     10.3444   

# Frame377

# x        y
6.0858     15.0377   
12.0202    23.1497   
12.4867    21.2100   
15.3071    30.4824   
18.9950    11.8431   
7.2252     10.3444   

# Frame378

# x        y
6.0863     15.0368   
12.0202    23.1497   
12.4867    21.2100   
15.3071    30.4824   
18.9950    11.8431   
7.2252     10.3444   

# Frame379

# x        y
6.0868     15.0359   
12.0202    23.1497   
12.4867    21.2100   
15.3071    30.4824   
18.9950    11.8431   
7.2252     10.3444   

# Frame380

# x        y
6.0874     15.0351   
12.0202    23.1497   
12.4867    21.2100   
15.3071    30.4824   
18.9950    11.8431   
7.2252     10.3444   

# Frame381

# x        y
6.0879     15.0343   
12.0202    23.1497   
12.4867    21.2100   
15.3071    30.4824   
18.9950    11.8431   
7.2252     10.3444   

# Frame382

# x        y
6.0884     15.0335   
12.0202    23.1497   
12.4867    21.2100   
15.3071    30.4824   
18.9950    11.8431   
7.2252     10.3444   

# Frame383

# x        y
6.0888     15.0327   
12.0202    23.1497   
12.4867    21.2100   
15.3071    30.4824   
18.9950    11.8431   
7.2252     10.3444   

# Frame384

# x        y
6.0893     15.0319   
12.0202    23.1497   
12.4867    21.2100   
15.3071    30.4824   
18.9950    11.8431   
7.2252     10.3444   

# Frame385

# x        y
6.0898     15.0311   
12.0202    23.1497   
12.4867    21.2100   
15.3071    30.4824   
18.9950    11.8431   
7.2252     10.3444   

# Frame386

# x        y
6.0902     15.0304   
12.0202    23.1497   
12.4867    21.2100   
15.3071    30.4824   
18.9950    11.8431   
7.2252     10.3444   

# Frame387

# x        y
6.0907     15.0296   
12.0202    23.1497   
12.4867    21.2100   
15.3071    30.4824   
18.9950    11.8431   
7.2252     10.3444   

# Frame388

# x        y
6.0911     15.0289   
12.0202    23.1497   
12.4867    21.2100   
15.3071    30.4824   
18.9950    11.8431   
7.2252     10.3444   

# Frame389

# x        y
6.0916     15.0281   
12.0202    23.1497   
12.4867    21.2100   
15.3071    30.4824   
18.9950    11.8431   
7.2252     10.3444   

# Frame390

# x        y
6.0920     15.0274   
12.0202    23.1497   
12.4867    21.2100   
15.3071    30.4824   
18.9950    11.8431   
7.2252     10.3444   

# Frame391

# x        y
6.0924     15.0267   
12.0202    23.1497   
12.4867    21.2100   
15.3071    30.4824   
18.9950    11.8431   
7.2252     10.3444   

# Frame392

# x        y
6.0929     15.0261   
12.0202    23.1497   
12.4867    21.2100   
15.3071    30.4824   
18.9950    11.8431   
7.2252     10.3444   

# Frame393

# x        y
6.0933     15.0254   
12.0202    23.1497   
12.4867    21.2100   
15.3071    30.4824   
18.9950    11.8431   
7.2252     10.3444   

# Frame394

# x        y
6.0937     15.0247   
12.0202    23.1497   
12.4867    21.2100   
15.3071    30.4824   
18.9950    11.8431   
7.2252     10.3444   

# Frame395

# x        y
6.0941     15.0241   
12.0202    23.1497   
12.4867    21.2100   
15.3071    30.4824   
18.9950    11.8431   
7.2252     10.3444   

# Frame396

# x        y
6.0945     15.0234   
12.0202    23.1497   
12.4867    21.2100   
15.3071    30.4824   
18.9950    11.8431   
7.2252     10.3444   

# Frame397

# x        y
6.0948     15.0228   
12.0202    23.1497   
12.4867    21.2100   
15.3071    30.4824   
18.9950    11.8431   
7.2252     10.3444   

# Frame398

# x        y
6.0952     15.0222   
12.0202    23.1497   
12.4867    21.2100   
15.3071    30.4824   
18.9950    11.8431   
7.2252     10.3444   

# Frame399

# x        y
6.0956     15.0216   
12.0202    23.1497   
12.4867    21.2100   
15.3071    30.4824   
18.9950    11.8431   
7.2252     10.3444   

# Frame400

# x        y
6.0960     15.0210   
12.0202    23.1497   
12.4867    21.2100   
15.3071    30.4824   
18.9950    11.8431   
7.2252     10.3444   

# Frame401

# x        y
6.0963     15.0204   
12.0202    23.1497   
12.4867    21.2100   
15.3071    30.4824   
18.9950    11.8431   
7.2252     10.3444   

# Frame402

# x        y
6.0967     15.0198   
12.0202    23.1497   
12.4867    21.2100   
15.3071    30.4824   
18.9950    11.8431   
7.2252     10.3444   

# Frame403

# x        y
6.0970     15.0192   
12.0202    23.1497   
12.4867    21.2100   
15.3071    30.4824   
18.9950    11.8431   
7.2252     10.3444   

# Frame404

# x        y
6.0974     15.0187   
12.0202    23.1497   
12.4867    21.2100   
15.3071    30.4824   
18.9950    11.8431   
7.2252     10.3444   

# Frame405

# x        y
6.0977     15.0181   
12.0202    23.1497   
12.4867    21.2100   
15.3071    30.4824   
18.9950    11.8431   
7.2252     10.3444   

# Frame406

# x        y
6.0980     15.0176   
12.0202    23.1497   
12.4867    21.2100   
15.3071    30.4824   
18.9950    11.8431   
7.2252     10.3444   

# Frame407

# x        y
6.0983     15.0170   
12.0202    23.1497   
12.4867    21.2100   
15.3071    30.4824   
18.9950    11.8431   
7.2252     10.3444   

# Frame408

# x        y
6.0987     15.0165   
12.0202    23.1497   
12.4867    21.2100   
15.3071    30.4824   
18.9950    11.8431   
7.2252     10.3444   

# Frame409

# x        y
6.0990     15.0160   
12.0202    23.1497   
12.4867    21.2100   
15.3071    30.4824   
18.9950    11.8431   
7.2252     10.3444   

# Frame410

# x        y
6.0993     15.0155   
12.0202    23.1497   
12.4867    21.2100   
15.3071    30.4824   
18.9950    11.8431   
7.2252     10.3444   

# Frame411

# x        y
6.0996     15.0150   
12.0202    23.1497   
12.4867    21.2100   
15.3071    30.4824   
18.9950    11.8431   
7.2252     10.3444   

# Frame412

# x        y
6.0999     15.0145   
12.0202    23.1497   
12.4867    21.2100   
15.3071    30.4824   
18.9950    11.8431   
7.2252     10.3444   

# Frame413

# x        y
6.1002     15.0140   
12.0202    23.1497   
12.4867    21.2100   
15.3071    30.4824   
18.9950    11.8431   
7.2252     10.3444   

# Frame414

# x        y
6.1005     15.0135   
12.0202    23.1497   
12.4867    21.2100   
15.3071    30.4824   
18.9950    11.8431   
7.2252     10.3444   

# Frame415

# x        y
6.1008     15.0131   
12.0202    23.1497   
12.4867    21.2100   
15.3071    30.4824   
18.9950    11.8431   
7.2252     10.3444   

# Frame416

# x        y
6.1010     15.0126   
12.0202    23.1497   
12.4867    21.2100   
15.3071    30.4824   
18.9950    11.8431   
7.2252     10.3444   

# Frame417

# x        y
6.1013     15.0122   
12.0202    23.1497   
12.4867    21.2100   
15.3071    30.4824   
18.9950    11.8431   
7.2252     10.3444   

# Frame418

# x        y
6.1016     15.0117   
12.0202    23.1497   
12.4867    21.2100   
15.3071    30.4824   
18.9950    11.8431   
7.2252     10.3444   

# Frame419

# x        y
6.1018     15.0113   
12.0202    23.1497   
12.4867    21.2100   
15.3071    30.4824   
18.9950    11.8431   
7.2252     10.3444   

# Frame420

# x        y
6.1021     15.0109   
12.0202    23.1497   
12.4867    21.2100   
15.3071    30.4824   
18.9950    11.8431   
7.2252     10.3444   

# Frame421

# x        y
6.1024     15.0104   
12.0202    23.1497   
12.4867    21.2100   
15.3071    30.4824   
18.9950    11.8431   
7.2252     10.3444   

# Frame422

# x        y
6.1026     15.0100   
12.0202    23.1497   
12.4867    21.2100   
15.3071    30.4824   
18.9950    11.8431   
7.2252     10.3444   

# Frame423

# x        y
6.1029     15.0096   
12.0202    23.1497   
12.4867    21.2100   
15.3071    30.4824   
18.9950    11.8431   
7.2252     10.3444   

# Frame424

# x        y
6.1031     15.0092   
12.0202    23.1497   
12.4867    21.2100   
15.3071    30.4824   
18.9950    11.8431   
7.2252     10.3444   

# Frame425

# x        y
6.1033     15.0088   
12.0202    23.1497   
12.4867    21.2100   
15.3071    30.4824   
18.9950    11.8431   
7.2252     10.3444   

# Frame426

# x        y
6.1036     15.0084   
12.0202    23.1497   
12.4867    21.2100   
15.3071    30.4824   
18.9950    11.8431   
7.2252     10.3444   

# Frame427

# x        y
6.1038     15.0081   
12.0202    23.1497   
12.4867    21.2100   
15.3071    30.4824   
18.9950    11.8431   
7.2252     10.3444   

# Frame428

# x        y
6.1040     15.0077   
12.0202    23.1497   
12.4867    21.2100   
15.3071    30.4824   
18.9950    11.8431   
7.2252     10.3444   

# Frame429

# x        y
6.1043     15.0073   
12.0202    23.1497   
12.4867    21.2100   
15.3071    30.4824   
18.9950    11.8431   
7.2252     10.3444   

# Frame430

# x        y
6.1045     15.0070   
12.0202    23.1497   
12.4867    21.2100   
15.3071    30.4824   
18.9950    11.8431   
7.2252     10.3444   

# Frame431

# x        y
6.1047     15.0066   
12.0202    23.1497   
12.4867    21.2100   
15.3071    30.4824   
18.9950    11.8431   
7.2252     10.3444   

# Frame432

# x        y
6.1049     15.0062   
12.0202    23.1497   
12.4867    21.2100   
15.3071    30.4824   
18.9950    11.8431   
7.2252     10.3444   

# Frame433

# x        y
6.1051     15.0059   
12.0202    23.1497   
12.4867    21.2100   
15.3071    30.4824   
18.9950    11.8431   
7.2252     10.3444   

# Frame434

# x        y
6.1053     15.0056   
12.0202    23.1497   
12.4867    21.2100   
15.3071    30.4824   
18.9950    11.8431   
7.2252     10.3444   

# Frame435

# x        y
6.1055     15.0052   
12.0202    23.1497   
12.4867    21.2100   
15.3071    30.4824   
18.9950    11.8431   
7.2252     10.3444   

# Frame436

# x        y
6.1057     15.0049   
12.0202    23.1497   
12.4867    21.2100   
15.3071    30.4824   
18.9950    11.8431   
7.2252     10.3444   

# Frame437

# x        y
6.1059     15.0046   
12.0202    23.1497   
12.4867    21.2100   
15.3071    30.4824   
18.9950    11.8431   
7.2252     10.3444   

# Frame438

# x        y
6.1061     15.0043   
12.0202    23.1497   
12.4867    21.2100   
15.3071    30.4824   
18.9950    11.8431   
7.2252     10.3444   

# Frame439

# x        y
6.1063     15.0040   
12.0202    23.1497   
12.4867    21.2100   
15.3071    30.4824   
18.9950    11.8431   
7.2252     10.3444   

# Frame440

# x        y
6.1065     15.0036   
12.0202    23.1497   
12.4867    21.2100   
15.3071    30.4824   
18.9950    11.8431   
7.2252     10.3444   

# Frame441

# x        y
6.1067     15.0033   
12.0202    23.1497   
12.4867    21.2100   
15.3071    30.4824   
18.9950    11.8431   
7.2252     10.3444   

# Frame442

# x        y
6.1069     15.0030   
12.0202    23.1497   
12.4867    21.2100   
15.3071    30.4824   
18.9950    11.8431   
7.2252     10.3444   

# Frame443

# x        y
6.1070     15.0028   
12.0202    23.1497   
12.4867    21.2100   
15.3071    30.4824   
18.9950    11.8431   
7.2252     10.3444   

# Frame444

# x        y
6.1072     15.0025   
12.0202    23.1497   
12.4867    21.2100   
15.3071    30.4824   
18.9950    11.8431   
7.2252     10.3444   

# Frame445

# x        y
6.1074     15.0022   
12.0202    23.1497   
12.4867    21.2100   
15.3071    30.4824   
18.9950    11.8431   
7.2252     10.3444   

# Frame446

# x        y
6.1075     15.0019   
12.0202    23.1497   
12.4867    21.2100   
15.3071    30.4824   
18.9950    11.8431   
7.2252     10.3444   

# Frame447

# x        y
6.1077     15.0016   
12.0202    23.1497   
12.4867    21.2100   
15.3071    30.4824   
18.9950    11.8431   
7.2252     10.3444   

# Frame448

# x        y
6.1079     15.0014   
12.0202    23.1497   
12.4867    21.2100   
15.3071    30.4824   
18.9950    11.8431   
7.2252     10.3444   

# Frame449

# x        y
6.1080     15.0011   
12.0202    23.1497   
12.4867    21.2100   
15.3071    30.4824   
18.9950    11.8431   
7.2252     10.3444   

# Frame450

# x        y
6.1082     15.0009   
12.0202    23.1497   
12.4867    21.2100   
15.3071    30.4824   
18.9950    11.8431   
7.2252     10.3444   

# Frame451

# x        y
6.1083     15.0006   
12.0202    23.1497   
12.4867    21.2100   
15.3071    30.4824   
18.9950    11.8431   
7.2252     10.3444   

# Frame452

# x        y
6.1085     15.0003   
12.0202    23.1497   
12.4867    21.2100   
15.3071    30.4824   
18.9950    11.8431   
7.2252     10.3444   

# Frame453

# x        y
6.1087     15.0001   
12.0202    23.1497   
12.4867    21.2100   
15.3071    30.4824   
18.9950    11.8431   
7.2252     10.3444   

# Frame454

# x        y
6.1088     14.9999   
12.0202    23.1497   
12.4867    21.2100   
15.3071    30.4824   
18.9950    11.8431   
7.2252     10.3444   

# Frame455

# x        y
6.1089     14.9996   
12.0202    23.1497   
12.4867    21.2100   
15.3071    30.4824   
18.9950    11.8431   
7.2252     10.3444   

# Frame456

# x        y
6.1091     14.9994   
12.0202    23.1497   
12.4867    21.2100   
15.3071    30.4824   
18.9950    11.8431   
7.2252     10.3444   

# Frame457

# x        y
6.1092     14.9992   
12.0202    23.1497   
12.4867    21.2100   
15.3071    30.4824   
18.9950    11.8431   
7.2252     10.3444   

# Frame458

# x        y
6.1094     14.9989   
12.0202    23.1497   
12.4867    21.2100   
15.3071    30.4824   
18.9950    11.8431   
7.2252     10.3444   

# Frame459

# x        y
6.1095     14.9987   
12.0202    23.1497   
12.4867    21.2100   
15.3071    30.4824   
18.9950    11.8431   
7.2252     10.3444   

# Frame460

# x        y
6.1096     14.9985   
12.0202    23.1497   
12.4867    21.2100   
15.3071    30.4824   
18.9950    11.8431   
7.2252     10.3444   

# Frame461

# x        y
6.1098     14.9983   
12.0202    23.1497   
12.4867    21.2100   
15.3071    30.4824   
18.9950    11.8431   
7.2252     10.3444   

# Frame462

# x        y
6.1099     14.9981   
12.0202    23.1497   
12.4867    21.2100   
15.3071    30.4824   
18.9950    11.8431   
7.2252     10.3444   

# Frame463

# x        y
6.1100     14.9979   
12.0202    23.1497   
12.4867    21.2100   
15.3071    30.4824   
18.9950    11.8431   
7.2252     10.3444   

# Frame464

# x        y
6.1101     14.9977   
12.0202    23.1497   
12.4867    21.2100   
15.3071    30.4824   
18.9950    11.8431   
7.2252     10.3444   

# Frame465

# x        y
6.1103     14.9975   
12.0202    23.1497   
12.4867    21.2100   
15.3071    30.4824   
18.9950    11.8431   
7.2252     10.3444   

# Frame466

# x        y
6.1104     14.9973   
12.0202    23.1497   
12.4867    21.2100   
15.3071    30.4824   
18.9950    11.8431   
7.2252     10.3444   

# Frame467

# x        y
6.1105     14.9971   
12.0202    23.1497   
12.4867    21.2100   
15.3071    30.4824   
18.9950    11.8431   
7.2252     10.3444   

# Frame468

# x        y
6.1106     14.9969   
12.0202    23.1497   
12.4867    21.2100   
15.3071    30.4824   
18.9950    11.8431   
7.2252     10.3444   

# Frame469

# x        y
6.1107     14.9967   
12.0202    23.1497   
12.4867    21.2100   
15.3071    30.4824   
18.9950    11.8431   
7.2252     10.3444   

# Frame470

# x        y
6.1108     14.9965   
12.0202    23.1497   
12.4867    21.2100   
15.3071    30.4824   
18.9950    11.8431   
7.2252     10.3444   

# Frame471

# x        y
6.1110     14.9963   
12.0202    23.1497   
12.4867    21.2100   
15.3071    30.4824   
18.9950    11.8431   
7.2252     10.3444   

# Frame472

# x        y
6.1111     14.9961   
12.0202    23.1497   
12.4867    21.2100   
15.3071    30.4824   
18.9950    11.8431   
7.2252     10.3444   

# Frame473

# x        y
6.1112     14.9960   
12.0202    23.1497   
12.4867    21.2100   
15.3071    30.4824   
18.9950    11.8431   
7.2252     10.3444   

# Frame474

# x        y
6.1113     14.9958   
12.0202    23.1497   
12.4867    21.2100   
15.3071    30.4824   
18.9950    11.8431   
7.2252     10.3444   

# Frame475

# x        y
6.1114     14.9956   
12.0202    23.1497   
12.4867    21.2100   
15.3071    30.4824   
18.9950    11.8431   
7.2252     10.3444   

# Frame476

# x        y
6.1115     14.9955   
12.0202    23.1497   
12.4867    21.2100   
15.3071    30.4824   
18.9950    11.8431   
7.2252     10.3444   

# Frame477

# x        y
6.1116     14.9953   
12.0202    23.1497   
12.4867    21.2100   
15.3071    30.4824   
18.9950    11.8431   
7.2252     10.3444   

# Frame478

# x        y
6.1117     14.9951   
12.0202    23.1497   
12.4867    21.2100   
15.3071    30.4824   
18.9950    11.8431   
7.2252     10.3444   

# Frame479

# x        y
6.1118     14.9950   
12.0202    23.1497   
12.4867    21.2100   
15.3071    30.4824   
18.9950    11.8431   
7.2252     10.3444   

# Frame480

# x        y
6.1119     14.9948   
12.0202    23.1497   
12.4867    21.2100   
15.3071    30.4824   
18.9950    11.8431   
7.2252     10.3444   

# Frame481

# x        y
6.1120     14.9947   
12.0202    23.1497   
12.4867    21.2100   
15.3071    30.4824   
18.9950    11.8431   
7.2252     10.3444   

# Frame482

# x        y
6.1121     14.9945   
12.0202    23.1497   
12.4867    21.2100   
15.3071    30.4824   
18.9950    11.8431   
7.2252     10.3444   

# Frame483

# x        y
6.1121     14.9944   
12.0202    23.1497   
12.4867    21.2100   
15.3071    30.4824   
18.9950    11.8431   
7.2252     10.3444   

# Frame484

# x        y
6.1122     14.9942   
12.0202    23.1497   
12.4867    21.2100   
15.3071    30.4824   
18.9950    11.8431   
7.2252     10.3444   

# Frame485

# x        y
6.1123     14.9941   
12.0202    23.1497   
12.4867    21.2100   
15.3071    30.4824   
18.9950    11.8431   
7.2252     10.3444   

# Frame486

# x        y
6.1124     14.9939   
12.0202    23.1497   
12.4867    21.2100   
15.3071    30.4824   
18.9950    11.8431   
7.2252     10.3444   

# Frame487

# x        y
6.1125     14.9938   
12.0202    23.1497   
12.4867    21.2100   
15.3071    30.4824   
18.9950    11.8431   
7.2252     10.3444   

# Frame488

# x        y
6.1126     14.9936   
12.0202    23.1497   
12.4867    21.2100   
15.3071    30.4824   
18.9950    11.8431   
7.2252     10.3444   

# Frame489

# x        y
6.1127     14.9935   
12.0202    23.1497   
12.4867    21.2100   
15.3071    30.4824   
18.9950    11.8431   
7.2252     10.3444   

# Frame490

# x        y
6.1127     14.9934   
12.0202    23.1497   
12.4867    21.2100   
15.3071    30.4824   
18.9950    11.8431   
7.2252     10.3444   

# Frame491

# x        y
6.1128     14.9933   
12.0202    23.1497   
12.4867    21.2100   
15.3071    30.4824   
18.9950    11.8431   
7.2252     10.3444   

# Frame492

# x        y
6.1129     14.9931   
12.0202    23.1497   
12.4867    21.2100   
15.3071    30.4824   
18.9950    11.8431   
7.2252     10.3444   

# Frame493

# x        y
6.1130     14.9930   
12.0202    23.1497   
12.4867    21.2100   
15.3071    30.4824   
18.9950    11.8431   
7.2252     10.3444   

# Frame494

# x        y
6.1130     14.9929   
12.0202    23.1497   
12.4867    21.2100   
15.3071    30.4824   
18.9950    11.8431   
7.2252     10.3444   

# Frame495

# x        y
6.1131     14.9928   
12.0202    23.1497   
12.4867    21.2100   
15.3071    30.4824   
18.9950    11.8431   
7.2252     10.3444   

# Frame496

# x        y
6.1132     14.9926   
12.0202    23.1497   
12.4867    21.2100   
15.3071    30.4824   
18.9950    11.8431   
7.2252     10.3444   

# Frame497

# x        y
6.1133     14.9925   
12.0202    23.1497   
12.4867    21.2100   
15.3071    30.4824   
18.9950    11.8431   
7.2252     10.3444   

# Frame498

# x        y
6.1133     14.9924   
12.0202    23.1497   
12.4867    21.2100   
15.3071    30.4824   
18.9950    11.8431   
7.2252     10.3444   

# Frame499

# x        y
6.1134     14.9923   
12.0202    23.1497   
12.4867    21.2100   
15.3071    30.4824   
18.9950    11.8431   
7.2252     10.3444   

# Frame500

# x        y
6.1135     14.9922   
12.0202    23.1497   
12.4867    21.2100   
15.3071    30.4824   
18.9950    11.8431   
7.2252     10.3444   

# Frame501

# x        y
6.1135     14.9921   
12.0202    23.1497   
12.4867    21.2100   
15.3071    30.4824   
18.9950    11.8431   
7.2252     10.3444   

# Frame502

# x        y
6.1136     14.9920   
12.0202    23.1497   
12.4867    21.2100   
15.3071    30.4824   
18.9950    11.8431   
7.2252     10.3444   

# Frame503

# x        y
6.1137     14.9919   
12.0202    23.1497   
12.4867    21.2100   
15.3071    30.4824   
18.9950    11.8431   
7.2252     10.3444   

# Frame504

# x        y
6.1137     14.9917   
12.0202    23.1497   
12.4867    21.2100   
15.3071    30.4824   
18.9950    11.8431   
7.2252     10.3444   

# Frame505

# x        y
6.1138     14.9916   
12.0202    23.1497   
12.4867    21.2100   
15.3071    30.4824   
18.9950    11.8431   
7.2252     10.3444   

# Frame506

# x        y
6.1139     14.9915   
12.0202    23.1497   
12.4867    21.2100   
15.3071    30.4824   
18.9950    11.8431   
7.2252     10.3444   

# Frame507

# x        y
6.1139     14.9914   
12.0202    23.1497   
12.4867    21.2100   
15.3071    30.4824   
18.9950    11.8431   
7.2252     10.3444   

# Frame508

# x        y
6.1140     14.9913   
12.0202    23.1497   
12.4867    21.2100   
15.3071    30.4824   
18.9950    11.8431   
7.2252     10.3444   

# Frame509

# x        y
6.1140     14.9913   
12.0202    23.1497   
12.4867    21.2100   
15.3071    30.4824   
18.9950    11.8431   
7.2252     10.3444   

# Frame510

# x        y
6.1141     14.9912   
12.0202    23.1497   
12.4867    21.2100   
15.3071    30.4824   
18.9950    11.8431   
7.2252     10.3444   

# Frame511

# x        y
6.1142     14.9911   
12.0202    23.1497   
12.4867    21.2100   
15.3071    30.4824   
18.9950    11.8431   
7.2252     10.3444   

# Frame512

# x        y
6.1142     14.9910   
12.0202    23.1497   
12.4867    21.2100   
15.3071    30.4824   
18.9950    11.8431   
7.2252     10.3444   

# Frame513

# x        y
6.1143     14.9909   
12.0202    23.1497   
12.4867    21.2100   
15.3071    30.4824   
18.9950    11.8431   
7.2252     10.3444   

# Frame514

# x        y
6.1143     14.9908   
12.0202    23.1497   
12.4867    21.2100   
15.3071    30.4824   
18.9950    11.8431   
7.2252     10.3444   

# Frame515

# x        y
6.1144     14.9907   
12.0202    23.1497   
12.4867    21.2100   
15.3071    30.4824   
18.9950    11.8431   
7.2252     10.3444   

# Frame516

