# x        y
7.0033     23.7146   
6.8567     32.0430   
6.6162     16.0205   
15.3944    9.2594    
18.4335    28.7129   
4.9362     36.5698   

# Frame1

# x        y
6.0339     21.9653   
6.8567     32.0430   
6.6162     16.0205   
15.3944    9.2594    
18.4335    28.7129   
4.9362     36.5698   

# Frame2

# x        y
5.0807     20.2451   
6.8567     32.0430   
6.6162     16.0205   
15.3944    9.2594    
18.4335    28.7129   
4.9362     36.5698   

# Frame3

# x        y
4.1433     18.5536   
6.8567     32.0430   
6.6162     16.0205   
15.3944    9.2594    
18.4335    28.7129   
4.9362     36.5698   

# Frame4

# x        y
3.2216     16.8902   
6.8567     32.0430   
6.6162     16.0205   
15.3944    9.2594    
18.4335    28.7129   
4.9362     36.5698   

# Frame5

# x        y
2.3152     15.2546   
6.8567     32.0430   
6.6162     16.0205   
15.3944    9.2594    
18.4335    28.7129   
4.9362     36.5698   

# Frame6

# x        y
1.4239     13.6463   
6.8567     32.0430   
6.6162     16.0205   
15.3944    9.2594    
18.4335    28.7129   
4.9362     36.5698   

# Frame7

# x        y
1.2286     12.3348   
6.8567     32.0430   
6.6162     16.0205   
15.3944    9.2594    
18.4335    28.7129   
4.9362     36.5698   

# Frame8

# x        y
1.6595     11.2998   
6.8567     32.0430   
6.6162     16.0205   
15.3944    9.2594    
18.4335    28.7129   
4.9362     36.5698   

# Frame9

# x        y
2.0832     10.2821   
6.8567     32.0430   
6.6162     16.0205   
15.3944    9.2594    
18.4335    28.7129   
4.9362     36.5698   

# Frame10

# x        y
2.4999     9.2813    
6.8567     32.0430   
6.6162     16.0205   
15.3944    9.2594    
18.4335    28.7129   
4.9362     36.5698   

# Frame11

# x        y
2.9096     8.2971    
6.8567     32.0430   
6.6162     16.0205   
15.3944    9.2594    
18.4335    28.7129   
4.9362     36.5698   

# Frame12

# x        y
3.3125     7.3294    
6.8567     32.0430   
6.6162     16.0205   
15.3944    9.2594    
18.4335    28.7129   
4.9362     36.5698   

# Frame13

# x        y
3.7087     6.3778    
6.8567     32.0430   
6.6162     16.0205   
15.3944    9.2594    
18.4335    28.7129   
4.9362     36.5698   

# Frame14

# x        y
4.0982     5.4421    
6.8567     32.0430   
6.6162     16.0205   
15.3944    9.2594    
18.4335    28.7129   
4.9362     36.5698   

# Frame15

# x        y
4.4813     4.5220    
6.8567     32.0430   
6.6162     16.0205   
15.3944    9.2594    
18.4335    28.7129   
4.9362     36.5698   

# Frame16

# x        y
4.8580     3.6172    
6.8567     32.0430   
6.6162     16.0205   
15.3944    9.2594    
18.4335    28.7129   
4.9362     36.5698   

# Frame17

# x        y
5.2284     2.7275    
6.8567     32.0430   
6.6162     16.0205   
15.3944    9.2594    
18.4335    28.7129   
4.9362     36.5698   

# Frame18

# x        y
5.5927     1.8526    
6.8567     32.0430   
6.6162     16.0205   
15.3944    9.2594    
18.4335    28.7129   
4.9362     36.5698   

# Frame19

# x        y
5.9512     1.0062    
6.8567     32.0430   
6.6162     16.0205   
15.3944    9.2594    
18.4335    28.7129   
4.9362     36.5698   

# Frame20

# x        y
6.4161     1.4292    
6.8567     32.0430   
6.6162     16.0205   
15.3944    9.2594    
18.4335    28.7129   
4.9362     36.5698   

# Frame21

# x        y
6.8732     1.8451    
6.8567     32.0430   
6.6162     16.0205   
15.3944    9.2594    
18.4335    28.7129   
4.9362     36.5698   

# Frame22

# x        y
7.3227     2.2541    
6.8567     32.0430   
6.6162     16.0205   
15.3944    9.2594    
18.4335    28.7129   
4.9362     36.5698   

# Frame23

# x        y
7.7648     2.6563    
6.8567     32.0430   
6.6162     16.0205   
15.3944    9.2594    
18.4335    28.7129   
4.9362     36.5698   

# Frame24

# x        y
8.1994     3.0518    
6.8567     32.0430   
6.6162     16.0205   
15.3944    9.2594    
18.4335    28.7129   
4.9362     36.5698   

# Frame25

# x        y
8.6268     3.4407    
6.8567     32.0430   
6.6162     16.0205   
15.3944    9.2594    
18.4335    28.7129   
4.9362     36.5698   

# Frame26

# x        y
9.0471     3.8231    
6.8567     32.0430   
6.6162     16.0205   
15.3944    9.2594    
18.4335    28.7129   
4.9362     36.5698   

# Frame27

# x        y
9.4604     4.1991    
6.8567     32.0430   
6.6162     16.0205   
15.3944    9.2594    
18.4335    28.7129   
4.9362     36.5698   

# Frame28

# x        y
9.8668     4.5689    
6.8567     32.0430   
6.6162     16.0205   
15.3944    9.2594    
18.4335    28.7129   
4.9362     36.5698   

# Frame29

# x        y
10.2664    4.9325    
6.8567     32.0430   
6.6162     16.0205   
15.3944    9.2594    
18.4335    28.7129   
4.9362     36.5698   

# Frame30

# x        y
10.6594    5.2900    
6.8567     32.0430   
6.6162     16.0205   
15.3944    9.2594    
18.4335    28.7129   
4.9362     36.5698   

# Frame31

# x        y
11.0458    5.6416    
6.8567     32.0430   
6.6162     16.0205   
15.3944    9.2594    
18.4335    28.7129   
4.9362     36.5698   

# Frame32

# x        y
11.4257    5.9873    
6.8567     32.0430   
6.6162     16.0205   
15.3944    9.2594    
18.4335    28.7129   
4.9362     36.5698   

# Frame33

# x        y
11.7994    6.3273    
6.8567     32.0430   
6.6162     16.0205   
15.3944    9.2594    
18.4335    28.7129   
4.9362     36.5698   

# Frame34

# x        y
12.1668    6.6616    
6.8567     32.0430   
6.6162     16.0205   
15.3944    9.2594    
18.4335    28.7129   
4.9362     36.5698   

# Frame35

# x        y
12.5281    6.9903    
6.8567     32.0430   
6.6162     16.0205   
15.3944    9.2594    
18.4335    28.7129   
4.9362     36.5698   

# Frame36

# x        y
12.8833    7.3136    
6.8567     32.0430   
6.6162     16.0205   
15.3944    9.2594    
18.4335    28.7129   
4.9362     36.5698   

# Frame37

# x        y
13.2327    7.6314    
6.8567     32.0430   
6.6162     16.0205   
15.3944    9.2594    
18.4335    28.7129   
4.9362     36.5698   

# Frame38

# x        y
13.5762    7.9440    
6.8567     32.0430   
6.6162     16.0205   
15.3944    9.2594    
18.4335    28.7129   
4.9362     36.5698   

# Frame39

# x        y
13.7834    8.1757    
6.8567     32.0430   
6.6162     16.0205   
15.5250    9.3350    
18.4335    28.7129   
4.9362     36.5698   

# Frame40

# x        y
13.8248    8.3106    
6.8567     32.0430   
6.6162     16.0205   
15.8158    9.5023    
18.4335    28.7129   
4.9362     36.5698   

# Frame41

# x        y
13.8655    8.4433    
6.8567     32.0430   
6.6162     16.0205   
16.1017    9.6668    
18.4335    28.7129   
4.9362     36.5698   

# Frame42

# x        y
13.9055    8.5738    
6.8567     32.0430   
6.6162     16.0205   
16.3828    9.8286    
18.4335    28.7129   
4.9362     36.5698   

# Frame43

# x        y
13.9449    8.7021    
6.8567     32.0430   
6.6162     16.0205   
16.6593    9.9877    
18.4335    28.7129   
4.9362     36.5698   

# Frame44

# x        y
13.9836    8.8282    
6.8567     32.0430   
6.6162     16.0205   
16.9312    10.1441   
18.4335    28.7129   
4.9362     36.5698   

# Frame45

# x        y
14.0217    8.9523    
6.8567     32.0430   
6.6162     16.0205   
17.1985    10.2979   
18.4335    28.7129   
4.9362     36.5698   

# Frame46

# x        y
14.0591    9.0743    
6.8567     32.0430   
6.6162     16.0205   
17.4614    10.4492   
18.4335    28.7129   
4.9362     36.5698   

# Frame47

# x        y
14.0959    9.1942    
6.8567     32.0430   
6.6162     16.0205   
17.7198    10.5979   
18.4335    28.7129   
4.9362     36.5698   

# Frame48

# x        y
14.1321    9.3122    
6.8567     32.0430   
6.6162     16.0205   
17.9740    10.7442   
18.4335    28.7129   
4.9362     36.5698   

# Frame49

# x        y
14.1677    9.4281    
6.8567     32.0430   
6.6162     16.0205   
18.2240    10.8880   
18.4335    28.7129   
4.9362     36.5698   

# Frame50

# x        y
14.2027    9.5422    
6.8567     32.0430   
6.6162     16.0205   
18.4698    11.0294   
18.4335    28.7129   
4.9362     36.5698   

# Frame51

# x        y
14.2371    9.6543    
6.8567     32.0430   
6.6162     16.0205   
18.7114    11.1685   
18.4335    28.7129   
4.9362     36.5698   

# Frame52

# x        y
14.2709    9.7646    
6.8567     32.0430   
6.6162     16.0205   
18.9491    11.3052   
18.4335    28.7129   
4.9362     36.5698   

# Frame53

# x        y
14.3042    9.8731    
6.8567     32.0430   
6.6162     16.0205   
18.9067    11.3959   
18.4335    28.7129   
4.9362     36.5698   

# Frame54

# x        y
14.3369    9.9797    
6.8567     32.0430   
6.6162     16.0205   
18.7918    11.4714   
18.4335    28.7129   
4.9362     36.5698   

# Frame55

# x        y
14.3691    10.0846   
6.8567     32.0430   
6.6162     16.0205   
18.6788    11.5457   
18.4335    28.7129   
4.9362     36.5698   

# Frame56

# x        y
14.4008    10.1877   
6.8567     32.0430   
6.6162     16.0205   
18.5677    11.6188   
18.4335    28.7129   
4.9362     36.5698   

# Frame57

# x        y
14.4319    10.2891   
6.8567     32.0430   
6.6162     16.0205   
18.4585    11.6907   
18.4335    28.7129   
4.9362     36.5698   

# Frame58

# x        y
14.4625    10.3888   
6.8567     32.0430   
6.6162     16.0205   
18.3511    11.7613   
18.4335    28.7129   
4.9362     36.5698   

# Frame59

# x        y
14.4926    10.4868   
6.8567     32.0430   
6.6162     16.0205   
18.2454    11.8308   
18.4335    28.7129   
4.9362     36.5698   

# Frame60

# x        y
14.5221    10.5832   
6.8567     32.0430   
6.6162     16.0205   
18.1415    11.8991   
18.4335    28.7129   
4.9362     36.5698   

# Frame61

# x        y
14.5512    10.6780   
6.8567     32.0430   
6.6162     16.0205   
18.0394    11.9663   
18.4335    28.7129   
4.9362     36.5698   

# Frame62

# x        y
14.5798    10.7712   
6.8567     32.0430   
6.6162     16.0205   
17.9390    12.0324   
18.4335    28.7129   
4.9362     36.5698   

# Frame63

# x        y
14.6080    10.8629   
6.8567     32.0430   
6.6162     16.0205   
17.8402    12.0974   
18.4335    28.7129   
4.9362     36.5698   

# Frame64

# x        y
14.6356    10.9531   
6.8567     32.0430   
6.6162     16.0205   
17.7431    12.1612   
18.4335    28.7129   
4.9362     36.5698   

# Frame65

# x        y
14.6628    11.0417   
6.8567     32.0430   
6.6162     16.0205   
17.6476    12.2241   
18.4335    28.7129   
4.9362     36.5698   

# Frame66

# x        y
14.6896    11.1289   
6.8567     32.0430   
6.6162     16.0205   
17.5536    12.2858   
18.4335    28.7129   
4.9362     36.5698   

# Frame67

# x        y
14.7159    11.2146   
6.8567     32.0430   
6.6162     16.0205   
17.4613    12.3466   
18.4335    28.7129   
4.9362     36.5698   

# Frame68

# x        y
14.7417    11.2988   
6.8567     32.0430   
6.6162     16.0205   
17.3705    12.4063   
18.4335    28.7129   
4.9362     36.5698   

# Frame69

# x        y
14.7672    11.3817   
6.8567     32.0430   
6.6162     16.0205   
17.2812    12.4650   
18.4335    28.7129   
4.9362     36.5698   

# Frame70

# x        y
14.7922    11.4632   
6.8567     32.0430   
6.6162     16.0205   
17.1934    12.5228   
18.4335    28.7129   
4.9362     36.5698   

# Frame71

# x        y
14.8168    11.5433   
6.8567     32.0430   
6.6162     16.0205   
17.1070    12.5796   
18.4335    28.7129   
4.9362     36.5698   

# Frame72

# x        y
14.8409    11.6221   
6.8567     32.0430   
6.6162     16.0205   
17.0221    12.6354   
18.4335    28.7129   
4.9362     36.5698   

# Frame73

# x        y
14.8647    11.6996   
6.8567     32.0430   
6.6162     16.0205   
16.9386    12.6903   
18.4335    28.7129   
4.9362     36.5698   

# Frame74

# x        y
14.8881    11.7758   
6.8567     32.0430   
6.6162     16.0205   
16.8565    12.7443   
18.4335    28.7129   
4.9362     36.5698   

# Frame75

# x        y
14.9111    11.8507   
6.8567     32.0430   
6.6162     16.0205   
16.7758    12.7974   
18.4335    28.7129   
4.9362     36.5698   

# Frame76

# x        y
14.9337    11.9244   
6.8567     32.0430   
6.6162     16.0205   
16.6964    12.8496   
18.4335    28.7129   
4.9362     36.5698   

# Frame77

# x        y
14.8818    11.9790   
6.8567     32.0430   
6.6162     16.0205   
16.6925    12.9188   
18.4335    28.7129   
4.9362     36.5698   

# Frame78

# x        y
14.8307    12.0327   
6.8567     32.0430   
6.6162     16.0205   
16.6887    12.9869   
18.4335    28.7129   
4.9362     36.5698   

# Frame79

# x        y
14.7805    12.0855   
6.8567     32.0430   
6.6162     16.0205   
16.6849    13.0538   
18.4335    28.7129   
4.9362     36.5698   

# Frame80

# x        y
14.7311    12.1374   
6.8567     32.0430   
6.6162     16.0205   
16.6812    13.1196   
18.4335    28.7129   
4.9362     36.5698   

# Frame81

# x        y
14.6826    12.1885   
6.8567     32.0430   
6.6162     16.0205   
16.6776    13.1843   
18.4335    28.7129   
4.9362     36.5698   

# Frame82

# x        y
14.6348    12.2387   
6.8567     32.0430   
6.6162     16.0205   
16.6740    13.2479   
18.4335    28.7129   
4.9362     36.5698   

# Frame83

# x        y
14.5879    12.2880   
6.8567     32.0430   
6.6162     16.0205   
16.6704    13.3104   
18.4335    28.7129   
4.9362     36.5698   

# Frame84

# x        y
14.5417    12.3366   
6.8567     32.0430   
6.6162     16.0205   
16.6670    13.3720   
18.4335    28.7129   
4.9362     36.5698   

# Frame85

# x        y
14.4963    12.3843   
6.8567     32.0430   
6.6162     16.0205   
16.6636    13.4324   
18.4335    28.7129   
4.9362     36.5698   

# Frame86

# x        y
14.4517    12.4312   
6.8567     32.0430   
6.6162     16.0205   
16.6602    13.4919   
18.4335    28.7129   
4.9362     36.5698   

# Frame87

# x        y
14.4078    12.4774   
6.8567     32.0430   
6.6162     16.0205   
16.6569    13.5504   
18.4335    28.7129   
4.9362     36.5698   

# Frame88

# x        y
14.3646    12.5228   
6.8567     32.0430   
6.6162     16.0205   
16.6537    13.6079   
18.4335    28.7129   
4.9362     36.5698   

# Frame89

# x        y
14.3222    12.5674   
6.8567     32.0430   
6.6162     16.0205   
16.6505    13.6645   
18.4335    28.7129   
4.9362     36.5698   

# Frame90

# x        y
14.2805    12.6113   
6.8567     32.0430   
6.6162     16.0205   
16.6473    13.7201   
18.4335    28.7129   
4.9362     36.5698   

# Frame91

# x        y
14.2394    12.6544   
6.8567     32.0430   
6.6162     16.0205   
16.6442    13.7748   
18.4335    28.7129   
4.9362     36.5698   

# Frame92

# x        y
14.1991    12.6969   
6.8567     32.0430   
6.6162     16.0205   
16.6412    13.8286   
18.4335    28.7129   
4.9362     36.5698   

# Frame93

# x        y
14.1594    12.7386   
6.8567     32.0430   
6.6162     16.0205   
16.6382    13.8814   
18.4335    28.7129   
4.9362     36.5698   

# Frame94

# x        y
14.1204    12.7796   
6.8567     32.0430   
6.6162     16.0205   
16.6353    13.9334   
18.4335    28.7129   
4.9362     36.5698   

# Frame95

# x        y
14.0820    12.8199   
6.8567     32.0430   
6.6162     16.0205   
16.6324    13.9846   
18.4335    28.7129   
4.9362     36.5698   

# Frame96

# x        y
14.0443    12.8596   
6.8567     32.0430   
6.6162     16.0205   
16.6296    14.0348   
18.4335    28.7129   
4.9362     36.5698   

# Frame97

# x        y
14.0071    12.8986   
6.8567     32.0430   
6.6162     16.0205   
16.6268    14.0843   
18.4335    28.7129   
4.9362     36.5698   

# Frame98

# x        y
13.9707    12.9370   
6.8567     32.0430   
6.6162     16.0205   
16.6240    14.1329   
18.4335    28.7129   
4.9362     36.5698   

# Frame99

# x        y
13.9348    12.9747   
6.8567     32.0430   
6.6162     16.0205   
16.6214    14.1807   
18.4335    28.7129   
4.9362     36.5698   

# Frame100

# x        y
13.8995    13.0118   
6.8567     32.0430   
6.6162     16.0205   
16.6187    14.2277   
18.4335    28.7129   
4.9362     36.5698   

# Frame101

# x        y
13.8648    13.0483   
6.8567     32.0430   
6.6162     16.0205   
16.6161    14.2739   
18.4335    28.7129   
4.9362     36.5698   

# Frame102

# x        y
13.8307    13.0842   
6.8567     32.0430   
6.6162     16.0205   
16.6135    14.3194   
18.4335    28.7129   
4.9362     36.5698   

# Frame103

# x        y
13.7972    13.1194   
6.8567     32.0430   
6.6162     16.0205   
16.6110    14.3641   
18.4335    28.7129   
4.9362     36.5698   

# Frame104

# x        y
13.7642    13.1541   
6.8567     32.0430   
6.6162     16.0205   
16.6085    14.4080   
18.4335    28.7129   
4.9362     36.5698   

# Frame105

# x        y
13.7317    13.1882   
6.8567     32.0430   
6.6162     16.0205   
16.6061    14.4513   
18.4335    28.7129   
4.9362     36.5698   

# Frame106

# x        y
13.6998    13.2217   
6.8567     32.0430   
6.6162     16.0205   
16.6037    14.4938   
18.4335    28.7129   
4.9362     36.5698   

# Frame107

# x        y
13.6685    13.2547   
6.8567     32.0430   
6.6162     16.0205   
16.6013    14.5356   
18.4335    28.7129   
4.9362     36.5698   

# Frame108

# x        y
13.6376    13.2871   
6.8567     32.0430   
6.6162     16.0205   
16.5990    14.5766   
18.4335    28.7129   
4.9362     36.5698   

# Frame109

# x        y
13.6073    13.3190   
6.8567     32.0430   
6.6162     16.0205   
16.5967    14.6171   
18.4335    28.7129   
4.9362     36.5698   

# Frame110

# x        y
13.5775    13.3504   
6.8567     32.0430   
6.6162     16.0205   
16.5945    14.6568   
18.4335    28.7129   
4.9362     36.5698   

# Frame111

# x        y
13.5482    13.3812   
6.8567     32.0430   
6.6162     16.0205   
16.5923    14.6959   
18.4335    28.7129   
4.9362     36.5698   

# Frame112

# x        y
13.5193    13.4115   
6.8567     32.0430   
6.6162     16.0205   
16.5901    14.7343   
18.4335    28.7129   
4.9362     36.5698   

# Frame113

# x        y
13.4910    13.4414   
6.8567     32.0430   
6.6162     16.0205   
16.5880    14.7721   
18.4335    28.7129   
4.9362     36.5698   

# Frame114

# x        y
13.4631    13.4707   
6.8567     32.0430   
6.6162     16.0205   
16.5859    14.8092   
18.4335    28.7129   
4.9362     36.5698   

# Frame115

# x        y
13.4357    13.4995   
6.8567     32.0430   
6.6162     16.0205   
16.5838    14.8458   
18.4335    28.7129   
4.9362     36.5698   

# Frame116

# x        y
13.4087    13.5278   
6.8567     32.0430   
6.6162     16.0205   
16.5818    14.8817   
18.4335    28.7129   
4.9362     36.5698   

# Frame117

# x        y
13.3822    13.5557   
6.8567     32.0430   
6.6162     16.0205   
16.5798    14.9170   
18.4335    28.7129   
4.9362     36.5698   

# Frame118

# x        y
13.3561    13.5831   
6.8567     32.0430   
6.6162     16.0205   
16.5779    14.9518   
18.4335    28.7129   
4.9362     36.5698   

# Frame119

# x        y
13.3305    13.6101   
6.8567     32.0430   
6.6162     16.0205   
16.5759    14.9859   
18.4335    28.7129   
4.9362     36.5698   

# Frame120

# x        y
13.3053    13.6366   
6.8567     32.0430   
6.6162     16.0205   
16.5740    15.0195   
18.4335    28.7129   
4.9362     36.5698   

# Frame121

# x        y
13.2805    13.6626   
6.8567     32.0430   
6.6162     16.0205   
16.5722    15.0525   
18.4335    28.7129   
4.9362     36.5698   

# Frame122

# x        y
13.2561    13.6883   
6.8567     32.0430   
6.6162     16.0205   
16.5703    15.0850   
18.4335    28.7129   
4.9362     36.5698   

# Frame123

# x        y
13.2322    13.7135   
6.8567     32.0430   
6.6162     16.0205   
16.5685    15.1169   
18.4335    28.7129   
4.9362     36.5698   

# Frame124

# x        y
13.2086    13.7383   
6.8567     32.0430   
6.6162     16.0205   
16.5668    15.1483   
18.4335    28.7129   
4.9362     36.5698   

# Frame125

# x        y
13.1854    13.7626   
6.8567     32.0430   
6.6162     16.0205   
16.5650    15.1792   
18.4335    28.7129   
4.9362     36.5698   

# Frame126

# x        y
13.1626    13.7866   
6.8567     32.0430   
6.6162     16.0205   
16.5633    15.2096   
18.4335    28.7129   
4.9362     36.5698   

# Frame127

# x        y
13.1402    13.8101   
6.8567     32.0430   
6.6162     16.0205   
16.5616    15.2395   
18.4335    28.7129   
4.9362     36.5698   

# Frame128

# x        y
13.1182    13.8333   
6.8567     32.0430   
6.6162     16.0205   
16.5600    15.2688   
18.4335    28.7129   
4.9362     36.5698   

# Frame129

# x        y
13.0965    13.8561   
6.8567     32.0430   
6.6162     16.0205   
16.5584    15.2977   
18.4335    28.7129   
4.9362     36.5698   

# Frame130

# x        y
13.0752    13.8785   
6.8567     32.0430   
6.6162     16.0205   
16.5567    15.3261   
18.4335    28.7129   
4.9362     36.5698   

# Frame131

# x        y
13.0543    13.9005   
6.8567     32.0430   
6.6162     16.0205   
16.5552    15.3540   
18.4335    28.7129   
4.9362     36.5698   

# Frame132

# x        y
13.0337    13.9222   
6.8567     32.0430   
6.6162     16.0205   
16.5536    15.3815   
18.4335    28.7129   
4.9362     36.5698   

# Frame133

# x        y
13.0134    13.9435   
6.8567     32.0430   
6.6162     16.0205   
16.5521    15.4085   
18.4335    28.7129   
4.9362     36.5698   

# Frame134

# x        y
12.9935    13.9644   
6.8567     32.0430   
6.6162     16.0205   
16.5506    15.4350   
18.4335    28.7129   
4.9362     36.5698   

# Frame135

# x        y
12.9739    13.9850   
6.8567     32.0430   
6.6162     16.0205   
16.5491    15.4611   
18.4335    28.7129   
4.9362     36.5698   

# Frame136

# x        y
12.9546    14.0053   
6.8567     32.0430   
6.6162     16.0205   
16.5477    15.4868   
18.4335    28.7129   
4.9362     36.5698   

# Frame137

# x        y
12.9357    14.0252   
6.8567     32.0430   
6.6162     16.0205   
16.5463    15.5120   
18.4335    28.7129   
4.9362     36.5698   

# Frame138

# x        y
12.9171    14.0448   
6.8567     32.0430   
6.6162     16.0205   
16.5449    15.5368   
18.4335    28.7129   
4.9362     36.5698   

# Frame139

# x        y
12.8987    14.0641   
6.8567     32.0430   
6.6162     16.0205   
16.5435    15.5612   
18.4335    28.7129   
4.9362     36.5698   

# Frame140

# x        y
12.8807    14.0830   
6.8567     32.0430   
6.6162     16.0205   
16.5421    15.5852   
18.4335    28.7129   
4.9362     36.5698   

# Frame141

# x        y
12.8630    14.1016   
6.8567     32.0430   
6.6162     16.0205   
16.5408    15.6088   
18.4335    28.7129   
4.9362     36.5698   

# Frame142

# x        y
12.8456    14.1199   
6.8567     32.0430   
6.6162     16.0205   
16.5395    15.6321   
18.4335    28.7129   
4.9362     36.5698   

# Frame143

# x        y
12.8285    14.1379   
6.8567     32.0430   
6.6162     16.0205   
16.5382    15.6549   
18.4335    28.7129   
4.9362     36.5698   

# Frame144

# x        y
12.8116    14.1556   
6.8567     32.0430   
6.6162     16.0205   
16.5369    15.6773   
18.4335    28.7129   
4.9362     36.5698   

# Frame145

# x        y
12.7951    14.1731   
6.8567     32.0430   
6.6162     16.0205   
16.5357    15.6994   
18.4335    28.7129   
4.9362     36.5698   

# Frame146

# x        y
12.7788    14.1902   
6.8567     32.0430   
6.6162     16.0205   
16.5345    15.7211   
18.4335    28.7129   
4.9362     36.5698   

# Frame147

# x        y
12.7628    14.2070   
6.8567     32.0430   
6.6162     16.0205   
16.5333    15.7424   
18.4335    28.7129   
4.9362     36.5698   

# Frame148

# x        y
12.7470    14.2236   
6.8567     32.0430   
6.6162     16.0205   
16.5321    15.7634   
18.4335    28.7129   
4.9362     36.5698   

# Frame149

# x        y
12.7316    14.2399   
6.8567     32.0430   
6.6162     16.0205   
16.5309    15.7840   
18.4335    28.7129   
4.9362     36.5698   

# Frame150

# x        y
12.7163    14.2559   
6.8567     32.0430   
6.6162     16.0205   
16.5298    15.8043   
18.4335    28.7129   
4.9362     36.5698   

# Frame151

# x        y
12.7014    14.2716   
6.8567     32.0430   
6.6162     16.0205   
16.5286    15.8243   
18.4335    28.7129   
4.9362     36.5698   

# Frame152

# x        y
12.6866    14.2871   
6.8567     32.0430   
6.6162     16.0205   
16.5275    15.8439   
18.4335    28.7129   
4.9362     36.5698   

# Frame153

# x        y
12.6722    14.3023   
6.8567     32.0430   
6.6162     16.0205   
16.5265    15.8632   
18.4335    28.7129   
4.9362     36.5698   

# Frame154

# x        y
12.6579    14.3173   
6.8567     32.0430   
6.6162     16.0205   
16.5254    15.8821   
18.4335    28.7129   
4.9362     36.5698   

# Frame155

# x        y
12.6439    14.3320   
6.8567     32.0430   
6.6162     16.0205   
16.5243    15.9008   
18.4335    28.7129   
4.9362     36.5698   

# Frame156

# x        y
12.6302    14.3465   
6.8567     32.0430   
6.6162     16.0205   
16.5233    15.9191   
18.4335    28.7129   
4.9362     36.5698   

# Frame157

# x        y
12.6166    14.3607   
6.8567     32.0430   
6.6162     16.0205   
16.5223    15.9372   
18.4335    28.7129   
4.9362     36.5698   

# Frame158

# x        y
12.6033    14.3747   
6.8567     32.0430   
6.6162     16.0205   
16.5213    15.9549   
18.4335    28.7129   
4.9362     36.5698   

# Frame159

# x        y
12.5902    14.3884   
6.8567     32.0430   
6.6162     16.0205   
16.5203    15.9723   
18.4335    28.7129   
4.9362     36.5698   

# Frame160

# x        y
12.5774    14.4020   
6.8567     32.0430   
6.6162     16.0205   
16.5193    15.9895   
18.4335    28.7129   
4.9362     36.5698   

# Frame161

# x        y
12.5647    14.4153   
6.8567     32.0430   
6.6162     16.0205   
16.5184    16.0063   
18.4335    28.7129   
4.9362     36.5698   

# Frame162

# x        y
12.5523    14.4284   
6.8567     32.0430   
6.6162     16.0205   
16.5174    16.0229   
18.4335    28.7129   
4.9362     36.5698   

# Frame163

# x        y
12.5400    14.4412   
6.8567     32.0430   
6.6162     16.0205   
16.5165    16.0392   
18.4335    28.7129   
4.9362     36.5698   

# Frame164

# x        y
12.5280    14.4539   
6.8567     32.0430   
6.6162     16.0205   
16.5156    16.0553   
18.4335    28.7129   
4.9362     36.5698   

# Frame165

# x        y
12.5162    14.4663   
6.8567     32.0430   
6.6162     16.0205   
16.5147    16.0710   
18.4335    28.7129   
4.9362     36.5698   

# Frame166

# x        y
12.5045    14.4786   
6.8567     32.0430   
6.6162     16.0205   
16.5139    16.0865   
18.4335    28.7129   
4.9362     36.5698   

# Frame167

# x        y
12.4931    14.4906   
6.8567     32.0430   
6.6162     16.0205   
16.5130    16.1018   
18.4335    28.7129   
4.9362     36.5698   

# Frame168

# x        y
12.4818    14.5024   
6.8567     32.0430   
6.6162     16.0205   
16.5122    16.1168   
18.4335    28.7129   
4.9362     36.5698   

# Frame169

# x        y
12.4708    14.5140   
6.8567     32.0430   
6.6162     16.0205   
16.5113    16.1315   
18.4335    28.7129   
4.9362     36.5698   

# Frame170

# x        y
12.4599    14.5255   
6.8567     32.0430   
6.6162     16.0205   
16.5105    16.1460   
18.4335    28.7129   
4.9362     36.5698   

# Frame171

# x        y
12.4492    14.5367   
6.8567     32.0430   
6.6162     16.0205   
16.5097    16.1603   
18.4335    28.7129   
4.9362     36.5698   

# Frame172

# x        y
12.4387    14.5478   
6.8567     32.0430   
6.6162     16.0205   
16.5089    16.1743   
18.4335    28.7129   
4.9362     36.5698   

# Frame173

# x        y
12.4283    14.5587   
6.8567     32.0430   
6.6162     16.0205   
16.5081    16.1881   
18.4335    28.7129   
4.9362     36.5698   

# Frame174

# x        y
12.4182    14.5694   
6.8567     32.0430   
6.6162     16.0205   
16.5074    16.2016   
18.4335    28.7129   
4.9362     36.5698   

# Frame175

# x        y
12.4082    14.5799   
6.8567     32.0430   
6.6162     16.0205   
16.5066    16.2149   
18.4335    28.7129   
4.9362     36.5698   

# Frame176

# x        y
12.3983    14.5902   
6.8567     32.0430   
6.6162     16.0205   
16.5059    16.2281   
18.4335    28.7129   
4.9362     36.5698   

# Frame177

# x        y
12.3887    14.6004   
6.8567     32.0430   
6.6162     16.0205   
16.5051    16.2409   
18.4335    28.7129   
4.9362     36.5698   

# Frame178

# x        y
12.3791    14.6104   
6.8567     32.0430   
6.6162     16.0205   
16.5044    16.2536   
18.4335    28.7129   
4.9362     36.5698   

# Frame179

# x        y
12.3698    14.6202   
6.8567     32.0430   
6.6162     16.0205   
16.5037    16.2661   
18.4335    28.7129   
4.9362     36.5698   

# Frame180

# x        y
12.3606    14.6299   
6.8567     32.0430   
6.6162     16.0205   
16.5030    16.2783   
18.4335    28.7129   
4.9362     36.5698   

# Frame181

# x        y
12.3516    14.6394   
6.8567     32.0430   
6.6162     16.0205   
16.5024    16.2904   
18.4335    28.7129   
4.9362     36.5698   

# Frame182

# x        y
12.3427    14.6487   
6.8567     32.0430   
6.6162     16.0205   
16.5017    16.3022   
18.4335    28.7129   
4.9362     36.5698   

# Frame183

# x        y
12.3339    14.6579   
6.8567     32.0430   
6.6162     16.0205   
16.5010    16.3139   
18.4335    28.7129   
4.9362     36.5698   

# Frame184

# x        y
12.3253    14.6670   
6.8567     32.0430   
6.6162     16.0205   
16.5004    16.3253   
18.4335    28.7129   
4.9362     36.5698   

# Frame185

# x        y
12.3169    14.6759   
6.8567     32.0430   
6.6162     16.0205   
16.4998    16.3366   
18.4335    28.7129   
4.9362     36.5698   

# Frame186

# x        y
12.3086    14.6846   
6.8567     32.0430   
6.6162     16.0205   
16.4991    16.3477   
18.4335    28.7129   
4.9362     36.5698   

# Frame187

# x        y
12.3004    14.6932   
6.8567     32.0430   
6.6162     16.0205   
16.4985    16.3586   
18.4335    28.7129   
4.9362     36.5698   

# Frame188

# x        y
12.2923    14.7017   
6.8567     32.0430   
6.6162     16.0205   
16.4979    16.3693   
18.4335    28.7129   
4.9362     36.5698   

# Frame189

# x        y
12.2844    14.7100   
6.8567     32.0430   
6.6162     16.0205   
16.4973    16.3798   
18.4335    28.7129   
4.9362     36.5698   

# Frame190

# x        y
12.2767    14.7181   
6.8567     32.0430   
6.6162     16.0205   
16.4967    16.3902   
18.4335    28.7129   
4.9362     36.5698   

# Frame191

# x        y
12.2690    14.7262   
6.8567     32.0430   
6.6162     16.0205   
16.4962    16.4003   
18.4335    28.7129   
4.9362     36.5698   

# Frame192

# x        y
12.2615    14.7341   
6.8567     32.0430   
6.6162     16.0205   
16.4956    16.4104   
18.4335    28.7129   
4.9362     36.5698   

# Frame193

# x        y
12.2541    14.7418   
6.8567     32.0430   
6.6162     16.0205   
16.4950    16.4202   
18.4335    28.7129   
4.9362     36.5698   

# Frame194

# x        y
12.2469    14.7495   
6.8567     32.0430   
6.6162     16.0205   
16.4945    16.4299   
18.4335    28.7129   
4.9362     36.5698   

# Frame195

# x        y
12.2397    14.7570   
6.8567     32.0430   
6.6162     16.0205   
16.4940    16.4394   
18.4335    28.7129   
4.9362     36.5698   

# Frame196

# x        y
12.2327    14.7644   
6.8567     32.0430   
6.6162     16.0205   
16.4934    16.4488   
18.4335    28.7129   
4.9362     36.5698   

# Frame197

# x        y
12.2258    14.7717   
6.8567     32.0430   
6.6162     16.0205   
16.4929    16.4580   
18.4335    28.7129   
4.9362     36.5698   

# Frame198

# x        y
12.2190    14.7788   
6.8567     32.0430   
6.6162     16.0205   
16.4924    16.4670   
18.4335    28.7129   
4.9362     36.5698   

# Frame199

# x        y
12.2123    14.7858   
6.8567     32.0430   
6.6162     16.0205   
16.4919    16.4759   
18.4335    28.7129   
4.9362     36.5698   

# Frame200

# x        y
12.2057    14.7927   
6.8567     32.0430   
6.6162     16.0205   
16.4914    16.4847   
18.4335    28.7129   
4.9362     36.5698   

# Frame201

# x        y
12.1993    14.7995   
6.8567     32.0430   
6.6162     16.0205   
16.4909    16.4933   
18.4335    28.7129   
4.9362     36.5698   

# Frame202

# x        y
12.1929    14.8062   
6.8567     32.0430   
6.6162     16.0205   
16.4904    16.5018   
18.4335    28.7129   
4.9362     36.5698   

# Frame203

# x        y
12.1867    14.8128   
6.8567     32.0430   
6.6162     16.0205   
16.4900    16.5101   
18.4335    28.7129   
4.9362     36.5698   

# Frame204

# x        y
12.1805    14.8192   
6.8567     32.0430   
6.6162     16.0205   
16.4895    16.5183   
18.4335    28.7129   
4.9362     36.5698   

# Frame205

# x        y
12.1745    14.8256   
6.8567     32.0430   
6.6162     16.0205   
16.4891    16.5263   
18.4335    28.7129   
4.9362     36.5698   

# Frame206

# x        y
12.1685    14.8318   
6.8567     32.0430   
6.6162     16.0205   
16.4886    16.5343   
18.4335    28.7129   
4.9362     36.5698   

# Frame207

# x        y
12.1627    14.8380   
6.8567     32.0430   
6.6162     16.0205   
16.4882    16.5420   
18.4335    28.7129   
4.9362     36.5698   

# Frame208

# x        y
12.1569    14.8440   
6.8567     32.0430   
6.6162     16.0205   
16.4877    16.5497   
18.4335    28.7129   
4.9362     36.5698   

# Frame209

# x        y
12.1513    14.8500   
6.8567     32.0430   
6.6162     16.0205   
16.4873    16.5572   
18.4335    28.7129   
4.9362     36.5698   

# Frame210

# x        y
12.1457    14.8558   
6.8567     32.0430   
6.6162     16.0205   
16.4869    16.5646   
18.4335    28.7129   
4.9362     36.5698   

# Frame211

# x        y
12.1403    14.8615   
6.8567     32.0430   
6.6162     16.0205   
16.4865    16.5719   
18.4335    28.7129   
4.9362     36.5698   

# Frame212

# x        y
12.1349    14.8672   
6.8567     32.0430   
6.6162     16.0205   
16.4861    16.5791   
18.4335    28.7129   
4.9362     36.5698   

# Frame213

# x        y
12.1296    14.8727   
6.8567     32.0430   
6.6162     16.0205   
16.4857    16.5861   
18.4335    28.7129   
4.9362     36.5698   

# Frame214

# x        y
12.1244    14.8782   
6.8567     32.0430   
6.6162     16.0205   
16.4853    16.5930   
18.4335    28.7129   
4.9362     36.5698   

# Frame215

# x        y
12.1193    14.8836   
6.8567     32.0430   
6.6162     16.0205   
16.4849    16.5998   
18.4335    28.7129   
4.9362     36.5698   

# Frame216

# x        y
12.1143    14.8888   
6.8567     32.0430   
6.6162     16.0205   
16.4845    16.6065   
18.4335    28.7129   
4.9362     36.5698   

# Frame217

# x        y
12.1094    14.8940   
6.8567     32.0430   
6.6162     16.0205   
16.4842    16.6131   
18.4335    28.7129   
4.9362     36.5698   

# Frame218

# x        y
12.1045    14.8991   
6.8567     32.0430   
6.6162     16.0205   
16.4838    16.6195   
18.4335    28.7129   
4.9362     36.5698   

# Frame219

# x        y
12.0997    14.9042   
6.8567     32.0430   
6.6162     16.0205   
16.4834    16.6259   
18.4335    28.7129   
4.9362     36.5698   

# Frame220

# x        y
12.0951    14.9091   
6.8567     32.0430   
6.6162     16.0205   
16.4831    16.6322   
18.4335    28.7129   
4.9362     36.5698   

# Frame221

# x        y
12.0904    14.9140   
6.8567     32.0430   
6.6162     16.0205   
16.4827    16.6383   
18.4335    28.7129   
4.9362     36.5698   

# Frame222

# x        y
12.0859    14.9187   
6.8567     32.0430   
6.6162     16.0205   
16.4824    16.6444   
18.4335    28.7129   
4.9362     36.5698   

# Frame223

# x        y
12.0814    14.9234   
6.8567     32.0430   
6.6162     16.0205   
16.4821    16.6503   
18.4335    28.7129   
4.9362     36.5698   

# Frame224

# x        y
12.0770    14.9280   
6.8567     32.0430   
6.6162     16.0205   
16.4817    16.6562   
18.4335    28.7129   
4.9362     36.5698   

# Frame225

# x        y
12.0727    14.9326   
6.8567     32.0430   
6.6162     16.0205   
16.4814    16.6619   
18.4335    28.7129   
4.9362     36.5698   

# Frame226

# x        y
12.0685    14.9370   
6.8567     32.0430   
6.6162     16.0205   
16.4811    16.6676   
18.4335    28.7129   
4.9362     36.5698   

# Frame227

# x        y
12.0643    14.9414   
6.8567     32.0430   
6.6162     16.0205   
16.4808    16.6731   
18.4335    28.7129   
4.9362     36.5698   

# Frame228

# x        y
12.0602    14.9457   
6.8567     32.0430   
6.6162     16.0205   
16.4805    16.6786   
18.4335    28.7129   
4.9362     36.5698   

# Frame229

# x        y
12.0562    14.9500   
6.8567     32.0430   
6.6162     16.0205   
16.4802    16.6840   
18.4335    28.7129   
4.9362     36.5698   

# Frame230

# x        y
12.0522    14.9542   
6.8567     32.0430   
6.6162     16.0205   
16.4799    16.6893   
18.4335    28.7129   
4.9362     36.5698   

# Frame231

# x        y
12.0483    14.9583   
6.8567     32.0430   
6.6162     16.0205   
16.4796    16.6945   
18.4335    28.7129   
4.9362     36.5698   

# Frame232

# x        y
12.0445    14.9623   
6.8567     32.0430   
6.6162     16.0205   
16.4793    16.6996   
18.4335    28.7129   
4.9362     36.5698   

# Frame233

# x        y
12.0407    14.9663   
6.8567     32.0430   
6.6162     16.0205   
16.4790    16.7046   
18.4335    28.7129   
4.9362     36.5698   

# Frame234

# x        y
12.0370    14.9702   
6.8567     32.0430   
6.6162     16.0205   
16.4787    16.7095   
18.4335    28.7129   
4.9362     36.5698   

# Frame235

# x        y
12.0333    14.9740   
6.8567     32.0430   
6.6162     16.0205   
16.4784    16.7144   
18.4335    28.7129   
4.9362     36.5698   

# Frame236

# x        y
12.0297    14.9778   
6.8567     32.0430   
6.6162     16.0205   
16.4782    16.7192   
18.4335    28.7129   
4.9362     36.5698   

# Frame237

# x        y
12.0262    14.9815   
6.8567     32.0430   
6.6162     16.0205   
16.4779    16.7239   
18.4335    28.7129   
4.9362     36.5698   

# Frame238

# x        y
12.0227    14.9851   
6.8567     32.0430   
6.6162     16.0205   
16.4776    16.7285   
18.4335    28.7129   
4.9362     36.5698   

# Frame239

# x        y
12.0193    14.9887   
6.8567     32.0430   
6.6162     16.0205   
16.4774    16.7331   
18.4335    28.7129   
4.9362     36.5698   

# Frame240

# x        y
12.0160    14.9922   
6.8567     32.0430   
6.6162     16.0205   
16.4771    16.7375   
18.4335    28.7129   
4.9362     36.5698   

# Frame241

# x        y
12.0127    14.9957   
6.8567     32.0430   
6.6162     16.0205   
16.4769    16.7419   
18.4335    28.7129   
4.9362     36.5698   

# Frame242

# x        y
12.0094    14.9991   
6.8567     32.0430   
6.6162     16.0205   
16.4767    16.7462   
18.4335    28.7129   
4.9362     36.5698   

# Frame243

# x        y
12.0062    15.0025   
6.8567     32.0430   
6.6162     16.0205   
16.4764    16.7505   
18.4335    28.7129   
4.9362     36.5698   

# Frame244

# x        y
12.0031    15.0058   
6.8567     32.0430   
6.6162     16.0205   
16.4762    16.7547   
18.4335    28.7129   
4.9362     36.5698   

# Frame245

# x        y
12.0000    15.0090   
6.8567     32.0430   
6.6162     16.0205   
16.4759    16.7588   
18.4335    28.7129   
4.9362     36.5698   

# Frame246

# x        y
11.9970    15.0122   
6.8567     32.0430   
6.6162     16.0205   
16.4757    16.7628   
18.4335    28.7129   
4.9362     36.5698   

# Frame247

# x        y
11.9940    15.0153   
6.8567     32.0430   
6.6162     16.0205   
16.4755    16.7668   
18.4335    28.7129   
4.9362     36.5698   

# Frame248

# x        y
11.9911    15.0184   
6.8567     32.0430   
6.6162     16.0205   
16.4753    16.7707   
18.4335    28.7129   
4.9362     36.5698   

# Frame249

# x        y
11.9882    15.0215   
6.8567     32.0430   
6.6162     16.0205   
16.4750    16.7745   
18.4335    28.7129   
4.9362     36.5698   

# Frame250

# x        y
11.9854    15.0244   
6.8567     32.0430   
6.6162     16.0205   
16.4748    16.7783   
18.4335    28.7129   
4.9362     36.5698   

# Frame251

# x        y
11.9826    15.0274   
6.8567     32.0430   
6.6162     16.0205   
16.4746    16.7820   
18.4335    28.7129   
4.9362     36.5698   

# Frame252

# x        y
11.9798    15.0302   
6.8567     32.0430   
6.6162     16.0205   
16.4744    16.7857   
18.4335    28.7129   
4.9362     36.5698   

# Frame253

# x        y
11.9771    15.0331   
6.8567     32.0430   
6.6162     16.0205   
16.4742    16.7893   
18.4335    28.7129   
4.9362     36.5698   

# Frame254

# x        y
11.9745    15.0359   
6.8567     32.0430   
6.6162     16.0205   
16.4740    16.7928   
18.4335    28.7129   
4.9362     36.5698   

# Frame255

# x        y
11.9719    15.0386   
6.8567     32.0430   
6.6162     16.0205   
16.4738    16.7963   
18.4335    28.7129   
4.9362     36.5698   

# Frame256

# x        y
11.9693    15.0413   
6.8567     32.0430   
6.6162     16.0205   
16.4736    16.7997   
18.4335    28.7129   
4.9362     36.5698   

# Frame257

# x        y
11.9668    15.0440   
6.8567     32.0430   
6.6162     16.0205   
16.4734    16.8031   
18.4335    28.7129   
4.9362     36.5698   

# Frame258

# x        y
11.9643    15.0466   
6.8567     32.0430   
6.6162     16.0205   
16.4733    16.8064   
18.4335    28.7129   
4.9362     36.5698   

# Frame259

# x        y
11.9619    15.0491   
6.8567     32.0430   
6.6162     16.0205   
16.4731    16.8096   
18.4335    28.7129   
4.9362     36.5698   

# Frame260

# x        y
11.9595    15.0516   
6.8567     32.0430   
6.6162     16.0205   
16.4729    16.8128   
18.4335    28.7129   
4.9362     36.5698   

# Frame261

# x        y
11.9571    15.0541   
6.8567     32.0430   
6.6162     16.0205   
16.4727    16.8160   
18.4335    28.7129   
4.9362     36.5698   

# Frame262

# x        y
11.9548    15.0566   
6.8567     32.0430   
6.6162     16.0205   
16.4725    16.8190   
18.4335    28.7129   
4.9362     36.5698   

# Frame263

# x        y
11.9525    15.0590   
6.8567     32.0430   
6.6162     16.0205   
16.4724    16.8221   
18.4335    28.7129   
4.9362     36.5698   

# Frame264

# x        y
11.9503    15.0613   
6.8567     32.0430   
6.6162     16.0205   
16.4722    16.8251   
18.4335    28.7129   
4.9362     36.5698   

# Frame265

# x        y
11.9481    15.0636   
6.8567     32.0430   
6.6162     16.0205   
16.4720    16.8280   
18.4335    28.7129   
4.9362     36.5698   

# Frame266

# x        y
11.9459    15.0659   
6.8567     32.0430   
6.6162     16.0205   
16.4719    16.8309   
18.4335    28.7129   
4.9362     36.5698   

# Frame267

# x        y
11.9438    15.0681   
6.8567     32.0430   
6.6162     16.0205   
16.4717    16.8337   
18.4335    28.7129   
4.9362     36.5698   

# Frame268

# x        y
11.9417    15.0704   
6.8567     32.0430   
6.6162     16.0205   
16.4716    16.8365   
18.4335    28.7129   
4.9362     36.5698   

# Frame269

# x        y
11.9396    15.0725   
6.8567     32.0430   
6.6162     16.0205   
16.4714    16.8393   
18.4335    28.7129   
4.9362     36.5698   

# Frame270

# x        y
11.9376    15.0746   
6.8567     32.0430   
6.6162     16.0205   
16.4712    16.8420   
18.4335    28.7129   
4.9362     36.5698   

# Frame271

# x        y
11.9356    15.0767   
6.8567     32.0430   
6.6162     16.0205   
16.4711    16.8446   
18.4335    28.7129   
4.9362     36.5698   

# Frame272

# x        y
11.9336    15.0788   
6.8567     32.0430   
6.6162     16.0205   
16.4709    16.8472   
18.4335    28.7129   
4.9362     36.5698   

# Frame273

# x        y
11.9317    15.0808   
6.8567     32.0430   
6.6162     16.0205   
16.4708    16.8498   
18.4335    28.7129   
4.9362     36.5698   

# Frame274

# x        y
11.9298    15.0828   
6.8567     32.0430   
6.6162     16.0205   
16.4707    16.8523   
18.4335    28.7129   
4.9362     36.5698   

# Frame275

# x        y
11.9280    15.0848   
6.8567     32.0430   
6.6162     16.0205   
16.4705    16.8548   
18.4335    28.7129   
4.9362     36.5698   

# Frame276

# x        y
11.9261    15.0867   
6.8567     32.0430   
6.6162     16.0205   
16.4704    16.8572   
18.4335    28.7129   
4.9362     36.5698   

# Frame277

# x        y
11.9243    15.0886   
6.8567     32.0430   
6.6162     16.0205   
16.4702    16.8596   
18.4335    28.7129   
4.9362     36.5698   

# Frame278

# x        y
11.9226    15.0905   
6.8567     32.0430   
6.6162     16.0205   
16.4701    16.8620   
18.4335    28.7129   
4.9362     36.5698   

# Frame279

# x        y
11.9208    15.0923   
6.8567     32.0430   
6.6162     16.0205   
16.4700    16.8643   
18.4335    28.7129   
4.9362     36.5698   

# Frame280

# x        y
11.9191    15.0941   
6.8567     32.0430   
6.6162     16.0205   
16.4699    16.8666   
18.4335    28.7129   
4.9362     36.5698   

# Frame281

# x        y
11.9174    15.0959   
6.8567     32.0430   
6.6162     16.0205   
16.4697    16.8689   
18.4335    28.7129   
4.9362     36.5698   

# Frame282

# x        y
11.9158    15.0976   
6.8567     32.0430   
6.6162     16.0205   
16.4696    16.8711   
18.4335    28.7129   
4.9362     36.5698   

# Frame283

# x        y
11.9141    15.0993   
6.8567     32.0430   
6.6162     16.0205   
16.4695    16.8732   
18.4335    28.7129   
4.9362     36.5698   

# Frame284

# x        y
11.9125    15.1010   
6.8567     32.0430   
6.6162     16.0205   
16.4694    16.8754   
18.4335    28.7129   
4.9362     36.5698   

# Frame285

# x        y
11.9110    15.1027   
6.8567     32.0430   
6.6162     16.0205   
16.4692    16.8775   
18.4335    28.7129   
4.9362     36.5698   

# Frame286

# x        y
11.9094    15.1043   
6.8567     32.0430   
6.6162     16.0205   
16.4691    16.8795   
18.4335    28.7129   
4.9362     36.5698   

# Frame287

# x        y
11.9079    15.1059   
6.8567     32.0430   
6.6162     16.0205   
16.4690    16.8816   
18.4335    28.7129   
4.9362     36.5698   

# Frame288

# x        y
11.9064    15.1075   
6.8567     32.0430   
6.6162     16.0205   
16.4689    16.8835   
18.4335    28.7129   
4.9362     36.5698   

# Frame289

# x        y
11.9049    15.1090   
6.8567     32.0430   
6.6162     16.0205   
16.4688    16.8855   
18.4335    28.7129   
4.9362     36.5698   

# Frame290

# x        y
11.9035    15.1105   
6.8567     32.0430   
6.6162     16.0205   
16.4687    16.8874   
18.4335    28.7129   
4.9362     36.5698   

# Frame291

# x        y
11.9021    15.1120   
6.8567     32.0430   
6.6162     16.0205   
16.4686    16.8893   
18.4335    28.7129   
4.9362     36.5698   

# Frame292

# x        y
11.9007    15.1135   
6.8567     32.0430   
6.6162     16.0205   
16.4685    16.8912   
18.4335    28.7129   
4.9362     36.5698   

# Frame293

# x        y
11.8993    15.1149   
6.8567     32.0430   
6.6162     16.0205   
16.4684    16.8930   
18.4335    28.7129   
4.9362     36.5698   

# Frame294

# x        y
11.8979    15.1164   
6.8567     32.0430   
6.6162     16.0205   
16.4683    16.8948   
18.4335    28.7129   
4.9362     36.5698   

# Frame295

# x        y
11.8966    15.1178   
6.8567     32.0430   
6.6162     16.0205   
16.4682    16.8966   
18.4335    28.7129   
4.9362     36.5698   

# Frame296

# x        y
11.8953    15.1191   
6.8567     32.0430   
6.6162     16.0205   
16.4681    16.8984   
18.4335    28.7129   
4.9362     36.5698   

# Frame297

# x        y
11.8940    15.1205   
6.8567     32.0430   
6.6162     16.0205   
16.4680    16.9001   
18.4335    28.7129   
4.9362     36.5698   

# Frame298

# x        y
11.8927    15.1218   
6.8567     32.0430   
6.6162     16.0205   
16.4679    16.9018   
18.4335    28.7129   
4.9362     36.5698   

# Frame299

# x        y
11.8915    15.1231   
6.8567     32.0430   
6.6162     16.0205   
16.4678    16.9034   
18.4335    28.7129   
4.9362     36.5698   

# Frame300

# x        y
11.8903    15.1244   
6.8567     32.0430   
6.6162     16.0205   
16.4677    16.9050   
18.4335    28.7129   
4.9362     36.5698   

# Frame301

# x        y
11.8891    15.1257   
6.8567     32.0430   
6.6162     16.0205   
16.4676    16.9066   
18.4335    28.7129   
4.9362     36.5698   

# Frame302

# x        y
11.8879    15.1269   
6.8567     32.0430   
6.6162     16.0205   
16.4675    16.9082   
18.4335    28.7129   
4.9362     36.5698   

# Frame303

# x        y
11.8867    15.1282   
6.8567     32.0430   
6.6162     16.0205   
16.4674    16.9098   
18.4335    28.7129   
4.9362     36.5698   

# Frame304

# x        y
11.8856    15.1294   
6.8567     32.0430   
6.6162     16.0205   
16.4673    16.9113   
18.4335    28.7129   
4.9362     36.5698   

# Frame305

# x        y
11.8844    15.1305   
6.8567     32.0430   
6.6162     16.0205   
16.4673    16.9128   
18.4335    28.7129   
4.9362     36.5698   

# Frame306

# x        y
11.8833    15.1317   
6.8567     32.0430   
6.6162     16.0205   
16.4672    16.9143   
18.4335    28.7129   
4.9362     36.5698   

# Frame307

# x        y
11.8822    15.1328   
6.8567     32.0430   
6.6162     16.0205   
16.4671    16.9157   
18.4335    28.7129   
4.9362     36.5698   

# Frame308

# x        y
11.8812    15.1340   
6.8567     32.0430   
6.6162     16.0205   
16.4670    16.9171   
18.4335    28.7129   
4.9362     36.5698   

# Frame309

# x        y
11.8801    15.1351   
6.8567     32.0430   
6.6162     16.0205   
16.4669    16.9186   
18.4335    28.7129   
4.9362     36.5698   

# Frame310

# x        y
11.8791    15.1362   
6.8567     32.0430   
6.6162     16.0205   
16.4669    16.9199   
18.4335    28.7129   
4.9362     36.5698   

# Frame311

# x        y
11.8781    15.1372   
6.8567     32.0430   
6.6162     16.0205   
16.4668    16.9213   
18.4335    28.7129   
4.9362     36.5698   

# Frame312

# x        y
11.8771    15.1383   
6.8567     32.0430   
6.6162     16.0205   
16.4667    16.9226   
18.4335    28.7129   
4.9362     36.5698   

# Frame313

# x        y
11.8761    15.1393   
6.8567     32.0430   
6.6162     16.0205   
16.4666    16.9239   
18.4335    28.7129   
4.9362     36.5698   

# Frame314

# x        y
11.8751    15.1403   
6.8567     32.0430   
6.6162     16.0205   
16.4666    16.9252   
18.4335    28.7129   
4.9362     36.5698   

# Frame315

# x        y
11.8742    15.1413   
6.8567     32.0430   
6.6162     16.0205   
16.4665    16.9265   
18.4335    28.7129   
4.9362     36.5698   

# Frame316

# x        y
11.8732    15.1423   
6.8567     32.0430   
6.6162     16.0205   
16.4664    16.9277   
18.4335    28.7129   
4.9362     36.5698   

# Frame317

# x        y
11.8723    15.1433   
6.8567     32.0430   
6.6162     16.0205   
16.4663    16.9290   
18.4335    28.7129   
4.9362     36.5698   

# Frame318

# x        y
11.8714    15.1442   
6.8567     32.0430   
6.6162     16.0205   
16.4663    16.9302   
18.4335    28.7129   
4.9362     36.5698   

# Frame319

# x        y
11.8705    15.1452   
6.8567     32.0430   
6.6162     16.0205   
16.4662    16.9313   
18.4335    28.7129   
4.9362     36.5698   

# Frame320

# x        y
11.8696    15.1461   
6.8567     32.0430   
6.6162     16.0205   
16.4661    16.9325   
18.4335    28.7129   
4.9362     36.5698   

# Frame321

# x        y
11.8688    15.1470   
6.8567     32.0430   
6.6162     16.0205   
16.4661    16.9337   
18.4335    28.7129   
4.9362     36.5698   

# Frame322

# x        y
11.8679    15.1479   
6.8567     32.0430   
6.6162     16.0205   
16.4660    16.9348   
18.4335    28.7129   
4.9362     36.5698   

# Frame323

# x        y
11.8671    15.1488   
6.8567     32.0430   
6.6162     16.0205   
16.4660    16.9359   
18.4335    28.7129   
4.9362     36.5698   

# Frame324

# x        y
11.8663    15.1496   
6.8567     32.0430   
6.6162     16.0205   
16.4659    16.9370   
18.4335    28.7129   
4.9362     36.5698   

# Frame325

# x        y
11.8655    15.1505   
6.8567     32.0430   
6.6162     16.0205   
16.4658    16.9381   
18.4335    28.7129   
4.9362     36.5698   

# Frame326

# x        y
11.8647    15.1513   
6.8567     32.0430   
6.6162     16.0205   
16.4658    16.9391   
18.4335    28.7129   
4.9362     36.5698   

# Frame327

# x        y
11.8639    15.1521   
6.8567     32.0430   
6.6162     16.0205   
16.4657    16.9401   
18.4335    28.7129   
4.9362     36.5698   

# Frame328

# x        y
11.8632    15.1529   
6.8567     32.0430   
6.6162     16.0205   
16.4657    16.9412   
18.4335    28.7129   
4.9362     36.5698   

# Frame329

# x        y
11.8624    15.1537   
6.8567     32.0430   
6.6162     16.0205   
16.4656    16.9422   
18.4335    28.7129   
4.9362     36.5698   

# Frame330

# x        y
11.8617    15.1545   
6.8567     32.0430   
6.6162     16.0205   
16.4655    16.9431   
18.4335    28.7129   
4.9362     36.5698   

# Frame331

# x        y
11.8609    15.1552   
6.8567     32.0430   
6.6162     16.0205   
16.4655    16.9441   
18.4335    28.7129   
4.9362     36.5698   

# Frame332

# x        y
11.8602    15.1560   
6.8567     32.0430   
6.6162     16.0205   
16.4654    16.9451   
18.4335    28.7129   
4.9362     36.5698   

# Frame333

# x        y
11.8595    15.1567   
6.8567     32.0430   
6.6162     16.0205   
16.4654    16.9460   
18.4335    28.7129   
4.9362     36.5698   

# Frame334

# x        y
11.8588    15.1575   
6.8567     32.0430   
6.6162     16.0205   
16.4653    16.9469   
18.4335    28.7129   
4.9362     36.5698   

# Frame335

# x        y
11.8582    15.1582   
6.8567     32.0430   
6.6162     16.0205   
16.4653    16.9478   
18.4335    28.7129   
4.9362     36.5698   

# Frame336

# x        y
11.8575    15.1589   
6.8567     32.0430   
6.6162     16.0205   
16.4652    16.9487   
18.4335    28.7129   
4.9362     36.5698   

# Frame337

# x        y
11.8568    15.1596   
6.8567     32.0430   
6.6162     16.0205   
16.4652    16.9496   
18.4335    28.7129   
4.9362     36.5698   

# Frame338

# x        y
11.8562    15.1603   
6.8567     32.0430   
6.6162     16.0205   
16.4651    16.9505   
18.4335    28.7129   
4.9362     36.5698   

# Frame339

# x        y
11.8555    15.1609   
6.8567     32.0430   
6.6162     16.0205   
16.4651    16.9513   
18.4335    28.7129   
4.9362     36.5698   

# Frame340

# x        y
11.8549    15.1616   
6.8567     32.0430   
6.6162     16.0205   
16.4650    16.9521   
18.4335    28.7129   
4.9362     36.5698   

# Frame341

# x        y
11.8543    15.1622   
6.8567     32.0430   
6.6162     16.0205   
16.4650    16.9530   
18.4335    28.7129   
4.9362     36.5698   

# Frame342

# x        y
11.8537    15.1629   
6.8567     32.0430   
6.6162     16.0205   
16.4649    16.9538   
18.4335    28.7129   
4.9362     36.5698   

# Frame343

# x        y
11.8531    15.1635   
6.8567     32.0430   
6.6162     16.0205   
16.4649    16.9545   
18.4335    28.7129   
4.9362     36.5698   

# Frame344

# x        y
11.8525    15.1641   
6.8567     32.0430   
6.6162     16.0205   
16.4649    16.9553   
18.4335    28.7129   
4.9362     36.5698   

# Frame345

# x        y
11.8520    15.1647   
6.8567     32.0430   
6.6162     16.0205   
16.4648    16.9561   
18.4335    28.7129   
4.9362     36.5698   

# Frame346

# x        y
11.8514    15.1653   
6.8567     32.0430   
6.6162     16.0205   
16.4648    16.9568   
18.4335    28.7129   
4.9362     36.5698   

# Frame347

# x        y
11.8508    15.1659   
6.8567     32.0430   
6.6162     16.0205   
16.4647    16.9576   
18.4335    28.7129   
4.9362     36.5698   

# Frame348

# x        y
11.8503    15.1665   
6.8567     32.0430   
6.6162     16.0205   
16.4647    16.9583   
18.4335    28.7129   
4.9362     36.5698   

# Frame349

# x        y
11.8497    15.1670   
6.8567     32.0430   
6.6162     16.0205   
16.4646    16.9590   
18.4335    28.7129   
4.9362     36.5698   

# Frame350

# x        y
11.8492    15.1676   
6.8567     32.0430   
6.6162     16.0205   
16.4646    16.9597   
18.4335    28.7129   
4.9362     36.5698   

# Frame351

# x        y
11.8487    15.1681   
6.8567     32.0430   
6.6162     16.0205   
16.4646    16.9604   
18.4335    28.7129   
4.9362     36.5698   

# Frame352

# x        y
11.8482    15.1687   
6.8567     32.0430   
6.6162     16.0205   
16.4645    16.9611   
18.4335    28.7129   
4.9362     36.5698   

# Frame353

# x        y
11.8477    15.1692   
6.8567     32.0430   
6.6162     16.0205   
16.4645    16.9618   
18.4335    28.7129   
4.9362     36.5698   

# Frame354

# x        y
11.8472    15.1697   
6.8567     32.0430   
6.6162     16.0205   
16.4645    16.9624   
18.4335    28.7129   
4.9362     36.5698   

# Frame355

# x        y
11.8467    15.1702   
6.8567     32.0430   
6.6162     16.0205   
16.4644    16.9631   
18.4335    28.7129   
4.9362     36.5698   

# Frame356

# x        y
11.8462    15.1707   
6.8567     32.0430   
6.6162     16.0205   
16.4644    16.9637   
18.4335    28.7129   
4.9362     36.5698   

# Frame357

# x        y
11.8458    15.1712   
6.8567     32.0430   
6.6162     16.0205   
16.4643    16.9643   
18.4335    28.7129   
4.9362     36.5698   

# Frame358

# x        y
11.8453    15.1717   
6.8567     32.0430   
6.6162     16.0205   
16.4643    16.9650   
18.4335    28.7129   
4.9362     36.5698   

# Frame359

# x        y
11.8448    15.1722   
6.8567     32.0430   
6.6162     16.0205   
16.4643    16.9656   
18.4335    28.7129   
4.9362     36.5698   

# Frame360

# x        y
11.8444    15.1726   
6.8567     32.0430   
6.6162     16.0205   
16.4642    16.9662   
18.4335    28.7129   
4.9362     36.5698   

# Frame361

# x        y
11.8440    15.1731   
6.8567     32.0430   
6.6162     16.0205   
16.4642    16.9667   
18.4335    28.7129   
4.9362     36.5698   

# Frame362

# x        y
11.8435    15.1736   
6.8567     32.0430   
6.6162     16.0205   
16.4642    16.9673   
18.4335    28.7129   
4.9362     36.5698   

# Frame363

# x        y
11.8431    15.1740   
6.8567     32.0430   
6.6162     16.0205   
16.4641    16.9679   
18.4335    28.7129   
4.9362     36.5698   

# Frame364

# x        y
11.8427    15.1744   
6.8567     32.0430   
6.6162     16.0205   
16.4641    16.9684   
18.4335    28.7129   
4.9362     36.5698   

# Frame365

# x        y
11.8423    15.1749   
6.8567     32.0430   
6.6162     16.0205   
16.4641    16.9690   
18.4335    28.7129   
4.9362     36.5698   

# Frame366

# x        y
11.8419    15.1753   
6.8567     32.0430   
6.6162     16.0205   
16.4641    16.9695   
18.4335    28.7129   
4.9362     36.5698   

# Frame367

# x        y
11.8415    15.1757   
6.8567     32.0430   
6.6162     16.0205   
16.4640    16.9701   
18.4335    28.7129   
4.9362     36.5698   

# Frame368

# x        y
11.8411    15.1761   
6.8567     32.0430   
6.6162     16.0205   
16.4640    16.9706   
18.4335    28.7129   
4.9362     36.5698   

# Frame369

# x        y
11.8407    15.1765   
6.8567     32.0430   
6.6162     16.0205   
16.4640    16.9711   
18.4335    28.7129   
4.9362     36.5698   

# Frame370

# x        y
11.8403    15.1769   
6.8567     32.0430   
6.6162     16.0205   
16.4639    16.9716   
18.4335    28.7129   
4.9362     36.5698   

# Frame371

# x        y
11.8400    15.1773   
6.8567     32.0430   
6.6162     16.0205   
16.4639    16.9721   
18.4335    28.7129   
4.9362     36.5698   

# Frame372

# x        y
11.8396    15.1777   
6.8567     32.0430   
6.6162     16.0205   
16.4639    16.9726   
18.4335    28.7129   
4.9362     36.5698   

# Frame373

# x        y
11.8392    15.1781   
6.8567     32.0430   
6.6162     16.0205   
16.4639    16.9731   
18.4335    28.7129   
4.9362     36.5698   

# Frame374

# x        y
11.8389    15.1784   
6.8567     32.0430   
6.6162     16.0205   
16.4638    16.9735   
18.4335    28.7129   
4.9362     36.5698   

# Frame375

# x        y
11.8385    15.1788   
6.8567     32.0430   
6.6162     16.0205   
16.4638    16.9740   
18.4335    28.7129   
4.9362     36.5698   

# Frame376

# x        y
11.8382    15.1792   
6.8567     32.0430   
6.6162     16.0205   
16.4638    16.9744   
18.4335    28.7129   
4.9362     36.5698   

# Frame377

# x        y
11.8379    15.1795   
6.8567     32.0430   
6.6162     16.0205   
16.4638    16.9749   
18.4335    28.7129   
4.9362     36.5698   

# Frame378

# x        y
11.8375    15.1799   
6.8567     32.0430   
6.6162     16.0205   
16.4637    16.9753   
18.4335    28.7129   
4.9362     36.5698   

# Frame379

# x        y
11.8372    15.1802   
6.8567     32.0430   
6.6162     16.0205   
16.4637    16.9758   
18.4335    28.7129   
4.9362     36.5698   

# Frame380

# x        y
11.8369    15.1805   
6.8567     32.0430   
6.6162     16.0205   
16.4637    16.9762   
18.4335    28.7129   
4.9362     36.5698   

# Frame381

# x        y
11.8366    15.1809   
6.8567     32.0430   
6.6162     16.0205   
16.4637    16.9766   
18.4335    28.7129   
4.9362     36.5698   

# Frame382

# x        y
11.8363    15.1812   
6.8567     32.0430   
6.6162     16.0205   
16.4636    16.9770   
18.4335    28.7129   
4.9362     36.5698   

# Frame383

# x        y
11.8360    15.1815   
6.8567     32.0430   
6.6162     16.0205   
16.4636    16.9774   
18.4335    28.7129   
4.9362     36.5698   

# Frame384

# x        y
11.8357    15.1818   
6.8567     32.0430   
6.6162     16.0205   
16.4636    16.9778   
18.4335    28.7129   
4.9362     36.5698   

# Frame385

# x        y
11.8354    15.1821   
6.8567     32.0430   
6.6162     16.0205   
16.4636    16.9782   
18.4335    28.7129   
4.9362     36.5698   

# Frame386

# x        y
11.8351    15.1824   
6.8567     32.0430   
6.6162     16.0205   
16.4635    16.9786   
18.4335    28.7129   
4.9362     36.5698   

# Frame387

# x        y
11.8348    15.1827   
6.8567     32.0430   
6.6162     16.0205   
16.4635    16.9790   
18.4335    28.7129   
4.9362     36.5698   

# Frame388

# x        y
11.8345    15.1830   
6.8567     32.0430   
6.6162     16.0205   
16.4635    16.9793   
18.4335    28.7129   
4.9362     36.5698   

# Frame389

# x        y
11.8342    15.1833   
6.8567     32.0430   
6.6162     16.0205   
16.4635    16.9797   
18.4335    28.7129   
4.9362     36.5698   

# Frame390

# x        y
11.8340    15.1836   
6.8567     32.0430   
6.6162     16.0205   
16.4635    16.9801   
18.4335    28.7129   
4.9362     36.5698   

# Frame391

# x        y
11.8337    15.1839   
6.8567     32.0430   
6.6162     16.0205   
16.4634    16.9804   
18.4335    28.7129   
4.9362     36.5698   

# Frame392

# x        y
11.8334    15.1842   
6.8567     32.0430   
6.6162     16.0205   
16.4634    16.9808   
18.4335    28.7129   
4.9362     36.5698   

# Frame393

# x        y
11.8332    15.1844   
6.8567     32.0430   
6.6162     16.0205   
16.4634    16.9811   
18.4335    28.7129   
4.9362     36.5698   

# Frame394

# x        y
11.8329    15.1847   
6.8567     32.0430   
6.6162     16.0205   
16.4634    16.9814   
18.4335    28.7129   
4.9362     36.5698   

# Frame395

# x        y
11.8327    15.1850   
6.8567     32.0430   
6.6162     16.0205   
16.4634    16.9818   
18.4335    28.7129   
4.9362     36.5698   

# Frame396

# x        y
11.8324    15.1852   
6.8567     32.0430   
6.6162     16.0205   
16.4633    16.9821   
18.4335    28.7129   
4.9362     36.5698   

# Frame397

# x        y
11.8322    15.1855   
6.8567     32.0430   
6.6162     16.0205   
16.4633    16.9824   
18.4335    28.7129   
4.9362     36.5698   

# Frame398

# x        y
11.8320    15.1857   
6.8567     32.0430   
6.6162     16.0205   
16.4633    16.9827   
18.4335    28.7129   
4.9362     36.5698   

# Frame399

# x        y
11.8317    15.1860   
6.8567     32.0430   
6.6162     16.0205   
16.4633    16.9830   
18.4335    28.7129   
4.9362     36.5698   

# Frame400

# x        y
11.8315    15.1862   
6.8567     32.0430   
6.6162     16.0205   
16.4633    16.9833   
18.4335    28.7129   
4.9362     36.5698   

# Frame401

# x        y
11.8313    15.1864   
6.8567     32.0430   
6.6162     16.0205   
16.4633    16.9836   
18.4335    28.7129   
4.9362     36.5698   

# Frame402

# x        y
11.8311    15.1867   
6.8567     32.0430   
6.6162     16.0205   
16.4632    16.9839   
18.4335    28.7129   
4.9362     36.5698   

# Frame403

# x        y
11.8308    15.1869   
6.8567     32.0430   
6.6162     16.0205   
16.4632    16.9842   
18.4335    28.7129   
4.9362     36.5698   

# Frame404

# x        y
11.8306    15.1871   
6.8567     32.0430   
6.6162     16.0205   
16.4632    16.9845   
18.4335    28.7129   
4.9362     36.5698   

# Frame405

# x        y
11.8304    15.1873   
6.8567     32.0430   
6.6162     16.0205   
16.4632    16.9848   
18.4335    28.7129   
4.9362     36.5698   

# Frame406

# x        y
11.8302    15.1875   
6.8567     32.0430   
6.6162     16.0205   
16.4632    16.9851   
18.4335    28.7129   
4.9362     36.5698   

# Frame407

# x        y
11.8300    15.1878   
6.8567     32.0430   
6.6162     16.0205   
16.4632    16.9853   
18.4335    28.7129   
4.9362     36.5698   

# Frame408

# x        y
11.8298    15.1880   
6.8567     32.0430   
6.6162     16.0205   
16.4632    16.9856   
18.4335    28.7129   
4.9362     36.5698   

# Frame409

# x        y
11.8296    15.1882   
6.8567     32.0430   
6.6162     16.0205   
16.4631    16.9859   
18.4335    28.7129   
4.9362     36.5698   

# Frame410

# x        y
11.8294    15.1884   
6.8567     32.0430   
6.6162     16.0205   
16.4631    16.9861   
18.4335    28.7129   
4.9362     36.5698   

# Frame411

# x        y
11.8292    15.1886   
6.8567     32.0430   
6.6162     16.0205   
16.4631    16.9864   
18.4335    28.7129   
4.9362     36.5698   

# Frame412

# x        y
11.8291    15.1888   
6.8567     32.0430   
6.6162     16.0205   
16.4631    16.9866   
18.4335    28.7129   
4.9362     36.5698   

# Frame413

# x        y
11.8289    15.1890   
6.8567     32.0430   
6.6162     16.0205   
16.4631    16.9869   
18.4335    28.7129   
4.9362     36.5698   

# Frame414

# x        y
11.8287    15.1892   
6.8567     32.0430   
6.6162     16.0205   
16.4631    16.9871   
18.4335    28.7129   
4.9362     36.5698   

# Frame415

# x        y
11.8285    15.1893   
6.8567     32.0430   
6.6162     16.0205   
16.4631    16.9873   
18.4335    28.7129   
4.9362     36.5698   

# Frame416

# x        y
11.8283    15.1895   
6.8567     32.0430   
6.6162     16.0205   
16.4630    16.9876   
18.4335    28.7129   
4.9362     36.5698   

# Frame417

# x        y
11.8282    15.1897   
6.8567     32.0430   
6.6162     16.0205   
16.4630    16.9878   
18.4335    28.7129   
4.9362     36.5698   

# Frame418

# x        y
11.8280    15.1899   
6.8567     32.0430   
6.6162     16.0205   
16.4630    16.9880   
18.4335    28.7129   
4.9362     36.5698   

# Frame419

# x        y
11.8278    15.1901   
6.8567     32.0430   
6.6162     16.0205   
16.4630    16.9882   
18.4335    28.7129   
4.9362     36.5698   

# Frame420

# x        y
11.8277    15.1902   
6.8567     32.0430   
6.6162     16.0205   
16.4630    16.9885   
18.4335    28.7129   
4.9362     36.5698   

# Frame421

# x        y
11.8275    15.1904   
6.8567     32.0430   
6.6162     16.0205   
16.4630    16.9887   
18.4335    28.7129   
4.9362     36.5698   

# Frame422

# x        y
11.8274    15.1906   
6.8567     32.0430   
6.6162     16.0205   
16.4630    16.9889   
18.4335    28.7129   
4.9362     36.5698   

# Frame423

# x        y
11.8272    15.1907   
6.8567     32.0430   
6.6162     16.0205   
16.4630    16.9891   
18.4335    28.7129   
4.9362     36.5698   

# Frame424

# x        y
11.8270    15.1909   
6.8567     32.0430   
6.6162     16.0205   
16.4629    16.9893   
18.4335    28.7129   
4.9362     36.5698   

# Frame425

# x        y
11.8269    15.1910   
6.8567     32.0430   
6.6162     16.0205   
16.4629    16.9895   
18.4335    28.7129   
4.9362     36.5698   

# Frame426

# x        y
11.8267    15.1912   
6.8567     32.0430   
6.6162     16.0205   
16.4629    16.9897   
18.4335    28.7129   
4.9362     36.5698   

# Frame427

# x        y
11.8266    15.1914   
6.8567     32.0430   
6.6162     16.0205   
16.4629    16.9899   
18.4335    28.7129   
4.9362     36.5698   

# Frame428

# x        y
11.8265    15.1915   
6.8567     32.0430   
6.6162     16.0205   
16.4629    16.9901   
18.4335    28.7129   
4.9362     36.5698   

# Frame429

# x        y
11.8263    15.1916   
6.8567     32.0430   
6.6162     16.0205   
16.4629    16.9903   
18.4335    28.7129   
4.9362     36.5698   

# Frame430

# x        y
11.8262    15.1918   
6.8567     32.0430   
6.6162     16.0205   
16.4629    16.9904   
18.4335    28.7129   
4.9362     36.5698   

# Frame431

# x        y
11.8260    15.1919   
6.8567     32.0430   
6.6162     16.0205   
16.4629    16.9906   
18.4335    28.7129   
4.9362     36.5698   

# Frame432

# x        y
11.8259    15.1921   
6.8567     32.0430   
6.6162     16.0205   
16.4629    16.9908   
18.4335    28.7129   
4.9362     36.5698   

# Frame433

# x        y
11.8258    15.1922   
6.8567     32.0430   
6.6162     16.0205   
16.4628    16.9910   
18.4335    28.7129   
4.9362     36.5698   

# Frame434

# x        y
11.8257    15.1923   
6.8567     32.0430   
6.6162     16.0205   
16.4628    16.9911   
18.4335    28.7129   
4.9362     36.5698   

# Frame435

# x        y
11.8255    15.1925   
6.8567     32.0430   
6.6162     16.0205   
16.4628    16.9913   
18.4335    28.7129   
4.9362     36.5698   

# Frame436

# x        y
11.8254    15.1926   
6.8567     32.0430   
6.6162     16.0205   
16.4628    16.9915   
18.4335    28.7129   
4.9362     36.5698   

# Frame437

# x        y
11.8253    15.1927   
6.8567     32.0430   
6.6162     16.0205   
16.4628    16.9916   
18.4335    28.7129   
4.9362     36.5698   

# Frame438

# x        y
11.8252    15.1929   
6.8567     32.0430   
6.6162     16.0205   
16.4628    16.9918   
18.4335    28.7129   
4.9362     36.5698   

# Frame439

# x        y
11.8250    15.1930   
6.8567     32.0430   
6.6162     16.0205   
16.4628    16.9920   
18.4335    28.7129   
4.9362     36.5698   

# Frame440

# x        y
11.8249    15.1931   
6.8567     32.0430   
6.6162     16.0205   
16.4628    16.9921   
18.4335    28.7129   
4.9362     36.5698   

# Frame441

# x        y
11.8248    15.1932   
6.8567     32.0430   
6.6162     16.0205   
16.4628    16.9923   
18.4335    28.7129   
4.9362     36.5698   

# Frame442

# x        y
11.8247    15.1934   
6.8567     32.0430   
6.6162     16.0205   
16.4628    16.9924   
18.4335    28.7129   
4.9362     36.5698   

# Frame443

# x        y
11.8246    15.1935   
6.8567     32.0430   
6.6162     16.0205   
16.4628    16.9926   
18.4335    28.7129   
4.9362     36.5698   

# Frame444

# x        y
11.8245    15.1936   
6.8567     32.0430   
6.6162     16.0205   
16.4627    16.9927   
18.4335    28.7129   
4.9362     36.5698   

# Frame445

# x        y
11.8244    15.1937   
6.8567     32.0430   
6.6162     16.0205   
16.4627    16.9928   
18.4335    28.7129   
4.9362     36.5698   

# Frame446

# x        y
11.8243    15.1938   
6.8567     32.0430   
6.6162     16.0205   
16.4627    16.9930   
18.4335    28.7129   
4.9362     36.5698   

# Frame447

# x        y
11.8242    15.1939   
6.8567     32.0430   
6.6162     16.0205   
16.4627    16.9931   
18.4335    28.7129   
4.9362     36.5698   

# Frame448

# x        y
11.8241    15.1940   
6.8567     32.0430   
6.6162     16.0205   
16.4627    16.9933   
18.4335    28.7129   
4.9362     36.5698   

# Frame449

# x        y
11.8240    15.1941   
6.8567     32.0430   
6.6162     16.0205   
16.4627    16.9934   
18.4335    28.7129   
4.9362     36.5698   

# Frame450

# x        y
11.8239    15.1942   
6.8567     32.0430   
6.6162     16.0205   
16.4627    16.9935   
18.4335    28.7129   
4.9362     36.5698   

# Frame451

# x        y
11.8238    15.1943   
6.8567     32.0430   
6.6162     16.0205   
16.4627    16.9937   
18.4335    28.7129   
4.9362     36.5698   

# Frame452

# x        y
11.8237    15.1944   
6.8567     32.0430   
6.6162     16.0205   
16.4627    16.9938   
18.4335    28.7129   
4.9362     36.5698   

# Frame453

# x        y
11.8236    15.1945   
6.8567     32.0430   
6.6162     16.0205   
16.4627    16.9939   
18.4335    28.7129   
4.9362     36.5698   

# Frame454

# x        y
11.8235    15.1946   
6.8567     32.0430   
6.6162     16.0205   
16.4627    16.9940   
18.4335    28.7129   
4.9362     36.5698   

# Frame455

# x        y
11.8234    15.1947   
6.8567     32.0430   
6.6162     16.0205   
16.4627    16.9941   
18.4335    28.7129   
4.9362     36.5698   

# Frame456

# x        y
11.8233    15.1948   
6.8567     32.0430   
6.6162     16.0205   
16.4627    16.9943   
18.4335    28.7129   
4.9362     36.5698   

# Frame457

# x        y
11.8232    15.1949   
6.8567     32.0430   
6.6162     16.0205   
16.4627    16.9944   
18.4335    28.7129   
4.9362     36.5698   

# Frame458

# x        y
11.8231    15.1950   
6.8567     32.0430   
6.6162     16.0205   
16.4626    16.9945   
18.4335    28.7129   
4.9362     36.5698   

# Frame459

# x        y
11.8231    15.1951   
6.8567     32.0430   
6.6162     16.0205   
16.4626    16.9946   
18.4335    28.7129   
4.9362     36.5698   

# Frame460

# x        y
11.8230    15.1952   
6.8567     32.0430   
6.6162     16.0205   
16.4626    16.9947   
18.4335    28.7129   
4.9362     36.5698   

# Frame461

# x        y
11.8229    15.1953   
6.8567     32.0430   
6.6162     16.0205   
16.4626    16.9948   
18.4335    28.7129   
4.9362     36.5698   

# Frame462

# x        y
11.8228    15.1953   
6.8567     32.0430   
6.6162     16.0205   
16.4626    16.9949   
18.4335    28.7129   
4.9362     36.5698   

# Frame463

# x        y
11.8227    15.1954   
6.8567     32.0430   
6.6162     16.0205   
16.4626    16.9950   
18.4335    28.7129   
4.9362     36.5698   

# Frame464

# x        y
11.8227    15.1955   
6.8567     32.0430   
6.6162     16.0205   
16.4626    16.9951   
18.4335    28.7129   
4.9362     36.5698   

# Frame465

# x        y
11.8226    15.1956   
6.8567     32.0430   
6.6162     16.0205   
16.4626    16.9952   
18.4335    28.7129   
4.9362     36.5698   

# Frame466

# x        y
11.8225    15.1957   
6.8567     32.0430   
6.6162     16.0205   
16.4626    16.9952   
18.4335    28.7129   
4.9362     36.5698   

# Frame467

# x        y
11.8224    15.1957   
6.8567     32.0430   
6.6162     16.0205   
16.4626    16.9952   
18.4335    28.7129   
4.9362     36.5698   

# Frame468

# x        y
11.8224    15.1958   
6.8567     32.0430   
6.6162     16.0205   
16.4626    16.9952   
18.4335    28.7129   
4.9362     36.5698   

# Frame469

# x        y
11.8223    15.1959   
6.8567     32.0430   
6.6162     16.0205   
16.4626    16.9952   
18.4335    28.7129   
4.9362     36.5698   

# Frame470

# x        y
11.8222    15.1960   
6.8567     32.0430   
6.6162     16.0205   
16.4626    16.9952   
18.4335    28.7129   
4.9362     36.5698   

# Frame471

