# x        y
1.0048     20.7533   
6.8231     31.3292   
15.4731    38.9953   
1.1159     36.5628   
7.5233     8.2611    
5.6970     3.4510    

# Frame1

# x        y
1.9236     22.5297   
6.8231     31.3292   
15.4731    38.9953   
1.1159     36.5628   
7.5233     8.2611    
5.6970     3.4510    

# Frame2

# x        y
2.8271     24.2765   
6.8231     31.3292   
15.4731    38.9952   
1.1159     36.5628   
7.5233     8.2611    
5.6970     3.4510    

# Frame3

# x        y
3.7156     25.9943   
6.8231     31.3292   
15.4731    38.9952   
1.1159     36.5628   
7.5233     8.2611    
5.6970     3.4510    

# Frame4

# x        y
4.5892     27.6834   
6.8231     31.3292   
15.4731    38.9951   
1.1159     36.5628   
7.5233     8.2611    
5.6970     3.4510    

# Frame5

# x        y
5.4483     29.3443   
6.8231     31.3292   
15.4731    38.9951   
1.1159     36.5628   
7.5233     8.2611    
5.6970     3.4510    

# Frame6

# x        y
5.8396     30.0131   
7.2766     32.2937   
15.4731    38.9951   
1.1159     36.5628   
7.5233     8.2611    
5.6970     3.4510    

# Frame7

# x        y
6.0904     30.3829   
7.8566     33.5298   
15.4731    38.9951   
1.1159     36.5628   
7.5233     8.2611    
5.6970     3.4510    

# Frame8

# x        y
6.3369     30.7467   
8.4269     34.7454   
15.4731    38.9951   
1.1159     36.5628   
7.5233     8.2611    
5.6970     3.4510    

# Frame9

# x        y
6.5793     31.1043   
8.9877     35.9407   
15.4731    38.9950   
1.1159     36.5628   
7.5233     8.2611    
5.6970     3.4510    

# Frame10

# x        y
6.8177     31.4560   
9.5392     37.1161   
15.4731    38.9950   
1.1159     36.5628   
7.5233     8.2611    
5.6970     3.4510    

# Frame11

# x        y
7.0521     31.8018   
10.0814    38.2718   
15.4731    38.9950   
1.1159     36.5628   
7.5233     8.2611    
5.6970     3.4510    

# Frame12

# x        y
7.2826     32.1419   
10.4995    38.7935   
15.4731    38.9950   
1.1159     36.5628   
7.5233     8.2611    
5.6970     3.4510    

# Frame13

# x        y
7.5093     32.4763   
10.7048    38.2347   
15.4731    38.9950   
1.1159     36.5628   
7.5233     8.2611    
5.6970     3.4510    

# Frame14

# x        y
7.7322     32.8052   
10.9067    37.6852   
15.4731    38.9950   
1.1159     36.5628   
7.5233     8.2611    
5.6970     3.4510    

# Frame15

# x        y
7.9513     33.1285   
11.1052    37.1449   
15.4731    38.9950   
1.1159     36.5628   
7.5233     8.2611    
5.6970     3.4510    

# Frame16

# x        y
8.1668     33.4465   
11.3004    36.6136   
15.4731    38.9950   
1.1159     36.5628   
7.5233     8.2611    
5.6970     3.4510    

# Frame17

# x        y
8.3788     33.7591   
11.4924    36.0911   
15.4731    38.9950   
1.1159     36.5628   
7.5233     8.2611    
5.6970     3.4510    

# Frame18

# x        y
8.5872     34.0666   
11.6812    35.5774   
15.4731    38.9950   
1.1159     36.5628   
7.5233     8.2611    
5.6970     3.4510    

# Frame19

# x        y
8.7921     34.3689   
11.8668    35.0722   
15.4731    38.9950   
1.1159     36.5628   
7.5233     8.2611    
5.6970     3.4510    

# Frame20

# x        y
8.9936     34.6662   
12.0493    34.5754   
15.4731    38.9950   
1.1159     36.5628   
7.5233     8.2611    
5.6970     3.4510    

# Frame21

# x        y
9.1917     34.9585   
12.2288    34.0869   
15.4731    38.9950   
1.1159     36.5628   
7.5233     8.2611    
5.6970     3.4510    

# Frame22

# x        y
9.3866     35.2460   
12.4052    33.6066   
15.4731    38.9950   
1.1159     36.5628   
7.5233     8.2611    
5.6970     3.4510    

# Frame23

# x        y
9.5782     35.5286   
12.5788    33.1343   
15.4731    38.9950   
1.1159     36.5628   
7.5233     8.2611    
5.6970     3.4510    

# Frame24

# x        y
9.7666     35.8066   
12.7494    32.6698   
15.4731    38.9950   
1.1159     36.5628   
7.5233     8.2611    
5.6970     3.4510    

# Frame25

# x        y
9.9518     36.0799   
12.9172    32.2131   
15.4731    38.9950   
1.1159     36.5628   
7.5233     8.2611    
5.6970     3.4510    

# Frame26

# x        y
10.1340    36.3487   
13.0823    31.7640   
15.4731    38.9950   
1.1159     36.5628   
7.5233     8.2611    
5.6970     3.4510    

# Frame27

# x        y
10.3132    36.6130   
13.2445    31.3223   
15.4731    38.9950   
1.1159     36.5628   
7.5233     8.2611    
5.6970     3.4510    

# Frame28

# x        y
10.4893    36.8729   
13.4041    30.8881   
15.4731    38.9950   
1.1159     36.5628   
7.5233     8.2611    
5.6970     3.4510    

# Frame29

# x        y
10.6625    37.1284   
13.5610    30.4610   
15.4731    38.9950   
1.1159     36.5628   
7.5233     8.2611    
5.6970     3.4510    

# Frame30

# x        y
10.8329    37.3797   
13.7152    30.0411   
15.4731    38.9950   
1.1159     36.5628   
7.5233     8.2611    
5.6970     3.4510    

# Frame31

# x        y
11.0003    37.6268   
13.8670    29.6282   
15.4731    38.9950   
1.1159     36.5628   
7.5233     8.2611    
5.6970     3.4510    

# Frame32

# x        y
11.1651    37.8698   
14.0161    29.2222   
15.4731    38.9950   
1.1159     36.5628   
7.5233     8.2611    
5.6970     3.4510    

# Frame33

# x        y
11.3270    38.1087   
14.1628    28.8229   
15.4731    38.9950   
1.1159     36.5628   
7.5233     8.2611    
5.6970     3.4510    

# Frame34

# x        y
11.4863    38.3437   
14.3071    28.4303   
15.4731    38.9950   
1.1159     36.5628   
7.5233     8.2611    
5.6970     3.4510    

# Frame35

# x        y
11.6429    38.5747   
14.4489    28.0442   
15.4731    38.9950   
1.1159     36.5628   
7.5233     8.2611    
5.6970     3.4510    

# Frame36

# x        y
11.7969    38.8019   
14.5884    27.6646   
15.4731    38.9950   
1.1159     36.5628   
7.5233     8.2611    
5.6970     3.4510    

# Frame37

# x        y
11.9520    38.9855   
14.7256    27.2913   
15.4731    38.9950   
1.1159     36.5628   
7.5233     8.2611    
5.6970     3.4510    

# Frame38

# x        y
12.1416    38.8756   
14.8604    26.9242   
15.4731    38.9950   
1.1159     36.5628   
7.5233     8.2611    
5.6970     3.4510    

# Frame39

# x        y
12.3281    38.7676   
14.9931    26.5632   
15.4731    38.9950   
1.1159     36.5628   
7.5233     8.2611    
5.6970     3.4510    

# Frame40

# x        y
12.5114    38.6614   
15.1235    26.2083   
15.4731    38.9950   
1.1159     36.5628   
7.5233     8.2611    
5.6970     3.4510    

# Frame41

# x        y
12.6917    38.5570   
15.2517    25.8592   
15.4731    38.9950   
1.1159     36.5628   
7.5233     8.2611    
5.6970     3.4510    

# Frame42

# x        y
12.8690    38.4543   
15.3778    25.5160   
15.4731    38.9950   
1.1159     36.5628   
7.5233     8.2611    
5.6970     3.4510    

# Frame43

# x        y
13.0433    38.3533   
15.5018    25.1785   
15.4731    38.9950   
1.1159     36.5628   
7.5233     8.2611    
5.6970     3.4510    

# Frame44

# x        y
13.2147    38.2540   
15.6237    24.8467   
15.4731    38.9950   
1.1159     36.5628   
7.5233     8.2611    
5.6970     3.4510    

# Frame45

# x        y
13.3833    38.1563   
15.7436    24.5203   
15.4731    38.9950   
1.1159     36.5628   
7.5233     8.2611    
5.6970     3.4510    

# Frame46

# x        y
13.5490    38.0603   
15.8616    24.1994   
15.4731    38.9950   
1.1159     36.5628   
7.5233     8.2611    
5.6970     3.4510    

# Frame47

# x        y
13.7120    37.9659   
15.9775    23.8839   
15.4731    38.9950   
1.1159     36.5628   
7.5233     8.2611    
5.6970     3.4510    

# Frame48

# x        y
13.8412    37.8483   
16.0915    23.5736   
15.4928    38.9951   
1.1159     36.5628   
7.5233     8.2611    
5.6970     3.4510    

# Frame49

# x        y
13.9292    37.7000   
16.2036    23.2684   
15.5326    38.9951   
1.1159     36.5628   
7.5233     8.2611    
5.6970     3.4510    

# Frame50

# x        y
14.0158    37.5541   
16.3138    22.9684   
15.5718    38.9951   
1.1159     36.5628   
7.5233     8.2611    
5.6970     3.4510    

# Frame51

# x        y
14.1009    37.4107   
16.4222    22.6734   
15.6103    38.9951   
1.1159     36.5628   
7.5233     8.2611    
5.6970     3.4510    

# Frame52

# x        y
14.1846    37.2696   
16.5288    22.3832   
15.6482    38.9951   
1.1159     36.5628   
7.5233     8.2611    
5.6970     3.4510    

# Frame53

# x        y
14.2669    37.1310   
16.6336    22.0980   
15.6854    38.9950   
1.1159     36.5628   
7.5233     8.2611    
5.6970     3.4510    

# Frame54

# x        y
14.3479    36.9946   
16.7367    21.8174   
15.7220    38.9950   
1.1159     36.5628   
7.5233     8.2611    
5.6970     3.4510    

# Frame55

# x        y
14.4275    36.8605   
16.8381    21.5416   
15.7580    38.9950   
1.1159     36.5628   
7.5233     8.2611    
5.6970     3.4510    

# Frame56

# x        y
14.5057    36.7286   
16.9377    21.2703   
15.7934    38.9950   
1.1159     36.5628   
7.5233     8.2611    
5.6970     3.4510    

# Frame57

# x        y
14.5827    36.5989   
17.0357    21.0036   
15.8282    38.9950   
1.1159     36.5628   
7.5233     8.2611    
5.6970     3.4510    

# Frame58

# x        y
14.6584    36.4714   
17.1321    20.7413   
15.8625    38.9950   
1.1159     36.5628   
7.5233     8.2611    
5.6970     3.4510    

# Frame59

# x        y
14.7328    36.3460   
17.2269    20.4834   
15.8961    38.9950   
1.1159     36.5628   
7.5233     8.2611    
5.6970     3.4510    

# Frame60

# x        y
14.8060    36.2227   
17.3200    20.2298   
15.9292    38.9950   
1.1159     36.5628   
7.5233     8.2611    
5.6970     3.4510    

# Frame61

# x        y
14.8779    36.1015   
17.4117    19.9804   
15.9618    38.9950   
1.1159     36.5628   
7.5233     8.2611    
5.6970     3.4510    

# Frame62

# x        y
14.9487    35.9823   
17.5018    19.7351   
15.9938    38.9950   
1.1159     36.5628   
7.5233     8.2611    
5.6970     3.4510    

# Frame63

# x        y
15.0183    35.8650   
17.5904    19.4940   
16.0253    38.9950   
1.1159     36.5628   
7.5233     8.2611    
5.6970     3.4510    

# Frame64

# x        y
15.0867    35.7497   
17.6775    19.2568   
16.0562    38.9950   
1.1159     36.5628   
7.5233     8.2611    
5.6970     3.4510    

# Frame65

# x        y
15.1540    35.6364   
17.7632    19.0237   
16.0866    38.9950   
1.1159     36.5628   
7.5233     8.2611    
5.6970     3.4510    

# Frame66

# x        y
15.2201    35.5249   
17.8474    18.7944   
16.1166    38.9950   
1.1159     36.5628   
7.5233     8.2611    
5.6970     3.4510    

# Frame67

# x        y
15.2852    35.4153   
17.9303    18.5689   
16.1460    38.9950   
1.1159     36.5628   
7.5233     8.2611    
5.6970     3.4510    

# Frame68

# x        y
15.3491    35.3075   
18.0117    18.3472   
16.1749    38.9950   
1.1159     36.5628   
7.5233     8.2611    
5.6970     3.4510    

# Frame69

# x        y
15.4120    35.2015   
18.0918    18.1292   
16.2034    38.9950   
1.1159     36.5628   
7.5233     8.2611    
5.6970     3.4510    

# Frame70

# x        y
15.4739    35.0973   
18.1706    17.9148   
16.2314    38.9950   
1.1159     36.5628   
7.5233     8.2611    
5.6970     3.4510    

# Frame71

# x        y
15.5347    34.9948   
18.2480    17.7040   
16.2589    38.9950   
1.1159     36.5628   
7.5233     8.2611    
5.6970     3.4510    

# Frame72

# x        y
15.5945    34.8940   
18.3242    17.4967   
16.2859    38.9950   
1.1159     36.5628   
7.5233     8.2611    
5.6970     3.4510    

# Frame73

# x        y
15.6533    34.7949   
18.3991    17.2928   
16.3125    38.9950   
1.1159     36.5628   
7.5233     8.2611    
5.6970     3.4510    

# Frame74

# x        y
15.7112    34.6975   
18.4727    17.0924   
16.3387    38.9950   
1.1159     36.5628   
7.5233     8.2611    
5.6970     3.4510    

# Frame75

# x        y
15.7680    34.6017   
18.5452    16.8953   
16.3644    38.9950   
1.1159     36.5628   
7.5233     8.2611    
5.6970     3.4510    

# Frame76

# x        y
15.8240    34.5075   
18.6164    16.7015   
16.3897    38.9950   
1.1159     36.5628   
7.5233     8.2611    
5.6970     3.4510    

# Frame77

# x        y
15.8790    34.4148   
18.6864    16.5109   
16.4146    38.9950   
1.1159     36.5628   
7.5233     8.2611    
5.6970     3.4510    

# Frame78

# x        y
15.9330    34.3237   
18.7553    16.3235   
16.4390    38.9950   
1.1159     36.5628   
7.5233     8.2611    
5.6970     3.4510    

# Frame79

# x        y
15.9862    34.2341   
18.8230    16.1392   
16.4631    38.9950   
1.1159     36.5628   
7.5233     8.2611    
5.6970     3.4510    

# Frame80

# x        y
16.0385    34.1460   
18.8895    15.9580   
16.4867    38.9950   
1.1159     36.5628   
7.5233     8.2611    
5.6970     3.4510    

# Frame81

# x        y
16.0899    34.0594   
18.9550    15.7798   
16.5100    38.9950   
1.1159     36.5628   
7.5233     8.2611    
5.6970     3.4510    

# Frame82

# x        y
16.1405    33.9742   
18.9884    15.6162   
16.5329    38.9950   
1.1159     36.5628   
7.5233     8.2611    
5.6970     3.4510    

# Frame83

# x        y
16.1902    33.8904   
18.9568    15.4952   
16.5554    38.9950   
1.1159     36.5628   
7.5233     8.2611    
5.6970     3.4510    

# Frame84

# x        y
16.2391    33.8080   
18.9256    15.3761   
16.5775    38.9950   
1.1159     36.5628   
7.5233     8.2611    
5.6970     3.4510    

# Frame85

# x        y
16.2871    33.7270   
18.8950    15.2591   
16.5992    38.9950   
1.1159     36.5628   
7.5233     8.2611    
5.6970     3.4510    

# Frame86

# x        y
16.3344    33.6474   
18.8649    15.1440   
16.6206    38.9950   
1.1159     36.5628   
7.5233     8.2611    
5.6970     3.4510    

# Frame87

# x        y
16.3809    33.5691   
18.8353    15.0308   
16.6416    38.9950   
1.1159     36.5628   
7.5233     8.2611    
5.6970     3.4510    

# Frame88

# x        y
16.4266    33.4921   
18.8062    14.9195   
16.6623    38.9950   
1.1159     36.5628   
7.5233     8.2611    
5.6970     3.4510    

# Frame89

# x        y
16.4715    33.4163   
18.7776    14.8100   
16.6826    38.9950   
1.1159     36.5628   
7.5233     8.2611    
5.6970     3.4510    

# Frame90

# x        y
16.5157    33.3419   
18.7495    14.7024   
16.7026    38.9950   
1.1159     36.5628   
7.5233     8.2611    
5.6970     3.4510    

# Frame91

# x        y
16.5592    33.2686   
18.7218    14.5966   
16.7223    38.9950   
1.1159     36.5628   
7.5233     8.2611    
5.6970     3.4510    

# Frame92

# x        y
16.6019    33.1966   
18.6946    14.4925   
16.7416    38.9950   
1.1159     36.5628   
7.5233     8.2611    
5.6970     3.4510    

# Frame93

# x        y
16.6440    33.1258   
18.6678    14.3902   
16.7606    38.9950   
1.1159     36.5628   
7.5233     8.2611    
5.6970     3.4510    

# Frame94

# x        y
16.6853    33.0562   
18.6415    14.2896   
16.7793    38.9950   
1.1159     36.5628   
7.5233     8.2611    
5.6970     3.4510    

# Frame95

# x        y
16.7259    32.9877   
18.6157    14.1906   
16.7977    38.9950   
1.1159     36.5628   
7.5233     8.2611    
5.6970     3.4510    

# Frame96

# x        y
16.7659    32.9204   
18.5902    14.0933   
16.8158    38.9950   
1.1159     36.5628   
7.5233     8.2611    
5.6970     3.4510    

# Frame97

# x        y
16.8052    32.8542   
18.5652    13.9977   
16.8335    38.9950   
1.1159     36.5628   
7.5233     8.2611    
5.6970     3.4510    

# Frame98

# x        y
16.8438    32.7891   
18.5406    13.9036   
16.8510    38.9950   
1.1159     36.5628   
7.5233     8.2611    
5.6970     3.4510    

# Frame99

# x        y
16.8818    32.7251   
18.5164    13.8111   
16.8682    38.9950   
1.1159     36.5628   
7.5233     8.2611    
5.6970     3.4510    

# Frame100

# x        y
16.9192    32.6621   
18.4926    13.7201   
16.8851    38.9950   
1.1159     36.5628   
7.5233     8.2611    
5.6970     3.4510    

# Frame101

# x        y
16.9559    32.6002   
18.4692    13.6307   
16.9017    38.9950   
1.1159     36.5628   
7.5233     8.2611    
5.6970     3.4510    

# Frame102

# x        y
16.9920    32.5394   
18.4462    13.5427   
16.9181    38.9950   
1.1159     36.5628   
7.5233     8.2611    
5.6970     3.4510    

# Frame103

# x        y
17.0275    32.4795   
18.4236    13.4562   
16.9341    38.9950   
1.1159     36.5628   
7.5233     8.2611    
5.6970     3.4510    

# Frame104

# x        y
17.0625    32.4207   
18.4014    13.3711   
16.9499    38.9950   
1.1159     36.5628   
7.5233     8.2611    
5.6970     3.4510    

# Frame105

# x        y
17.0968    32.3628   
18.3795    13.2875   
16.9655    38.9950   
1.1159     36.5628   
7.5233     8.2611    
5.6970     3.4510    

# Frame106

# x        y
17.1306    32.3059   
18.3580    13.2053   
16.9807    38.9950   
1.1159     36.5628   
7.5233     8.2611    
5.6970     3.4510    

# Frame107

# x        y
17.1638    32.2499   
18.3369    13.1244   
16.9958    38.9950   
1.1159     36.5628   
7.5233     8.2611    
5.6970     3.4510    

# Frame108

# x        y
17.1965    32.1949   
18.3161    13.0449   
17.0105    38.9950   
1.1159     36.5628   
7.5233     8.2611    
5.6970     3.4510    

# Frame109

# x        y
17.2286    32.1408   
18.2956    12.9667   
17.0251    38.9950   
1.1159     36.5628   
7.5233     8.2611    
5.6970     3.4510    

# Frame110

# x        y
17.2602    32.0875   
18.2755    12.8898   
17.0393    38.9950   
1.1159     36.5628   
7.5233     8.2611    
5.6970     3.4510    

# Frame111

# x        y
17.2912    32.0352   
18.2557    12.8142   
17.0534    38.9950   
1.1159     36.5628   
7.5233     8.2611    
5.6970     3.4510    

# Frame112

# x        y
17.3218    31.9838   
18.2363    12.7398   
17.0672    38.9950   
1.1159     36.5628   
7.5233     8.2611    
5.6970     3.4510    

# Frame113

# x        y
17.3518    31.9332   
18.2172    12.6667   
17.0808    38.9950   
1.1159     36.5628   
7.5233     8.2611    
5.6970     3.4510    

# Frame114

# x        y
17.3813    31.8834   
18.1984    12.5948   
17.0941    38.9950   
1.1159     36.5628   
7.5233     8.2611    
5.6970     3.4510    

# Frame115

# x        y
17.4103    31.8345   
18.1799    12.5241   
17.1073    38.9950   
1.1159     36.5628   
7.5233     8.2611    
5.6970     3.4510    

# Frame116

# x        y
17.4389    31.7864   
18.1617    12.4546   
17.1202    38.9950   
1.1159     36.5628   
7.5233     8.2611    
5.6970     3.4510    

# Frame117

# x        y
17.4670    31.7391   
18.1438    12.3862   
17.1329    38.9950   
1.1159     36.5628   
7.5233     8.2611    
5.6970     3.4510    

# Frame118

# x        y
17.4946    31.6926   
18.1263    12.3190   
17.1454    38.9950   
1.1159     36.5628   
7.5233     8.2611    
5.6970     3.4510    

# Frame119

# x        y
17.5217    31.6468   
18.1090    12.2529   
17.1577    38.9950   
1.1159     36.5628   
7.5233     8.2611    
5.6970     3.4510    

# Frame120

# x        y
17.5484    31.6019   
18.0920    12.1879   
17.1697    38.9950   
1.1159     36.5628   
7.5233     8.2611    
5.6970     3.4510    

# Frame121

# x        y
17.5747    31.5576   
18.0753    12.1240   
17.1816    38.9950   
1.1159     36.5628   
7.5233     8.2611    
5.6970     3.4510    

# Frame122

# x        y
17.6005    31.5141   
18.0588    12.0611   
17.1933    38.9950   
1.1159     36.5628   
7.5233     8.2611    
5.6970     3.4510    

# Frame123

# x        y
17.6259    31.4714   
18.0427    11.9993   
17.2048    38.9950   
1.1159     36.5628   
7.5233     8.2611    
5.6970     3.4510    

# Frame124

# x        y
17.6508    31.4293   
18.0268    11.9385   
17.2161    38.9950   
1.1159     36.5628   
7.5233     8.2611    
5.6970     3.4510    

# Frame125

# x        y
17.6754    31.3880   
18.0112    11.8788   
17.2272    38.9950   
1.1159     36.5628   
7.5233     8.2611    
5.6970     3.4510    

# Frame126

# x        y
17.6995    31.3473   
17.9958    11.8200   
17.2381    38.9950   
1.1159     36.5628   
7.5233     8.2611    
5.6970     3.4510    

# Frame127

# x        y
17.7232    31.3073   
17.9807    11.7622   
17.2488    38.9950   
1.1159     36.5628   
7.5233     8.2611    
5.6970     3.4510    

# Frame128

# x        y
17.7466    31.2680   
17.9658    11.7054   
17.2594    38.9950   
1.1159     36.5628   
7.5233     8.2611    
5.6970     3.4510    

# Frame129

# x        y
17.7695    31.2293   
17.9512    11.6495   
17.2697    38.9950   
1.1159     36.5628   
7.5233     8.2611    
5.6970     3.4510    

# Frame130

# x        y
17.7921    31.1913   
17.9368    11.5946   
17.2799    38.9950   
1.1159     36.5628   
7.5233     8.2611    
5.6970     3.4510    

# Frame131

# x        y
17.8143    31.1539   
17.9227    11.5406   
17.2900    38.9950   
1.1159     36.5628   
7.5233     8.2611    
5.6970     3.4510    

# Frame132

# x        y
17.8361    31.1172   
17.9088    11.4874   
17.2999    38.9950   
1.1159     36.5628   
7.5233     8.2611    
5.6970     3.4510    

# Frame133

# x        y
17.8575    31.0810   
17.8952    11.4352   
17.3096    38.9950   
1.1159     36.5628   
7.5233     8.2611    
5.6970     3.4510    

# Frame134

# x        y
17.8786    31.0455   
17.8817    11.3838   
17.3191    38.9950   
1.1159     36.5628   
7.5233     8.2611    
5.6970     3.4510    

# Frame135

# x        y
17.8994    31.0105   
17.8685    11.3333   
17.3285    38.9950   
1.1159     36.5628   
7.5233     8.2611    
5.6970     3.4510    

# Frame136

# x        y
17.9198    30.9761   
17.8555    11.2836   
17.3377    38.9950   
1.1159     36.5628   
7.5233     8.2611    
5.6970     3.4510    

# Frame137

# x        y
17.9398    30.9423   
17.8428    11.2348   
17.3468    38.9950   
1.1159     36.5628   
7.5233     8.2611    
5.6970     3.4510    

# Frame138

# x        y
17.9596    30.9091   
17.8302    11.1868   
17.3557    38.9950   
1.1159     36.5628   
7.5233     8.2611    
5.6970     3.4510    

# Frame139

# x        y
17.9790    30.8764   
17.8179    11.1395   
17.3645    38.9950   
1.1159     36.5628   
7.5233     8.2611    
5.6970     3.4510    

# Frame140

# x        y
17.9980    30.8443   
17.8057    11.0931   
17.3731    38.9950   
1.1159     36.5628   
7.5233     8.2611    
5.6970     3.4510    

# Frame141

# x        y
18.0168    30.8127   
17.7938    11.0474   
17.3816    38.9950   
1.1159     36.5628   
7.5233     8.2611    
5.6970     3.4510    

# Frame142

# x        y
18.0352    30.7816   
17.7820    11.0025   
17.3899    38.9950   
1.1159     36.5628   
7.5233     8.2611    
5.6970     3.4510    

# Frame143

# x        y
18.0534    30.7511   
17.7705    10.9583   
17.3981    38.9950   
1.1159     36.5628   
7.5233     8.2611    
5.6970     3.4510    

# Frame144

# x        y
18.0712    30.7210   
17.7591    10.9149   
17.4062    38.9950   
1.1159     36.5628   
7.5233     8.2611    
5.6970     3.4510    

# Frame145

# x        y
18.0887    30.6915   
17.7480    10.8722   
17.4141    38.9950   
1.1159     36.5628   
7.5233     8.2611    
5.6970     3.4510    

# Frame146

# x        y
18.1060    30.6624   
17.7370    10.8302   
17.4219    38.9950   
1.1159     36.5628   
7.5233     8.2611    
5.6970     3.4510    

# Frame147

# x        y
18.1229    30.6338   
17.7262    10.7889   
17.4296    38.9950   
1.1159     36.5628   
7.5233     8.2611    
5.6970     3.4510    

# Frame148

# x        y
18.1396    30.6057   
17.7156    10.7483   
17.4371    38.9950   
1.1159     36.5628   
7.5233     8.2611    
5.6970     3.4510    

# Frame149

# x        y
18.1560    30.5781   
17.7051    10.7084   
17.4446    38.9950   
1.1159     36.5628   
7.5233     8.2611    
5.6970     3.4510    

# Frame150

# x        y
18.1721    30.5509   
17.6949    10.6692   
17.4519    38.9950   
1.1159     36.5628   
7.5233     8.2611    
5.6970     3.4510    

# Frame151

# x        y
18.1880    30.5242   
17.6848    10.6306   
17.4590    38.9950   
1.1159     36.5628   
7.5233     8.2611    
5.6970     3.4510    

# Frame152

# x        y
18.2036    30.4980   
17.6748    10.5926   
17.4661    38.9950   
1.1159     36.5628   
7.5233     8.2611    
5.6970     3.4510    

# Frame153

# x        y
18.2189    30.4721   
17.6651    10.5553   
17.4730    38.9950   
1.1159     36.5628   
7.5233     8.2611    
5.6970     3.4510    

# Frame154

# x        y
18.2340    30.4467   
17.6555    10.5186   
17.4798    38.9950   
1.1159     36.5628   
7.5233     8.2611    
5.6970     3.4510    

# Frame155

# x        y
18.2488    30.4218   
17.6460    10.4825   
17.4865    38.9950   
1.1159     36.5628   
7.5233     8.2611    
5.6970     3.4510    

# Frame156

# x        y
18.2634    30.3972   
17.6368    10.4470   
17.4931    38.9950   
1.1159     36.5628   
7.5233     8.2611    
5.6970     3.4510    

# Frame157

# x        y
18.2777    30.3730   
17.6276    10.4121   
17.4996    38.9950   
1.1159     36.5628   
7.5233     8.2611    
5.6970     3.4510    

# Frame158

# x        y
18.2918    30.3493   
17.6187    10.3778   
17.5060    38.9950   
1.1159     36.5628   
7.5233     8.2611    
5.6970     3.4510    

# Frame159

# x        y
18.3057    30.3259   
17.6098    10.3440   
17.5123    38.9950   
1.1159     36.5628   
7.5233     8.2611    
5.6970     3.4510    

# Frame160

# x        y
18.3193    30.3030   
17.6012    10.3108   
17.5184    38.9950   
1.1159     36.5628   
7.5233     8.2611    
5.6970     3.4510    

# Frame161

# x        y
18.3327    30.2804   
17.5926    10.2782   
17.5245    38.9950   
1.1159     36.5628   
7.5233     8.2611    
5.6970     3.4510    

# Frame162

# x        y
18.3459    30.2582   
17.5842    10.2461   
17.5304    38.9950   
1.1159     36.5628   
7.5233     8.2611    
5.6970     3.4510    

# Frame163

# x        y
18.3588    30.2364   
17.5760    10.2145   
17.5363    38.9950   
1.1159     36.5628   
7.5233     8.2611    
5.6970     3.4510    

# Frame164

# x        y
18.3716    30.2149   
17.5679    10.1835   
17.5421    38.9950   
1.1159     36.5628   
7.5233     8.2611    
5.6970     3.4510    

# Frame165

# x        y
18.3841    30.1938   
17.5599    10.1530   
17.5477    38.9950   
1.1159     36.5628   
7.5233     8.2611    
5.6970     3.4510    

# Frame166

# x        y
18.3964    30.1730   
17.5521    10.1230   
17.5533    38.9950   
1.1159     36.5628   
7.5233     8.2611    
5.6970     3.4510    

# Frame167

# x        y
18.4085    30.1526   
17.5443    10.0935   
17.5588    38.9950   
1.1159     36.5628   
7.5233     8.2611    
5.6970     3.4510    

# Frame168

# x        y
18.4204    30.1325   
17.5368    10.0645   
17.5642    38.9950   
1.1159     36.5628   
7.5233     8.2611    
5.6970     3.4510    

# Frame169

# x        y
18.4322    30.1128   
17.5293    10.0360   
17.5695    38.9950   
1.1159     36.5628   
7.5233     8.2611    
5.6970     3.4510    

# Frame170

# x        y
18.4437    30.0934   
17.5220    10.0079   
17.5747    38.9950   
1.1159     36.5628   
7.5233     8.2611    
5.6970     3.4510    

# Frame171

# x        y
18.4550    30.0743   
17.5147    9.9803    
17.5798    38.9950   
1.1159     36.5628   
7.5233     8.2611    
5.6970     3.4510    

# Frame172

# x        y
18.4661    30.0555   
17.5077    9.9532    
17.5849    38.9950   
1.1159     36.5628   
7.5233     8.2611    
5.6970     3.4510    

# Frame173

# x        y
18.4771    30.0371   
17.5007    9.9265    
17.5898    38.9950   
1.1159     36.5628   
7.5233     8.2611    
5.6970     3.4510    

# Frame174

# x        y
18.4879    30.0189   
17.4938    9.9003    
17.5947    38.9950   
1.1159     36.5628   
7.5233     8.2611    
5.6970     3.4510    

# Frame175

# x        y
18.4985    30.0011   
17.4871    9.8745    
17.5995    38.9950   
1.1159     36.5628   
7.5233     8.2611    
5.6970     3.4510    

# Frame176

# x        y
18.5089    29.9835   
17.4804    9.8492    
17.6042    38.9950   
1.1159     36.5628   
7.5233     8.2611    
5.6970     3.4510    

# Frame177

# x        y
18.5191    29.9663   
17.4739    9.8242    
17.6088    38.9950   
1.1159     36.5628   
7.5233     8.2611    
5.6970     3.4510    

# Frame178

# x        y
18.5292    29.9493   
17.4675    9.7997    
17.6134    38.9950   
1.1159     36.5628   
7.5233     8.2611    
5.6970     3.4510    

# Frame179

# x        y
18.5391    29.9326   
17.4612    9.7756    
17.6178    38.9950   
1.1159     36.5628   
7.5233     8.2611    
5.6970     3.4510    

# Frame180

# x        y
18.5488    29.9162   
17.4550    9.7519    
17.6223    38.9950   
1.1159     36.5628   
7.5233     8.2611    
5.6970     3.4510    

# Frame181

# x        y
18.5584    29.9001   
17.4489    9.7286    
17.6266    38.9950   
1.1159     36.5628   
7.5233     8.2611    
5.6970     3.4510    

# Frame182

# x        y
18.5678    29.8842   
17.4429    9.7056    
17.6308    38.9950   
1.1159     36.5628   
7.5233     8.2611    
5.6970     3.4510    

# Frame183

# x        y
18.5771    29.8686   
17.4370    9.6831    
17.6350    38.9950   
1.1159     36.5628   
7.5233     8.2611    
5.6970     3.4510    

# Frame184

# x        y
18.5862    29.8533   
17.4312    9.6609    
17.6392    38.9950   
1.1159     36.5628   
7.5233     8.2611    
5.6970     3.4510    

# Frame185

# x        y
18.5951    29.8382   
17.4255    9.6391    
17.6432    38.9950   
1.1159     36.5628   
7.5233     8.2611    
5.6970     3.4510    

# Frame186

# x        y
18.6039    29.8234   
17.4199    9.6177    
17.6472    38.9950   
1.1159     36.5628   
7.5233     8.2611    
5.6970     3.4510    

# Frame187

# x        y
18.6126    29.8088   
17.4144    9.5966    
17.6511    38.9950   
1.1159     36.5628   
7.5233     8.2611    
5.6970     3.4510    

# Frame188

# x        y
18.6211    29.7944   
17.4090    9.5759    
17.6549    38.9950   
1.1159     36.5628   
7.5233     8.2611    
5.6970     3.4510    

# Frame189

# x        y
18.6295    29.7803   
17.4037    9.5555    
17.6587    38.9950   
1.1159     36.5628   
7.5233     8.2611    
5.6970     3.4510    

# Frame190

# x        y
18.6377    29.7664   
17.3984    9.5354    
17.6625    38.9950   
1.1159     36.5628   
7.5233     8.2611    
5.6970     3.4510    

# Frame191

# x        y
18.6458    29.7528   
17.3933    9.5157    
17.6661    38.9950   
1.1159     36.5628   
7.5233     8.2611    
5.6970     3.4510    

# Frame192

# x        y
18.6538    29.7394   
17.3882    9.4964    
17.6697    38.9950   
1.1159     36.5628   
7.5233     8.2611    
5.6970     3.4510    

# Frame193

# x        y
18.6616    29.7262   
17.3832    9.4773    
17.6733    38.9950   
1.1159     36.5628   
7.5233     8.2611    
5.6970     3.4510    

# Frame194

# x        y
18.6693    29.7132   
17.3783    9.4586    
17.6767    38.9950   
1.1159     36.5628   
7.5233     8.2611    
5.6970     3.4510    

# Frame195

# x        y
18.6769    29.7005   
17.3735    9.4401    
17.6802    38.9950   
1.1159     36.5628   
7.5233     8.2611    
5.6970     3.4510    

# Frame196

# x        y
18.6843    29.6880   
17.3688    9.4220    
17.6835    38.9950   
1.1159     36.5628   
7.5233     8.2611    
5.6970     3.4510    

# Frame197

# x        y
18.6916    29.6756   
17.3641    9.4042    
17.6868    38.9950   
1.1159     36.5628   
7.5233     8.2611    
5.6970     3.4510    

# Frame198

# x        y
18.6988    29.6635   
17.3595    9.3867    
17.6901    38.9950   
1.1159     36.5628   
7.5233     8.2611    
5.6970     3.4510    

# Frame199

# x        y
18.7059    29.6516   
17.3550    9.3694    
17.6933    38.9950   
1.1159     36.5628   
7.5233     8.2611    
5.6970     3.4510    

# Frame200

# x        y
18.7128    29.6399   
17.3506    9.3525    
17.6964    38.9950   
1.1159     36.5628   
7.5233     8.2611    
5.6970     3.4510    

# Frame201

# x        y
18.7197    29.6283   
17.3462    9.3358    
17.6995    38.9950   
1.1159     36.5628   
7.5233     8.2611    
5.6970     3.4510    

# Frame202

# x        y
18.7264    29.6170   
17.3419    9.3195    
17.7026    38.9950   
1.1159     36.5628   
7.5233     8.2611    
5.6970     3.4510    

# Frame203

# x        y
18.7330    29.6058   
17.3377    9.3034    
17.7056    38.9950   
1.1159     36.5628   
7.5233     8.2611    
5.6970     3.4510    

# Frame204

# x        y
18.7395    29.5949   
17.3336    9.2875    
17.7085    38.9950   
1.1159     36.5628   
7.5233     8.2611    
5.6970     3.4510    

# Frame205

# x        y
18.7459    29.5841   
17.3295    9.2719    
17.7114    38.9950   
1.1159     36.5628   
7.5233     8.2611    
5.6970     3.4510    

# Frame206

# x        y
18.7522    29.5735   
17.3255    9.2566    
17.7143    38.9950   
1.1159     36.5628   
7.5233     8.2611    
5.6970     3.4510    

# Frame207

# x        y
18.7584    29.5631   
17.3216    9.2416    
17.7171    38.9950   
1.1159     36.5628   
7.5233     8.2611    
5.6970     3.4510    

# Frame208

# x        y
18.7645    29.5528   
17.3177    9.2267    
17.7198    38.9950   
1.1159     36.5628   
7.5233     8.2611    
5.6970     3.4510    

# Frame209

# x        y
18.7705    29.5428   
17.3139    9.2122    
17.7225    38.9950   
1.1159     36.5628   
7.5233     8.2611    
5.6970     3.4510    

# Frame210

# x        y
18.7764    29.5328   
17.3101    9.1979    
17.7252    38.9950   
1.1159     36.5628   
7.5233     8.2611    
5.6970     3.4510    

# Frame211

# x        y
18.7821    29.5231   
17.3065    9.1838    
17.7278    38.9950   
1.1159     36.5628   
7.5233     8.2611    
5.6970     3.4510    

# Frame212

# x        y
18.7878    29.5135   
17.3028    9.1699    
17.7304    38.9950   
1.1159     36.5628   
7.5233     8.2611    
5.6970     3.4510    

# Frame213

# x        y
18.7934    29.5041   
17.2993    9.1563    
17.7329    38.9950   
1.1159     36.5628   
7.5233     8.2611    
5.6970     3.4510    

# Frame214

# x        y
18.7989    29.4948   
17.2958    9.1429    
17.7354    38.9950   
1.1159     36.5628   
7.5233     8.2611    
5.6970     3.4510    

# Frame215

# x        y
18.8043    29.4857   
17.2923    9.1298    
17.7378    38.9950   
1.1159     36.5628   
7.5233     8.2611    
5.6970     3.4510    

# Frame216

# x        y
18.8096    29.4768   
17.2889    9.1168    
17.7402    38.9950   
1.1159     36.5628   
7.5233     8.2611    
5.6970     3.4510    

# Frame217

# x        y
18.8149    29.4680   
17.2856    9.1041    
17.7426    38.9950   
1.1159     36.5628   
7.5233     8.2611    
5.6970     3.4510    

# Frame218

# x        y
18.8200    29.4593   
17.2823    9.0916    
17.7449    38.9950   
1.1159     36.5628   
7.5233     8.2611    
5.6970     3.4510    

# Frame219

# x        y
18.8251    29.4508   
17.2791    9.0792    
17.7472    38.9950   
1.1159     36.5628   
7.5233     8.2611    
5.6970     3.4510    

# Frame220

# x        y
18.8300    29.4424   
17.2760    9.0671    
17.7495    38.9950   
1.1159     36.5628   
7.5233     8.2611    
5.6970     3.4510    

# Frame221

# x        y
18.8349    29.4342   
17.2728    9.0552    
17.7517    38.9950   
1.1159     36.5628   
7.5233     8.2611    
5.6970     3.4510    

# Frame222

# x        y
18.8397    29.4261   
17.2698    9.0435    
17.7538    38.9950   
1.1159     36.5628   
7.5233     8.2611    
5.6970     3.4510    

# Frame223

# x        y
18.8445    29.4181   
17.2668    9.0320    
17.7560    38.9950   
1.1159     36.5628   
7.5233     8.2611    
5.6970     3.4510    

# Frame224

# x        y
18.8491    29.4103   
17.2638    9.0207    
17.7581    38.9950   
1.1159     36.5628   
7.5233     8.2611    
5.6970     3.4510    

# Frame225

# x        y
18.8537    29.4026   
17.2609    9.0096    
17.7601    38.9950   
1.1159     36.5628   
7.5233     8.2611    
5.6970     3.4510    

# Frame226

# x        y
18.8582    29.3950   
17.2580    8.9986    
17.7622    38.9950   
1.1159     36.5628   
7.5233     8.2611    
5.6970     3.4510    

# Frame227

# x        y
18.8626    29.3875   
17.2552    8.9879    
17.7642    38.9950   
1.1159     36.5628   
7.5233     8.2611    
5.6970     3.4510    

# Frame228

# x        y
18.8669    29.3802   
17.2525    8.9773    
17.7661    38.9950   
1.1159     36.5628   
7.5233     8.2611    
5.6970     3.4510    

# Frame229

# x        y
18.8712    29.3730   
17.2497    8.9669    
17.7681    38.9950   
1.1159     36.5628   
7.5233     8.2611    
5.6970     3.4510    

# Frame230

# x        y
18.8754    29.3659   
17.2471    8.9566    
17.7700    38.9950   
1.1159     36.5628   
7.5233     8.2611    
5.6970     3.4510    

# Frame231

# x        y
18.8796    29.3590   
17.2444    8.9466    
17.7719    38.9950   
1.1159     36.5628   
7.5233     8.2611    
5.6970     3.4510    

# Frame232

# x        y
18.8836    29.3521   
17.2418    8.9367    
17.7737    38.9950   
1.1159     36.5628   
7.5233     8.2611    
5.6970     3.4510    

# Frame233

# x        y
18.8876    29.3454   
17.2393    8.9270    
17.7755    38.9950   
1.1159     36.5628   
7.5233     8.2611    
5.6970     3.4510    

# Frame234

# x        y
18.8915    29.3388   
17.2368    8.9174    
17.7773    38.9950   
1.1159     36.5628   
7.5233     8.2611    
5.6970     3.4510    

# Frame235

# x        y
18.8954    29.3323   
17.2343    8.9080    
17.7790    38.9950   
1.1159     36.5628   
7.5233     8.2611    
5.6970     3.4510    

# Frame236

# x        y
18.8992    29.3259   
17.2319    8.8987    
17.7807    38.9950   
1.1159     36.5628   
7.5233     8.2611    
5.6970     3.4510    

# Frame237

# x        y
18.9029    29.3196   
17.2295    8.8896    
17.7824    38.9950   
1.1159     36.5628   
7.5233     8.2611    
5.6970     3.4510    

# Frame238

# x        y
18.9066    29.3134   
17.2272    8.8807    
17.7841    38.9950   
1.1159     36.5628   
7.5233     8.2611    
5.6970     3.4510    

# Frame239

# x        y
18.9102    29.3073   
17.2249    8.8719    
17.7857    38.9950   
1.1159     36.5628   
7.5233     8.2611    
5.6970     3.4510    

# Frame240

# x        y
18.9138    29.3013   
17.2226    8.8632    
17.7873    38.9950   
1.1159     36.5628   
7.5233     8.2611    
5.6970     3.4510    

# Frame241

# x        y
18.9173    29.2954   
17.2204    8.8547    
17.7889    38.9950   
1.1159     36.5628   
7.5233     8.2611    
5.6970     3.4510    

# Frame242

# x        y
18.9207    29.2896   
17.2182    8.8464    
17.7905    38.9950   
1.1159     36.5628   
7.5233     8.2611    
5.6970     3.4510    

# Frame243

# x        y
18.9241    29.2839   
17.2161    8.8381    
17.7920    38.9950   
1.1159     36.5628   
7.5233     8.2611    
5.6970     3.4510    

# Frame244

# x        y
18.9274    29.2783   
17.2140    8.8301    
17.7935    38.9950   
1.1159     36.5628   
7.5233     8.2611    
5.6970     3.4510    

# Frame245

# x        y
18.9307    29.2728   
17.2119    8.8221    
17.7950    38.9950   
1.1159     36.5628   
7.5233     8.2611    
5.6970     3.4510    

# Frame246

# x        y
18.9339    29.2674   
17.2098    8.8143    
17.7964    38.9950   
1.1159     36.5628   
7.5233     8.2611    
5.6970     3.4510    

# Frame247

# x        y
18.9370    29.2621   
17.2078    8.8066    
17.7979    38.9950   
1.1159     36.5628   
7.5233     8.2611    
5.6970     3.4510    

# Frame248

# x        y
18.9401    29.2569   
17.2059    8.7990    
17.7993    38.9950   
1.1159     36.5628   
7.5233     8.2611    
5.6970     3.4510    

# Frame249

# x        y
18.9432    29.2517   
17.2039    8.7916    
17.8006    38.9950   
1.1159     36.5628   
7.5233     8.2611    
5.6970     3.4510    

# Frame250

# x        y
18.9462    29.2467   
17.2020    8.7843    
17.8020    38.9950   
1.1159     36.5628   
7.5233     8.2611    
5.6970     3.4510    

# Frame251

# x        y
18.9492    29.2417   
17.2001    8.7771    
17.8033    38.9950   
1.1159     36.5628   
7.5233     8.2611    
5.6970     3.4510    

# Frame252

# x        y
18.9521    29.2368   
17.1983    8.7700    
17.8046    38.9950   
1.1159     36.5628   
7.5233     8.2611    
5.6970     3.4510    

# Frame253

# x        y
18.9549    29.2320   
17.1965    8.7631    
17.8059    38.9950   
1.1159     36.5628   
7.5233     8.2611    
5.6970     3.4510    

# Frame254

# x        y
18.9577    29.2273   
17.1947    8.7562    
17.8072    38.9950   
1.1159     36.5628   
7.5233     8.2611    
5.6970     3.4510    

# Frame255

# x        y
18.9605    29.2226   
17.1929    8.7495    
17.8085    38.9950   
1.1159     36.5628   
7.5233     8.2611    
5.6970     3.4510    

# Frame256

# x        y
18.9632    29.2180   
17.1912    8.7429    
17.8097    38.9950   
1.1159     36.5628   
7.5233     8.2611    
5.6970     3.4510    

# Frame257

# x        y
18.9659    29.2135   
17.1895    8.7364    
17.8109    38.9950   
1.1159     36.5628   
7.5233     8.2611    
5.6970     3.4510    

# Frame258

# x        y
18.9685    29.2091   
17.1878    8.7300    
17.8121    38.9950   
1.1159     36.5628   
7.5233     8.2611    
5.6970     3.4510    

# Frame259

# x        y
18.9711    29.2048   
17.1862    8.7237    
17.8133    38.9950   
1.1159     36.5628   
7.5233     8.2611    
5.6970     3.4510    

# Frame260

# x        y
18.9736    29.2005   
17.1846    8.7175    
17.8144    38.9950   
1.1159     36.5628   
7.5233     8.2611    
5.6970     3.4510    

# Frame261

# x        y
18.9761    29.1963   
17.1830    8.7115    
17.8155    38.9950   
1.1159     36.5628   
7.5233     8.2611    
5.6970     3.4510    

# Frame262

# x        y
18.9786    29.1921   
17.1814    8.7055    
17.8166    38.9950   
1.1159     36.5628   
7.5233     8.2611    
5.6970     3.4510    

# Frame263

# x        y
18.9810    29.1881   
17.1799    8.6996    
17.8177    38.9950   
1.1159     36.5628   
7.5233     8.2611    
5.6970     3.4510    

# Frame264

# x        y
18.9833    29.1841   
17.1784    8.6938    
17.8188    38.9950   
1.1159     36.5628   
7.5233     8.2611    
5.6970     3.4510    

# Frame265

# x        y
18.9857    29.1802   
17.1769    8.6882    
17.8199    38.9950   
1.1159     36.5628   
7.5233     8.2611    
5.6970     3.4510    

# Frame266

# x        y
18.9880    29.1763   
17.1754    8.6826    
17.8209    38.9950   
1.1159     36.5628   
7.5233     8.2611    
5.6970     3.4510    

# Frame267

# x        y
18.9902    29.1725   
17.1740    8.6771    
17.8219    38.9950   
1.1159     36.5628   
7.5233     8.2611    
5.6970     3.4510    

# Frame268

# x        y
18.9902    29.1700   
17.1726    8.6717    
17.8229    38.9950   
1.1159     36.5628   
7.5233     8.2611    
5.6970     3.4510    

# Frame269

# x        y
18.9902    29.1675   
17.1712    8.6664    
17.8239    38.9950   
1.1159     36.5628   
7.5233     8.2611    
5.6970     3.4510    

# Frame270

# x        y
18.9902    29.1651   
17.1698    8.6611    
17.8249    38.9950   
1.1159     36.5628   
7.5233     8.2611    
5.6970     3.4510    

# Frame271

# x        y
18.9902    29.1627   
17.1685    8.6560    
17.8258    38.9950   
1.1159     36.5628   
7.5233     8.2611    
5.6970     3.4510    

# Frame272

# x        y
18.9902    29.1603   
17.1671    8.6509    
17.8268    38.9950   
1.1159     36.5628   
7.5233     8.2611    
5.6970     3.4510    

# Frame273

# x        y
18.9902    29.1580   
17.1658    8.6460    
17.8277    38.9950   
1.1159     36.5628   
7.5233     8.2611    
5.6970     3.4510    

# Frame274

# x        y
18.9902    29.1557   
17.1646    8.6411    
17.8286    38.9950   
1.1159     36.5628   
7.5233     8.2611    
5.6970     3.4510    

# Frame275

# x        y
18.9902    29.1535   
17.1633    8.6363    
17.8295    38.9950   
1.1159     36.5628   
7.5233     8.2611    
5.6970     3.4510    

# Frame276

# x        y
18.9902    29.1513   
17.1621    8.6316    
17.8304    38.9950   
1.1159     36.5628   
7.5233     8.2611    
5.6970     3.4510    

# Frame277

# x        y
18.9902    29.1491   
17.1609    8.6269    
17.8312    38.9950   
1.1159     36.5628   
7.5233     8.2611    
5.6970     3.4510    

# Frame278

# x        y
18.9902    29.1470   
17.1597    8.6224    
17.8321    38.9950   
1.1159     36.5628   
7.5233     8.2611    
5.6970     3.4510    

# Frame279

# x        y
18.9902    29.1449   
17.1585    8.6179    
17.8329    38.9950   
1.1159     36.5628   
7.5233     8.2611    
5.6970     3.4510    

# Frame280

# x        y
18.9902    29.1429   
17.1573    8.6134    
17.8337    38.9950   
1.1159     36.5628   
7.5233     8.2611    
5.6970     3.4510    

# Frame281

# x        y
18.9902    29.1409   
17.1562    8.6091    
17.8345    38.9950   
1.1159     36.5628   
7.5233     8.2611    
5.6970     3.4510    

# Frame282

# x        y
18.9902    29.1389   
17.1551    8.6048    
17.8353    38.9950   
1.1159     36.5628   
7.5233     8.2611    
5.6970     3.4510    

# Frame283

# x        y
18.9902    29.1369   
17.1540    8.6006    
17.8361    38.9950   
1.1159     36.5628   
7.5233     8.2611    
5.6970     3.4510    

# Frame284

# x        y
18.9902    29.1350   
17.1529    8.5965    
17.8369    38.9950   
1.1159     36.5628   
7.5233     8.2611    
5.6970     3.4510    

# Frame285

# x        y
18.9902    29.1331   
17.1518    8.5925    
17.8376    38.9950   
1.1159     36.5628   
7.5233     8.2611    
5.6970     3.4510    

# Frame286

# x        y
18.9902    29.1313   
17.1508    8.5885    
17.8384    38.9950   
1.1159     36.5628   
7.5233     8.2611    
5.6970     3.4510    

# Frame287

# x        y
18.9902    29.1294   
17.1498    8.5845    
17.8391    38.9950   
1.1159     36.5628   
7.5233     8.2611    
5.6970     3.4510    

# Frame288

# x        y
18.9902    29.1276   
17.1488    8.5807    
17.8398    38.9950   
1.1159     36.5628   
7.5233     8.2611    
5.6970     3.4510    

# Frame289

# x        y
18.9902    29.1259   
17.1478    8.5769    
17.8405    38.9950   
1.1159     36.5628   
7.5233     8.2611    
5.6970     3.4510    

# Frame290

# x        y
18.9902    29.1241   
17.1468    8.5731    
17.8412    38.9950   
1.1159     36.5628   
7.5233     8.2611    
5.6970     3.4510    

# Frame291

# x        y
18.9902    29.1224   
17.1458    8.5695    
17.8419    38.9950   
1.1159     36.5628   
7.5233     8.2611    
5.6970     3.4510    

# Frame292

# x        y
18.9902    29.1207   
17.1449    8.5659    
17.8426    38.9950   
1.1159     36.5628   
7.5233     8.2611    
5.6970     3.4510    

# Frame293

# x        y
18.9902    29.1191   
17.1440    8.5623    
17.8432    38.9950   
1.1159     36.5628   
7.5233     8.2611    
5.6970     3.4510    

# Frame294

# x        y
18.9902    29.1175   
17.1430    8.5588    
17.8439    38.9950   
1.1159     36.5628   
7.5233     8.2611    
5.6970     3.4510    

# Frame295

# x        y
18.9902    29.1159   
17.1422    8.5554    
17.8445    38.9950   
1.1159     36.5628   
7.5233     8.2611    
5.6970     3.4510    

# Frame296

# x        y
18.9902    29.1143   
17.1413    8.5520    
17.8451    38.9950   
1.1159     36.5628   
7.5233     8.2611    
5.6970     3.4510    

# Frame297

# x        y
18.9902    29.1127   
17.1404    8.5487    
17.8458    38.9950   
1.1159     36.5628   
7.5233     8.2611    
5.6970     3.4510    

# Frame298

# x        y
18.9902    29.1112   
17.1395    8.5454    
17.8464    38.9950   
1.1159     36.5628   
7.5233     8.2611    
5.6970     3.4510    

# Frame299

# x        y
18.9902    29.1097   
17.1387    8.5422    
17.8470    38.9950   
1.1159     36.5628   
7.5233     8.2611    
5.6970     3.4510    

# Frame300

# x        y
18.9902    29.1083   
17.1379    8.5391    
17.8476    38.9950   
1.1159     36.5628   
7.5233     8.2611    
5.6970     3.4510    

# Frame301

# x        y
18.9902    29.1068   
17.1371    8.5360    
17.8481    38.9950   
1.1159     36.5628   
7.5233     8.2611    
5.6970     3.4510    

# Frame302

# x        y
18.9902    29.1054   
17.1363    8.5329    
17.8487    38.9950   
1.1159     36.5628   
7.5233     8.2611    
5.6970     3.4510    

# Frame303

# x        y
18.9902    29.1040   
17.1355    8.5299    
17.8493    38.9950   
1.1159     36.5628   
7.5233     8.2611    
5.6970     3.4510    

# Frame304

# x        y
18.9902    29.1026   
17.1347    8.5270    
17.8498    38.9950   
1.1159     36.5628   
7.5233     8.2611    
5.6970     3.4510    

# Frame305

# x        y
18.9902    29.1013   
17.1340    8.5241    
17.8503    38.9950   
1.1159     36.5628   
7.5233     8.2611    
5.6970     3.4510    

# Frame306

# x        y
18.9902    29.1000   
17.1332    8.5212    
17.8509    38.9950   
1.1159     36.5628   
7.5233     8.2611    
5.6970     3.4510    

# Frame307

# x        y
18.9902    29.0987   
17.1325    8.5184    
17.8514    38.9950   
1.1159     36.5628   
7.5233     8.2611    
5.6970     3.4510    

# Frame308

# x        y
18.9902    29.0974   
17.1318    8.5156    
17.8519    38.9950   
1.1159     36.5628   
7.5233     8.2611    
5.6970     3.4510    

# Frame309

# x        y
18.9902    29.0961   
17.1311    8.5129    
17.8524    38.9950   
1.1159     36.5628   
7.5233     8.2611    
5.6970     3.4510    

# Frame310

# x        y
18.9902    29.0949   
17.1304    8.5103    
17.8529    38.9950   
1.1159     36.5628   
7.5233     8.2611    
5.6970     3.4510    

# Frame311

# x        y
18.9902    29.0936   
17.1297    8.5076    
17.8534    38.9950   
1.1159     36.5628   
7.5233     8.2611    
5.6970     3.4510    

# Frame312

# x        y
18.9902    29.0924   
17.1290    8.5051    
17.8539    38.9950   
1.1159     36.5628   
7.5233     8.2611    
5.6970     3.4510    

# Frame313

# x        y
18.9902    29.0913   
17.1283    8.5025    
17.8543    38.9950   
1.1159     36.5628   
7.5233     8.2611    
5.6970     3.4510    

# Frame314

# x        y
18.9902    29.0901   
17.1277    8.5000    
17.8548    38.9950   
1.1159     36.5628   
7.5233     8.2611    
5.6970     3.4510    

# Frame315

# x        y
18.9902    29.0890   
17.1270    8.4976    
17.8553    38.9950   
1.1159     36.5628   
7.5233     8.2611    
5.6970     3.4510    

# Frame316

# x        y
18.9902    29.0878   
17.1264    8.4952    
17.8557    38.9950   
1.1159     36.5628   
7.5233     8.2611    
5.6970     3.4510    

# Frame317

# x        y
18.9902    29.0867   
17.1258    8.4928    
17.8561    38.9950   
1.1159     36.5628   
7.5233     8.2611    
5.6970     3.4510    

# Frame318

# x        y
18.9902    29.0857   
17.1252    8.4905    
17.8566    38.9950   
1.1159     36.5628   
7.5233     8.2611    
5.6970     3.4510    

# Frame319

# x        y
18.9902    29.0846   
17.1246    8.4882    
17.8570    38.9950   
1.1159     36.5628   
7.5233     8.2611    
5.6970     3.4510    

# Frame320

# x        y
18.9902    29.0835   
17.1240    8.4859    
17.8574    38.9950   
1.1159     36.5628   
7.5233     8.2611    
5.6970     3.4510    

# Frame321

# x        y
18.9902    29.0825   
17.1234    8.4837    
17.8578    38.9950   
1.1159     36.5628   
7.5233     8.2611    
5.6970     3.4510    

# Frame322

# x        y
18.9902    29.0815   
17.1228    8.4815    
17.8582    38.9950   
1.1159     36.5628   
7.5233     8.2611    
5.6970     3.4510    

# Frame323

# x        y
18.9902    29.0805   
17.1223    8.4794    
17.8586    38.9950   
1.1159     36.5628   
7.5233     8.2611    
5.6970     3.4510    

# Frame324

# x        y
18.9902    29.0795   
17.1217    8.4773    
17.8590    38.9950   
1.1159     36.5628   
7.5233     8.2611    
5.6970     3.4510    

# Frame325

# x        y
18.9902    29.0786   
17.1212    8.4752    
17.8594    38.9950   
1.1159     36.5628   
7.5233     8.2611    
5.6970     3.4510    

# Frame326

# x        y
18.9902    29.0776   
17.1206    8.4732    
17.8598    38.9950   
1.1159     36.5628   
7.5233     8.2611    
5.6970     3.4510    

# Frame327

# x        y
18.9902    29.0767   
17.1201    8.4712    
17.8602    38.9950   
1.1159     36.5628   
7.5233     8.2611    
5.6970     3.4510    

# Frame328

# x        y
18.9902    29.0758   
17.1196    8.4692    
17.8605    38.9950   
1.1159     36.5628   
7.5233     8.2611    
5.6970     3.4510    

# Frame329

# x        y
18.9902    29.0749   
17.1191    8.4672    
17.8609    38.9950   
1.1159     36.5628   
7.5233     8.2611    
5.6970     3.4510    

# Frame330

# x        y
18.9902    29.0740   
17.1186    8.4653    
17.8613    38.9950   
1.1159     36.5628   
7.5233     8.2611    
5.6970     3.4510    

# Frame331

# x        y
18.9902    29.0731   
17.1181    8.4635    
17.8616    38.9950   
1.1159     36.5628   
7.5233     8.2611    
5.6970     3.4510    

# Frame332

# x        y
18.9902    29.0722   
17.1176    8.4616    
17.8619    38.9950   
1.1159     36.5628   
7.5233     8.2611    
5.6970     3.4510    

# Frame333

# x        y
18.9902    29.0714   
17.1172    8.4598    
17.8623    38.9950   
1.1159     36.5628   
7.5233     8.2611    
5.6970     3.4510    

# Frame334

# x        y
18.9902    29.0706   
17.1167    8.4580    
17.8626    38.9950   
1.1159     36.5628   
7.5233     8.2611    
5.6970     3.4510    

# Frame335

# x        y
18.9902    29.0697   
17.1162    8.4563    
17.8629    38.9950   
1.1159     36.5628   
7.5233     8.2611    
5.6970     3.4510    

# Frame336

# x        y
18.9902    29.0689   
17.1158    8.4546    
17.8633    38.9950   
1.1159     36.5628   
7.5233     8.2611    
5.6970     3.4510    

# Frame337

# x        y
18.9902    29.0682   
17.1153    8.4529    
17.8636    38.9950   
1.1159     36.5628   
7.5233     8.2611    
5.6970     3.4510    

# Frame338

# x        y
18.9902    29.0674   
17.1149    8.4512    
17.8639    38.9950   
1.1159     36.5628   
7.5233     8.2611    
5.6970     3.4510    

# Frame339

# x        y
18.9902    29.0666   
17.1145    8.4496    
17.8642    38.9950   
1.1159     36.5628   
7.5233     8.2611    
5.6970     3.4510    

# Frame340

# x        y
18.9902    29.0659   
17.1141    8.4479    
17.8645    38.9950   
1.1159     36.5628   
7.5233     8.2611    
5.6970     3.4510    

# Frame341

# x        y
18.9902    29.0651   
17.1136    8.4464    
17.8648    38.9950   
1.1159     36.5628   
7.5233     8.2611    
5.6970     3.4510    

# Frame342

# x        y
18.9902    29.0644   
17.1132    8.4448    
17.8651    38.9950   
1.1159     36.5628   
7.5233     8.2611    
5.6970     3.4510    

# Frame343

# x        y
18.9902    29.0637   
17.1128    8.4433    
17.8654    38.9950   
1.1159     36.5628   
7.5233     8.2611    
5.6970     3.4510    

# Frame344

# x        y
18.9902    29.0630   
17.1124    8.4418    
17.8656    38.9950   
1.1159     36.5628   
7.5233     8.2611    
5.6970     3.4510    

# Frame345

# x        y
18.9902    29.0623   
17.1121    8.4403    
17.8659    38.9950   
1.1159     36.5628   
7.5233     8.2611    
5.6970     3.4510    

# Frame346

# x        y
18.9902    29.0616   
17.1117    8.4388    
17.8662    38.9950   
1.1159     36.5628   
7.5233     8.2611    
5.6970     3.4510    

# Frame347

# x        y
18.9902    29.0610   
17.1113    8.4374    
17.8664    38.9950   
1.1159     36.5628   
7.5233     8.2611    
5.6970     3.4510    

# Frame348

# x        y
18.9902    29.0603   
17.1109    8.4360    
17.8667    38.9950   
1.1159     36.5628   
7.5233     8.2611    
5.6970     3.4510    

# Frame349

# x        y
18.9902    29.0597   
17.1106    8.4346    
17.8670    38.9950   
1.1159     36.5628   
7.5233     8.2611    
5.6970     3.4510    

# Frame350

# x        y
18.9902    29.0590   
17.1102    8.4332    
17.8672    38.9950   
1.1159     36.5628   
7.5233     8.2611    
5.6970     3.4510    

# Frame351

# x        y
18.9902    29.0584   
17.1099    8.4319    
17.8675    38.9950   
1.1159     36.5628   
7.5233     8.2611    
5.6970     3.4510    

# Frame352

# x        y
18.9902    29.0578   
17.1095    8.4306    
17.8677    38.9950   
1.1159     36.5628   
7.5233     8.2611    
5.6970     3.4510    

# Frame353

# x        y
18.9902    29.0572   
17.1092    8.4293    
17.8679    38.9950   
1.1159     36.5628   
7.5233     8.2611    
5.6970     3.4510    

# Frame354

# x        y
18.9902    29.0566   
17.1088    8.4280    
17.8682    38.9950   
1.1159     36.5628   
7.5233     8.2611    
5.6970     3.4510    

# Frame355

# x        y
18.9902    29.0560   
17.1085    8.4268    
17.8684    38.9950   
1.1159     36.5628   
7.5233     8.2611    
5.6970     3.4510    

# Frame356

# x        y
18.9902    29.0554   
17.1082    8.4255    
17.8686    38.9950   
1.1159     36.5628   
7.5233     8.2611    
5.6970     3.4510    

# Frame357

# x        y
18.9902    29.0549   
17.1079    8.4243    
17.8689    38.9950   
1.1159     36.5628   
7.5233     8.2611    
5.6970     3.4510    

# Frame358

# x        y
18.9902    29.0543   
17.1076    8.4231    
17.8691    38.9950   
1.1159     36.5628   
7.5233     8.2611    
5.6970     3.4510    

# Frame359

# x        y
18.9902    29.0538   
17.1073    8.4220    
17.8693    38.9950   
1.1159     36.5628   
7.5233     8.2611    
5.6970     3.4510    

# Frame360

# x        y
18.9902    29.0532   
17.1070    8.4208    
17.8695    38.9950   
1.1159     36.5628   
7.5233     8.2611    
5.6970     3.4510    

# Frame361

# x        y
18.9902    29.0527   
17.1067    8.4197    
17.8697    38.9950   
1.1159     36.5628   
7.5233     8.2611    
5.6970     3.4510    

# Frame362

# x        y
18.9902    29.0522   
17.1064    8.4186    
17.8699    38.9950   
1.1159     36.5628   
7.5233     8.2611    
5.6970     3.4510    

# Frame363

# x        y
18.9902    29.0517   
17.1061    8.4175    
17.8701    38.9950   
1.1159     36.5628   
7.5233     8.2611    
5.6970     3.4510    

# Frame364

# x        y
18.9902    29.0512   
17.1058    8.4164    
17.8703    38.9950   
1.1159     36.5628   
7.5233     8.2611    
5.6970     3.4510    

# Frame365

# x        y
18.9902    29.0507   
17.1055    8.4153    
17.8705    38.9950   
1.1159     36.5628   
7.5233     8.2611    
5.6970     3.4510    

# Frame366

# x        y
18.9902    29.0502   
17.1053    8.4143    
17.8707    38.9950   
1.1159     36.5628   
7.5233     8.2611    
5.6970     3.4510    

# Frame367

# x        y
18.9902    29.0497   
17.1050    8.4133    
17.8709    38.9950   
1.1159     36.5628   
7.5233     8.2611    
5.6970     3.4510    

# Frame368

# x        y
18.9902    29.0493   
17.1047    8.4123    
17.8711    38.9950   
1.1159     36.5628   
7.5233     8.2611    
5.6970     3.4510    

# Frame369

# x        y
18.9902    29.0488   
17.1045    8.4113    
17.8713    38.9950   
1.1159     36.5628   
7.5233     8.2611    
5.6970     3.4510    

# Frame370

# x        y
18.9902    29.0484   
17.1042    8.4103    
17.8715    38.9950   
1.1159     36.5628   
7.5233     8.2611    
5.6970     3.4510    

# Frame371

# x        y
18.9902    29.0479   
17.1040    8.4094    
17.8717    38.9950   
1.1159     36.5628   
7.5233     8.2611    
5.6970     3.4510    

# Frame372

# x        y
18.9902    29.0475   
17.1037    8.4084    
17.8718    38.9950   
1.1159     36.5628   
7.5233     8.2611    
5.6970     3.4510    

# Frame373

# x        y
18.9902    29.0470   
17.1035    8.4075    
17.8720    38.9950   
1.1159     36.5628   
7.5233     8.2611    
5.6970     3.4510    

# Frame374

# x        y
18.9902    29.0466   
17.1032    8.4066    
17.8722    38.9950   
1.1159     36.5628   
7.5233     8.2611    
5.6970     3.4510    

# Frame375

# x        y
18.9902    29.0462   
17.1030    8.4057    
17.8723    38.9950   
1.1159     36.5628   
7.5233     8.2611    
5.6970     3.4510    

# Frame376

# x        y
18.9902    29.0458   
17.1028    8.4048    
17.8725    38.9950   
1.1159     36.5628   
7.5233     8.2611    
5.6970     3.4510    

# Frame377

# x        y
18.9902    29.0454   
17.1025    8.4039    
17.8727    38.9950   
1.1159     36.5628   
7.5233     8.2611    
5.6970     3.4510    

# Frame378

# x        y
18.9902    29.0450   
17.1023    8.4031    
17.8728    38.9950   
1.1159     36.5628   
7.5233     8.2611    
5.6970     3.4510    

# Frame379

# x        y
18.9902    29.0446   
17.1021    8.4023    
17.8730    38.9950   
1.1159     36.5628   
7.5233     8.2611    
5.6970     3.4510    

# Frame380

# x        y
18.9902    29.0442   
17.1019    8.4014    
17.8731    38.9950   
1.1159     36.5628   
7.5233     8.2611    
5.6970     3.4510    

# Frame381

# x        y
18.9902    29.0438   
17.1017    8.4006    
17.8733    38.9950   
1.1159     36.5628   
7.5233     8.2611    
5.6970     3.4510    

# Frame382

# x        y
18.9902    29.0435   
17.1015    8.3998    
17.8734    38.9950   
1.1159     36.5628   
7.5233     8.2611    
5.6970     3.4510    

# Frame383

# x        y
18.9902    29.0431   
17.1013    8.3990    
17.8736    38.9950   
1.1159     36.5628   
7.5233     8.2611    
5.6970     3.4510    

# Frame384

# x        y
18.9902    29.0428   
17.1011    8.3983    
17.8737    38.9950   
1.1159     36.5628   
7.5233     8.2611    
5.6970     3.4510    

# Frame385

# x        y
18.9902    29.0424   
17.1009    8.3975    
17.8739    38.9950   
1.1159     36.5628   
7.5233     8.2611    
5.6970     3.4510    

# Frame386

# x        y
18.9902    29.0421   
17.1007    8.3968    
17.8740    38.9950   
1.1159     36.5628   
7.5233     8.2611    
5.6970     3.4510    

# Frame387

# x        y
18.9902    29.0417   
17.1005    8.3960    
17.8741    38.9950   
1.1159     36.5628   
7.5233     8.2611    
5.6970     3.4510    

# Frame388

# x        y
18.9902    29.0414   
17.1003    8.3953    
17.8743    38.9950   
1.1159     36.5628   
7.5233     8.2611    
5.6970     3.4510    

# Frame389

# x        y
18.9902    29.0411   
17.1001    8.3946    
17.8744    38.9950   
1.1159     36.5628   
7.5233     8.2611    
5.6970     3.4510    

# Frame390

# x        y
18.9902    29.0407   
17.0999    8.3939    
17.8745    38.9950   
1.1159     36.5628   
7.5233     8.2611    
5.6970     3.4510    

# Frame391

# x        y
18.9902    29.0404   
17.0997    8.3932    
17.8746    38.9950   
1.1159     36.5628   
7.5233     8.2611    
5.6970     3.4510    

# Frame392

# x        y
18.9902    29.0401   
17.0996    8.3926    
17.8748    38.9950   
1.1159     36.5628   
7.5233     8.2611    
5.6970     3.4510    

# Frame393

# x        y
18.9902    29.0398   
17.0994    8.3919    
17.8749    38.9950   
1.1159     36.5628   
7.5233     8.2611    
5.6970     3.4510    

# Frame394

# x        y
18.9902    29.0395   
17.0992    8.3913    
17.8750    38.9950   
1.1159     36.5628   
7.5233     8.2611    
5.6970     3.4510    

# Frame395

# x        y
18.9902    29.0392   
17.0991    8.3906    
17.8751    38.9950   
1.1159     36.5628   
7.5233     8.2611    
5.6970     3.4510    

# Frame396

# x        y
18.9902    29.0389   
17.0989    8.3900    
17.8752    38.9950   
1.1159     36.5628   
7.5233     8.2611    
5.6970     3.4510    

# Frame397

# x        y
18.9902    29.0386   
17.0987    8.3894    
17.8754    38.9950   
1.1159     36.5628   
7.5233     8.2611    
5.6970     3.4510    

# Frame398

# x        y
18.9902    29.0383   
17.0986    8.3888    
17.8755    38.9950   
1.1159     36.5628   
7.5233     8.2611    
5.6970     3.4510    

# Frame399

# x        y
18.9902    29.0381   
17.0984    8.3882    
17.8756    38.9950   
1.1159     36.5628   
7.5233     8.2611    
5.6970     3.4510    

# Frame400

# x        y
18.9902    29.0378   
17.0983    8.3876    
17.8757    38.9950   
1.1159     36.5628   
7.5233     8.2611    
5.6970     3.4510    

# Frame401

# x        y
18.9902    29.0375   
17.0981    8.3870    
17.8758    38.9950   
1.1159     36.5628   
7.5233     8.2611    
5.6970     3.4510    

# Frame402

# x        y
18.9902    29.0372   
17.0980    8.3864    
17.8759    38.9950   
1.1159     36.5628   
7.5233     8.2611    
5.6970     3.4510    

# Frame403

# x        y
18.9902    29.0370   
17.0978    8.3859    
17.8760    38.9950   
1.1159     36.5628   
7.5233     8.2611    
5.6970     3.4510    

# Frame404

# x        y
18.9902    29.0367   
17.0977    8.3853    
17.8761    38.9950   
1.1159     36.5628   
7.5233     8.2611    
5.6970     3.4510    

# Frame405

# x        y
18.9902    29.0365   
17.0975    8.3848    
17.8761    38.9950   
1.1159     36.5628   
7.5233     8.2611    
5.6970     3.4510    

# Frame406

# x        y
18.9902    29.0362   
17.0974    8.3842    
17.8761    38.9950   
1.1159     36.5628   
7.5233     8.2611    
5.6970     3.4510    

# Frame407

# x        y
18.9902    29.0360   
17.0973    8.3837    
17.8761    38.9950   
1.1159     36.5628   
7.5233     8.2611    
5.6970     3.4510    

# Frame408

# x        y
18.9902    29.0358   
17.0971    8.3832    
17.8761    38.9950   
1.1159     36.5628   
7.5233     8.2611    
5.6970     3.4510    

# Frame409

# x        y
18.9902    29.0355   
17.0970    8.3827    
17.8761    38.9950   
1.1159     36.5628   
7.5233     8.2611    
5.6970     3.4510    

# Frame410

# x        y
18.9902    29.0353   
17.0969    8.3822    
17.8761    38.9950   
1.1159     36.5628   
7.5233     8.2611    
5.6970     3.4510    

# Frame411

# x        y
18.9902    29.0351   
17.0967    8.3817    
17.8761    38.9950   
1.1159     36.5628   
7.5233     8.2611    
5.6970     3.4510    

# Frame412

# x        y
18.9902    29.0348   
17.0966    8.3812    
17.8761    38.9950   
1.1159     36.5628   
7.5233     8.2611    
5.6970     3.4510    

# Frame413

# x        y
18.9902    29.0346   
17.0965    8.3808    
17.8761    38.9950   
1.1159     36.5628   
7.5233     8.2611    
5.6970     3.4510    

# Frame414

# x        y
18.9902    29.0344   
17.0964    8.3803    
17.8761    38.9950   
1.1159     36.5628   
7.5233     8.2611    
5.6970     3.4510    

# Frame415

# x        y
18.9902    29.0342   
17.0962    8.3798    
17.8761    38.9950   
1.1159     36.5628   
7.5233     8.2611    
5.6970     3.4510    

# Frame416

# x        y
18.9902    29.0340   
17.0961    8.3794    
17.8761    38.9950   
1.1159     36.5628   
7.5233     8.2611    
5.6970     3.4510    

# Frame417

# x        y
18.9902    29.0338   
17.0960    8.3790    
17.8761    38.9950   
1.1159     36.5628   
7.5233     8.2611    
5.6970     3.4510    

# Frame418

# x        y
18.9902    29.0336   
17.0959    8.3785    
17.8761    38.9950   
1.1159     36.5628   
7.5233     8.2611    
5.6970     3.4510    

# Frame419

# x        y
18.9902    29.0334   
17.0958    8.3781    
17.8761    38.9950   
1.1159     36.5628   
7.5233     8.2611    
5.6970     3.4510    

# Frame420

# x        y
18.9902    29.0332   
17.0957    8.3777    
17.8761    38.9950   
1.1159     36.5628   
7.5233     8.2611    
5.6970     3.4510    

# Frame421

# x        y
18.9902    29.0330   
17.0956    8.3773    
17.8761    38.9950   
1.1159     36.5628   
7.5233     8.2611    
5.6970     3.4510    

# Frame422

# x        y
18.9902    29.0328   
17.0954    8.3769    
17.8761    38.9950   
1.1159     36.5628   
7.5233     8.2611    
5.6970     3.4510    

# Frame423

# x        y
18.9902    29.0326   
17.0953    8.3765    
17.8761    38.9950   
1.1159     36.5628   
7.5233     8.2611    
5.6970     3.4510    

# Frame424

# x        y
18.9902    29.0324   
17.0952    8.3761    
17.8761    38.9950   
1.1159     36.5628   
7.5233     8.2611    
5.6970     3.4510    

# Frame425

# x        y
18.9902    29.0322   
17.0951    8.3757    
17.8761    38.9950   
1.1159     36.5628   
7.5233     8.2611    
5.6970     3.4510    

# Frame426

# x        y
18.9902    29.0321   
17.0950    8.3753    
17.8761    38.9950   
1.1159     36.5628   
7.5233     8.2611    
5.6970     3.4510    

# Frame427

# x        y
18.9902    29.0319   
17.0949    8.3749    
17.8761    38.9950   
1.1159     36.5628   
7.5233     8.2611    
5.6970     3.4510    

# Frame428

# x        y
18.9902    29.0317   
17.0948    8.3746    
17.8761    38.9950   
1.1159     36.5628   
7.5233     8.2611    
5.6970     3.4510    

# Frame429

# x        y
18.9902    29.0316   
17.0948    8.3742    
17.8761    38.9950   
1.1159     36.5628   
7.5233     8.2611    
5.6970     3.4510    

# Frame430

# x        y
18.9902    29.0314   
17.0947    8.3738    
17.8761    38.9950   
1.1159     36.5628   
7.5233     8.2611    
5.6970     3.4510    

# Frame431

# x        y
18.9902    29.0312   
17.0946    8.3735    
17.8761    38.9950   
1.1159     36.5628   
7.5233     8.2611    
5.6970     3.4510    

# Frame432

# x        y
18.9902    29.0311   
17.0945    8.3732    
17.8761    38.9950   
1.1159     36.5628   
7.5233     8.2611    
5.6970     3.4510    

# Frame433

# x        y
18.9902    29.0309   
17.0944    8.3728    
17.8761    38.9950   
1.1159     36.5628   
7.5233     8.2611    
5.6970     3.4510    

# Frame434

# x        y
18.9902    29.0308   
17.0943    8.3725    
17.8761    38.9950   
1.1159     36.5628   
7.5233     8.2611    
5.6970     3.4510    

# Frame435

# x        y
18.9902    29.0306   
17.0942    8.3722    
17.8761    38.9950   
1.1159     36.5628   
7.5233     8.2611    
5.6970     3.4510    

# Frame436

# x        y
18.9902    29.0305   
17.0941    8.3718    
17.8761    38.9950   
1.1159     36.5628   
7.5233     8.2611    
5.6970     3.4510    

# Frame437

# x        y
18.9902    29.0303   
17.0941    8.3715    
17.8761    38.9950   
1.1159     36.5628   
7.5233     8.2611    
5.6970     3.4510    

# Frame438

# x        y
18.9902    29.0302   
17.0940    8.3712    
17.8761    38.9950   
1.1159     36.5628   
7.5233     8.2611    
5.6970     3.4510    

# Frame439

# x        y
18.9902    29.0300   
17.0939    8.3709    
17.8761    38.9950   
1.1159     36.5628   
7.5233     8.2611    
5.6970     3.4510    

# Frame440

# x        y
18.9902    29.0299   
17.0938    8.3706    
17.8761    38.9950   
1.1159     36.5628   
7.5233     8.2611    
5.6970     3.4510    

# Frame441

# x        y
18.9902    29.0297   
17.0937    8.3703    
17.8761    38.9950   
1.1159     36.5628   
7.5233     8.2611    
5.6970     3.4510    

# Frame442

# x        y
18.9902    29.0296   
17.0937    8.3700    
17.8761    38.9950   
1.1159     36.5628   
7.5233     8.2611    
5.6970     3.4510    

# Frame443

# x        y
18.9902    29.0295   
17.0936    8.3697    
17.8761    38.9950   
1.1159     36.5628   
7.5233     8.2611    
5.6970     3.4510    

# Frame444

# x        y
18.9902    29.0294   
17.0935    8.3695    
17.8761    38.9950   
1.1159     36.5628   
7.5233     8.2611    
5.6970     3.4510    

# Frame445

# x        y
18.9902    29.0292   
17.0934    8.3692    
17.8761    38.9950   
1.1159     36.5628   
7.5233     8.2611    
5.6970     3.4510    

# Frame446

# x        y
18.9902    29.0291   
17.0934    8.3689    
17.8761    38.9950   
1.1159     36.5628   
7.5233     8.2611    
5.6970     3.4510    

# Frame447

# x        y
18.9902    29.0290   
17.0933    8.3686    
17.8761    38.9950   
1.1159     36.5628   
7.5233     8.2611    
5.6970     3.4510    

# Frame448

# x        y
18.9902    29.0289   
17.0932    8.3684    
17.8761    38.9950   
1.1159     36.5628   
7.5233     8.2611    
5.6970     3.4510    

# Frame449

# x        y
18.9902    29.0287   
17.0932    8.3681    
17.8761    38.9950   
1.1159     36.5628   
7.5233     8.2611    
5.6970     3.4510    

# Frame450

# x        y
18.9902    29.0286   
17.0931    8.3679    
17.8761    38.9950   
1.1159     36.5628   
7.5233     8.2611    
5.6970     3.4510    

# Frame451

# x        y
18.9902    29.0285   
17.0930    8.3676    
17.8761    38.9950   
1.1159     36.5628   
7.5233     8.2611    
5.6970     3.4510    

# Frame452

# x        y
18.9902    29.0284   
17.0930    8.3674    
17.8761    38.9950   
1.1159     36.5628   
7.5233     8.2611    
5.6970     3.4510    

# Frame453

# x        y
18.9902    29.0283   
17.0929    8.3671    
17.8761    38.9950   
1.1159     36.5628   
7.5233     8.2611    
5.6970     3.4510    

# Frame454

# x        y
18.9902    29.0282   
17.0928    8.3669    
17.8761    38.9950   
1.1159     36.5628   
7.5233     8.2611    
5.6970     3.4510    

# Frame455

# x        y
18.9902    29.0280   
17.0928    8.3667    
17.8761    38.9950   
1.1159     36.5628   
7.5233     8.2611    
5.6970     3.4510    

# Frame456

# x        y
18.9902    29.0279   
17.0927    8.3664    
17.8761    38.9950   
1.1159     36.5628   
7.5233     8.2611    
5.6970     3.4510    

# Frame457

# x        y
18.9902    29.0278   
17.0927    8.3662    
17.8761    38.9950   
1.1159     36.5628   
7.5233     8.2611    
5.6970     3.4510    

# Frame458

# x        y
18.9902    29.0277   
17.0926    8.3660    
17.8761    38.9950   
1.1159     36.5628   
7.5233     8.2611    
5.6970     3.4510    

# Frame459

# x        y
18.9902    29.0276   
17.0926    8.3658    
17.8761    38.9950   
1.1159     36.5628   
7.5233     8.2611    
5.6970     3.4510    

# Frame460

# x        y
18.9902    29.0276   
17.0925    8.3656    
17.8761    38.9950   
1.1159     36.5628   
7.5233     8.2611    
5.6970     3.4510    

# Frame461

# x        y
18.9902    29.0276   
17.0924    8.3653    
17.8761    38.9950   
1.1159     36.5628   
7.5233     8.2611    
5.6970     3.4510    

# Frame462

# x        y
18.9902    29.0276   
17.0924    8.3651    
17.8761    38.9950   
1.1159     36.5628   
7.5233     8.2611    
5.6970     3.4510    

# Frame463

# x        y
18.9902    29.0276   
17.0923    8.3649    
17.8761    38.9950   
1.1159     36.5628   
7.5233     8.2611    
5.6970     3.4510    

# Frame464

# x        y
18.9902    29.0276   
17.0923    8.3647    
17.8761    38.9950   
1.1159     36.5628   
7.5233     8.2611    
5.6970     3.4510    

# Frame465

# x        y
18.9902    29.0276   
17.0922    8.3645    
17.8761    38.9950   
1.1159     36.5628   
7.5233     8.2611    
5.6970     3.4510    

# Frame466

# x        y
18.9902    29.0276   
17.0922    8.3643    
17.8761    38.9950   
1.1159     36.5628   
7.5233     8.2611    
5.6970     3.4510    

# Frame467

# x        y
18.9902    29.0276   
17.0921    8.3642    
17.8761    38.9950   
1.1159     36.5628   
7.5233     8.2611    
5.6970     3.4510    

# Frame468

# x        y
18.9902    29.0276   
17.0921    8.3640    
17.8761    38.9950   
1.1159     36.5628   
7.5233     8.2611    
5.6970     3.4510    

# Frame469

# x        y
18.9902    29.0276   
17.0920    8.3638    
17.8761    38.9950   
1.1159     36.5628   
7.5233     8.2611    
5.6970     3.4510    

# Frame470

# x        y
18.9902    29.0276   
17.0920    8.3636    
17.8761    38.9950   
1.1159     36.5628   
7.5233     8.2611    
5.6970     3.4510    

# Frame471

# x        y
18.9902    29.0276   
17.0919    8.3634    
17.8761    38.9950   
1.1159     36.5628   
7.5233     8.2611    
5.6970     3.4510    

# Frame472

# x        y
18.9902    29.0276   
17.0919    8.3632    
17.8761    38.9950   
1.1159     36.5628   
7.5233     8.2611    
5.6970     3.4510    

# Frame473

# x        y
18.9902    29.0276   
17.0918    8.3631    
17.8761    38.9950   
1.1159     36.5628   
7.5233     8.2611    
5.6970     3.4510    

# Frame474

# x        y
18.9902    29.0276   
17.0918    8.3629    
17.8761    38.9950   
1.1159     36.5628   
7.5233     8.2611    
5.6970     3.4510    

# Frame475

# x        y
18.9902    29.0276   
17.0918    8.3627    
17.8761    38.9950   
1.1159     36.5628   
7.5233     8.2611    
5.6970     3.4510    

# Frame476

# x        y
18.9902    29.0276   
17.0917    8.3626    
17.8761    38.9950   
1.1159     36.5628   
7.5233     8.2611    
5.6970     3.4510    

# Frame477

# x        y
18.9902    29.0276   
17.0917    8.3624    
17.8761    38.9950   
1.1159     36.5628   
7.5233     8.2611    
5.6970     3.4510    

# Frame478

# x        y
18.9902    29.0276   
17.0916    8.3623    
17.8761    38.9950   
1.1159     36.5628   
7.5233     8.2611    
5.6970     3.4510    

# Frame479

# x        y
18.9902    29.0276   
17.0916    8.3621    
17.8761    38.9950   
1.1159     36.5628   
7.5233     8.2611    
5.6970     3.4510    

# Frame480

# x        y
18.9902    29.0276   
17.0916    8.3619    
17.8761    38.9950   
1.1159     36.5628   
7.5233     8.2611    
5.6970     3.4510    

# Frame481

# x        y
18.9902    29.0276   
17.0915    8.3618    
17.8761    38.9950   
1.1159     36.5628   
7.5233     8.2611    
5.6970     3.4510    

# Frame482

# x        y
18.9902    29.0276   
17.0915    8.3616    
17.8761    38.9950   
1.1159     36.5628   
7.5233     8.2611    
5.6970     3.4510    

# Frame483

# x        y
18.9902    29.0276   
17.0914    8.3615    
17.8761    38.9950   
1.1159     36.5628   
7.5233     8.2611    
5.6970     3.4510    

# Frame484

# x        y
18.9902    29.0276   
17.0914    8.3614    
17.8761    38.9950   
1.1159     36.5628   
7.5233     8.2611    
5.6970     3.4510    

# Frame485

# x        y
18.9902    29.0276   
17.0914    8.3612    
17.8761    38.9950   
1.1159     36.5628   
7.5233     8.2611    
5.6970     3.4510    

# Frame486

# x        y
18.9902    29.0276   
17.0913    8.3611    
17.8761    38.9950   
1.1159     36.5628   
7.5233     8.2611    
5.6970     3.4510    

# Frame487

# x        y
18.9902    29.0276   
17.0913    8.3609    
17.8761    38.9950   
1.1159     36.5628   
7.5233     8.2611    
5.6970     3.4510    

# Frame488

# x        y
18.9902    29.0276   
17.0913    8.3608    
17.8761    38.9950   
1.1159     36.5628   
7.5233     8.2611    
5.6970     3.4510    

# Frame489

# x        y
18.9902    29.0276   
17.0912    8.3607    
17.8761    38.9950   
1.1159     36.5628   
7.5233     8.2611    
5.6970     3.4510    

# Frame490

# x        y
18.9902    29.0276   
17.0912    8.3605    
17.8761    38.9950   
1.1159     36.5628   
7.5233     8.2611    
5.6970     3.4510    

# Frame491

# x        y
18.9902    29.0276   
17.0912    8.3604    
17.8761    38.9950   
1.1159     36.5628   
7.5233     8.2611    
5.6970     3.4510    

# Frame492

# x        y
18.9902    29.0276   
17.0911    8.3603    
17.8761    38.9950   
1.1159     36.5628   
7.5233     8.2611    
5.6970     3.4510    

# Frame493

# x        y
18.9902    29.0276   
17.0911    8.3602    
17.8761    38.9950   
1.1159     36.5628   
7.5233     8.2611    
5.6970     3.4510    

# Frame494

# x        y
18.9902    29.0276   
17.0911    8.3600    
17.8761    38.9950   
1.1159     36.5628   
7.5233     8.2611    
5.6970     3.4510    

# Frame495

# x        y
18.9902    29.0276   
17.0910    8.3599    
17.8761    38.9950   
1.1159     36.5628   
7.5233     8.2611    
5.6970     3.4510    

# Frame496

# x        y
18.9902    29.0276   
17.0910    8.3598    
17.8761    38.9950   
1.1159     36.5628   
7.5233     8.2611    
5.6970     3.4510    

# Frame497

# x        y
18.9902    29.0276   
17.0910    8.3597    
17.8761    38.9950   
1.1159     36.5628   
7.5233     8.2611    
5.6970     3.4510    

# Frame498

# x        y
18.9902    29.0276   
17.0909    8.3596    
17.8761    38.9950   
1.1159     36.5628   
7.5233     8.2611    
5.6970     3.4510    

# Frame499

# x        y
18.9902    29.0276   
17.0909    8.3595    
17.8761    38.9950   
1.1159     36.5628   
7.5233     8.2611    
5.6970     3.4510    

# Frame500

# x        y
18.9902    29.0276   
17.0909    8.3594    
17.8761    38.9950   
1.1159     36.5628   
7.5233     8.2611    
5.6970     3.4510    

# Frame501

# x        y
18.9902    29.0276   
17.0908    8.3593    
17.8761    38.9950   
1.1159     36.5628   
7.5233     8.2611    
5.6970     3.4510    

# Frame502

# x        y
18.9902    29.0276   
17.0908    8.3591    
17.8761    38.9950   
1.1159     36.5628   
7.5233     8.2611    
5.6970     3.4510    

# Frame503

# x        y
18.9902    29.0276   
17.0908    8.3590    
17.8761    38.9950   
1.1159     36.5628   
7.5233     8.2611    
5.6970     3.4510    

# Frame504

# x        y
18.9902    29.0276   
17.0908    8.3589    
17.8761    38.9950   
1.1159     36.5628   
7.5233     8.2611    
5.6970     3.4510    

# Frame505

# x        y
18.9902    29.0276   
17.0907    8.3588    
17.8761    38.9950   
1.1159     36.5628   
7.5233     8.2611    
5.6970     3.4510    

# Frame506

# x        y
18.9902    29.0276   
17.0907    8.3587    
17.8761    38.9950   
1.1159     36.5628   
7.5233     8.2611    
5.6970     3.4510    

# Frame507

