# x        y
3.4765     23.2937   
15.9771    33.8838   
15.4982    31.9474   
5.6239     24.4445   
10.7697    33.1265   
18.4896    1.0047    

# Frame1

# x        y
1.6321     24.0670   
15.9771    33.8838   
15.4982    31.9474   
5.6239     24.4445   
10.7697    33.1265   
18.4896    1.0048    

# Frame2

# x        y
1.5927     24.6624   
15.9771    33.8838   
15.4982    31.9473   
5.6239     24.4445   
10.7697    33.1265   
18.4896    1.0048    

# Frame3

# x        y
2.4844     25.1600   
15.9772    33.8838   
15.4982    31.9473   
5.6239     24.4445   
10.7697    33.1265   
18.4896    1.0049    

# Frame4

# x        y
3.3613     25.6493   
15.9772    33.8839   
15.4982    31.9473   
5.6239     24.4445   
10.7697    33.1265   
18.4896    1.0049    

# Frame5

# x        y
4.2235     26.1304   
15.9772    33.8839   
15.4982    31.9473   
5.6239     24.4445   
10.7697    33.1265   
18.4896    1.0049    

# Frame6

# x        y
5.0714     26.6036   
15.9772    33.8839   
15.4982    31.9473   
5.6239     24.4445   
10.7697    33.1265   
18.4896    1.0049    

# Frame7

# x        y
5.9052     27.0688   
15.9772    33.8839   
15.4982    31.9473   
5.6239     24.4445   
10.7697    33.1265   
18.4896    1.0049    

# Frame8

# x        y
6.7250     27.5263   
15.9772    33.8839   
15.4982    31.9473   
5.6239     24.4445   
10.7697    33.1265   
18.4896    1.0050    

# Frame9

# x        y
7.5312     27.9761   
15.9772    33.8839   
15.4982    31.9473   
5.6239     24.4445   
10.7697    33.1265   
18.4896    1.0050    

# Frame10

# x        y
8.3240     28.4185   
15.9772    33.8839   
15.4982    31.9473   
5.6239     24.4445   
10.7697    33.1265   
18.4896    1.0050    

# Frame11

# x        y
9.1035     28.8534   
15.9772    33.8839   
15.4982    31.9473   
5.6239     24.4445   
10.7697    33.1265   
18.4896    1.0050    

# Frame12

# x        y
9.8701     29.2812   
15.9772    33.8839   
15.4982    31.9473   
5.6239     24.4445   
10.7697    33.1265   
18.4896    1.0050    

# Frame13

# x        y
10.6239    29.7018   
15.9772    33.8839   
15.4982    31.9473   
5.6239     24.4445   
10.7697    33.1265   
18.4896    1.0050    

# Frame14

# x        y
11.3651    30.1154   
15.9772    33.8839   
15.4982    31.9473   
5.6239     24.4445   
10.7697    33.1265   
18.4896    1.0050    

# Frame15

# x        y
12.0939    30.5221   
15.9772    33.8839   
15.4982    31.9473   
5.6239     24.4445   
10.7697    33.1265   
18.4896    1.0050    

# Frame16

# x        y
12.8107    30.9220   
15.9772    33.8839   
15.4982    31.9473   
5.6239     24.4445   
10.7697    33.1265   
18.4896    1.0050    

# Frame17

# x        y
13.5154    31.3152   
15.9772    33.8839   
15.4982    31.9473   
5.6239     24.4445   
10.7697    33.1265   
18.4896    1.0050    

# Frame18

# x        y
13.6518    31.3976   
16.1443    34.0619   
15.8871    32.0711   
5.6239     24.4445   
10.7697    33.1265   
18.4896    1.0050    

# Frame19

# x        y
13.7145    31.4381   
16.3319    34.2616   
16.3183    32.2111   
5.6239     24.4445   
10.7697    33.1265   
18.4896    1.0050    

# Frame20

# x        y
13.7761    31.4780   
16.5163    34.4579   
16.7423    32.3488   
5.6239     24.4445   
10.7697    33.1265   
18.4896    1.0050    

# Frame21

# x        y
13.8368    31.5172   
16.6977    34.6510   
17.1593    32.4842   
5.6239     24.4445   
10.7697    33.1265   
18.4896    1.0050    

# Frame22

# x        y
13.8964    31.5558   
16.8760    34.8409   
17.5693    32.6173   
5.6239     24.4445   
10.7697    33.1265   
18.4896    1.0050    

# Frame23

# x        y
13.9550    31.5937   
17.0514    35.0276   
17.9725    32.7482   
5.6239     24.4445   
10.7697    33.1265   
18.4896    1.0050    

# Frame24

# x        y
14.0127    31.6310   
17.2238    35.2111   
18.3689    32.8769   
5.6239     24.4445   
10.7697    33.1265   
18.4896    1.0050    

# Frame25

# x        y
14.0693    31.6677   
17.3934    35.3917   
18.7588    33.0035   
5.6239     24.4445   
10.7697    33.1265   
18.4896    1.0050    

# Frame26

# x        y
14.1251    31.7037   
17.5601    35.5692   
18.9271    33.1147   
5.6239     24.4445   
10.7697    33.1265   
18.4896    1.0050    

# Frame27

# x        y
14.1799    31.7392   
17.7241    35.7437   
18.7386    33.2005   
5.6239     24.4445   
10.7697    33.1265   
18.4896    1.0050    

# Frame28

# x        y
14.2338    31.7740   
17.8853    35.9154   
18.5532    33.2849   
5.6239     24.4445   
10.7697    33.1265   
18.4896    1.0050    

# Frame29

# x        y
14.2868    31.8083   
18.0438    36.0842   
18.3710    33.3679   
5.6239     24.4445   
10.7697    33.1265   
18.4896    1.0050    

# Frame30

# x        y
14.3389    31.8420   
18.1997    36.2502   
18.1918    33.4495   
5.6239     24.4445   
10.7697    33.1265   
18.4896    1.0050    

# Frame31

# x        y
14.3902    31.8752   
18.3530    36.4134   
18.0155    33.5297   
5.6239     24.4445   
10.7697    33.1265   
18.4896    1.0050    

# Frame32

# x        y
14.4406    31.9078   
18.5038    36.5739   
17.8423    33.6086   
5.6239     24.4445   
10.7697    33.1265   
18.4896    1.0050    

# Frame33

# x        y
14.4901    31.9398   
18.6520    36.7317   
17.6719    33.6862   
5.6239     24.4445   
10.7697    33.1265   
18.4896    1.0050    

# Frame34

# x        y
14.5388    31.9714   
18.7978    36.8869   
17.5043    33.7625   
5.6239     24.4445   
10.7697    33.1265   
18.4896    1.0050    

# Frame35

# x        y
14.5868    32.0024   
18.9411    37.0394   
17.3395    33.8375   
5.6239     24.4445   
10.7697    33.1265   
18.4896    1.0050    

# Frame36

# x        y
14.6339    32.0328   
18.9571    37.1350   
17.1775    33.9113   
5.6239     24.4445   
10.7697    33.1265   
18.4896    1.0050    

# Frame37

# x        y
14.6802    32.0628   
18.8878    37.1845   
17.0182    33.9838   
5.6239     24.4445   
10.7697    33.1265   
18.4896    1.0050    

# Frame38

# x        y
14.7258    32.0923   
18.8197    37.2331   
16.8615    34.0552   
5.6239     24.4445   
10.7697    33.1265   
18.4896    1.0050    

# Frame39

# x        y
14.7706    32.1213   
18.7526    37.2810   
16.7075    34.1253   
5.6239     24.4445   
10.7697    33.1265   
18.4896    1.0050    

# Frame40

# x        y
14.8146    32.1497   
18.6868    37.3280   
16.5560    34.1943   
5.6239     24.4445   
10.7697    33.1265   
18.4896    1.0050    

# Frame41

# x        y
14.8579    32.1778   
18.6220    37.3743   
16.4070    34.2621   
5.6239     24.4445   
10.7697    33.1265   
18.4896    1.0050    

# Frame42

# x        y
14.9005    32.2053   
18.5583    37.4198   
16.2605    34.3288   
5.6239     24.4445   
10.7697    33.1265   
18.4896    1.0050    

# Frame43

# x        y
14.9424    32.2324   
18.4956    37.4645   
16.1165    34.3944   
5.6239     24.4445   
10.7697    33.1265   
18.4896    1.0050    

# Frame44

# x        y
14.9836    32.2591   
18.4340    37.5085   
15.9748    34.4589   
5.6239     24.4445   
10.7697    33.1265   
18.4896    1.0050    

# Frame45

# x        y
15.0241    32.2853   
18.3734    37.5518   
15.8356    34.5223   
5.6239     24.4445   
10.7697    33.1265   
18.4896    1.0050    

# Frame46

# x        y
15.0640    32.3110   
18.3139    37.5943   
15.6986    34.5847   
5.6239     24.4445   
10.7697    33.1265   
18.4896    1.0050    

# Frame47

# x        y
15.1031    32.3364   
18.2553    37.6362   
15.5639    34.6460   
5.6239     24.4445   
10.7697    33.1265   
18.4896    1.0050    

# Frame48

# x        y
15.1416    32.3613   
18.1977    37.6773   
15.4315    34.7063   
5.6239     24.4445   
10.7697    33.1265   
18.4896    1.0050    

# Frame49

# x        y
15.1795    32.3858   
18.1410    37.7178   
15.3013    34.7656   
5.6239     24.4445   
10.7697    33.1265   
18.4896    1.0050    

# Frame50

# x        y
15.2167    32.4098   
18.0853    37.7575   
15.1732    34.8239   
5.6239     24.4445   
10.7697    33.1265   
18.4896    1.0050    

# Frame51

# x        y
15.2534    32.4335   
18.0306    37.7966   
15.0473    34.8812   
5.6239     24.4445   
10.7697    33.1265   
18.4896    1.0050    

# Frame52

# x        y
15.2894    32.4568   
17.9767    37.8351   
14.9235    34.9376   
5.6239     24.4445   
10.7697    33.1265   
18.4896    1.0050    

# Frame53

# x        y
15.3248    32.4797   
17.9238    37.8729   
14.8017    34.9930   
5.6239     24.4445   
10.7697    33.1265   
18.4896    1.0050    

# Frame54

# x        y
15.3596    32.5023   
17.8717    37.9101   
14.6820    35.0475   
5.6239     24.4445   
10.7697    33.1265   
18.4896    1.0050    

# Frame55

# x        y
15.3938    32.5244   
17.8205    37.9467   
14.5643    35.1011   
5.6239     24.4445   
10.7697    33.1265   
18.4896    1.0050    

# Frame56

# x        y
15.4275    32.5462   
17.7701    37.9826   
14.4485    35.1538   
5.6239     24.4445   
10.7697    33.1265   
18.4896    1.0050    

# Frame57

# x        y
15.4606    32.5676   
17.7206    38.0180   
14.3347    35.2057   
5.6239     24.4445   
10.7697    33.1265   
18.4896    1.0050    

# Frame58

# x        y
15.4932    32.5886   
17.6719    38.0528   
14.2227    35.2566   
5.6239     24.4445   
10.7697    33.1265   
18.4896    1.0050    

# Frame59

# x        y
15.5252    32.6094   
17.6240    38.0870   
14.1127    35.3068   
5.6239     24.4445   
10.7697    33.1265   
18.4896    1.0050    

# Frame60

# x        y
15.5566    32.6297   
17.5770    38.1206   
14.0044    35.3560   
5.6239     24.4445   
10.7697    33.1265   
18.4896    1.0050    

# Frame61

# x        y
15.5876    32.6497   
17.5307    38.1536   
13.8980    35.4045   
5.6239     24.4445   
10.7697    33.1265   
18.4896    1.0050    

# Frame62

# x        y
15.6180    32.6694   
17.4851    38.1861   
13.7933    35.4522   
5.6239     24.4445   
10.7697    33.1265   
18.4896    1.0050    

# Frame63

# x        y
15.6480    32.6888   
17.4404    38.2181   
13.6904    35.4990   
5.6239     24.4445   
10.7697    33.1265   
18.4896    1.0050    

# Frame64

# x        y
15.6774    32.7078   
17.3964    38.2495   
13.5892    35.5451   
5.6239     24.4445   
10.7697    33.1265   
18.4896    1.0050    

# Frame65

# x        y
15.7063    32.7265   
17.3531    38.2805   
13.4897    35.5904   
5.6239     24.4445   
10.7697    33.1265   
18.4896    1.0050    

# Frame66

# x        y
15.7348    32.7450   
17.3105    38.3109   
13.3918    35.6350   
5.6239     24.4445   
10.7697    33.1265   
18.4896    1.0050    

# Frame67

# x        y
15.7628    32.7631   
17.2687    38.3407   
13.2956    35.6788   
5.6239     24.4445   
10.7697    33.1265   
18.4896    1.0050    

# Frame68

# x        y
15.7903    32.7809   
17.2275    38.3701   
13.2010    35.7219   
5.6239     24.4445   
10.7697    33.1265   
18.4896    1.0050    

# Frame69

# x        y
15.8174    32.7984   
17.1870    38.3990   
13.1079    35.7642   
5.6239     24.4445   
10.7697    33.1265   
18.4896    1.0050    

# Frame70

# x        y
15.8440    32.8156   
17.1472    38.4275   
13.0164    35.8059   
5.6239     24.4445   
10.7697    33.1265   
18.4896    1.0050    

# Frame71

# x        y
15.8701    32.8325   
17.1081    38.4554   
12.9264    35.8469   
5.6239     24.4445   
10.7697    33.1265   
18.4896    1.0050    

# Frame72

# x        y
15.8959    32.8491   
17.0696    38.4829   
12.8380    35.8871   
5.6239     24.4445   
10.7697    33.1265   
18.4896    1.0050    

# Frame73

# x        y
15.9212    32.8655   
17.0318    38.5099   
12.7510    35.9268   
5.6239     24.4445   
10.7697    33.1265   
18.4896    1.0050    

# Frame74

# x        y
15.9460    32.8816   
16.9946    38.5365   
12.6654    35.9657   
5.6239     24.4445   
10.7697    33.1265   
18.4896    1.0050    

# Frame75

# x        y
15.9705    32.8974   
16.9580    38.5626   
12.5813    36.0040   
5.6239     24.4445   
10.7697    33.1265   
18.4896    1.0050    

# Frame76

# x        y
15.9945    32.9130   
16.9220    38.5883   
12.4986    36.0417   
5.6239     24.4445   
10.7697    33.1265   
18.4896    1.0050    

# Frame77

# x        y
16.0182    32.9283   
16.8866    38.6136   
12.4172    36.0787   
5.6239     24.4445   
10.7697    33.1265   
18.4896    1.0050    

# Frame78

# x        y
16.0415    32.9433   
16.8518    38.6384   
12.3373    36.1151   
5.6239     24.4445   
10.7697    33.1265   
18.4896    1.0050    

# Frame79

# x        y
16.0643    32.9581   
16.8176    38.6628   
12.2586    36.1509   
5.6239     24.4445   
10.7697    33.1265   
18.4896    1.0050    

# Frame80

# x        y
16.0868    32.9727   
16.7840    38.6869   
12.1813    36.1862   
5.6239     24.4445   
10.7697    33.1265   
18.4896    1.0050    

# Frame81

# x        y
16.1089    32.9870   
16.7509    38.7105   
12.1052    36.2208   
5.6239     24.4445   
10.7697    33.1265   
18.4896    1.0050    

# Frame82

# x        y
16.1307    33.0010   
16.7184    38.7337   
12.0304    36.2548   
5.6239     24.4445   
10.7697    33.1265   
18.4896    1.0050    

# Frame83

# x        y
16.1521    33.0149   
16.6864    38.7566   
11.9569    36.2883   
5.6239     24.4445   
10.7697    33.1265   
18.4896    1.0050    

# Frame84

# x        y
16.1731    33.0285   
16.6549    38.7790   
11.8846    36.3212   
5.6239     24.4445   
10.7697    33.1265   
18.4896    1.0050    

# Frame85

# x        y
16.1938    33.0418   
16.6240    38.8011   
11.8135    36.3536   
5.6239     24.4445   
10.7697    33.1265   
18.4896    1.0050    

# Frame86

# x        y
16.2141    33.0550   
16.5936    38.8228   
11.7436    36.3854   
5.6239     24.4445   
10.7697    33.1265   
18.4896    1.0050    

# Frame87

# x        y
16.2341    33.0679   
16.5637    38.8442   
11.6748    36.4168   
5.6239     24.4445   
10.7697    33.1265   
18.4896    1.0050    

# Frame88

# x        y
16.2538    33.0807   
16.5343    38.8652   
11.6072    36.4475   
5.6239     24.4445   
10.7697    33.1265   
18.4896    1.0050    

# Frame89

# x        y
16.2731    33.0932   
16.5054    38.8858   
11.5407    36.4778   
5.6239     24.4445   
10.7697    33.1265   
18.4896    1.0050    

# Frame90

# x        y
16.2921    33.1055   
16.4769    38.9061   
11.4753    36.5076   
5.6239     24.4445   
10.7697    33.1265   
18.4896    1.0050    

# Frame91

# x        y
16.3108    33.1175   
16.4490    38.9261   
11.4110    36.5368   
5.6239     24.4445   
10.7697    33.1265   
18.4896    1.0050    

# Frame92

# x        y
16.3292    33.1294   
16.4215    38.9457   
11.3478    36.5656   
5.6239     24.4445   
10.7697    33.1265   
18.4896    1.0050    

# Frame93

# x        y
16.3473    33.1411   
16.3944    38.9650   
11.2857    36.5939   
5.6239     24.4445   
10.7697    33.1265   
18.4896    1.0050    

# Frame94

# x        y
16.3651    33.1526   
16.3679    38.9840   
11.2245    36.6218   
5.6239     24.4445   
10.7697    33.1265   
18.4896    1.0050    

# Frame95

# x        y
16.3825    33.1639   
16.3417    39.0027   
11.1644    36.6491   
5.6239     24.4445   
10.7697    33.1265   
18.4896    1.0050    

# Frame96

# x        y
16.3997    33.1751   
16.3224    38.9935   
11.1053    36.6760   
5.6239     24.4445   
10.7697    33.1265   
18.4896    1.0050    

# Frame97

# x        y
16.4166    33.1860   
16.3035    38.9845   
11.0472    36.7025   
5.6239     24.4445   
10.7697    33.1265   
18.4896    1.0050    

# Frame98

# x        y
16.4332    33.1967   
16.2849    38.9756   
10.9901    36.7285   
5.6239     24.4445   
10.7697    33.1265   
18.4896    1.0050    

# Frame99

# x        y
16.4496    33.2073   
16.2665    38.9669   
10.9339    36.7541   
5.6239     24.4445   
10.7697    33.1265   
18.4896    1.0050    

# Frame100

# x        y
16.4657    33.2177   
16.2485    38.9583   
10.8786    36.7793   
5.6239     24.4445   
10.7697    33.1265   
18.4896    1.0050    

# Frame101

# x        y
16.4815    33.2279   
16.2308    38.9499   
10.8243    36.8040   
5.6239     24.4445   
10.7697    33.1265   
18.4896    1.0050    

# Frame102

# x        y
16.4970    33.2380   
16.2134    38.9416   
10.7708    36.8283   
5.6239     24.4445   
10.7697    33.1265   
18.4896    1.0050    

# Frame103

# x        y
16.5123    33.2479   
16.1962    38.9334   
10.7183    36.8523   
5.6239     24.4445   
10.7697    33.1265   
18.4896    1.0050    

# Frame104

# x        y
16.5273    33.2576   
16.1794    38.9254   
10.6666    36.8758   
5.6239     24.4445   
10.7697    33.1265   
18.4896    1.0050    

# Frame105

# x        y
16.5421    33.2671   
16.1628    38.9175   
10.6158    36.8989   
5.6239     24.4445   
10.7697    33.1265   
18.4896    1.0050    

# Frame106

# x        y
16.5566    33.2765   
16.1465    38.9097   
10.5658    36.9217   
5.6239     24.4445   
10.7697    33.1265   
18.4896    1.0050    

# Frame107

# x        y
16.5709    33.2858   
16.1305    38.9021   
10.5167    36.9440   
5.6239     24.4445   
10.7697    33.1265   
18.4896    1.0050    

# Frame108

# x        y
16.5849    33.2949   
16.1148    38.8946   
10.4684    36.9660   
5.6239     24.4445   
10.7697    33.1265   
18.4896    1.0050    

# Frame109

# x        y
16.5988    33.3038   
16.0993    38.8872   
10.4209    36.9877   
5.6239     24.4445   
10.7697    33.1265   
18.4896    1.0050    

# Frame110

# x        y
16.6123    33.3126   
16.0841    38.8800   
10.3742    37.0089   
5.6239     24.4445   
10.7697    33.1265   
18.4896    1.0050    

# Frame111

# x        y
16.6257    33.3212   
16.0691    38.8728   
10.3283    37.0299   
5.6239     24.4445   
10.7697    33.1265   
18.4896    1.0050    

# Frame112

# x        y
16.6388    33.3297   
16.0544    38.8658   
10.2831    37.0504   
5.6239     24.4445   
10.7697    33.1265   
18.4896    1.0050    

# Frame113

# x        y
16.6518    33.3381   
16.0399    38.8589   
10.2387    37.0706   
5.6239     24.4445   
10.7697    33.1265   
18.4896    1.0050    

# Frame114

# x        y
16.6645    33.3463   
16.0256    38.8521   
10.1950    37.0905   
5.6239     24.4445   
10.7697    33.1265   
18.4896    1.0050    

# Frame115

# x        y
16.6769    33.3544   
16.0116    38.8455   
10.1520    37.1101   
5.6239     24.4445   
10.7697    33.1265   
18.4896    1.0050    

# Frame116

# x        y
16.6892    33.3623   
15.9979    38.8389   
10.1098    37.1293   
5.6239     24.4445   
10.7697    33.1265   
18.4896    1.0050    

# Frame117

# x        y
16.7013    33.3701   
15.9843    38.8325   
10.0683    37.1482   
5.6239     24.4445   
10.7697    33.1265   
18.4896    1.0050    

# Frame118

# x        y
16.7132    33.3778   
15.9710    38.8261   
10.0275    37.1668   
5.6239     24.4445   
10.7697    33.1265   
18.4896    1.0050    

# Frame119

# x        y
16.7249    33.3854   
15.9579    38.8199   
9.9873     37.1851   
5.6239     24.4445   
10.7697    33.1265   
18.4896    1.0050    

# Frame120

# x        y
16.7363    33.3928   
15.9450    38.8138   
9.9478     37.2031   
5.6239     24.4445   
10.7697    33.1265   
18.4896    1.0050    

# Frame121

# x        y
16.7476    33.4001   
15.9324    38.8077   
9.9090     37.2208   
5.6239     24.4445   
10.7697    33.1265   
18.4896    1.0050    

# Frame122

# x        y
16.7587    33.4073   
15.9199    38.8018   
9.8708     37.2381   
5.6239     24.4445   
10.7697    33.1265   
18.4896    1.0050    

# Frame123

# x        y
16.7697    33.4143   
15.9077    38.7960   
9.8333     37.2552   
5.6239     24.4445   
10.7697    33.1265   
18.4896    1.0050    

# Frame124

# x        y
16.7804    33.4213   
15.8957    38.7902   
9.7963     37.2720   
5.6239     24.4445   
10.7697    33.1265   
18.4896    1.0050    

# Frame125

# x        y
16.7909    33.4281   
15.8838    38.7846   
9.7600     37.2886   
5.6239     24.4445   
10.7697    33.1265   
18.4896    1.0050    

# Frame126

# x        y
16.8013    33.4348   
15.8722    38.7790   
9.7243     37.3048   
5.6239     24.4445   
10.7697    33.1265   
18.4896    1.0050    

# Frame127

# x        y
16.8115    33.4414   
15.8607    38.7736   
9.6892     37.3208   
5.6239     24.4445   
10.7697    33.1265   
18.4896    1.0050    

# Frame128

# x        y
16.8216    33.4479   
15.8495    38.7682   
9.6547     37.3365   
5.6239     24.4445   
10.7697    33.1265   
18.4896    1.0050    

# Frame129

# x        y
16.8314    33.4543   
15.8384    38.7630   
9.6208     37.3520   
5.6239     24.4445   
10.7697    33.1265   
18.4896    1.0050    

# Frame130

# x        y
16.8412    33.4606   
15.8275    38.7578   
9.5874     37.3672   
5.6239     24.4445   
10.7697    33.1265   
18.4896    1.0050    

# Frame131

# x        y
16.8507    33.4668   
15.8168    38.7527   
9.5546     37.3821   
5.6239     24.4445   
10.7697    33.1265   
18.4896    1.0050    

# Frame132

# x        y
16.8601    33.4728   
15.8063    38.7477   
9.5223     37.3968   
5.6239     24.4445   
10.7697    33.1265   
18.4896    1.0050    

# Frame133

# x        y
16.8693    33.4788   
15.7960    38.7427   
9.4906     37.4113   
5.6239     24.4445   
10.7697    33.1265   
18.4896    1.0050    

# Frame134

# x        y
16.8784    33.4847   
15.7858    38.7379   
9.4594     37.4255   
5.6239     24.4445   
10.7697    33.1265   
18.4896    1.0050    

# Frame135

# x        y
16.8873    33.4904   
15.7758    38.7331   
9.4287     37.4394   
5.6239     24.4445   
10.7697    33.1265   
18.4896    1.0050    

# Frame136

# x        y
16.8961    33.4961   
15.7659    38.7284   
9.3985     37.4532   
5.6239     24.4445   
10.7697    33.1265   
18.4896    1.0050    

# Frame137

# x        y
16.9047    33.5017   
15.7563    38.7238   
9.3688     37.4667   
5.6239     24.4445   
10.7697    33.1265   
18.4896    1.0050    

# Frame138

# x        y
16.9132    33.5072   
15.7468    38.7193   
9.3396     37.4800   
5.6239     24.4445   
10.7697    33.1265   
18.4896    1.0050    

# Frame139

# x        y
16.9215    33.5126   
15.7374    38.7148   
9.3110     37.4930   
5.6239     24.4445   
10.7697    33.1265   
18.4896    1.0050    

# Frame140

# x        y
16.9298    33.5179   
15.7282    38.7105   
9.2827     37.5059   
5.6239     24.4445   
10.7697    33.1265   
18.4896    1.0050    

# Frame141

# x        y
16.9378    33.5231   
15.7192    38.7062   
9.2550     37.5185   
5.6239     24.4445   
10.7697    33.1265   
18.4896    1.0050    

# Frame142

# x        y
16.9458    33.5282   
15.7103    38.7019   
9.2277     37.5309   
5.6239     24.4445   
10.7697    33.1265   
18.4896    1.0050    

# Frame143

# x        y
16.9536    33.5333   
15.7015    38.6978   
9.2009     37.5432   
5.6239     24.4445   
10.7697    33.1265   
18.4896    1.0050    

# Frame144

# x        y
16.9612    33.5382   
15.6929    38.6937   
9.1745     37.5552   
5.6239     24.4445   
10.7697    33.1265   
18.4896    1.0050    

# Frame145

# x        y
16.9688    33.5431   
15.6845    38.6896   
9.1486     37.5670   
5.6239     24.4445   
10.7697    33.1265   
18.4896    1.0050    

# Frame146

# x        y
16.9762    33.5479   
15.6761    38.6857   
9.1231     37.5786   
5.6239     24.4445   
10.7697    33.1265   
18.4896    1.0050    

# Frame147

# x        y
16.9835    33.5526   
15.6680    38.6818   
9.0980     37.5900   
5.6239     24.4445   
10.7697    33.1265   
18.4896    1.0050    

# Frame148

# x        y
16.9907    33.5573   
15.6599    38.6779   
9.0733     37.6012   
5.6239     24.4445   
10.7697    33.1265   
18.4896    1.0050    

# Frame149

# x        y
16.9977    33.5618   
15.6520    38.6742   
9.0491     37.6123   
5.6239     24.4445   
10.7697    33.1265   
18.4896    1.0050    

# Frame150

# x        y
17.0046    33.5663   
15.6442    38.6705   
9.0252     37.6231   
5.6239     24.4445   
10.7697    33.1265   
18.4896    1.0050    

# Frame151

# x        y
17.0115    33.5707   
15.6366    38.6668   
9.0018     37.6338   
5.6239     24.4445   
10.7697    33.1265   
18.4896    1.0050    

# Frame152

# x        y
17.0182    33.5751   
15.6291    38.6632   
8.9787     37.6443   
5.6239     24.4445   
10.7697    33.1265   
18.4896    1.0050    

# Frame153

# x        y
17.0248    33.5793   
15.6217    38.6597   
8.9560     37.6547   
5.6239     24.4445   
10.7697    33.1265   
18.4896    1.0050    

# Frame154

# x        y
17.0312    33.5835   
15.6144    38.6563   
8.9337     37.6648   
5.6239     24.4445   
10.7697    33.1265   
18.4896    1.0050    

# Frame155

# x        y
17.0376    33.5877   
15.6073    38.6529   
8.9118     37.6748   
5.6239     24.4445   
10.7697    33.1265   
18.4896    1.0050    

# Frame156

# x        y
17.0439    33.5917   
15.6002    38.6495   
8.8902     37.6846   
5.6239     24.4445   
10.7697    33.1265   
18.4896    1.0050    

# Frame157

# x        y
17.0501    33.5957   
15.5933    38.6462   
8.8690     37.6943   
5.6239     24.4445   
10.7697    33.1265   
18.4896    1.0050    

# Frame158

# x        y
17.0561    33.5996   
15.5865    38.6430   
8.8482     37.7037   
5.6239     24.4445   
10.7697    33.1265   
18.4896    1.0050    

# Frame159

# x        y
17.0621    33.6035   
15.5798    38.6398   
8.8277     37.7131   
5.6239     24.4445   
10.7697    33.1265   
18.4896    1.0050    

# Frame160

# x        y
17.0679    33.6073   
15.5733    38.6367   
8.8075     37.7223   
5.6239     24.4445   
10.7697    33.1265   
18.4896    1.0050    

# Frame161

# x        y
17.0737    33.6110   
15.5668    38.6336   
8.7877     37.7313   
5.6239     24.4445   
10.7697    33.1265   
18.4896    1.0050    

# Frame162

# x        y
17.0794    33.6147   
15.5605    38.6306   
8.7682     37.7402   
5.6239     24.4445   
10.7697    33.1265   
18.4896    1.0050    

# Frame163

# x        y
17.0850    33.6183   
15.5542    38.6276   
8.7491     37.7489   
5.6239     24.4445   
10.7697    33.1265   
18.4896    1.0050    

# Frame164

# x        y
17.0904    33.6218   
15.5481    38.6246   
8.7302     37.7575   
5.6239     24.4445   
10.7697    33.1265   
18.4896    1.0050    

# Frame165

# x        y
17.0958    33.6253   
15.5420    38.6218   
8.7117     37.7659   
5.6239     24.4445   
10.7697    33.1265   
18.4896    1.0050    

# Frame166

# x        y
17.1011    33.6287   
15.5361    38.6189   
8.6934     37.7742   
5.6239     24.4445   
10.7697    33.1265   
18.4896    1.0050    

# Frame167

# x        y
17.1063    33.6321   
15.5302    38.6162   
8.6755     37.7824   
5.6239     24.4445   
10.7697    33.1265   
18.4896    1.0050    

# Frame168

# x        y
17.1115    33.6354   
15.5245    38.6134   
8.6579     37.7904   
5.6239     24.4445   
10.7697    33.1265   
18.4896    1.0050    

# Frame169

# x        y
17.1165    33.6387   
15.5188    38.6107   
8.6406     37.7983   
5.6239     24.4445   
10.7697    33.1265   
18.4896    1.0050    

# Frame170

# x        y
17.1215    33.6419   
15.5133    38.6081   
8.6235     37.8060   
5.6239     24.4445   
10.7697    33.1265   
18.4896    1.0050    

# Frame171

# x        y
17.1263    33.6450   
15.5078    38.6055   
8.6068     37.8137   
5.6239     24.4445   
10.7697    33.1265   
18.4896    1.0050    

# Frame172

# x        y
17.1311    33.6481   
15.5024    38.6029   
8.5903     37.8212   
5.6239     24.4445   
10.7697    33.1265   
18.4896    1.0050    

# Frame173

# x        y
17.1358    33.6512   
15.4972    38.6004   
8.5741     37.8285   
5.6239     24.4445   
10.7697    33.1265   
18.4896    1.0050    

# Frame174

# x        y
17.1405    33.6542   
15.4920    38.5979   
8.5582     37.8358   
5.6239     24.4445   
10.7697    33.1265   
18.4896    1.0050    

# Frame175

# x        y
17.1450    33.6571   
15.4869    38.5955   
8.5425     37.8429   
5.6239     24.4445   
10.7697    33.1265   
18.4896    1.0050    

# Frame176

# x        y
17.1495    33.6600   
15.4818    38.5931   
8.5271     37.8500   
5.6239     24.4445   
10.7697    33.1265   
18.4896    1.0050    

# Frame177

# x        y
17.1539    33.6629   
15.4769    38.5907   
8.5119     37.8568   
5.6239     24.4445   
10.7697    33.1265   
18.4896    1.0050    

# Frame178

# x        y
17.1582    33.6657   
15.4720    38.5884   
8.4970     37.8636   
5.6239     24.4445   
10.7697    33.1265   
18.4896    1.0050    

# Frame179

# x        y
17.1625    33.6684   
15.4673    38.5862   
8.4824     37.8703   
5.6239     24.4445   
10.7697    33.1265   
18.4896    1.0050    

# Frame180

# x        y
17.1667    33.6712   
15.4626    38.5839   
8.4680     37.8769   
5.6239     24.4445   
10.7697    33.1265   
18.4896    1.0050    

# Frame181

# x        y
17.1708    33.6738   
15.4579    38.5817   
8.4538     37.8833   
5.6239     24.4445   
10.7697    33.1265   
18.4896    1.0050    

# Frame182

# x        y
17.1749    33.6764   
15.4534    38.5796   
8.4399     37.8896   
5.6239     24.4445   
10.7697    33.1265   
18.4896    1.0050    

# Frame183

# x        y
17.1788    33.6790   
15.4489    38.5774   
8.4262     37.8959   
5.6239     24.4445   
10.7697    33.1265   
18.4896    1.0050    

# Frame184

# x        y
17.1828    33.6815   
15.4445    38.5753   
8.4127     37.9020   
5.6239     24.4445   
10.7697    33.1265   
18.4896    1.0050    

# Frame185

# x        y
17.1866    33.6840   
15.4402    38.5733   
8.3995     37.9080   
5.6239     24.4445   
10.7697    33.1265   
18.4896    1.0050    

# Frame186

# x        y
17.1904    33.6865   
15.4360    38.5713   
8.3865     37.9140   
5.6239     24.4445   
10.7697    33.1265   
18.4896    1.0050    

# Frame187

# x        y
17.1941    33.6889   
15.4318    38.5693   
8.3737     37.9198   
5.6239     24.4445   
10.7697    33.1265   
18.4896    1.0050    

# Frame188

# x        y
17.1978    33.6913   
15.4277    38.5673   
8.3611     37.9255   
5.6239     24.4445   
10.7697    33.1265   
18.4896    1.0050    

# Frame189

# x        y
17.2014    33.6936   
15.4237    38.5654   
8.3487     37.9312   
5.6239     24.4445   
10.7697    33.1265   
18.4896    1.0050    

# Frame190

# x        y
17.2049    33.6959   
15.4197    38.5635   
8.3365     37.9367   
5.6239     24.4445   
10.7697    33.1265   
18.4896    1.0050    

# Frame191

# x        y
17.2084    33.6981   
15.4158    38.5616   
8.3245     37.9422   
5.6239     24.4445   
10.7697    33.1265   
18.4896    1.0050    

# Frame192

# x        y
17.2118    33.7003   
15.4120    38.5598   
8.3128     37.9475   
5.6239     24.4445   
10.7697    33.1265   
18.4896    1.0050    

# Frame193

# x        y
17.2152    33.7025   
15.4082    38.5580   
8.3012     37.9528   
5.6239     24.4445   
10.7697    33.1265   
18.4896    1.0050    

# Frame194

# x        y
17.2185    33.7047   
15.4045    38.5563   
8.2898     37.9580   
5.6239     24.4445   
10.7697    33.1265   
18.4896    1.0050    

# Frame195

# x        y
17.2218    33.7068   
15.4008    38.5545   
8.2786     37.9631   
5.6239     24.4445   
10.7697    33.1265   
18.4896    1.0050    

# Frame196

# x        y
17.2250    33.7088   
15.3972    38.5528   
8.2676     37.9681   
5.6239     24.4445   
10.7697    33.1265   
18.4896    1.0050    

# Frame197

# x        y
17.2281    33.7109   
15.3937    38.5511   
8.2568     37.9730   
5.6239     24.4445   
10.7697    33.1265   
18.4896    1.0050    

# Frame198

# x        y
17.2312    33.7129   
15.3902    38.5495   
8.2461     37.9779   
5.6239     24.4445   
10.7697    33.1265   
18.4896    1.0050    

# Frame199

# x        y
17.2342    33.7149   
15.3868    38.5478   
8.2357     37.9826   
5.6239     24.4445   
10.7697    33.1265   
18.4896    1.0050    

# Frame200

# x        y
17.2372    33.7168   
15.3835    38.5462   
8.2254     37.9873   
5.6239     24.4445   
10.7697    33.1265   
18.4896    1.0050    

# Frame201

# x        y
17.2402    33.7187   
15.3802    38.5447   
8.2153     37.9919   
5.6239     24.4445   
10.7697    33.1265   
18.4896    1.0050    

# Frame202

# x        y
17.2431    33.7206   
15.3769    38.5431   
8.2053     37.9965   
5.6239     24.4445   
10.7697    33.1265   
18.4896    1.0050    

# Frame203

# x        y
17.2459    33.7224   
15.3737    38.5416   
8.1955     38.0009   
5.6239     24.4445   
10.7697    33.1265   
18.4896    1.0050    

# Frame204

# x        y
17.2487    33.7242   
15.3706    38.5401   
8.1859     38.0053   
5.6239     24.4445   
10.7697    33.1265   
18.4896    1.0050    

# Frame205

# x        y
17.2515    33.7260   
15.3675    38.5387   
8.1764     38.0096   
5.6239     24.4445   
10.7697    33.1265   
18.4896    1.0050    

# Frame206

# x        y
17.2542    33.7278   
15.3645    38.5372   
8.1671     38.0138   
5.6239     24.4445   
10.7697    33.1265   
18.4896    1.0050    

# Frame207

# x        y
17.2568    33.7295   
15.3615    38.5358   
8.1580     38.0180   
5.6239     24.4445   
10.7697    33.1265   
18.4896    1.0050    

# Frame208

# x        y
17.2595    33.7312   
15.3586    38.5344   
8.1490     38.0221   
5.6239     24.4445   
10.7697    33.1265   
18.4896    1.0050    

# Frame209

# x        y
17.2620    33.7328   
15.3557    38.5330   
8.1401     38.0261   
5.6239     24.4445   
10.7697    33.1265   
18.4896    1.0050    

# Frame210

# x        y
17.2646    33.7345   
15.3528    38.5317   
8.1314     38.0301   
5.6239     24.4445   
10.7697    33.1265   
18.4896    1.0050    

# Frame211

# x        y
17.2670    33.7361   
15.3500    38.5303   
8.1229     38.0340   
5.6239     24.4445   
10.7697    33.1265   
18.4896    1.0050    

# Frame212

# x        y
17.2695    33.7377   
15.3473    38.5290   
8.1145     38.0378   
5.6239     24.4445   
10.7697    33.1265   
18.4896    1.0050    

# Frame213

# x        y
17.2719    33.7392   
15.3446    38.5277   
8.1062     38.0416   
5.6239     24.4445   
10.7697    33.1265   
18.4896    1.0050    

# Frame214

# x        y
17.2743    33.7407   
15.3420    38.5265   
8.0981     38.0453   
5.6239     24.4445   
10.7697    33.1265   
18.4896    1.0050    

# Frame215

# x        y
17.2766    33.7422   
15.3393    38.5252   
8.0901     38.0489   
5.6239     24.4445   
10.7697    33.1265   
18.4896    1.0050    

# Frame216

# x        y
17.2789    33.7437   
15.3368    38.5240   
8.0822     38.0525   
5.6239     24.4445   
10.7697    33.1265   
18.4896    1.0050    

# Frame217

# x        y
17.2811    33.7452   
15.3343    38.5228   
8.0745     38.0560   
5.6239     24.4445   
10.7697    33.1265   
18.4896    1.0050    

# Frame218

# x        y
17.2833    33.7466   
15.3318    38.5216   
8.0669     38.0595   
5.6239     24.4445   
10.7697    33.1265   
18.4896    1.0050    

# Frame219

# x        y
17.2855    33.7480   
15.3293    38.5205   
8.0594     38.0629   
5.6239     24.4445   
10.7697    33.1265   
18.4896    1.0050    

# Frame220

# x        y
17.2877    33.7494   
15.3269    38.5193   
8.0520     38.0662   
5.6239     24.4445   
10.7697    33.1265   
18.4896    1.0050    

# Frame221

# x        y
17.2898    33.7508   
15.3246    38.5182   
8.0448     38.0695   
5.6239     24.4445   
10.7697    33.1265   
18.4896    1.0050    

# Frame222

# x        y
17.2918    33.7521   
15.3223    38.5171   
8.0377     38.0728   
5.6239     24.4445   
10.7697    33.1265   
18.4896    1.0050    

# Frame223

# x        y
17.2939    33.7534   
15.3200    38.5160   
8.0307     38.0760   
5.6239     24.4445   
10.7697    33.1265   
18.4896    1.0050    

# Frame224

# x        y
17.2959    33.7547   
15.3177    38.5150   
8.0238     38.0791   
5.6239     24.4445   
10.7697    33.1265   
18.4896    1.0050    

# Frame225

# x        y
17.2978    33.7560   
15.3155    38.5139   
8.0171     38.0822   
5.6239     24.4445   
10.7697    33.1265   
18.4896    1.0050    

# Frame226

# x        y
17.2998    33.7572   
15.3134    38.5129   
8.0104     38.0852   
5.6239     24.4445   
10.7697    33.1265   
18.4896    1.0050    

# Frame227

# x        y
17.3017    33.7585   
15.3112    38.5119   
8.0039     38.0882   
5.6239     24.4445   
10.7697    33.1265   
18.4896    1.0050    

# Frame228

# x        y
17.3035    33.7597   
15.3091    38.5109   
7.9974     38.0911   
5.6239     24.4445   
10.7697    33.1265   
18.4896    1.0050    

# Frame229

# x        y
17.3054    33.7609   
15.3071    38.5099   
7.9911     38.0940   
5.6239     24.4445   
10.7697    33.1265   
18.4896    1.0050    

# Frame230

# x        y
17.3072    33.7620   
15.3051    38.5089   
7.9849     38.0968   
5.6239     24.4445   
10.7697    33.1265   
18.4896    1.0050    

# Frame231

# x        y
17.3090    33.7632   
15.3031    38.5080   
7.9788     38.0996   
5.6239     24.4445   
10.7697    33.1265   
18.4896    1.0050    

# Frame232

# x        y
17.3107    33.7643   
15.3011    38.5070   
7.9728     38.1023   
5.6239     24.4445   
10.7697    33.1265   
18.4896    1.0050    

# Frame233

# x        y
17.3124    33.7654   
15.2992    38.5061   
7.9669     38.1050   
5.6239     24.4445   
10.7697    33.1265   
18.4896    1.0050    

# Frame234

# x        y
17.3141    33.7665   
15.2973    38.5052   
7.9611     38.1077   
5.6239     24.4445   
10.7697    33.1265   
18.4896    1.0050    

# Frame235

# x        y
17.3158    33.7676   
15.2954    38.5043   
7.9553     38.1103   
5.6239     24.4445   
10.7697    33.1265   
18.4896    1.0050    

# Frame236

# x        y
17.3174    33.7687   
15.2936    38.5034   
7.9497     38.1128   
5.6239     24.4445   
10.7697    33.1265   
18.4896    1.0050    

# Frame237

# x        y
17.3190    33.7697   
15.2918    38.5026   
7.9442     38.1154   
5.6239     24.4445   
10.7697    33.1265   
18.4896    1.0050    

# Frame238

# x        y
17.3206    33.7707   
15.2900    38.5017   
7.9388     38.1178   
5.6239     24.4445   
10.7697    33.1265   
18.4896    1.0050    

# Frame239

# x        y
17.3221    33.7717   
15.2883    38.5009   
7.9334     38.1203   
5.6239     24.4445   
10.7697    33.1265   
18.4896    1.0050    

# Frame240

# x        y
17.3237    33.7727   
15.2866    38.5001   
7.9282     38.1227   
5.6239     24.4445   
10.7697    33.1265   
18.4896    1.0050    

# Frame241

# x        y
17.3252    33.7737   
15.2849    38.4993   
7.9230     38.1250   
5.6239     24.4445   
10.7697    33.1265   
18.4896    1.0050    

# Frame242

# x        y
17.3267    33.7746   
15.2832    38.4985   
7.9179     38.1273   
5.6239     24.4445   
10.7697    33.1265   
18.4896    1.0050    

# Frame243

# x        y
17.3281    33.7756   
15.2816    38.4977   
7.9129     38.1296   
5.6239     24.4445   
10.7697    33.1265   
18.4896    1.0050    

# Frame244

# x        y
17.3295    33.7765   
15.2800    38.4970   
7.9080     38.1318   
5.6239     24.4445   
10.7697    33.1265   
18.4896    1.0050    

# Frame245

# x        y
17.3309    33.7774   
15.2784    38.4962   
7.9032     38.1340   
5.6239     24.4445   
10.7697    33.1265   
18.4896    1.0050    

# Frame246

# x        y
17.3323    33.7783   
15.2769    38.4955   
7.8984     38.1362   
5.6239     24.4445   
10.7697    33.1265   
18.4896    1.0050    

# Frame247

# x        y
17.3337    33.7792   
15.2753    38.4948   
7.8938     38.1383   
5.6239     24.4445   
10.7697    33.1265   
18.4896    1.0050    

# Frame248

# x        y
17.3350    33.7800   
15.2738    38.4940   
7.8892     38.1404   
5.6239     24.4445   
10.7697    33.1265   
18.4896    1.0050    

# Frame249

# x        y
17.3363    33.7809   
15.2724    38.4933   
7.8846     38.1425   
5.6239     24.4445   
10.7697    33.1265   
18.4896    1.0050    

# Frame250

# x        y
17.3376    33.7817   
15.2709    38.4926   
7.8802     38.1445   
5.6239     24.4445   
10.7697    33.1265   
18.4896    1.0050    

# Frame251

# x        y
17.3389    33.7825   
15.2695    38.4920   
7.8758     38.1465   
5.6239     24.4445   
10.7697    33.1265   
18.4896    1.0050    

# Frame252

# x        y
17.3401    33.7834   
15.2681    38.4913   
7.8715     38.1484   
5.6239     24.4445   
10.7697    33.1265   
18.4896    1.0050    

# Frame253

# x        y
17.3414    33.7841   
15.2667    38.4906   
7.8673     38.1504   
5.6239     24.4445   
10.7697    33.1265   
18.4896    1.0050    

# Frame254

# x        y
17.3426    33.7849   
15.2654    38.4900   
7.8632     38.1522   
5.6239     24.4445   
10.7697    33.1265   
18.4896    1.0050    

# Frame255

# x        y
17.3438    33.7857   
15.2640    38.4894   
7.8591     38.1541   
5.6239     24.4445   
10.7697    33.1265   
18.4896    1.0050    

# Frame256

# x        y
17.3449    33.7865   
15.2627    38.4887   
7.8551     38.1559   
5.6239     24.4445   
10.7697    33.1265   
18.4896    1.0050    

# Frame257

# x        y
17.3461    33.7872   
15.2614    38.4881   
7.8511     38.1577   
5.6239     24.4445   
10.7697    33.1265   
18.4896    1.0050    

# Frame258

# x        y
17.3472    33.7879   
15.2602    38.4875   
7.8472     38.1595   
5.6239     24.4445   
10.7697    33.1265   
18.4896    1.0050    

# Frame259

# x        y
17.3483    33.7886   
15.2589    38.4869   
7.8434     38.1612   
5.6239     24.4445   
10.7697    33.1265   
18.4896    1.0050    

# Frame260

# x        y
17.3494    33.7893   
15.2577    38.4864   
7.8397     38.1629   
5.6239     24.4445   
10.7697    33.1265   
18.4896    1.0050    

# Frame261

# x        y
17.3505    33.7900   
15.2565    38.4858   
7.8360     38.1646   
5.6239     24.4445   
10.7697    33.1265   
18.4896    1.0050    

# Frame262

# x        y
17.3515    33.7907   
15.2553    38.4852   
7.8323     38.1663   
5.6239     24.4445   
10.7697    33.1265   
18.4896    1.0050    

# Frame263

# x        y
17.3526    33.7914   
15.2542    38.4847   
7.8288     38.1679   
5.6239     24.4445   
10.7697    33.1265   
18.4896    1.0050    

# Frame264

# x        y
17.3536    33.7921   
15.2530    38.4841   
7.8253     38.1695   
5.6239     24.4445   
10.7697    33.1265   
18.4896    1.0050    

# Frame265

# x        y
17.3546    33.7927   
15.2519    38.4836   
7.8218     38.1711   
5.6239     24.4445   
10.7697    33.1265   
18.4896    1.0050    

# Frame266

# x        y
17.3556    33.7933   
15.2508    38.4831   
7.8184     38.1726   
5.6239     24.4445   
10.7697    33.1265   
18.4896    1.0050    

# Frame267

# x        y
17.3566    33.7940   
15.2497    38.4825   
7.8151     38.1741   
5.6239     24.4445   
10.7697    33.1265   
18.4896    1.0050    

# Frame268

# x        y
17.3575    33.7946   
15.2486    38.4820   
7.8118     38.1756   
5.6239     24.4445   
10.7697    33.1265   
18.4896    1.0050    

# Frame269

# x        y
17.3585    33.7952   
15.2476    38.4815   
7.8086     38.1771   
5.6239     24.4445   
10.7697    33.1265   
18.4896    1.0050    

# Frame270

# x        y
17.3594    33.7958   
15.2465    38.4810   
7.8054     38.1785   
5.6239     24.4445   
10.7697    33.1265   
18.4896    1.0050    

# Frame271

# x        y
17.3603    33.7964   
15.2455    38.4805   
7.8023     38.1800   
5.6239     24.4445   
10.7697    33.1265   
18.4896    1.0050    

# Frame272

# x        y
17.3612    33.7970   
15.2445    38.4801   
7.7992     38.1814   
5.6239     24.4445   
10.7697    33.1265   
18.4896    1.0050    

# Frame273

# x        y
17.3621    33.7975   
15.2435    38.4796   
7.7962     38.1827   
5.6239     24.4445   
10.7697    33.1265   
18.4896    1.0050    

# Frame274

# x        y
17.3629    33.7981   
15.2426    38.4791   
7.7932     38.1841   
5.6239     24.4445   
10.7697    33.1265   
18.4896    1.0050    

# Frame275

# x        y
17.3638    33.7986   
15.2416    38.4787   
7.7903     38.1854   
5.6239     24.4445   
10.7697    33.1265   
18.4896    1.0050    

# Frame276

# x        y
17.3646    33.7992   
15.2407    38.4782   
7.7874     38.1867   
5.6239     24.4445   
10.7697    33.1265   
18.4896    1.0050    

# Frame277

# x        y
17.3654    33.7997   
15.2398    38.4778   
7.7846     38.1880   
5.6239     24.4445   
10.7697    33.1265   
18.4896    1.0050    

# Frame278

# x        y
17.3662    33.8002   
15.2389    38.4774   
7.7818     38.1893   
5.6239     24.4445   
10.7697    33.1265   
18.4896    1.0050    

# Frame279

# x        y
17.3670    33.8007   
15.2380    38.4769   
7.7791     38.1905   
5.6239     24.4445   
10.7697    33.1265   
18.4896    1.0050    

# Frame280

# x        y
17.3678    33.8012   
15.2371    38.4765   
7.7764     38.1917   
5.6239     24.4445   
10.7697    33.1265   
18.4896    1.0050    

# Frame281

# x        y
17.3686    33.8017   
15.2362    38.4761   
7.7738     38.1929   
5.6239     24.4445   
10.7697    33.1265   
18.4896    1.0050    

# Frame282

# x        y
17.3693    33.8022   
15.2354    38.4757   
7.7712     38.1941   
5.6239     24.4445   
10.7697    33.1265   
18.4896    1.0050    

# Frame283

# x        y
17.3701    33.8027   
15.2345    38.4753   
7.7686     38.1953   
5.6239     24.4445   
10.7697    33.1265   
18.4896    1.0050    

# Frame284

# x        y
17.3708    33.8032   
15.2337    38.4749   
7.7661     38.1964   
5.6239     24.4445   
10.7697    33.1265   
18.4896    1.0050    

# Frame285

# x        y
17.3715    33.8036   
15.2329    38.4745   
7.7637     38.1975   
5.6239     24.4445   
10.7697    33.1265   
18.4896    1.0050    

# Frame286

# x        y
17.3722    33.8041   
15.2321    38.4742   
7.7612     38.1986   
5.6239     24.4445   
10.7697    33.1265   
18.4896    1.0050    

# Frame287

# x        y
17.3729    33.8046   
15.2314    38.4738   
7.7589     38.1997   
5.6239     24.4445   
10.7697    33.1265   
18.4896    1.0050    

# Frame288

# x        y
17.3736    33.8050   
15.2306    38.4734   
7.7565     38.2008   
5.6239     24.4445   
10.7697    33.1265   
18.4896    1.0050    

# Frame289

# x        y
17.3743    33.8054   
15.2298    38.4731   
7.7542     38.2018   
5.6239     24.4445   
10.7697    33.1265   
18.4896    1.0050    

# Frame290

# x        y
17.3749    33.8059   
15.2291    38.4727   
7.7519     38.2029   
5.6239     24.4445   
10.7697    33.1265   
18.4896    1.0050    

# Frame291

# x        y
17.3756    33.8063   
15.2284    38.4724   
7.7497     38.2039   
5.6239     24.4445   
10.7697    33.1265   
18.4896    1.0050    

# Frame292

# x        y
17.3762    33.8067   
15.2277    38.4720   
7.7475     38.2049   
5.6239     24.4445   
10.7697    33.1265   
18.4896    1.0050    

# Frame293

# x        y
17.3768    33.8071   
15.2270    38.4717   
7.7454     38.2059   
5.6239     24.4445   
10.7697    33.1265   
18.4896    1.0050    

# Frame294

# x        y
17.3775    33.8075   
15.2263    38.4714   
7.7432     38.2068   
5.6239     24.4445   
10.7697    33.1265   
18.4896    1.0050    

# Frame295

# x        y
17.3781    33.8079   
15.2256    38.4711   
7.7412     38.2078   
5.6239     24.4445   
10.7697    33.1265   
18.4896    1.0050    

# Frame296

# x        y
17.3787    33.8083   
15.2249    38.4707   
7.7391     38.2087   
5.6239     24.4445   
10.7697    33.1265   
18.4896    1.0050    

# Frame297

# x        y
17.3792    33.8086   
15.2243    38.4704   
7.7371     38.2096   
5.6239     24.4445   
10.7697    33.1265   
18.4896    1.0050    

# Frame298

# x        y
17.3798    33.8090   
15.2236    38.4701   
7.7351     38.2105   
5.6239     24.4445   
10.7697    33.1265   
18.4896    1.0050    

# Frame299

# x        y
17.3804    33.8094   
15.2230    38.4698   
7.7332     38.2114   
5.6239     24.4445   
10.7697    33.1265   
18.4896    1.0050    

# Frame300

# x        y
17.3809    33.8097   
15.2224    38.4695   
7.7312     38.2123   
5.6239     24.4445   
10.7697    33.1265   
18.4896    1.0050    

# Frame301

# x        y
17.3815    33.8101   
15.2217    38.4692   
7.7294     38.2132   
5.6239     24.4445   
10.7697    33.1265   
18.4896    1.0050    

# Frame302

# x        y
17.3820    33.8105   
15.2211    38.4689   
7.7275     38.2140   
5.6239     24.4445   
10.7697    33.1265   
18.4896    1.0050    

# Frame303

# x        y
17.3826    33.8108   
15.2205    38.4687   
7.7257     38.2148   
5.6239     24.4445   
10.7697    33.1265   
18.4896    1.0050    

# Frame304

# x        y
17.3831    33.8111   
15.2200    38.4684   
7.7239     38.2157   
5.6239     24.4445   
10.7697    33.1265   
18.4896    1.0050    

# Frame305

# x        y
17.3836    33.8115   
15.2194    38.4681   
7.7221     38.2165   
5.6239     24.4445   
10.7697    33.1265   
18.4896    1.0050    

# Frame306

# x        y
17.3841    33.8118   
15.2188    38.4678   
7.7204     38.2172   
5.6239     24.4445   
10.7697    33.1265   
18.4896    1.0050    

# Frame307

# x        y
17.3846    33.8121   
15.2183    38.4676   
7.7187     38.2180   
5.6239     24.4445   
10.7697    33.1265   
18.4896    1.0050    

# Frame308

# x        y
17.3851    33.8124   
15.2177    38.4673   
7.7170     38.2188   
5.6239     24.4445   
10.7697    33.1265   
18.4896    1.0050    

# Frame309

# x        y
17.3856    33.8127   
15.2172    38.4671   
7.7154     38.2195   
5.6239     24.4445   
10.7697    33.1265   
18.4896    1.0050    

# Frame310

# x        y
17.3860    33.8130   
15.2167    38.4668   
7.7137     38.2203   
5.6239     24.4445   
10.7697    33.1265   
18.4896    1.0050    

# Frame311

# x        y
17.3865    33.8133   
15.2161    38.4666   
7.7122     38.2210   
5.6239     24.4445   
10.7697    33.1265   
18.4896    1.0050    

# Frame312

# x        y
17.3869    33.8136   
15.2156    38.4663   
7.7106     38.2217   
5.6239     24.4445   
10.7697    33.1265   
18.4896    1.0050    

# Frame313

# x        y
17.3874    33.8139   
15.2151    38.4661   
7.7090     38.2224   
5.6239     24.4445   
10.7697    33.1265   
18.4896    1.0050    

# Frame314

# x        y
17.3878    33.8142   
15.2146    38.4658   
7.7075     38.2231   
5.6239     24.4445   
10.7697    33.1265   
18.4896    1.0050    

# Frame315

# x        y
17.3883    33.8145   
15.2141    38.4656   
7.7060     38.2238   
5.6239     24.4445   
10.7697    33.1265   
18.4896    1.0050    

# Frame316

# x        y
17.3887    33.8148   
15.2137    38.4654   
7.7046     38.2244   
5.6239     24.4445   
10.7697    33.1265   
18.4896    1.0050    

# Frame317

# x        y
17.3891    33.8150   
15.2132    38.4651   
7.7031     38.2251   
5.6239     24.4445   
10.7697    33.1265   
18.4896    1.0050    

# Frame318

# x        y
17.3895    33.8153   
15.2127    38.4649   
7.7017     38.2257   
5.6239     24.4445   
10.7697    33.1265   
18.4896    1.0050    

# Frame319

# x        y
17.3899    33.8156   
15.2123    38.4647   
7.7003     38.2264   
5.6239     24.4445   
10.7697    33.1265   
18.4896    1.0050    

# Frame320

# x        y
17.3903    33.8158   
15.2118    38.4645   
7.6990     38.2270   
5.6239     24.4445   
10.7697    33.1265   
18.4896    1.0050    

# Frame321

# x        y
17.3907    33.8161   
15.2114    38.4643   
7.6976     38.2276   
5.6239     24.4445   
10.7697    33.1265   
18.4896    1.0050    

# Frame322

# x        y
17.3911    33.8163   
15.2110    38.4641   
7.6963     38.2282   
5.6239     24.4445   
10.7697    33.1265   
18.4896    1.0050    

# Frame323

# x        y
17.3915    33.8166   
15.2105    38.4639   
7.6950     38.2288   
5.6239     24.4445   
10.7697    33.1265   
18.4896    1.0050    

# Frame324

# x        y
17.3919    33.8168   
15.2101    38.4637   
7.6937     38.2294   
5.6239     24.4445   
10.7697    33.1265   
18.4896    1.0050    

# Frame325

# x        y
17.3922    33.8170   
15.2097    38.4635   
7.6924     38.2300   
5.6239     24.4445   
10.7697    33.1265   
18.4896    1.0050    

# Frame326

# x        y
17.3926    33.8173   
15.2093    38.4633   
7.6912     38.2305   
5.6239     24.4445   
10.7697    33.1265   
18.4896    1.0050    

# Frame327

# x        y
17.3929    33.8175   
15.2089    38.4631   
7.6900     38.2311   
5.6239     24.4445   
10.7697    33.1265   
18.4896    1.0050    

# Frame328

# x        y
17.3933    33.8177   
15.2085    38.4629   
7.6888     38.2316   
5.6239     24.4445   
10.7697    33.1265   
18.4896    1.0050    

# Frame329

# x        y
17.3936    33.8180   
15.2081    38.4627   
7.6876     38.2322   
5.6239     24.4445   
10.7697    33.1265   
18.4896    1.0050    

# Frame330

# x        y
17.3940    33.8182   
15.2078    38.4626   
7.6865     38.2327   
5.6239     24.4445   
10.7697    33.1265   
18.4896    1.0050    

# Frame331

# x        y
17.3943    33.8184   
15.2074    38.4624   
7.6853     38.2332   
5.6239     24.4445   
10.7697    33.1265   
18.4896    1.0050    

# Frame332

# x        y
17.3946    33.8186   
15.2070    38.4622   
7.6842     38.2337   
5.6239     24.4445   
10.7697    33.1265   
18.4896    1.0050    

# Frame333

# x        y
17.3949    33.8188   
15.2067    38.4620   
7.6831     38.2342   
5.6239     24.4445   
10.7697    33.1265   
18.4896    1.0050    

# Frame334

# x        y
17.3953    33.8190   
15.2063    38.4619   
7.6820     38.2347   
5.6239     24.4445   
10.7697    33.1265   
18.4896    1.0050    

# Frame335

# x        y
17.3956    33.8192   
15.2060    38.4617   
7.6810     38.2352   
5.6239     24.4445   
10.7697    33.1265   
18.4896    1.0050    

# Frame336

# x        y
17.3959    33.8194   
15.2056    38.4615   
7.6799     38.2357   
5.6239     24.4445   
10.7697    33.1265   
18.4896    1.0050    

# Frame337

# x        y
17.3962    33.8196   
15.2053    38.4614   
7.6789     38.2361   
5.6239     24.4445   
10.7697    33.1265   
18.4896    1.0050    

# Frame338

# x        y
17.3965    33.8198   
15.2050    38.4612   
7.6779     38.2366   
5.6239     24.4445   
10.7697    33.1265   
18.4896    1.0050    

# Frame339

# x        y
17.3968    33.8200   
15.2046    38.4611   
7.6769     38.2371   
5.6239     24.4445   
10.7697    33.1265   
18.4896    1.0050    

# Frame340

# x        y
17.3970    33.8202   
15.2043    38.4609   
7.6759     38.2375   
5.6239     24.4445   
10.7697    33.1265   
18.4896    1.0050    

# Frame341

# x        y
17.3973    33.8203   
15.2040    38.4608   
7.6749     38.2379   
5.6239     24.4445   
10.7697    33.1265   
18.4896    1.0050    

# Frame342

# x        y
17.3976    33.8205   
15.2037    38.4606   
7.6740     38.2384   
5.6239     24.4445   
10.7697    33.1265   
18.4896    1.0050    

# Frame343

# x        y
17.3979    33.8207   
15.2034    38.4605   
7.6731     38.2388   
5.6239     24.4445   
10.7697    33.1265   
18.4896    1.0050    

# Frame344

# x        y
17.3981    33.8209   
15.2031    38.4603   
7.6721     38.2392   
5.6239     24.4445   
10.7697    33.1265   
18.4896    1.0050    

# Frame345

# x        y
17.3984    33.8210   
15.2028    38.4602   
7.6712     38.2396   
5.6239     24.4445   
10.7697    33.1265   
18.4896    1.0050    

# Frame346

# x        y
17.3987    33.8212   
15.2025    38.4600   
7.6704     38.2400   
5.6239     24.4445   
10.7697    33.1265   
18.4896    1.0050    

# Frame347

# x        y
17.3989    33.8214   
15.2022    38.4599   
7.6695     38.2404   
5.6239     24.4445   
10.7697    33.1265   
18.4896    1.0050    

# Frame348

# x        y
17.3992    33.8215   
15.2019    38.4598   
7.6686     38.2408   
5.6239     24.4445   
10.7697    33.1265   
18.4896    1.0050    

# Frame349

# x        y
17.3994    33.8217   
15.2017    38.4596   
7.6678     38.2412   
5.6239     24.4445   
10.7697    33.1265   
18.4896    1.0050    

# Frame350

# x        y
17.3996    33.8218   
15.2014    38.4595   
7.6670     38.2416   
5.6239     24.4445   
10.7697    33.1265   
18.4896    1.0050    

# Frame351

# x        y
17.3999    33.8220   
15.2011    38.4594   
7.6661     38.2419   
5.6239     24.4445   
10.7697    33.1265   
18.4896    1.0050    

# Frame352

# x        y
17.4001    33.8221   
15.2009    38.4593   
7.6653     38.2423   
5.6239     24.4445   
10.7697    33.1265   
18.4896    1.0050    

# Frame353

# x        y
17.4003    33.8223   
15.2006    38.4591   
7.6646     38.2427   
5.6239     24.4445   
10.7697    33.1265   
18.4896    1.0050    

# Frame354

# x        y
17.4006    33.8224   
15.2004    38.4590   
7.6638     38.2430   
5.6239     24.4445   
10.7697    33.1265   
18.4896    1.0050    

# Frame355

# x        y
17.4008    33.8226   
15.2001    38.4589   
7.6630     38.2434   
5.6239     24.4445   
10.7697    33.1265   
18.4896    1.0050    

# Frame356

# x        y
17.4010    33.8227   
15.1999    38.4588   
7.6623     38.2437   
5.6239     24.4445   
10.7697    33.1265   
18.4896    1.0050    

# Frame357

# x        y
17.4012    33.8228   
15.1996    38.4587   
7.6615     38.2440   
5.6239     24.4445   
10.7697    33.1265   
18.4896    1.0050    

# Frame358

# x        y
17.4014    33.8230   
15.1994    38.4586   
7.6608     38.2444   
5.6239     24.4445   
10.7697    33.1265   
18.4896    1.0050    

# Frame359

# x        y
17.4016    33.8231   
15.1992    38.4585   
7.6601     38.2447   
5.6239     24.4445   
10.7697    33.1265   
18.4896    1.0050    

# Frame360

# x        y
17.4018    33.8232   
15.1989    38.4584   
7.6594     38.2450   
5.6239     24.4445   
10.7697    33.1265   
18.4896    1.0050    

# Frame361

# x        y
17.4020    33.8234   
15.1987    38.4582   
7.6587     38.2453   
5.6239     24.4445   
10.7697    33.1265   
18.4896    1.0050    

# Frame362

# x        y
17.4022    33.8235   
15.1985    38.4581   
7.6580     38.2456   
5.6239     24.4445   
10.7697    33.1265   
18.4896    1.0050    

# Frame363

# x        y
17.4024    33.8236   
15.1983    38.4580   
7.6574     38.2459   
5.6239     24.4445   
10.7697    33.1265   
18.4896    1.0050    

# Frame364

# x        y
17.4026    33.8238   
15.1981    38.4579   
7.6567     38.2462   
5.6239     24.4445   
10.7697    33.1265   
18.4896    1.0050    

# Frame365

# x        y
17.4028    33.8239   
15.1979    38.4578   
7.6561     38.2465   
5.6239     24.4445   
10.7697    33.1265   
18.4896    1.0050    

# Frame366

# x        y
17.4030    33.8240   
15.1976    38.4577   
7.6555     38.2468   
5.6239     24.4445   
10.7697    33.1265   
18.4896    1.0050    

# Frame367

# x        y
17.4032    33.8241   
15.1974    38.4576   
7.6548     38.2471   
5.6239     24.4445   
10.7697    33.1265   
18.4896    1.0050    

# Frame368

# x        y
17.4033    33.8242   
15.1972    38.4575   
7.6542     38.2474   
5.6239     24.4445   
10.7697    33.1265   
18.4896    1.0050    

# Frame369

# x        y
17.4035    33.8243   
15.1970    38.4575   
7.6536     38.2476   
5.6239     24.4445   
10.7697    33.1265   
18.4896    1.0050    

# Frame370

# x        y
17.4037    33.8245   
15.1969    38.4574   
7.6530     38.2479   
5.6239     24.4445   
10.7697    33.1265   
18.4896    1.0050    

# Frame371

# x        y
17.4039    33.8246   
15.1967    38.4573   
7.6524     38.2482   
5.6239     24.4445   
10.7697    33.1265   
18.4896    1.0050    

# Frame372

# x        y
17.4040    33.8247   
15.1965    38.4572   
7.6519     38.2484   
5.6239     24.4445   
10.7697    33.1265   
18.4896    1.0050    

# Frame373

# x        y
17.4042    33.8248   
15.1963    38.4571   
7.6513     38.2487   
5.6239     24.4445   
10.7697    33.1265   
18.4896    1.0050    

# Frame374

# x        y
17.4044    33.8249   
15.1961    38.4570   
7.6508     38.2489   
5.6239     24.4445   
10.7697    33.1265   
18.4896    1.0050    

# Frame375

# x        y
17.4045    33.8250   
15.1959    38.4569   
7.6502     38.2492   
5.6239     24.4445   
10.7697    33.1265   
18.4896    1.0050    

# Frame376

# x        y
17.4047    33.8251   
15.1958    38.4568   
7.6497     38.2494   
5.6239     24.4445   
10.7697    33.1265   
18.4896    1.0050    

# Frame377

# x        y
17.4048    33.8252   
15.1956    38.4568   
7.6492     38.2497   
5.6239     24.4445   
10.7697    33.1265   
18.4896    1.0050    

# Frame378

# x        y
17.4050    33.8253   
15.1954    38.4567   
7.6486     38.2499   
5.6239     24.4445   
10.7697    33.1265   
18.4896    1.0050    

# Frame379

# x        y
17.4051    33.8254   
15.1953    38.4566   
7.6481     38.2501   
5.6239     24.4445   
10.7697    33.1265   
18.4896    1.0050    

# Frame380

# x        y
17.4053    33.8255   
15.1951    38.4565   
7.6476     38.2504   
5.6239     24.4445   
10.7697    33.1265   
18.4896    1.0050    

# Frame381

# x        y
17.4054    33.8256   
15.1949    38.4564   
7.6471     38.2506   
5.6239     24.4445   
10.7697    33.1265   
18.4896    1.0050    

# Frame382

# x        y
17.4055    33.8256   
15.1948    38.4564   
7.6467     38.2508   
5.6239     24.4445   
10.7697    33.1265   
18.4896    1.0050    

# Frame383

# x        y
17.4057    33.8257   
15.1946    38.4563   
7.6462     38.2510   
5.6239     24.4445   
10.7697    33.1265   
18.4896    1.0050    

# Frame384

# x        y
17.4058    33.8258   
15.1945    38.4562   
7.6457     38.2513   
5.6239     24.4445   
10.7697    33.1265   
18.4896    1.0050    

# Frame385

# x        y
17.4059    33.8259   
15.1943    38.4562   
7.6453     38.2515   
5.6239     24.4445   
10.7697    33.1265   
18.4896    1.0050    

# Frame386

# x        y
17.4061    33.8260   
15.1942    38.4561   
7.6448     38.2517   
5.6239     24.4445   
10.7697    33.1265   
18.4896    1.0050    

# Frame387

# x        y
17.4062    33.8261   
15.1940    38.4560   
7.6444     38.2519   
5.6239     24.4445   
10.7697    33.1265   
18.4896    1.0050    

# Frame388

# x        y
17.4063    33.8262   
15.1939    38.4559   
7.6439     38.2521   
5.6239     24.4445   
10.7697    33.1265   
18.4896    1.0050    

# Frame389

# x        y
17.4065    33.8262   
15.1937    38.4559   
7.6435     38.2523   
5.6239     24.4445   
10.7697    33.1265   
18.4896    1.0050    

# Frame390

# x        y
17.4066    33.8263   
15.1936    38.4558   
7.6431     38.2525   
5.6239     24.4445   
10.7697    33.1265   
18.4896    1.0050    

# Frame391

# x        y
17.4067    33.8264   
15.1935    38.4558   
7.6427     38.2526   
5.6239     24.4445   
10.7697    33.1265   
18.4896    1.0050    

# Frame392

# x        y
17.4068    33.8265   
15.1933    38.4557   
7.6422     38.2528   
5.6239     24.4445   
10.7697    33.1265   
18.4896    1.0050    

# Frame393

# x        y
17.4069    33.8266   
15.1932    38.4556   
7.6418     38.2530   
5.6239     24.4445   
10.7697    33.1265   
18.4896    1.0050    

# Frame394

# x        y
17.4071    33.8266   
15.1931    38.4556   
7.6415     38.2532   
5.6239     24.4445   
10.7697    33.1265   
18.4896    1.0050    

# Frame395

# x        y
17.4072    33.8267   
15.1930    38.4555   
7.6411     38.2534   
5.6239     24.4445   
10.7697    33.1265   
18.4896    1.0050    

# Frame396

# x        y
17.4073    33.8268   
15.1928    38.4554   
7.6407     38.2535   
5.6239     24.4445   
10.7697    33.1265   
18.4896    1.0050    

# Frame397

# x        y
17.4074    33.8268   
15.1927    38.4554   
7.6403     38.2537   
5.6239     24.4445   
10.7697    33.1265   
18.4896    1.0050    

# Frame398

# x        y
17.4075    33.8269   
15.1926    38.4553   
7.6399     38.2539   
5.6239     24.4445   
10.7697    33.1265   
18.4896    1.0050    

# Frame399

# x        y
17.4076    33.8270   
15.1925    38.4553   
7.6396     38.2541   
5.6239     24.4445   
10.7697    33.1265   
18.4896    1.0050    

# Frame400

# x        y
17.4077    33.8270   
15.1924    38.4552   
7.6392     38.2542   
5.6239     24.4445   
10.7697    33.1265   
18.4896    1.0050    

# Frame401

# x        y
17.4078    33.8271   
15.1922    38.4552   
7.6389     38.2544   
5.6239     24.4445   
10.7697    33.1265   
18.4896    1.0050    

# Frame402

# x        y
17.4079    33.8272   
15.1921    38.4551   
7.6385     38.2545   
5.6239     24.4445   
10.7697    33.1265   
18.4896    1.0050    

# Frame403

# x        y
17.4080    33.8272   
15.1920    38.4551   
7.6382     38.2547   
5.6239     24.4445   
10.7697    33.1265   
18.4896    1.0050    

# Frame404

# x        y
17.4081    33.8273   
15.1919    38.4550   
7.6378     38.2548   
5.6239     24.4445   
10.7697    33.1265   
18.4896    1.0050    

# Frame405

# x        y
17.4082    33.8274   
15.1918    38.4550   
7.6375     38.2550   
5.6239     24.4445   
10.7697    33.1265   
18.4896    1.0050    

# Frame406

# x        y
17.4083    33.8274   
15.1917    38.4549   
7.6372     38.2551   
5.6239     24.4445   
10.7697    33.1265   
18.4896    1.0050    

# Frame407

# x        y
17.4084    33.8275   
15.1916    38.4549   
7.6369     38.2553   
5.6239     24.4445   
10.7697    33.1265   
18.4896    1.0050    

# Frame408

# x        y
17.4085    33.8275   
15.1915    38.4548   
7.6366     38.2554   
5.6239     24.4445   
10.7697    33.1265   
18.4896    1.0050    

# Frame409

# x        y
17.4086    33.8276   
15.1914    38.4548   
7.6363     38.2556   
5.6239     24.4445   
10.7697    33.1265   
18.4896    1.0050    

# Frame410

# x        y
17.4086    33.8277   
15.1913    38.4547   
7.6360     38.2557   
5.6239     24.4445   
10.7697    33.1265   
18.4896    1.0050    

# Frame411

# x        y
17.4087    33.8277   
15.1912    38.4547   
7.6357     38.2558   
5.6239     24.4445   
10.7697    33.1265   
18.4896    1.0050    

# Frame412

# x        y
17.4088    33.8278   
15.1911    38.4546   
7.6354     38.2560   
5.6239     24.4445   
10.7697    33.1265   
18.4896    1.0050    

# Frame413

# x        y
17.4088    33.8278   
15.1910    38.4546   
7.6351     38.2561   
5.6239     24.4445   
10.7697    33.1265   
18.4896    1.0050    

# Frame414

# x        y
17.4088    33.8278   
15.1909    38.4545   
7.6348     38.2562   
5.6239     24.4445   
10.7697    33.1265   
18.4896    1.0050    

# Frame415

# x        y
17.4088    33.8278   
15.1909    38.4545   
7.6345     38.2564   
5.6239     24.4445   
10.7697    33.1265   
18.4896    1.0050    

# Frame416

# x        y
17.4088    33.8278   
15.1909    38.4545   
7.6343     38.2565   
5.6239     24.4445   
10.7697    33.1265   
18.4896    1.0050    

# Frame417

# x        y
17.4088    33.8278   
15.1909    38.4545   
7.6340     38.2566   
5.6239     24.4445   
10.7697    33.1265   
18.4896    1.0050    

# Frame418

# x        y
17.4088    33.8278   
15.1909    38.4545   
7.6337     38.2567   
5.6239     24.4445   
10.7697    33.1265   
18.4896    1.0050    

# Frame419

# x        y
17.4088    33.8278   
15.1909    38.4545   
7.6335     38.2568   
5.6239     24.4445   
10.7697    33.1265   
18.4896    1.0050    

# Frame420

# x        y
17.4088    33.8278   
15.1909    38.4545   
7.6332     38.2570   
5.6239     24.4445   
10.7697    33.1265   
18.4896    1.0050    

# Frame421

# x        y
17.4088    33.8278   
15.1909    38.4545   
7.6330     38.2571   
5.6239     24.4445   
10.7697    33.1265   
18.4896    1.0050    

# Frame422

# x        y
17.4088    33.8278   
15.1909    38.4545   
7.6327     38.2572   
5.6239     24.4445   
10.7697    33.1265   
18.4896    1.0050    

# Frame423

# x        y
17.4088    33.8278   
15.1909    38.4545   
7.6325     38.2573   
5.6239     24.4445   
10.7697    33.1265   
18.4896    1.0050    

# Frame424

# x        y
17.4088    33.8278   
15.1909    38.4545   
7.6322     38.2574   
5.6239     24.4445   
10.7697    33.1265   
18.4896    1.0050    

# Frame425

# x        y
17.4088    33.8278   
15.1909    38.4545   
7.6320     38.2575   
5.6239     24.4445   
10.7697    33.1265   
18.4896    1.0050    

# Frame426

# x        y
17.4088    33.8278   
15.1909    38.4545   
7.6318     38.2576   
5.6239     24.4445   
10.7697    33.1265   
18.4896    1.0050    

# Frame427

# x        y
17.4088    33.8278   
15.1909    38.4545   
7.6315     38.2577   
5.6239     24.4445   
10.7697    33.1265   
18.4896    1.0050    

# Frame428

# x        y
17.4088    33.8278   
15.1909    38.4545   
7.6313     38.2578   
5.6239     24.4445   
10.7697    33.1265   
18.4896    1.0050    

# Frame429

# x        y
17.4088    33.8278   
15.1909    38.4545   
7.6311     38.2579   
5.6239     24.4445   
10.7697    33.1265   
18.4896    1.0050    

# Frame430

# x        y
17.4088    33.8278   
15.1909    38.4545   
7.6309     38.2580   
5.6239     24.4445   
10.7697    33.1265   
18.4896    1.0050    

# Frame431

# x        y
17.4088    33.8278   
15.1909    38.4545   
7.6307     38.2581   
5.6239     24.4445   
10.7697    33.1265   
18.4896    1.0050    

# Frame432

# x        y
17.4088    33.8278   
15.1909    38.4545   
7.6305     38.2582   
5.6239     24.4445   
10.7697    33.1265   
18.4896    1.0050    

# Frame433

# x        y
17.4088    33.8278   
15.1909    38.4545   
7.6302     38.2583   
5.6239     24.4445   
10.7697    33.1265   
18.4896    1.0050    

# Frame434

# x        y
17.4088    33.8278   
15.1909    38.4545   
7.6300     38.2584   
5.6239     24.4445   
10.7697    33.1265   
18.4896    1.0050    

# Frame435

# x        y
17.4088    33.8278   
15.1909    38.4545   
7.6298     38.2585   
5.6239     24.4445   
10.7697    33.1265   
18.4896    1.0050    

# Frame436

# x        y
17.4088    33.8278   
15.1909    38.4545   
7.6297     38.2586   
5.6239     24.4445   
10.7697    33.1265   
18.4896    1.0050    

# Frame437

# x        y
17.4088    33.8278   
15.1909    38.4545   
7.6295     38.2587   
5.6239     24.4445   
10.7697    33.1265   
18.4896    1.0050    

# Frame438

# x        y
17.4088    33.8278   
15.1909    38.4545   
7.6293     38.2587   
5.6239     24.4445   
10.7697    33.1265   
18.4896    1.0050    

# Frame439

# x        y
17.4088    33.8278   
15.1909    38.4545   
7.6291     38.2588   
5.6239     24.4445   
10.7697    33.1265   
18.4896    1.0050    

# Frame440

# x        y
17.4088    33.8278   
15.1909    38.4545   
7.6289     38.2589   
5.6239     24.4445   
10.7697    33.1265   
18.4896    1.0050    

# Frame441

# x        y
17.4088    33.8278   
15.1909    38.4545   
7.6287     38.2590   
5.6239     24.4445   
10.7697    33.1265   
18.4896    1.0050    

# Frame442

# x        y
17.4088    33.8278   
15.1909    38.4545   
7.6286     38.2591   
5.6239     24.4445   
10.7697    33.1265   
18.4896    1.0050    

# Frame443

# x        y
17.4088    33.8278   
15.1909    38.4545   
7.6284     38.2591   
5.6239     24.4445   
10.7697    33.1265   
18.4896    1.0050    

# Frame444

# x        y
17.4088    33.8278   
15.1909    38.4545   
7.6282     38.2592   
5.6239     24.4445   
10.7697    33.1265   
18.4896    1.0050    

# Frame445

# x        y
17.4088    33.8278   
15.1909    38.4545   
7.6280     38.2593   
5.6239     24.4445   
10.7697    33.1265   
18.4896    1.0050    

# Frame446

# x        y
17.4088    33.8278   
15.1909    38.4545   
7.6279     38.2594   
5.6239     24.4445   
10.7697    33.1265   
18.4896    1.0050    

# Frame447

# x        y
17.4088    33.8278   
15.1909    38.4545   
7.6277     38.2594   
5.6239     24.4445   
10.7697    33.1265   
18.4896    1.0050    

# Frame448

# x        y
17.4088    33.8278   
15.1909    38.4545   
7.6276     38.2595   
5.6239     24.4445   
10.7697    33.1265   
18.4896    1.0050    

# Frame449

# x        y
17.4088    33.8278   
15.1909    38.4545   
7.6274     38.2596   
5.6239     24.4445   
10.7697    33.1265   
18.4896    1.0050    

# Frame450

# x        y
17.4088    33.8278   
15.1909    38.4545   
7.6272     38.2597   
5.6239     24.4445   
10.7697    33.1265   
18.4896    1.0050    

# Frame451

# x        y
17.4088    33.8278   
15.1909    38.4545   
7.6271     38.2597   
5.6239     24.4445   
10.7697    33.1265   
18.4896    1.0050    

# Frame452

# x        y
17.4088    33.8278   
15.1909    38.4545   
7.6269     38.2598   
5.6239     24.4445   
10.7697    33.1265   
18.4896    1.0050    

# Frame453

# x        y
17.4088    33.8278   
15.1909    38.4545   
7.6268     38.2599   
5.6239     24.4445   
10.7697    33.1265   
18.4896    1.0050    

# Frame454

# x        y
17.4088    33.8278   
15.1909    38.4545   
7.6267     38.2599   
5.6239     24.4445   
10.7697    33.1265   
18.4896    1.0050    

# Frame455

# x        y
17.4088    33.8278   
15.1909    38.4545   
7.6265     38.2600   
5.6239     24.4445   
10.7697    33.1265   
18.4896    1.0050    

# Frame456

# x        y
17.4088    33.8278   
15.1909    38.4545   
7.6264     38.2601   
5.6239     24.4445   
10.7697    33.1265   
18.4896    1.0050    

# Frame457

# x        y
17.4088    33.8278   
15.1909    38.4545   
7.6262     38.2601   
5.6239     24.4445   
10.7697    33.1265   
18.4896    1.0050    

# Frame458

# x        y
17.4088    33.8278   
15.1909    38.4545   
7.6261     38.2602   
5.6239     24.4445   
10.7697    33.1265   
18.4896    1.0050    

# Frame459

# x        y
17.4088    33.8278   
15.1909    38.4545   
7.6260     38.2602   
5.6239     24.4445   
10.7697    33.1265   
18.4896    1.0050    

# Frame460

# x        y
17.4088    33.8278   
15.1909    38.4545   
7.6258     38.2603   
5.6239     24.4445   
10.7697    33.1265   
18.4896    1.0050    

# Frame461

# x        y
17.4088    33.8278   
15.1909    38.4545   
7.6257     38.2604   
5.6239     24.4445   
10.7697    33.1265   
18.4896    1.0050    

# Frame462

# x        y
17.4088    33.8278   
15.1909    38.4545   
7.6256     38.2604   
5.6239     24.4445   
10.7697    33.1265   
18.4896    1.0050    

# Frame463

# x        y
17.4088    33.8278   
15.1909    38.4545   
7.6255     38.2605   
5.6239     24.4445   
10.7697    33.1265   
18.4896    1.0050    

# Frame464

# x        y
17.4088    33.8278   
15.1909    38.4545   
7.6253     38.2605   
5.6239     24.4445   
10.7697    33.1265   
18.4896    1.0050    

# Frame465

# x        y
17.4088    33.8278   
15.1909    38.4545   
7.6252     38.2606   
5.6239     24.4445   
10.7697    33.1265   
18.4896    1.0050    

# Frame466

# x        y
17.4088    33.8278   
15.1909    38.4545   
7.6251     38.2606   
5.6239     24.4445   
10.7697    33.1265   
18.4896    1.0050    

# Frame467

# x        y
17.4088    33.8278   
15.1909    38.4545   
7.6250     38.2607   
5.6239     24.4445   
10.7697    33.1265   
18.4896    1.0050    

# Frame468

# x        y
17.4088    33.8278   
15.1909    38.4545   
7.6249     38.2607   
5.6239     24.4445   
10.7697    33.1265   
18.4896    1.0050    

# Frame469

# x        y
17.4088    33.8278   
15.1909    38.4545   
7.6248     38.2608   
5.6239     24.4445   
10.7697    33.1265   
18.4896    1.0050    

# Frame470

# x        y
17.4088    33.8278   
15.1909    38.4545   
7.6246     38.2608   
5.6239     24.4445   
10.7697    33.1265   
18.4896    1.0050    

# Frame471

# x        y
17.4088    33.8278   
15.1909    38.4545   
7.6245     38.2609   
5.6239     24.4445   
10.7697    33.1265   
18.4896    1.0050    

# Frame472

# x        y
17.4088    33.8278   
15.1909    38.4545   
7.6244     38.2609   
5.6239     24.4445   
10.7697    33.1265   
18.4896    1.0050    

# Frame473

# x        y
17.4088    33.8278   
15.1909    38.4545   
7.6243     38.2610   
5.6239     24.4445   
10.7697    33.1265   
18.4896    1.0050    

# Frame474

# x        y
17.4088    33.8278   
15.1909    38.4545   
7.6242     38.2610   
5.6239     24.4445   
10.7697    33.1265   
18.4896    1.0050    

# Frame475

# x        y
17.4088    33.8278   
15.1909    38.4545   
7.6241     38.2611   
5.6239     24.4445   
10.7697    33.1265   
18.4896    1.0050    

# Frame476

# x        y
17.4088    33.8278   
15.1909    38.4545   
7.6240     38.2611   
5.6239     24.4445   
10.7697    33.1265   
18.4896    1.0050    

# Frame477

# x        y
17.4088    33.8278   
15.1909    38.4545   
7.6239     38.2612   
5.6239     24.4445   
10.7697    33.1265   
18.4896    1.0050    

# Frame478

# x        y
17.4088    33.8278   
15.1909    38.4545   
7.6238     38.2612   
5.6239     24.4445   
10.7697    33.1265   
18.4896    1.0050    

# Frame479

# x        y
17.4088    33.8278   
15.1909    38.4545   
7.6237     38.2613   
5.6239     24.4445   
10.7697    33.1265   
18.4896    1.0050    

# Frame480

# x        y
17.4088    33.8278   
15.1909    38.4545   
7.6236     38.2613   
5.6239     24.4445   
10.7697    33.1265   
18.4896    1.0050    

# Frame481

