# x        y
18.9955    12.0116   
10.5549    11.7482   
3.1764     9.0174    
12.7184    4.0852    
6.6467     4.3926    
15.2455    7.7918    

# Frame1

# x        y
17.2638    11.0110   
10.5549    11.7482   
3.1764     9.0174    
12.7184    4.0852    
6.6467     4.3926    
15.2455    7.7918    

# Frame2

# x        y
15.5610    10.0271   
10.5549    11.7482   
3.1764     9.0174    
12.7184    4.0852    
6.6467     4.3926    
15.2455    7.7918    

# Frame3

# x        y
13.8974    9.5428    
10.5549    11.7482   
3.1764     9.0174    
12.7184    4.0852    
6.6467     4.3926    
15.2346    7.3085    

# Frame4

# x        y
12.2657    9.2294    
10.5549    11.7482   
3.1764     9.0174    
12.7184    4.0852    
6.6467     4.3926    
15.2197    6.6705    

# Frame5

# x        y
10.6612    8.9212    
10.5549    11.7482   
3.1764     9.0174    
12.7184    4.0852    
6.6467     4.3926    
15.2052    6.0431    

# Frame6

# x        y
9.0834     8.6181    
10.5549    11.7482   
3.1764     9.0174    
12.7184    4.0852    
6.6467     4.3926    
15.1908    5.4262    

# Frame7

# x        y
7.5319     8.3201    
10.5549    11.7482   
3.1764     9.0174    
12.7184    4.0852    
6.6467     4.3926    
15.1767    4.8196    

# Frame8

# x        y
6.0063     8.0271    
10.5549    11.7482   
3.1764     9.0174    
12.7184    4.0852    
6.6467     4.3926    
15.1628    4.2231    

# Frame9

# x        y
4.6342     7.7134    
10.5549    11.7482   
3.0484     9.0429    
12.7184    4.0852    
6.6467     4.3926    
15.1492    3.6365    

# Frame10

# x        y
3.9782     7.2814    
10.5549    11.7482   
2.2292     9.1915    
12.7184    4.0852    
6.6467     4.3926    
15.1358    3.0597    

# Frame11

# x        y
3.3331     6.8566    
10.5549    11.7482   
1.4236     9.3377    
12.7184    4.0852    
6.6467     4.3926    
15.1226    2.4925    

# Frame12

# x        y
2.6988     6.4389    
10.5549    11.7482   
1.1866     9.3490    
12.7184    4.0852    
6.6467     4.3926    
15.1096    1.9348    

# Frame13

# x        y
2.0751     6.0281    
10.5549    11.7482   
1.5760     9.2065    
12.7184    4.0852    
6.6467     4.3926    
15.0969    1.3864    

# Frame14

# x        y
1.4617     5.6242    
10.5549    11.7482   
1.9590     9.0665    
12.7184    4.0852    
6.6467     4.3926    
15.0786    1.0788    

# Frame15

# x        y
1.0730     5.2841    
10.5549    11.7482   
2.3356     8.9287    
12.7184    4.0852    
6.6467     4.3926    
15.0455    1.3440    

# Frame16

# x        y
1.3696     5.1414    
10.5549    11.7482   
2.7059     8.7933    
12.7184    4.0852    
6.6467     4.3926    
15.0130    1.6047    

# Frame17

# x        y
1.6612     5.0012    
10.5549    11.7482   
3.0700     8.6601    
12.7184    4.0852    
6.6467     4.3926    
14.9810    1.8611    

# Frame18

# x        y
1.9479     4.8633    
10.5549    11.7482   
3.4281     8.5291    
12.7184    4.0852    
6.6467     4.3926    
14.9496    2.1132    

# Frame19

# x        y
2.2299     4.7277    
10.5549    11.7482   
3.7802     8.4004    
12.7184    4.0852    
6.6467     4.3926    
14.9187    2.3611    

# Frame20

# x        y
2.5071     4.5943    
10.5549    11.7482   
4.1264     8.2737    
12.7184    4.0852    
6.6467     4.3926    
14.8883    2.6049    

# Frame21

# x        y
2.7797     4.4632    
10.5549    11.7482   
4.4669     8.1492    
12.7184    4.0852    
6.6467     4.3926    
14.8584    2.8446    

# Frame22

# x        y
3.0478     4.3343    
10.5549    11.7482   
4.8017     8.0268    
12.7184    4.0852    
6.6467     4.3926    
14.8290    3.0803    

# Frame23

# x        y
3.3114     4.2075    
10.5549    11.7482   
5.1309     7.9063    
12.7184    4.0852    
6.6467     4.3926    
14.8001    3.3121    

# Frame24

# x        y
3.5707     4.0828    
10.5549    11.7482   
5.4546     7.7879    
12.7184    4.0852    
6.6467     4.3926    
14.7716    3.5401    

# Frame25

# x        y
3.8256     3.9602    
10.5549    11.7482   
5.7729     7.6715    
12.7184    4.0852    
6.6467     4.3926    
14.7437    3.7642    

# Frame26

# x        y
4.0762     3.8396    
10.5549    11.7482   
6.0859     7.5570    
12.7184    4.0852    
6.6467     4.3926    
14.7162    3.9846    

# Frame27

# x        y
4.3227     3.7211    
10.5549    11.7482   
6.3937     7.4444    
12.7031    4.1025    
6.6467     4.3926    
14.7045    4.1841    

# Frame28

# x        y
4.5651     3.6045    
10.5549    11.7482   
6.6964     7.3337    
12.6833    4.1346    
6.6467     4.3926    
14.6978    4.3651    

# Frame29

# x        y
4.8034     3.4899    
10.5549    11.7482   
6.9940     7.2249    
12.6638    4.1661    
6.6467     4.3926    
14.6911    4.5431    

# Frame30

# x        y
4.9633     3.3688    
10.5549    11.7482   
7.2867     7.1178    
12.6446    4.1971    
6.7212     4.4009    
14.6846    4.7182    

# Frame31

# x        y
5.0720     3.2475    
10.5549    11.7482   
7.5745     7.0126    
12.6257    4.2276    
6.8429     4.4114    
14.6782    4.8903    

# Frame32

# x        y
5.1790     3.1281    
10.5549    11.7482   
7.8575     6.9091    
12.6072    4.2576    
6.9626     4.4218    
14.6719    5.0596    

# Frame33

# x        y
5.2841     3.0108    
10.5549    11.7482   
8.1358     6.8073    
12.5890    4.2871    
7.0802     4.4319    
14.6657    5.2260    

# Frame34

# x        y
5.3875     2.8954    
10.5549    11.7482   
8.4094     6.7072    
12.5710    4.3161    
7.1960     4.4419    
14.6596    5.3897    

# Frame35

# x        y
5.4892     2.7819    
10.5549    11.7482   
8.6785     6.6088    
12.5534    4.3446    
7.3098     4.4518    
14.6536    5.5506    

# Frame36

# x        y
5.5892     2.6703    
10.5549    11.7482   
8.9431     6.5120    
12.5361    4.3727    
7.4217     4.4614    
14.6477    5.7089    

# Frame37

# x        y
5.6875     2.5606    
10.5549    11.7482   
9.2033     6.4168    
12.5190    4.4003    
7.5317     4.4709    
14.6419    5.8645    

# Frame38

# x        y
5.7842     2.4527    
10.5549    11.7482   
9.4591     6.3233    
12.5023    4.4274    
7.6399     4.4803    
14.6362    6.0175    

# Frame39

# x        y
5.8793     2.3467    
10.5549    11.7482   
9.7107     6.2313    
12.4858    4.4540    
7.7463     4.4895    
14.6306    6.1680    

# Frame40

# x        y
5.9728     2.2423    
10.5549    11.7482   
9.9581     6.1408    
12.4696    4.4803    
7.8509     4.4985    
14.6251    6.3159    

# Frame41

# x        y
6.0647     2.1397    
10.5549    11.7482   
10.2013    6.0518    
12.4536    4.5061    
7.9538     4.5074    
14.6197    6.4614    

# Frame42

# x        y
6.1551     2.0389    
10.5549    11.7482   
10.4406    5.9643    
12.4380    4.5314    
8.0549     4.5162    
14.6143    6.6045    

# Frame43

# x        y
6.2440     1.9397    
10.5549    11.7482   
10.6758    5.8783    
12.4225    4.5563    
8.1544     4.5248    
14.6091    6.7452    

# Frame44

# x        y
6.3314     1.8421    
10.5549    11.7482   
10.8693    5.8212    
12.4452    4.5533    
8.2522     4.5332    
14.6040    6.8836    

# Frame45

# x        y
6.4173     1.7462    
10.5549    11.7482   
10.9405    5.8506    
12.5865    4.4648    
8.3484     4.5415    
14.5989    7.0196    

# Frame46

# x        y
6.5018     1.6519    
10.5549    11.7482   
11.0106    5.8795    
12.7254    4.3778    
8.4430     4.5497    
14.5939    7.1534    

# Frame47

# x        y
6.5849     1.5592    
10.5549    11.7482   
11.0795    5.9080    
12.8621    4.2922    
8.5360     4.5577    
14.5890    7.2849    

# Frame48

# x        y
6.6667     1.4680    
10.5549    11.7482   
11.1472    5.9360    
12.9964    4.2081    
8.6274     4.5656    
14.5842    7.4143    

# Frame49

# x        y
6.7470     1.3783    
10.5549    11.7482   
11.2139    5.9635    
13.1285    4.1253    
8.7174     4.5734    
14.5794    7.5415    

# Frame50

# x        y
6.8260     1.2901    
10.5549    11.7482   
11.2794    5.9905    
13.2584    4.0440    
8.8058     4.5810    
14.5748    7.6665    

# Frame51

# x        y
6.9037     1.2034    
10.5549    11.7482   
11.3438    6.0171    
13.3861    3.9640    
8.8928     4.5886    
14.5702    7.7895    

# Frame52

# x        y
6.9802     1.1181    
10.5549    11.7482   
11.4071    6.0432    
13.5118    3.8853    
8.9783     4.5959    
14.5657    7.9105    

# Frame53

# x        y
7.0553     1.0343    
10.5549    11.7482   
11.4694    6.0690    
13.6353    3.8079    
9.0624     4.6032    
14.5613    8.0294    

# Frame54

# x        y
7.1153     1.0264    
10.5549    11.7482   
11.5307    6.0942    
13.7567    3.7318    
9.1451     4.6104    
14.5569    8.1463    

# Frame55

# x        y
7.1619     1.0670    
10.5549    11.7482   
11.5909    6.1191    
13.8762    3.6570    
9.2264     4.6174    
14.5526    8.2613    

# Frame56

# x        y
7.2077     1.1068    
10.5549    11.7482   
11.6502    6.1436    
13.9936    3.5835    
9.3063     4.6243    
14.5484    8.3744    

# Frame57

# x        y
7.2527     1.1460    
10.5549    11.7482   
11.7084    6.1676    
14.1091    3.5111    
9.3849     4.6311    
14.5443    8.4856    

# Frame58

# x        y
7.2970     1.1846    
10.5549    11.7482   
11.7657    6.1912    
14.2226    3.4400    
9.4622     4.6378    
14.5402    8.5949    

# Frame59

# x        y
7.3406     1.2225    
10.5549    11.7482   
11.8220    6.2145    
14.3343    3.3701    
9.5383     4.6443    
14.5362    8.7024    

# Frame60

# x        y
7.3834     1.2597    
10.5549    11.7482   
11.8774    6.2374    
14.4441    3.3013    
9.6130     4.6508    
14.5323    8.8082    

# Frame61

# x        y
7.4256     1.2964    
10.5549    11.7482   
11.9318    6.2598    
14.5521    3.2337    
9.6865     4.6571    
14.5284    8.9121    

# Frame62

# x        y
7.4670     1.3324    
10.5549    11.7482   
11.9854    6.2819    
14.6583    3.1672    
9.7588     4.6634    
14.5246    9.0144    

# Frame63

# x        y
7.5077     1.3679    
10.5549    11.7482   
12.0380    6.3037    
14.7627    3.1018    
9.8299     4.6695    
14.5208    9.1149    

# Frame64

# x        y
7.5477     1.4027    
10.5549    11.7482   
12.0898    6.3251    
14.8653    3.0375    
9.8998     4.6756    
14.5172    9.2137    

# Frame65

# x        y
7.5871     1.4370    
10.5549    11.7482   
12.1407    6.3461    
14.9663    2.9742    
9.9685     4.6815    
14.5135    9.3109    

# Frame66

# x        y
7.6259     1.4707    
10.5549    11.7482   
12.1908    6.3667    
15.0656    2.9120    
10.0361    4.6874    
14.5100    9.4065    

# Frame67

# x        y
7.6639     1.5038    
10.5549    11.7482   
12.2400    6.3871    
15.1632    2.8509    
10.1025    4.6931    
14.5065    9.5005    

# Frame68

# x        y
7.7014     1.5364    
10.5549    11.7482   
12.2884    6.4070    
15.2592    2.7908    
10.1679    4.6987    
14.5030    9.5929    

# Frame69

# x        y
7.7382     1.5684    
10.5549    11.7482   
12.3360    6.4267    
15.3536    2.7316    
10.2321    4.7043    
14.4996    9.6838    

# Frame70

# x        y
7.7744     1.5999    
10.5549    11.7482   
12.3828    6.4460    
15.4464    2.6735    
10.2953    4.7098    
14.4963    9.7732    

# Frame71

# x        y
7.8100     1.6309    
10.5549    11.7482   
12.4289    6.4650    
15.5376    2.6163    
10.3575    4.7151    
14.4930    9.8611    

# Frame72

# x        y
7.8450     1.6614    
10.5549    11.7482   
12.4741    6.4837    
15.6274    2.5601    
10.4186    4.7204    
14.4898    9.9475    

# Frame73

# x        y
7.8794     1.6913    
10.5549    11.7482   
12.5186    6.5021    
15.7156    2.5048    
10.4786    4.7256    
14.4867    10.0325   

# Frame74

# x        y
7.9133     1.7208    
10.5549    11.7482   
12.5624    6.5202    
15.8024    2.4505    
10.5377    4.7307    
14.4835    10.1160   

# Frame75

# x        y
7.9466     1.7497    
10.5549    11.7482   
12.6054    6.5379    
15.8878    2.3970    
10.5958    4.7357    
14.4805    10.1982   

# Frame76

# x        y
7.9793     1.7782    
10.5549    11.7482   
12.6478    6.5554    
15.9717    2.3445    
10.6529    4.7407    
14.4775    10.2790   

# Frame77

# x        y
8.0115     1.8062    
10.5549    11.7482   
12.6894    6.5726    
16.0542    2.2928    
10.7091    4.7455    
14.4745    10.3584   

# Frame78

# x        y
8.0432     1.8338    
10.5549    11.7482   
12.7303    6.5895    
16.1353    2.2420    
10.7644    4.7503    
14.4716    10.4366   

# Frame79

# x        y
8.0743     1.8609    
10.5549    11.7482   
12.7705    6.6061    
16.2151    2.1920    
10.8187    4.7550    
14.4687    10.5134   

# Frame80

# x        y
8.1049     1.8875    
10.5549    11.7482   
12.8101    6.6224    
16.2936    2.1428    
10.8721    4.7596    
14.4659    10.5889   

# Frame81

# x        y
8.1350     1.9137    
10.5549    11.7482   
12.8490    6.6385    
16.3707    2.0945    
10.9246    4.7641    
14.4632    10.6632   

# Frame82

# x        y
8.1646     1.9394    
10.5549    11.7482   
12.8873    6.6543    
16.4466    2.0470    
10.9763    4.7686    
14.4604    10.7363   

# Frame83

# x        y
8.1937     1.9647    
10.5549    11.7482   
12.9249    6.6698    
16.5212    2.0003    
11.0270    4.7730    
14.4578    10.8081   

# Frame84

# x        y
8.2223     1.9896    
10.5549    11.7482   
12.9619    6.6851    
16.5946    1.9543    
11.0770    4.7773    
14.4551    10.8787   

# Frame85

# x        y
8.2504     2.0141    
10.5549    11.7482   
12.9983    6.7001    
16.6667    1.9091    
11.1261    4.7815    
14.4525    10.9482   

# Frame86

# x        y
8.2781     2.0382    
10.5549    11.7482   
13.0341    6.7149    
16.7376    1.8647    
11.1744    4.7857    
14.4500    11.0165   

# Frame87

# x        y
8.3053     2.0619    
10.5549    11.7482   
13.0692    6.7294    
16.8074    1.8210    
11.2219    4.7898    
14.4475    11.0836   

# Frame88

# x        y
8.3321     2.0852    
10.5549    11.7482   
13.1038    6.7437    
16.8760    1.7781    
11.2686    4.7939    
14.4450    11.1497   

# Frame89

# x        y
8.3584     2.1081    
10.5549    11.7482   
13.1378    6.7577    
16.9434    1.7358    
11.3145    4.7978    
14.4426    11.2146   

# Frame90

# x        y
8.3842     2.1306    
10.5549    11.7482   
13.1713    6.7715    
17.0097    1.6943    
11.3596    4.8017    
14.4402    11.2785   

# Frame91

# x        y
8.4097     2.1527    
10.5549    11.7482   
13.2042    6.7851    
17.0749    1.6534    
11.4040    4.8056    
14.4379    11.3412   

# Frame92

# x        y
8.4347     2.1745    
10.5549    11.7482   
13.2365    6.7984    
17.1391    1.6133    
11.4477    4.8093    
14.4356    11.4030   

# Frame93

# x        y
8.4593     2.1959    
10.5549    11.7482   
13.2683    6.8116    
17.2021    1.5738    
11.4906    4.8130    
14.4333    11.4637   

# Frame94

# x        y
8.4835     2.2169    
10.5549    11.7482   
13.2996    6.8245    
17.2641    1.5349    
11.5328    4.8167    
14.4311    11.5234   

# Frame95

# x        y
8.5073     2.2376    
10.5549    11.7482   
13.3303    6.8372    
17.3251    1.4967    
11.5743    4.8203    
14.4289    11.5821   

# Frame96

# x        y
8.5307     2.2580    
10.5549    11.7482   
13.3606    6.8497    
17.3851    1.4592    
11.6151    4.8238    
14.4268    11.6398   

# Frame97

# x        y
8.5537     2.2780    
10.5549    11.7482   
13.3903    6.8619    
17.4440    1.4223    
11.6553    4.8273    
14.4247    11.6966   

# Frame98

# x        y
8.5763     2.2977    
10.5549    11.7482   
13.4196    6.8740    
17.5020    1.3859    
11.6947    4.8307    
14.4226    11.7524   

# Frame99

# x        y
8.5985     2.3170    
10.5549    11.7482   
13.4483    6.8859    
17.5590    1.3502    
11.7336    4.8340    
14.4205    11.8073   

# Frame100

# x        y
8.6204     2.3360    
10.5549    11.7482   
13.4766    6.8975    
17.6151    1.3151    
11.7717    4.8373    
14.4185    11.8613   

# Frame101

# x        y
8.6419     2.3547    
10.5549    11.7482   
13.5044    6.9090    
17.6702    1.2806    
11.8092    4.8406    
14.4165    11.9144   

# Frame102

# x        y
8.6630     2.3731    
10.5549    11.7482   
13.5317    6.9203    
17.7244    1.2466    
11.8462    4.8438    
14.4146    11.9666   

# Frame103

# x        y
8.6838     2.3912    
10.5549    11.7482   
13.5586    6.9314    
17.7777    1.2132    
11.8824    4.8469    
14.4127    12.0179   

# Frame104

# x        y
8.7043     2.4090    
10.5549    11.7482   
13.5850    6.9423    
17.8301    1.1804    
11.9181    4.8500    
14.4108    12.0684   

# Frame105

# x        y
8.7244     2.4265    
10.5549    11.7482   
13.6110    6.9530    
17.8817    1.1481    
11.9532    4.8530    
14.4090    12.1180   

# Frame106

# x        y
8.7441     2.4437    
10.5549    11.7482   
13.6366    6.9636    
17.9323    1.1164    
11.9877    4.8560    
14.4071    12.1668   

# Frame107

# x        y
8.7636     2.4606    
10.5549    11.7482   
13.6617    6.9740    
17.9822    1.0852    
12.0216    4.8589    
14.4054    12.2148   

# Frame108

# x        y
8.7827     2.4773    
10.5549    11.7482   
13.6865    6.9842    
18.0312    1.0545    
12.0550    4.8618    
14.4036    12.2620   

# Frame109

# x        y
8.8015     2.4936    
10.5549    11.7482   
13.7108    6.9942    
18.0794    1.0243    
12.0878    4.8646    
14.4019    12.3084   

# Frame110

# x        y
8.8200     2.5097    
10.5549    11.7482   
13.7347    7.0041    
18.1268    0.9946    
12.1201    4.8674    
14.4002    12.3540   

# Frame111

# x        y
8.8382     2.5255    
10.5549    11.7482   
13.7582    7.0138    
18.1571    1.0194    
12.1518    4.8702    
14.3985    12.3989   

# Frame112

# x        y
8.8560     2.5411    
10.5549    11.7482   
13.7813    7.0233    
18.1868    1.0338    
12.1830    4.8729    
14.3969    12.4430   

# Frame113

# x        y
8.8736     2.5564    
10.5549    11.7482   
13.8040    7.0327    
18.2161    1.0479    
12.2137    4.8755    
14.3952    12.4864   

# Frame114

# x        y
8.8909     2.5714    
10.5549    11.7482   
13.8263    7.0419    
18.2449    1.0618    
12.2438    4.8781    
14.3937    12.5290   

# Frame115

# x        y
8.9079     2.5862    
10.5549    11.7482   
13.8483    7.0510    
18.2732    1.0754    
12.2735    4.8807    
14.3921    12.5710   

# Frame116

# x        y
8.9246     2.6007    
10.5549    11.7482   
13.8699    7.0599    
18.3011    1.0888    
12.3026    4.8832    
14.3906    12.6122   

# Frame117

# x        y
8.9410     2.6150    
10.5549    11.7482   
13.8912    7.0687    
18.3284    1.1020    
12.3313    4.8857    
14.3890    12.6528   

# Frame118

# x        y
8.9572     2.6291    
10.5549    11.7482   
13.9121    7.0773    
18.3554    1.1150    
12.3595    4.8881    
14.3876    12.6927   

# Frame119

# x        y
8.9731     2.6429    
10.5549    11.7482   
13.9326    7.0858    
18.3818    1.1278    
12.3873    4.8905    
14.3861    12.7319   

# Frame120

# x        y
8.9887     2.6565    
10.5549    11.7482   
13.9528    7.0941    
18.4079    1.1403    
12.4145    4.8929    
14.3847    12.7705   

# Frame121

# x        y
9.0041     2.6699    
10.5549    11.7482   
13.9727    7.1023    
18.4335    1.1526    
12.4413    4.8952    
14.3832    12.8084   

# Frame122

# x        y
9.0192     2.6830    
10.5549    11.7482   
13.9922    7.1104    
18.4586    1.1648    
12.4677    4.8975    
14.3819    12.8457   

# Frame123

# x        y
9.0340     2.6960    
10.5549    11.7482   
14.0114    7.1183    
18.4834    1.1767    
12.4936    4.8997    
14.3805    12.8823   

# Frame124

# x        y
9.0486     2.7087    
10.5549    11.7482   
14.0303    7.1261    
18.5077    1.1884    
12.5191    4.9019    
14.3792    12.9184   

# Frame125

# x        y
9.0630     2.7212    
10.5549    11.7482   
14.0489    7.1338    
18.5317    1.2000    
12.5442    4.9041    
14.3778    12.9539   

# Frame126

# x        y
9.0771     2.7335    
10.5549    11.7482   
14.0671    7.1413    
18.5552    1.2113    
12.5689    4.9062    
14.3765    12.9887   

# Frame127

# x        y
9.0910     2.7456    
10.5549    11.7482   
14.0851    7.1487    
18.5783    1.2225    
12.5931    4.9083    
14.3753    13.0230   

# Frame128

# x        y
9.1047     2.7574    
10.5549    11.7482   
14.1027    7.1560    
18.6011    1.2334    
12.6169    4.9104    
14.3740    13.0567   

# Frame129

# x        y
9.1181     2.7691    
10.5549    11.7482   
14.1201    7.1632    
18.6235    1.2442    
12.6404    4.9124    
14.3728    13.0899   

# Frame130

# x        y
9.1313     2.7806    
10.5549    11.7482   
14.1372    7.1702    
18.6455    1.2548    
12.6634    4.9144    
14.3715    13.1225   

# Frame131

# x        y
9.1443     2.7919    
10.5549    11.7482   
14.1540    7.1772    
18.6671    1.2652    
12.6861    4.9163    
14.3704    13.1545   

# Frame132

# x        y
9.1571     2.8030    
10.5549    11.7482   
14.1705    7.1840    
18.6884    1.2755    
12.7084    4.9183    
14.3692    13.1861   

# Frame133

# x        y
9.1696     2.8140    
10.5549    11.7482   
14.1867    7.1907    
18.7093    1.2856    
12.7303    4.9202    
14.3680    13.2171   

# Frame134

# x        y
9.1820     2.8247    
10.5549    11.7482   
14.2027    7.1973    
18.7299    1.2955    
12.7519    4.9220    
14.3669    13.2475   

# Frame135

# x        y
9.1941     2.8353    
10.5549    11.7482   
14.2184    7.2038    
18.7501    1.3052    
12.7730    4.9239    
14.3658    13.2775   

# Frame136

# x        y
9.2061     2.8457    
10.5549    11.7482   
14.2338    7.2101    
18.7700    1.3148    
12.7939    4.9257    
14.3647    13.3070   

# Frame137

# x        y
9.2178     2.8559    
10.5549    11.7482   
14.2490    7.2164    
18.7896    1.3242    
12.8144    4.9274    
14.3636    13.3360   

# Frame138

# x        y
9.2294     2.8659    
10.5549    11.7482   
14.2639    7.2226    
18.8088    1.3335    
12.8345    4.9292    
14.3625    13.3645   

# Frame139

# x        y
9.2407     2.8758    
10.5549    11.7482   
14.2786    7.2286    
18.8277    1.3426    
12.8543    4.9309    
14.3615    13.3925   

# Frame140

# x        y
9.2519     2.8855    
10.5549    11.7482   
14.2931    7.2346    
18.8463    1.3516    
12.8738    4.9326    
14.3605    13.4201   

# Frame141

# x        y
9.2629     2.8951    
10.5549    11.7482   
14.3073    7.2404    
18.8646    1.3604    
12.8930    4.9342    
14.3595    13.4472   

# Frame142

# x        y
9.2737     2.9045    
10.5549    11.7482   
14.3212    7.2462    
18.8826    1.3691    
12.9118    4.9359    
14.3585    13.4738   

# Frame143

# x        y
9.2843     2.9137    
10.5549    11.7482   
14.3349    7.2519    
18.9003    1.3776    
12.9304    4.9375    
14.3575    13.5000   

# Frame144

# x        y
9.2947     2.9228    
10.5549    11.7482   
14.3484    7.2574    
18.9177    1.3860    
12.9486    4.9390    
14.3565    13.5258   

# Frame145

# x        y
9.3050     2.9317    
10.5549    11.7482   
14.3617    7.2629    
18.9348    1.3942    
12.9665    4.9406    
14.3556    13.5511   

# Frame146

# x        y
9.3151     2.9405    
10.5549    11.7482   
14.3748    7.2683    
18.9516    1.4023    
12.9841    4.9421    
14.3547    13.5760   

# Frame147

# x        y
9.3250     2.9491    
10.5549    11.7482   
14.3876    7.2736    
18.9681    1.4103    
13.0014    4.9436    
14.3537    13.6005   

# Frame148

# x        y
9.3348     2.9576    
10.5549    11.7482   
14.4002    7.2788    
18.9844    1.4181    
13.0185    4.9451    
14.3528    13.6246   

# Frame149

# x        y
9.3443     2.9660    
10.5549    11.7482   
14.4126    7.2839    
19.0004    1.4258    
13.0352    4.9465    
14.3520    13.6483   

# Frame150

# x        y
9.3538     2.9742    
10.5549    11.7482   
14.4248    7.2890    
18.9993    1.4336    
13.0517    4.9479    
14.3511    13.6716   

# Frame151

# x        y
9.3631     2.9823    
10.5549    11.7482   
14.4368    7.2939    
18.9984    1.4412    
13.0679    4.9493    
14.3502    13.6945   

# Frame152

# x        y
9.3722     2.9902    
10.5549    11.7482   
14.4486    7.2988    
18.9978    1.4487    
13.0838    4.9507    
14.3494    13.7170   

# Frame153

# x        y
9.3812     2.9980    
10.5549    11.7482   
14.4602    7.3036    
18.9972    1.4561    
13.0995    4.9521    
14.3486    13.7392   

# Frame154

# x        y
9.3900     3.0057    
10.5549    11.7482   
14.4716    7.3083    
18.9968    1.4633    
13.1149    4.9534    
14.3478    13.7610   

# Frame155

# x        y
9.3987     3.0132    
10.5549    11.7482   
14.4828    7.3129    
18.9964    1.4704    
13.1300    4.9547    
14.3470    13.7824   

# Frame156

# x        y
9.4072     3.0207    
10.5549    11.7482   
14.4939    7.3175    
18.9961    1.4774    
13.1449    4.9560    
14.3462    13.8034   

# Frame157

# x        y
9.4156     3.0280    
10.5549    11.7482   
14.5047    7.3220    
18.9959    1.4843    
13.1595    4.9573    
14.3454    13.8241   

# Frame158

# x        y
9.4238     3.0351    
10.5549    11.7482   
14.5154    7.3264    
18.9957    1.4911    
13.1739    4.9585    
14.3447    13.8445   

# Frame159

# x        y
9.4319     3.0422    
10.5549    11.7482   
14.5259    7.3307    
18.9956    1.4978    
13.1881    4.9597    
14.3439    13.8645   

# Frame160

# x        y
9.4399     3.0491    
10.5549    11.7482   
14.5362    7.3350    
18.9955    1.5043    
13.2020    4.9609    
14.3432    13.8842   

# Frame161

# x        y
9.4478     3.0560    
10.5549    11.7482   
14.5463    7.3391    
18.9954    1.5108    
13.2157    4.9621    
14.3425    13.9036   

# Frame162

# x        y
9.4555     3.0627    
10.5549    11.7482   
14.5563    7.3433    
18.9953    1.5171    
13.2292    4.9633    
14.3417    13.9226   

# Frame163

# x        y
9.4631     3.0693    
10.5549    11.7482   
14.5661    7.3473    
18.9952    1.5233    
13.2424    4.9644    
14.3410    13.9413   

# Frame164

# x        y
9.4705     3.0758    
10.5549    11.7482   
14.5757    7.3513    
18.9952    1.5295    
13.2554    4.9655    
14.3404    13.9598   

# Frame165

# x        y
9.4779     3.0822    
10.5549    11.7482   
14.5852    7.3552    
18.9952    1.5355    
13.2682    4.9667    
14.3397    13.9779   

# Frame166

# x        y
9.4851     3.0884    
10.5549    11.7482   
14.5946    7.3590    
18.9951    1.5414    
13.2808    4.9677    
14.3390    13.9957   

# Frame167

# x        y
9.4922     3.0946    
10.5549    11.7482   
14.6037    7.3628    
18.9951    1.5472    
13.2932    4.9688    
14.3384    14.0132   

# Frame168

# x        y
9.4991     3.1007    
10.5549    11.7482   
14.6127    7.3666    
18.9951    1.5530    
13.3053    4.9699    
14.3377    14.0304   

# Frame169

# x        y
9.5060     3.1066    
10.5549    11.7482   
14.6216    7.3702    
18.9951    1.5586    
13.3173    4.9709    
14.3371    14.0473   

# Frame170

# x        y
9.5127     3.1125    
10.5549    11.7482   
14.6303    7.3738    
18.9951    1.5641    
13.3291    4.9719    
14.3365    14.0639   

# Frame171

# x        y
9.5194     3.1183    
10.5549    11.7482   
14.6389    7.3774    
18.9950    1.5696    
13.3407    4.9729    
14.3359    14.0803   

# Frame172

# x        y
9.5259     3.1239    
10.5549    11.7482   
14.6473    7.3808    
18.9950    1.5749    
13.3520    4.9739    
14.3353    14.0964   

# Frame173

# x        y
9.5323     3.1295    
10.5549    11.7482   
14.6556    7.3843    
18.9950    1.5802    
13.3632    4.9749    
14.3347    14.1122   

# Frame174

# x        y
9.5386     3.1350    
10.5549    11.7482   
14.6638    7.3876    
18.9950    1.5854    
13.3742    4.9758    
14.3341    14.1278   

# Frame175

# x        y
9.5448     3.1404    
10.5549    11.7482   
14.6718    7.3909    
18.9950    1.5905    
13.3850    4.9767    
14.3335    14.1431   

# Frame176

# x        y
9.5509     3.1457    
10.5549    11.7482   
14.6797    7.3942    
18.9950    1.5955    
13.3957    4.9777    
14.3330    14.1581   

# Frame177

# x        y
9.5569     3.1509    
10.5549    11.7482   
14.6874    7.3974    
18.9950    1.6004    
13.4061    4.9786    
14.3324    14.1729   

# Frame178

# x        y
9.5628     3.1561    
10.5549    11.7482   
14.6950    7.4005    
18.9950    1.6052    
13.4164    4.9795    
14.3319    14.1875   

# Frame179

# x        y
9.5686     3.1611    
10.5549    11.7482   
14.7025    7.4036    
18.9950    1.6100    
13.4266    4.9803    
14.3313    14.2018   

# Frame180

# x        y
9.5743     3.1661    
10.5549    11.7482   
14.7099    7.4067    
18.9950    1.6147    
13.4365    4.9812    
14.3308    14.2159   

# Frame181

# x        y
9.5799     3.1709    
10.5549    11.7482   
14.7171    7.4097    
18.9950    1.6193    
13.4463    4.9820    
14.3303    14.2297   

# Frame182

# x        y
9.5854     3.1757    
10.5549    11.7482   
14.7243    7.4126    
18.9950    1.6238    
13.4559    4.9829    
14.3298    14.2433   

# Frame183

# x        y
9.5908     3.1804    
10.5549    11.7482   
14.7313    7.4155    
18.9950    1.6282    
13.4654    4.9837    
14.3293    14.2567   

# Frame184

# x        y
9.5962     3.1851    
10.5549    11.7482   
14.7382    7.4183    
18.9950    1.6326    
13.4747    4.9845    
14.3288    14.2698   

# Frame185

# x        y
9.6014     3.1896    
10.5549    11.7482   
14.7449    7.4211    
18.9950    1.6369    
13.4838    4.9853    
14.3283    14.2828   

# Frame186

# x        y
9.6065     3.1941    
10.5549    11.7482   
14.7516    7.4239    
18.9950    1.6412    
13.4928    4.9861    
14.3279    14.2955   

# Frame187

# x        y
9.6116     3.1985    
10.5549    11.7482   
14.7582    7.4266    
18.9950    1.6453    
13.5016    4.9868    
14.3274    14.3080   

# Frame188

# x        y
9.6166     3.2029    
10.5549    11.7482   
14.7646    7.4292    
18.9950    1.6494    
13.5103    4.9876    
14.3269    14.3203   

# Frame189

# x        y
9.6215     3.2071    
10.5549    11.7482   
14.7709    7.4319    
18.9950    1.6534    
13.5189    4.9883    
14.3265    14.3324   

# Frame190

# x        y
9.6263     3.2113    
10.5549    11.7482   
14.7772    7.4344    
18.9950    1.6574    
13.5273    4.9890    
14.3260    14.3443   

# Frame191

# x        y
9.6311     3.2155    
10.5549    11.7482   
14.7833    7.4370    
18.9950    1.6613    
13.5356    4.9898    
14.3256    14.3560   

# Frame192

# x        y
9.6357     3.2195    
10.5549    11.7482   
14.7893    7.4394    
18.9950    1.6651    
13.5437    4.9905    
14.3252    14.3675   

# Frame193

# x        y
9.6403     3.2235    
10.5549    11.7482   
14.7952    7.4419    
18.9950    1.6689    
13.5517    4.9911    
14.3248    14.3788   

# Frame194

# x        y
9.6448     3.2274    
10.5549    11.7482   
14.8011    7.4443    
18.9950    1.6726    
13.5596    4.9918    
14.3243    14.3899   

# Frame195

# x        y
9.6492     3.2313    
10.5549    11.7482   
14.8068    7.4467    
18.9950    1.6762    
13.5673    4.9925    
14.3239    14.4008   

# Frame196

# x        y
9.6536     3.2351    
10.5549    11.7482   
14.8124    7.4490    
18.9950    1.6798    
13.5749    4.9932    
14.3235    14.4116   

# Frame197

# x        y
9.6579     3.2388    
10.5549    11.7482   
14.8180    7.4513    
18.9950    1.6833    
13.5824    4.9938    
14.3231    14.4222   

# Frame198

# x        y
9.6621     3.2425    
10.5549    11.7482   
14.8234    7.4535    
18.9950    1.6868    
13.5897    4.9944    
14.3227    14.4326   

# Frame199

# x        y
9.6662     3.2461    
10.5549    11.7482   
14.8288    7.4557    
18.9950    1.6902    
13.5969    4.9951    
14.3224    14.4428   

# Frame200

# x        y
9.6703     3.2496    
10.5549    11.7482   
14.8340    7.4579    
18.9950    1.6935    
13.6041    4.9957    
14.3220    14.4528   

# Frame201

# x        y
9.6743     3.2531    
10.5549    11.7482   
14.8392    7.4600    
18.9950    1.6968    
13.6110    4.9963    
14.3216    14.4627   

# Frame202

# x        y
9.6782     3.2565    
10.5549    11.7482   
14.8443    7.4621    
18.9950    1.7000    
13.6179    4.9969    
14.3213    14.4724   

# Frame203

# x        y
9.6821     3.2599    
10.5549    11.7482   
14.8493    7.4642    
18.9950    1.7032    
13.6247    4.9975    
14.3209    14.4820   

# Frame204

# x        y
9.6859     3.2632    
10.5549    11.7482   
14.8542    7.4662    
18.9950    1.7063    
13.6313    4.9980    
14.3206    14.4914   

# Frame205

# x        y
9.6897     3.2665    
10.5549    11.7482   
14.8591    7.4682    
18.9950    1.7094    
13.6379    4.9986    
14.3202    14.5006   

# Frame206

# x        y
9.6933     3.2697    
10.5549    11.7482   
14.8638    7.4702    
18.9950    1.7124    
13.6443    4.9991    
14.3199    14.5097   

# Frame207

# x        y
9.6970     3.2728    
10.5549    11.7482   
14.8685    7.4721    
18.9950    1.7154    
13.6506    4.9997    
14.3195    14.5187   

# Frame208

# x        y
9.7005     3.2759    
10.5549    11.7482   
14.8731    7.4740    
18.9950    1.7183    
13.6568    5.0002    
14.3192    14.5275   

# Frame209

# x        y
9.7040     3.2789    
10.5549    11.7482   
14.8776    7.4759    
18.9950    1.7212    
13.6629    5.0008    
14.3189    14.5361   

# Frame210

# x        y
9.7075     3.2819    
10.5549    11.7482   
14.8821    7.4777    
18.9950    1.7240    
13.6689    5.0013    
14.3186    14.5446   

# Frame211

# x        y
9.7109     3.2849    
10.5549    11.7482   
14.8865    7.4796    
18.9950    1.7268    
13.6748    5.0018    
14.3183    14.5530   

# Frame212

# x        y
9.7142     3.2878    
10.5549    11.7482   
14.8908    7.4813    
18.9950    1.7295    
13.6806    5.0023    
14.3180    14.5612   

# Frame213

# x        y
9.7175     3.2906    
10.5549    11.7482   
14.8950    7.4831    
18.9950    1.7322    
13.6864    5.0028    
14.3177    14.5692   

# Frame214

# x        y
9.7207     3.2934    
10.5549    11.7482   
14.8992    7.4848    
18.9950    1.7349    
13.6920    5.0033    
14.3174    14.5772   

# Frame215

# x        y
9.7238     3.2962    
10.5549    11.7482   
14.9033    7.4865    
18.9950    1.7375    
13.6975    5.0037    
14.3171    14.5850   

# Frame216

# x        y
9.7270     3.2989    
10.5549    11.7482   
14.9073    7.4881    
18.9950    1.7400    
13.7029    5.0042    
14.3168    14.5927   

# Frame217

# x        y
9.7300     3.3016    
10.5549    11.7482   
14.9112    7.4898    
18.9950    1.7425    
13.7083    5.0047    
14.3165    14.6002   

# Frame218

# x        y
9.7330     3.3042    
10.5549    11.7482   
14.9151    7.4914    
18.9950    1.7450    
13.7135    5.0051    
14.3162    14.6077   

# Frame219

# x        y
9.7360     3.3068    
10.5549    11.7482   
14.9189    7.4930    
18.9950    1.7474    
13.7187    5.0056    
14.3160    14.6150   

# Frame220

# x        y
9.7389     3.3093    
10.5549    11.7482   
14.9227    7.4945    
18.9950    1.7498    
13.7238    5.0060    
14.3157    14.6222   

# Frame221

# x        y
9.7418     3.3118    
10.5549    11.7482   
14.9264    7.4960    
18.9950    1.7522    
13.7288    5.0064    
14.3154    14.6292   

# Frame222

# x        y
9.7446     3.3142    
10.5549    11.7482   
14.9300    7.4975    
18.9950    1.7545    
13.7337    5.0069    
14.3152    14.6362   

# Frame223

# x        y
9.7473     3.3166    
10.5549    11.7482   
14.9336    7.4990    
18.9950    1.7568    
13.7385    5.0073    
14.3149    14.6430   

# Frame224

# x        y
9.7501     3.3190    
10.5549    11.7482   
14.9371    7.5005    
18.9950    1.7590    
13.7433    5.0077    
14.3147    14.6497   

# Frame225

# x        y
9.7527     3.3213    
10.5549    11.7482   
14.9406    7.5019    
18.9950    1.7612    
13.7479    5.0081    
14.3144    14.6563   

# Frame226

# x        y
9.7554     3.3236    
10.5549    11.7482   
14.9440    7.5033    
18.9950    1.7634    
13.7525    5.0085    
14.3142    14.6628   

# Frame227

# x        y
9.7579     3.3259    
10.5549    11.7482   
14.9473    7.5047    
18.9950    1.7655    
13.7570    5.0089    
14.3139    14.6692   

# Frame228

# x        y
9.7605     3.3281    
10.5549    11.7482   
14.9506    7.5060    
18.9950    1.7676    
13.7615    5.0093    
14.3137    14.6755   

# Frame229

# x        y
9.7630     3.3303    
10.5549    11.7482   
14.9539    7.5074    
18.9950    1.7696    
13.7658    5.0097    
14.3135    14.6817   

# Frame230

# x        y
9.7655     3.3324    
10.5549    11.7482   
14.9571    7.5087    
18.9950    1.7717    
13.7701    5.0100    
14.3132    14.6877   

# Frame231

# x        y
9.7679     3.3345    
10.5549    11.7482   
14.9602    7.5100    
18.9950    1.7736    
13.7743    5.0104    
14.3130    14.6937   

# Frame232

# x        y
9.7703     3.3366    
10.5549    11.7482   
14.9633    7.5113    
18.9950    1.7756    
13.7785    5.0107    
14.3128    14.6996   

# Frame233

# x        y
9.7726     3.3386    
10.5549    11.7482   
14.9663    7.5125    
18.9950    1.7775    
13.7826    5.0111    
14.3126    14.7053   

# Frame234

# x        y
9.7749     3.3406    
10.5549    11.7482   
14.9693    7.5137    
18.9950    1.7794    
13.7866    5.0114    
14.3124    14.7110   

# Frame235

# x        y
9.7772     3.3426    
10.5549    11.7482   
14.9722    7.5149    
18.9950    1.7813    
13.7905    5.0118    
14.3122    14.7166   

# Frame236

# x        y
9.7794     3.3445    
10.5549    11.7482   
14.9751    7.5161    
18.9950    1.7831    
13.7944    5.0121    
14.3120    14.7221   

# Frame237

# x        y
9.7816     3.3464    
10.5549    11.7482   
14.9779    7.5173    
18.9950    1.7849    
13.7982    5.0125    
14.3118    14.7275   

# Frame238

# x        y
9.7837     3.3483    
10.5549    11.7482   
14.9807    7.5184    
18.9950    1.7866    
13.8020    5.0128    
14.3116    14.7328   

# Frame239

# x        y
9.7858     3.3501    
10.5549    11.7482   
14.9834    7.5196    
18.9950    1.7884    
13.8057    5.0131    
14.3114    14.7380   

# Frame240

# x        y
9.7879     3.3519    
10.5549    11.7482   
14.9861    7.5207    
18.9950    1.7901    
13.8093    5.0134    
14.3112    14.7431   

# Frame241

# x        y
9.7900     3.3537    
10.5549    11.7482   
14.9887    7.5218    
18.9950    1.7918    
13.8129    5.0137    
14.3110    14.7482   

# Frame242

# x        y
9.7920     3.3555    
10.5549    11.7482   
14.9913    7.5228    
18.9950    1.7934    
13.8164    5.0140    
14.3108    14.7532   

# Frame243

# x        y
9.7939     3.3572    
10.5549    11.7482   
14.9939    7.5239    
18.9950    1.7950    
13.8198    5.0143    
14.3106    14.7580   

# Frame244

# x        y
9.7959     3.3589    
10.5549    11.7482   
14.9964    7.5249    
18.9950    1.7966    
13.8232    5.0146    
14.3104    14.7628   

# Frame245

# x        y
9.7978     3.3605    
10.5549    11.7482   
14.9989    7.5260    
18.9950    1.7982    
13.8266    5.0149    
14.3103    14.7676   

# Frame246

# x        y
9.7997     3.3622    
10.5549    11.7482   
15.0013    7.5270    
18.9950    1.7998    
13.8298    5.0152    
14.3101    14.7722   

# Frame247

# x        y
9.8015     3.3638    
10.5549    11.7482   
15.0037    7.5279    
18.9950    1.8013    
13.8331    5.0155    
14.3099    14.7768   

# Frame248

# x        y
9.8033     3.3654    
10.5549    11.7482   
15.0060    7.5289    
18.9950    1.8028    
13.8362    5.0157    
14.3098    14.7812   

# Frame249

# x        y
9.8051     3.3669    
10.5549    11.7482   
15.0083    7.5299    
18.9950    1.8042    
13.8394    5.0160    
14.3096    14.7857   

# Frame250

# x        y
9.8069     3.3685    
10.5549    11.7482   
15.0106    7.5308    
18.9950    1.8057    
13.8424    5.0163    
14.3094    14.7900   

# Frame251

# x        y
9.8086     3.3700    
10.5549    11.7482   
15.0129    7.5317    
18.9950    1.8071    
13.8454    5.0165    
14.3093    14.7943   

# Frame252

# x        y
9.8103     3.3714    
10.5549    11.7482   
15.0151    7.5326    
18.9950    1.8085    
13.8484    5.0168    
14.3091    14.7985   

# Frame253

# x        y
9.8120     3.3729    
10.5549    11.7482   
15.0172    7.5335    
18.9950    1.8099    
13.8513    5.0170    
14.3090    14.8026   

# Frame254

# x        y
9.8136     3.3743    
10.5549    11.7482   
15.0193    7.5344    
18.9950    1.8112    
13.8542    5.0173    
14.3088    14.8066   

# Frame255

# x        y
9.8152     3.3757    
10.5549    11.7482   
15.0214    7.5353    
18.9950    1.8125    
13.8570    5.0175    
14.3087    14.8106   

# Frame256

# x        y
9.8168     3.3771    
10.5549    11.7482   
15.0235    7.5361    
18.9950    1.8138    
13.8598    5.0178    
14.3085    14.8145   

# Frame257

# x        y
9.8184     3.3785    
10.5549    11.7482   
15.0255    7.5370    
18.9950    1.8151    
13.8625    5.0180    
14.3084    14.8184   

# Frame258

# x        y
9.8199     3.3798    
10.5549    11.7482   
15.0275    7.5378    
18.9950    1.8164    
13.8652    5.0182    
14.3082    14.8222   

# Frame259

# x        y
9.8214     3.3811    
10.5549    11.7482   
15.0294    7.5386    
18.9950    1.8176    
13.8678    5.0185    
14.3081    14.8259   

# Frame260

# x        y
9.8229     3.3824    
10.5549    11.7482   
15.0314    7.5394    
18.9950    1.8188    
13.8704    5.0187    
14.3080    14.8296   

# Frame261

# x        y
9.8244     3.3837    
10.5549    11.7482   
15.0333    7.5401    
18.9950    1.8200    
13.8730    5.0189    
14.3078    14.8332   

# Frame262

# x        y
9.8258     3.3849    
10.5549    11.7482   
15.0351    7.5409    
18.9950    1.8212    
13.8755    5.0191    
14.3077    14.8367   

# Frame263

# x        y
9.8272     3.3862    
10.5549    11.7482   
15.0369    7.5417    
18.9950    1.8224    
13.8780    5.0193    
14.3076    14.8402   

# Frame264

# x        y
9.8286     3.3874    
10.5549    11.7482   
15.0387    7.5424    
18.9950    1.8235    
13.8804    5.0196    
14.3074    14.8437   

# Frame265

# x        y
9.8300     3.3886    
10.5549    11.7482   
15.0405    7.5431    
18.9950    1.8247    
13.8828    5.0198    
14.3073    14.8470   

# Frame266

# x        y
9.8313     3.3897    
10.5549    11.7482   
15.0422    7.5439    
18.9950    1.8258    
13.8851    5.0200    
14.3072    14.8503   

# Frame267

# x        y
9.8327     3.3909    
10.5549    11.7482   
15.0439    7.5446    
18.9950    1.8268    
13.8874    5.0202    
14.3071    14.8536   

# Frame268

# x        y
9.8340     3.3920    
10.5549    11.7482   
15.0456    7.5453    
18.9950    1.8279    
13.8897    5.0204    
14.3069    14.8568   

# Frame269

# x        y
9.8352     3.3931    
10.5549    11.7482   
15.0473    7.5459    
18.9950    1.8290    
13.8919    5.0205    
14.3068    14.8600   

# Frame270

# x        y
9.8365     3.3942    
10.5549    11.7482   
15.0489    7.5466    
18.9950    1.8300    
13.8941    5.0207    
14.3067    14.8631   

# Frame271

# x        y
9.8377     3.3953    
10.5549    11.7482   
15.0505    7.5473    
18.9950    1.8310    
13.8963    5.0209    
14.3066    14.8661   

# Frame272

# x        y
9.8389     3.3963    
10.5549    11.7482   
15.0521    7.5479    
18.9950    1.8320    
13.8984    5.0211    
14.3065    14.8691   

# Frame273

# x        y
9.8401     3.3974    
10.5549    11.7482   
15.0536    7.5486    
18.9950    1.8330    
13.9005    5.0213    
14.3064    14.8721   

# Frame274

# x        y
9.8413     3.3984    
10.5549    11.7482   
15.0551    7.5492    
18.9950    1.8339    
13.9025    5.0215    
14.3063    14.8750   

# Frame275

# x        y
9.8425     3.3994    
10.5549    11.7482   
15.0566    7.5498    
18.9950    1.8349    
13.9045    5.0216    
14.3062    14.8778   

# Frame276

# x        y
9.8436     3.4004    
10.5549    11.7482   
15.0581    7.5504    
18.9950    1.8358    
13.9065    5.0218    
14.3061    14.8806   

# Frame277

# x        y
9.8447     3.4014    
10.5549    11.7482   
15.0595    7.5510    
18.9950    1.8367    
13.9085    5.0220    
14.3060    14.8834   

# Frame278

# x        y
9.8458     3.4023    
10.5549    11.7482   
15.0609    7.5516    
18.9950    1.8376    
13.9104    5.0221    
14.3059    14.8861   

# Frame279

# x        y
9.8469     3.4033    
10.5549    11.7482   
15.0623    7.5522    
18.9950    1.8385    
13.9123    5.0223    
14.3058    14.8887   

# Frame280

# x        y
9.8480     3.4042    
10.5549    11.7482   
15.0637    7.5527    
18.9950    1.8394    
13.9141    5.0225    
14.3057    14.8914   

# Frame281

# x        y
9.8490     3.4051    
10.5549    11.7482   
15.0651    7.5533    
18.9950    1.8403    
13.9159    5.0226    
14.3056    14.8939   

# Frame282

# x        y
9.8500     3.4060    
10.5549    11.7482   
15.0664    7.5538    
18.9950    1.8411    
13.9177    5.0228    
14.3055    14.8965   

# Frame283

# x        y
9.8510     3.4069    
10.5549    11.7482   
15.0677    7.5544    
18.9950    1.8419    
13.9195    5.0229    
14.3054    14.8990   

# Frame284

# x        y
9.8520     3.4077    
10.5549    11.7482   
15.0690    7.5549    
18.9950    1.8427    
13.9212    5.0231    
14.3053    14.9014   

# Frame285

# x        y
9.8530     3.4086    
10.5549    11.7482   
15.0702    7.5554    
18.9950    1.8435    
13.9229    5.0232    
14.3052    14.9038   

# Frame286

# x        y
9.8540     3.4094    
10.5549    11.7482   
15.0715    7.5559    
18.9950    1.8443    
13.9246    5.0234    
14.3051    14.9062   

# Frame287

# x        y
9.8549     3.4102    
10.5549    11.7482   
15.0727    7.5564    
18.9950    1.8451    
13.9262    5.0235    
14.3050    14.9085   

# Frame288

# x        y
9.8558     3.4110    
10.5549    11.7482   
15.0739    7.5569    
18.9950    1.8459    
13.9279    5.0237    
14.3049    14.9108   

# Frame289

# x        y
9.8567     3.4118    
10.5549    11.7482   
15.0751    7.5574    
18.9950    1.8466    
13.9294    5.0238    
14.3049    14.9131   

# Frame290

# x        y
9.8576     3.4126    
10.5549    11.7482   
15.0762    7.5579    
18.9950    1.8474    
13.9310    5.0239    
14.3048    14.9153   

# Frame291

# x        y
9.8585     3.4134    
10.5549    11.7482   
15.0774    7.5584    
18.9950    1.8481    
13.9326    5.0241    
14.3047    14.9174   

# Frame292

# x        y
9.8594     3.4141    
10.5549    11.7482   
15.0785    7.5588    
18.9950    1.8488    
13.9341    5.0242    
14.3046    14.9196   

# Frame293

# x        y
9.8602     3.4149    
10.5549    11.7482   
15.0796    7.5593    
18.9950    1.8495    
13.9356    5.0243    
14.3045    14.9217   

# Frame294

# x        y
9.8611     3.4156    
10.5549    11.7482   
15.0807    7.5597    
18.9950    1.8502    
13.9370    5.0244    
14.3045    14.9238   

# Frame295

# x        y
9.8619     3.4163    
10.5549    11.7482   
15.0818    7.5602    
18.9950    1.8509    
13.9385    5.0246    
14.3044    14.9258   

# Frame296

# x        y
9.8627     3.4170    
10.5549    11.7482   
15.0828    7.5606    
18.9950    1.8515    
13.9399    5.0247    
14.3043    14.9278   

# Frame297

# x        y
9.8635     3.4177    
10.5549    11.7482   
15.0838    7.5610    
18.9950    1.8522    
13.9413    5.0248    
14.3042    14.9298   

# Frame298

# x        y
9.8643     3.4184    
10.5549    11.7482   
15.0849    7.5615    
18.9950    1.8528    
13.9426    5.0249    
14.3042    14.9317   

# Frame299

# x        y
9.8651     3.4191    
10.5549    11.7482   
15.0859    7.5619    
18.9950    1.8535    
13.9440    5.0250    
14.3041    14.9336   

# Frame300

# x        y
9.8658     3.4197    
10.5549    11.7482   
15.0868    7.5623    
18.9950    1.8541    
13.9453    5.0252    
14.3040    14.9355   

# Frame301

# x        y
9.8666     3.4204    
10.5549    11.7482   
15.0878    7.5627    
18.9950    1.8547    
13.9466    5.0253    
14.3039    14.9373   

# Frame302

# x        y
9.8673     3.4210    
10.5549    11.7482   
15.0887    7.5631    
18.9950    1.8553    
13.9479    5.0254    
14.3039    14.9391   

# Frame303

# x        y
9.8680     3.4217    
10.5549    11.7482   
15.0897    7.5634    
18.9950    1.8559    
13.9491    5.0255    
14.3038    14.9409   

# Frame304

# x        y
9.8687     3.4223    
10.5549    11.7482   
15.0906    7.5638    
18.9950    1.8565    
13.9504    5.0256    
14.3038    14.9427   

# Frame305

# x        y
9.8694     3.4229    
10.5549    11.7482   
15.0915    7.5642    
18.9950    1.8570    
13.9516    5.0257    
14.3037    14.9444   

# Frame306

# x        y
9.8701     3.4235    
10.5549    11.7482   
15.0924    7.5646    
18.9950    1.8576    
13.9528    5.0258    
14.3036    14.9461   

# Frame307

# x        y
9.8708     3.4241    
10.5549    11.7482   
15.0933    7.5649    
18.9950    1.8582    
13.9540    5.0259    
14.3036    14.9477   

# Frame308

# x        y
9.8715     3.4246    
10.5549    11.7482   
15.0941    7.5653    
18.9950    1.8587    
13.9551    5.0260    
14.3035    14.9494   

# Frame309

# x        y
9.8721     3.4252    
10.5549    11.7482   
15.0950    7.5656    
18.9950    1.8592    
13.9563    5.0261    
14.3034    14.9510   

# Frame310

# x        y
9.8728     3.4258    
10.5549    11.7482   
15.0958    7.5660    
18.9950    1.8598    
13.9574    5.0262    
14.3034    14.9526   

# Frame311

# x        y
9.8734     3.4263    
10.5549    11.7482   
15.0966    7.5663    
18.9950    1.8603    
13.9585    5.0263    
14.3033    14.9541   

# Frame312

# x        y
9.8740     3.4269    
10.5549    11.7482   
15.0974    7.5666    
18.9950    1.8608    
13.9596    5.0264    
14.3033    14.9557   

# Frame313

# x        y
9.8746     3.4274    
10.5549    11.7482   
15.0982    7.5670    
18.9950    1.8613    
13.9606    5.0265    
14.3032    14.9572   

# Frame314

# x        y
9.8752     3.4279    
10.5549    11.7482   
15.0990    7.5673    
18.9950    1.8618    
13.9617    5.0266    
14.3032    14.9586   

# Frame315

# x        y
9.8758     3.4284    
10.5549    11.7482   
15.0997    7.5676    
18.9950    1.8623    
13.9627    5.0267    
14.3031    14.9601   

# Frame316

# x        y
9.8764     3.4289    
10.5549    11.7482   
15.1005    7.5679    
18.9950    1.8627    
13.9637    5.0268    
14.3030    14.9615   

# Frame317

# x        y
9.8770     3.4294    
10.5549    11.7482   
15.1012    7.5682    
18.9950    1.8632    
13.9647    5.0268    
14.3030    14.9629   

# Frame318

# x        y
9.8775     3.4299    
10.5549    11.7482   
15.1019    7.5685    
18.9950    1.8637    
13.9657    5.0269    
14.3029    14.9643   

# Frame319

# x        y
9.8781     3.4304    
10.5549    11.7482   
15.1026    7.5688    
18.9950    1.8641    
13.9667    5.0270    
14.3029    14.9657   

# Frame320

# x        y
9.8786     3.4309    
10.5549    11.7482   
15.1033    7.5691    
18.9950    1.8646    
13.9676    5.0271    
14.3028    14.9670   

# Frame321

# x        y
9.8791     3.4313    
10.5549    11.7482   
15.1040    7.5694    
18.9950    1.8650    
13.9685    5.0272    
14.3028    14.9683   

# Frame322

# x        y
9.8797     3.4318    
10.5549    11.7482   
15.1047    7.5697    
18.9950    1.8654    
13.9695    5.0272    
14.3027    14.9696   

# Frame323

# x        y
9.8802     3.4322    
10.5549    11.7482   
15.1054    7.5699    
18.9950    1.8659    
13.9704    5.0273    
14.3027    14.9709   

# Frame324

# x        y
9.8807     3.4327    
10.5549    11.7482   
15.1060    7.5702    
18.9950    1.8663    
13.9712    5.0274    
14.3027    14.9722   

# Frame325

# x        y
9.8812     3.4331    
10.5549    11.7482   
15.1067    7.5705    
18.9950    1.8667    
13.9721    5.0275    
14.3026    14.9734   

# Frame326

# x        y
9.8817     3.4335    
10.5549    11.7482   
15.1073    7.5707    
18.9950    1.8671    
13.9730    5.0276    
14.3026    14.9746   

# Frame327

# x        y
9.8822     3.4339    
10.5549    11.7482   
15.1079    7.5710    
18.9950    1.8675    
13.9738    5.0276    
14.3025    14.9758   

# Frame328

# x        y
9.8826     3.4344    
10.5549    11.7482   
15.1086    7.5712    
18.9950    1.8679    
13.9746    5.0277    
14.3025    14.9770   

# Frame329

# x        y
9.8831     3.4348    
10.5549    11.7482   
15.1092    7.5715    
18.9950    1.8683    
13.9754    5.0278    
14.3024    14.9781   

# Frame330

# x        y
9.8836     3.4352    
10.5549    11.7482   
15.1097    7.5717    
18.9950    1.8686    
13.9762    5.0278    
14.3024    14.9792   

# Frame331

# x        y
9.8840     3.4356    
10.5549    11.7482   
15.1103    7.5720    
18.9950    1.8690    
13.9770    5.0279    
14.3023    14.9803   

# Frame332

# x        y
9.8844     3.4359    
10.5549    11.7482   
15.1109    7.5722    
18.9950    1.8694    
13.9778    5.0280    
14.3023    14.9814   

# Frame333

# x        y
9.8849     3.4363    
10.5549    11.7482   
15.1115    7.5724    
18.9950    1.8697    
13.9786    5.0280    
14.3023    14.9825   

# Frame334

# x        y
9.8853     3.4367    
10.5549    11.7482   
15.1120    7.5727    
18.9950    1.8701    
13.9793    5.0281    
14.3022    14.9836   

# Frame335

# x        y
9.8857     3.4371    
10.5549    11.7482   
15.1126    7.5729    
18.9950    1.8704    
13.9800    5.0282    
14.3022    14.9846   

# Frame336

# x        y
9.8861     3.4374    
10.5549    11.7482   
15.1131    7.5731    
18.9950    1.8708    
13.9808    5.0282    
14.3021    14.9856   

# Frame337

# x        y
9.8866     3.4378    
10.5549    11.7482   
15.1136    7.5733    
18.9950    1.8711    
13.9815    5.0283    
14.3021    14.9866   

# Frame338

# x        y
9.8870     3.4381    
10.5549    11.7482   
15.1141    7.5735    
18.9950    1.8714    
13.9822    5.0283    
14.3021    14.9876   

# Frame339

# x        y
9.8873     3.4385    
10.5549    11.7482   
15.1147    7.5738    
18.9950    1.8718    
13.9829    5.0284    
14.3020    14.9886   

# Frame340

# x        y
9.8877     3.4388    
10.5549    11.7482   
15.1152    7.5740    
18.9950    1.8721    
13.9835    5.0285    
14.3020    14.9896   

# Frame341

# x        y
9.8881     3.4391    
10.5549    11.7482   
15.1156    7.5742    
18.9950    1.8724    
13.9842    5.0285    
14.3020    14.9905   

# Frame342

# x        y
9.8885     3.4395    
10.5549    11.7482   
15.1161    7.5744    
18.9950    1.8727    
13.9849    5.0286    
14.3019    14.9914   

# Frame343

# x        y
9.8889     3.4398    
10.5549    11.7482   
15.1166    7.5746    
18.9950    1.8730    
13.9855    5.0286    
14.3019    14.9923   

# Frame344

# x        y
9.8892     3.4401    
10.5549    11.7482   
15.1171    7.5748    
18.9950    1.8733    
13.9861    5.0287    
14.3019    14.9932   

# Frame345

# x        y
9.8896     3.4404    
10.5549    11.7482   
15.1175    7.5749    
18.9950    1.8736    
13.9868    5.0287    
14.3018    14.9941   

# Frame346

# x        y
9.8899     3.4407    
10.5549    11.7482   
15.1180    7.5751    
18.9950    1.8739    
13.9874    5.0288    
14.3018    14.9950   

# Frame347

# x        y
9.8903     3.4410    
10.5549    11.7482   
15.1184    7.5753    
18.9950    1.8742    
13.9880    5.0288    
14.3018    14.9958   

# Frame348

# x        y
9.8906     3.4413    
10.5549    11.7482   
15.1189    7.5755    
18.9950    1.8744    
13.9886    5.0289    
14.3017    14.9967   

# Frame349

# x        y
9.8909     3.4416    
10.5549    11.7482   
15.1193    7.5757    
18.9950    1.8747    
13.9891    5.0289    
14.3017    14.9975   

# Frame350

# x        y
9.8913     3.4419    
10.5549    11.7482   
15.1197    7.5758    
18.9950    1.8750    
13.9897    5.0290    
14.3017    14.9983   

# Frame351

# x        y
9.8916     3.4422    
10.5549    11.7482   
15.1201    7.5760    
18.9950    1.8752    
13.9903    5.0290    
14.3016    14.9991   

# Frame352

# x        y
9.8919     3.4424    
10.5549    11.7482   
15.1205    7.5762    
18.9950    1.8755    
13.9908    5.0291    
14.3016    14.9999   

# Frame353

# x        y
9.8922     3.4427    
10.5549    11.7482   
15.1210    7.5764    
18.9950    1.8758    
13.9914    5.0291    
14.3016    15.0006   

# Frame354

# x        y
9.8925     3.4430    
10.5549    11.7482   
15.1213    7.5765    
18.9950    1.8760    
13.9919    5.0292    
14.3016    15.0014   

# Frame355

# x        y
9.8928     3.4432    
10.5549    11.7482   
15.1217    7.5767    
18.9950    1.8763    
13.9924    5.0292    
14.3015    15.0021   

# Frame356

# x        y
9.8931     3.4435    
10.5549    11.7482   
15.1221    7.5768    
18.9950    1.8765    
13.9929    5.0293    
14.3015    15.0029   

# Frame357

# x        y
9.8934     3.4437    
10.5549    11.7482   
15.1225    7.5770    
18.9950    1.8767    
13.9935    5.0293    
14.3015    15.0036   

# Frame358

# x        y
9.8937     3.4440    
10.5549    11.7482   
15.1229    7.5771    
18.9950    1.8770    
13.9940    5.0294    
14.3015    15.0043   

# Frame359

# x        y
9.8940     3.4442    
10.5549    11.7482   
15.1232    7.5773    
18.9950    1.8772    
13.9944    5.0294    
14.3014    15.0050   

# Frame360

# x        y
9.8943     3.4445    
10.5549    11.7482   
15.1236    7.5774    
18.9950    1.8774    
13.9949    5.0295    
14.3014    15.0057   

# Frame361

# x        y
9.8945     3.4447    
10.5549    11.7482   
15.1239    7.5776    
18.9950    1.8777    
13.9954    5.0295    
14.3014    15.0063   

# Frame362

# x        y
9.8948     3.4449    
10.5549    11.7482   
15.1243    7.5777    
18.9950    1.8779    
13.9959    5.0295    
14.3014    15.0070   

# Frame363

# x        y
9.8951     3.4452    
10.5549    11.7482   
15.1246    7.5779    
18.9950    1.8781    
13.9963    5.0296    
14.3013    15.0076   

# Frame364

# x        y
9.8953     3.4454    
10.5549    11.7482   
15.1250    7.5780    
18.9950    1.8783    
13.9968    5.0296    
14.3013    15.0083   

# Frame365

# x        y
9.8956     3.4456    
10.5549    11.7482   
15.1253    7.5781    
18.9950    1.8785    
13.9972    5.0296    
14.3013    15.0089   

# Frame366

# x        y
9.8958     3.4458    
10.5549    11.7482   
15.1256    7.5783    
18.9950    1.8787    
13.9977    5.0297    
14.3013    15.0095   

# Frame367

# x        y
9.8961     3.4461    
10.5549    11.7482   
15.1259    7.5784    
18.9950    1.8789    
13.9981    5.0297    
14.3012    15.0101   

# Frame368

# x        y
9.8963     3.4463    
10.5549    11.7482   
15.1262    7.5785    
18.9950    1.8791    
13.9985    5.0298    
14.3012    15.0107   

# Frame369

# x        y
9.8965     3.4465    
10.5549    11.7482   
15.1265    7.5787    
18.9950    1.8793    
13.9989    5.0298    
14.3012    15.0113   

# Frame370

# x        y
9.8968     3.4467    
10.5549    11.7482   
15.1269    7.5788    
18.9950    1.8795    
13.9993    5.0298    
14.3012    15.0119   

# Frame371

# x        y
9.8970     3.4469    
10.5549    11.7482   
15.1271    7.5789    
18.9950    1.8797    
13.9997    5.0299    
14.3011    15.0125   

# Frame372

# x        y
9.8972     3.4471    
10.5549    11.7482   
15.1274    7.5790    
18.9950    1.8799    
14.0001    5.0299    
14.3011    15.0130   

# Frame373

# x        y
9.8975     3.4473    
10.5549    11.7482   
15.1277    7.5791    
18.9950    1.8801    
14.0005    5.0299    
14.3011    15.0136   

# Frame374

# x        y
9.8977     3.4475    
10.5549    11.7482   
15.1280    7.5793    
18.9950    1.8802    
14.0009    5.0300    
14.3011    15.0141   

# Frame375

# x        y
9.8979     3.4476    
10.5549    11.7482   
15.1283    7.5794    
18.9950    1.8804    
14.0013    5.0300    
14.3011    15.0146   

# Frame376

# x        y
9.8981     3.4478    
10.5549    11.7482   
15.1286    7.5795    
18.9950    1.8806    
14.0016    5.0300    
14.3010    15.0152   

# Frame377

# x        y
9.8983     3.4480    
10.5549    11.7482   
15.1288    7.5796    
18.9950    1.8808    
14.0020    5.0301    
14.3010    15.0157   

# Frame378

# x        y
9.8985     3.4482    
10.5549    11.7482   
15.1291    7.5797    
18.9950    1.8809    
14.0024    5.0301    
14.3010    15.0162   

# Frame379

# x        y
9.8987     3.4484    
10.5549    11.7482   
15.1294    7.5798    
18.9950    1.8811    
14.0027    5.0301    
14.3010    15.0167   

# Frame380

# x        y
9.8989     3.4485    
10.5549    11.7482   
15.1296    7.5799    
18.9950    1.8813    
14.0031    5.0302    
14.3010    15.0172   

# Frame381

# x        y
9.8991     3.4487    
10.5549    11.7482   
15.1299    7.5800    
18.9950    1.8814    
14.0034    5.0302    
14.3010    15.0176   

# Frame382

# x        y
9.8993     3.4489    
10.5549    11.7482   
15.1301    7.5801    
18.9950    1.8816    
14.0037    5.0302    
14.3009    15.0181   

# Frame383

# x        y
9.8995     3.4490    
10.5549    11.7482   
15.1304    7.5802    
18.9950    1.8817    
14.0041    5.0302    
14.3009    15.0186   

# Frame384

# x        y
9.8997     3.4492    
10.5549    11.7482   
15.1306    7.5803    
18.9950    1.8819    
14.0044    5.0303    
14.3009    15.0190   

# Frame385

# x        y
9.8999     3.4494    
10.5549    11.7482   
15.1308    7.5804    
18.9950    1.8820    
14.0047    5.0303    
14.3009    15.0195   

# Frame386

# x        y
9.9000     3.4495    
10.5549    11.7482   
15.1311    7.5805    
18.9950    1.8822    
14.0050    5.0303    
14.3009    15.0199   

# Frame387

# x        y
9.9002     3.4497    
10.5549    11.7482   
15.1313    7.5806    
18.9950    1.8823    
14.0053    5.0303    
14.3009    15.0204   

# Frame388

# x        y
9.9004     3.4498    
10.5549    11.7482   
15.1315    7.5807    
18.9950    1.8825    
14.0056    5.0304    
14.3008    15.0208   

# Frame389

# x        y
9.9006     3.4500    
10.5549    11.7482   
15.1317    7.5808    
18.9950    1.8826    
14.0059    5.0304    
14.3008    15.0212   

# Frame390

# x        y
9.9007     3.4501    
10.5549    11.7482   
15.1319    7.5809    
18.9950    1.8827    
14.0062    5.0304    
14.3008    15.0216   

# Frame391

# x        y
9.9009     3.4502    
10.5549    11.7482   
15.1322    7.5810    
18.9950    1.8829    
14.0065    5.0305    
14.3008    15.0220   

# Frame392

# x        y
9.9010     3.4504    
10.5549    11.7482   
15.1324    7.5811    
18.9950    1.8830    
14.0068    5.0305    
14.3008    15.0224   

# Frame393

# x        y
9.9012     3.4505    
10.5549    11.7482   
15.1326    7.5811    
18.9950    1.8831    
14.0071    5.0305    
14.3008    15.0228   

# Frame394

# x        y
9.9014     3.4507    
10.5549    11.7482   
15.1328    7.5812    
18.9950    1.8833    
14.0073    5.0305    
14.3007    15.0232   

# Frame395

# x        y
9.9015     3.4508    
10.5549    11.7482   
15.1330    7.5813    
18.9950    1.8834    
14.0076    5.0305    
14.3007    15.0236   

# Frame396

# x        y
9.9017     3.4509    
10.5549    11.7482   
15.1332    7.5814    
18.9950    1.8835    
14.0079    5.0306    
14.3007    15.0239   

# Frame397

# x        y
9.9018     3.4511    
10.5549    11.7482   
15.1334    7.5815    
18.9950    1.8836    
14.0081    5.0306    
14.3007    15.0243   

# Frame398

# x        y
9.9020     3.4512    
10.5549    11.7482   
15.1335    7.5816    
18.9950    1.8838    
14.0084    5.0306    
14.3007    15.0247   

# Frame399

# x        y
9.9021     3.4513    
10.5549    11.7482   
15.1337    7.5816    
18.9950    1.8839    
14.0086    5.0306    
14.3007    15.0250   

# Frame400

# x        y
9.9022     3.4514    
10.5549    11.7482   
15.1339    7.5817    
18.9950    1.8840    
14.0089    5.0307    
14.3007    15.0254   

# Frame401

# x        y
9.9024     3.4516    
10.5549    11.7482   
15.1341    7.5818    
18.9950    1.8841    
14.0091    5.0307    
14.3007    15.0257   

# Frame402

# x        y
9.9025     3.4517    
10.5549    11.7482   
15.1343    7.5819    
18.9950    1.8842    
14.0094    5.0307    
14.3006    15.0261   

# Frame403

# x        y
9.9027     3.4518    
10.5549    11.7482   
15.1344    7.5819    
18.9950    1.8843    
14.0096    5.0307    
14.3006    15.0264   

# Frame404

# x        y
9.9028     3.4519    
10.5549    11.7482   
15.1346    7.5820    
18.9950    1.8844    
14.0098    5.0307    
14.3006    15.0267   

# Frame405

# x        y
9.9029     3.4520    
10.5549    11.7482   
15.1348    7.5821    
18.9950    1.8845    
14.0100    5.0308    
14.3006    15.0270   

# Frame406

# x        y
9.9030     3.4521    
10.5549    11.7482   
15.1350    7.5821    
18.9950    1.8846    
14.0103    5.0308    
14.3006    15.0274   

# Frame407

# x        y
9.9032     3.4522    
10.5549    11.7482   
15.1351    7.5822    
18.9950    1.8847    
14.0105    5.0308    
14.3006    15.0277   

# Frame408

# x        y
9.9033     3.4523    
10.5549    11.7482   
15.1353    7.5823    
18.9950    1.8848    
14.0107    5.0308    
14.3006    15.0280   

# Frame409

# x        y
9.9034     3.4524    
10.5549    11.7482   
15.1354    7.5823    
18.9950    1.8848    
14.0109    5.0308    
14.3006    15.0283   

# Frame410

# x        y
9.9035     3.4526    
10.5549    11.7482   
15.1356    7.5824    
18.9950    1.8848    
14.0111    5.0308    
14.3005    15.0286   

# Frame411

# x        y
9.9037     3.4527    
10.5549    11.7482   
15.1357    7.5825    
18.9950    1.8848    
14.0113    5.0309    
14.3005    15.0289   

# Frame412

# x        y
9.9038     3.4528    
10.5549    11.7482   
15.1359    7.5825    
18.9950    1.8848    
14.0115    5.0309    
14.3005    15.0291   

# Frame413

# x        y
9.9039     3.4529    
10.5549    11.7482   
15.1360    7.5826    
18.9950    1.8848    
14.0117    5.0309    
14.3005    15.0294   

# Frame414

# x        y
9.9040     3.4530    
10.5549    11.7482   
15.1362    7.5826    
18.9950    1.8848    
14.0119    5.0309    
14.3005    15.0297   

# Frame415

# x        y
9.9041     3.4530    
10.5549    11.7482   
15.1363    7.5827    
18.9950    1.8848    
14.0121    5.0309    
14.3005    15.0300   

# Frame416

# x        y
9.9042     3.4531    
10.5549    11.7482   
15.1365    7.5828    
18.9950    1.8848    
14.0123    5.0310    
14.3005    15.0302   

# Frame417

# x        y
9.9043     3.4532    
10.5549    11.7482   
15.1366    7.5828    
18.9950    1.8848    
14.0125    5.0310    
14.3005    15.0305   

# Frame418

# x        y
9.9044     3.4533    
10.5549    11.7482   
15.1367    7.5829    
18.9950    1.8848    
14.0127    5.0310    
14.3005    15.0307   

# Frame419

# x        y
9.9045     3.4534    
10.5549    11.7482   
15.1369    7.5829    
18.9950    1.8848    
14.0128    5.0310    
14.3005    15.0310   

# Frame420

# x        y
9.9046     3.4535    
10.5549    11.7482   
15.1370    7.5830    
18.9950    1.8848    
14.0130    5.0310    
14.3004    15.0313   

# Frame421

# x        y
9.9047     3.4536    
10.5549    11.7482   
15.1371    7.5830    
18.9950    1.8848    
14.0132    5.0310    
14.3004    15.0315   

# Frame422

# x        y
9.9048     3.4537    
10.5549    11.7482   
15.1372    7.5831    
18.9950    1.8848    
14.0134    5.0310    
14.3004    15.0317   

# Frame423

# x        y
9.9049     3.4538    
10.5549    11.7482   
15.1374    7.5831    
18.9950    1.8848    
14.0135    5.0311    
14.3004    15.0320   

# Frame424

# x        y
9.9050     3.4538    
10.5549    11.7482   
15.1375    7.5832    
18.9950    1.8848    
14.0137    5.0311    
14.3004    15.0322   

# Frame425

# x        y
9.9051     3.4539    
10.5549    11.7482   
15.1376    7.5832    
18.9950    1.8848    
14.0139    5.0311    
14.3004    15.0324   

# Frame426

# x        y
9.9052     3.4540    
10.5549    11.7482   
15.1377    7.5833    
18.9950    1.8848    
14.0140    5.0311    
14.3004    15.0327   

# Frame427

# x        y
9.9053     3.4541    
10.5549    11.7482   
15.1378    7.5833    
18.9950    1.8848    
14.0142    5.0311    
14.3004    15.0329   

# Frame428

# x        y
9.9054     3.4542    
10.5549    11.7482   
15.1380    7.5834    
18.9950    1.8848    
14.0143    5.0311    
14.3004    15.0331   

# Frame429

# x        y
9.9055     3.4542    
10.5549    11.7482   
15.1381    7.5834    
18.9950    1.8848    
14.0145    5.0311    
14.3004    15.0333   

# Frame430

# x        y
9.9055     3.4543    
10.5549    11.7482   
15.1382    7.5835    
18.9950    1.8848    
14.0146    5.0312    
14.3004    15.0335   

# Frame431

# x        y
9.9056     3.4544    
10.5549    11.7482   
15.1383    7.5835    
18.9950    1.8848    
14.0148    5.0312    
14.3004    15.0337   

# Frame432

# x        y
9.9057     3.4544    
10.5549    11.7482   
15.1384    7.5836    
18.9950    1.8848    
14.0149    5.0312    
14.3003    15.0339   

# Frame433

# x        y
9.9058     3.4545    
10.5549    11.7482   
15.1385    7.5836    
18.9950    1.8848    
14.0151    5.0312    
14.3003    15.0341   

# Frame434

# x        y
9.9059     3.4546    
10.5549    11.7482   
15.1386    7.5836    
18.9950    1.8848    
14.0152    5.0312    
14.3003    15.0343   

# Frame435

# x        y
9.9059     3.4547    
10.5549    11.7482   
15.1387    7.5837    
18.9950    1.8848    
14.0153    5.0312    
14.3003    15.0345   

# Frame436

# x        y
9.9060     3.4547    
10.5549    11.7482   
15.1388    7.5837    
18.9950    1.8848    
14.0155    5.0312    
14.3003    15.0347   

# Frame437

# x        y
9.9060     3.4547    
10.5549    11.7482   
15.1389    7.5838    
18.9950    1.8848    
14.0156    5.0312    
14.3003    15.0349   

# Frame438

# x        y
9.9060     3.4547    
10.5549    11.7482   
15.1390    7.5838    
18.9950    1.8848    
14.0157    5.0312    
14.3003    15.0351   

# Frame439

# x        y
9.9060     3.4547    
10.5549    11.7482   
15.1391    7.5838    
18.9950    1.8848    
14.0159    5.0313    
14.3003    15.0353   

# Frame440

# x        y
9.9060     3.4547    
10.5549    11.7482   
15.1392    7.5839    
18.9950    1.8848    
14.0160    5.0313    
14.3003    15.0354   

# Frame441

# x        y
9.9060     3.4547    
10.5549    11.7482   
15.1392    7.5839    
18.9950    1.8848    
14.0161    5.0313    
14.3003    15.0356   

# Frame442

# x        y
9.9060     3.4547    
10.5549    11.7482   
15.1392    7.5839    
18.9950    1.8848    
14.0162    5.0313    
14.3003    15.0358   

# Frame443

# x        y
9.9060     3.4547    
10.5549    11.7482   
15.1392    7.5839    
18.9950    1.8848    
14.0164    5.0313    
14.3003    15.0360   

# Frame444

# x        y
9.9060     3.4547    
10.5549    11.7482   
15.1392    7.5839    
18.9950    1.8848    
14.0165    5.0313    
14.3003    15.0361   

# Frame445

# x        y
9.9060     3.4547    
10.5549    11.7482   
15.1392    7.5839    
18.9950    1.8848    
14.0166    5.0313    
14.3003    15.0363   

# Frame446

# x        y
9.9060     3.4547    
10.5549    11.7482   
15.1392    7.5839    
18.9950    1.8848    
14.0167    5.0313    
14.3003    15.0365   

# Frame447

# x        y
9.9060     3.4547    
10.5549    11.7482   
15.1392    7.5839    
18.9950    1.8848    
14.0168    5.0313    
14.3002    15.0366   

# Frame448

# x        y
9.9060     3.4547    
10.5549    11.7482   
15.1392    7.5839    
18.9950    1.8848    
14.0169    5.0314    
14.3002    15.0368   

# Frame449

# x        y
9.9060     3.4547    
10.5549    11.7482   
15.1392    7.5839    
18.9950    1.8848    
14.0170    5.0314    
14.3002    15.0369   

# Frame450

# x        y
9.9060     3.4547    
10.5549    11.7482   
15.1392    7.5839    
18.9950    1.8848    
14.0171    5.0314    
14.3002    15.0371   

# Frame451

# x        y
9.9060     3.4547    
10.5549    11.7482   
15.1392    7.5839    
18.9950    1.8848    
14.0172    5.0314    
14.3002    15.0372   

# Frame452

# x        y
9.9060     3.4547    
10.5549    11.7482   
15.1392    7.5839    
18.9950    1.8848    
14.0173    5.0314    
14.3002    15.0374   

# Frame453

# x        y
9.9060     3.4547    
10.5549    11.7482   
15.1392    7.5839    
18.9950    1.8848    
14.0175    5.0314    
14.3002    15.0375   

# Frame454

# x        y
9.9060     3.4547    
10.5549    11.7482   
15.1392    7.5839    
18.9950    1.8848    
14.0175    5.0314    
14.3002    15.0377   

# Frame455

# x        y
9.9060     3.4547    
10.5549    11.7482   
15.1392    7.5839    
18.9950    1.8848    
14.0175    5.0314    
14.3002    15.0378   

# Frame456

# x        y
9.9060     3.4547    
10.5549    11.7482   
15.1392    7.5839    
18.9950    1.8848    
14.0175    5.0314    
14.3002    15.0379   

# Frame457

# x        y
9.9060     3.4547    
10.5549    11.7482   
15.1392    7.5839    
18.9950    1.8848    
14.0175    5.0314    
14.3002    15.0381   

# Frame458

# x        y
9.9060     3.4547    
10.5549    11.7482   
15.1392    7.5839    
18.9950    1.8848    
14.0175    5.0314    
14.3002    15.0382   

# Frame459

# x        y
9.9060     3.4547    
10.5549    11.7482   
15.1392    7.5839    
18.9950    1.8848    
14.0175    5.0314    
14.3002    15.0383   

# Frame460

# x        y
9.9060     3.4547    
10.5549    11.7482   
15.1392    7.5839    
18.9950    1.8848    
14.0175    5.0314    
14.3002    15.0384   

# Frame461

# x        y
9.9060     3.4547    
10.5549    11.7482   
15.1392    7.5839    
18.9950    1.8848    
14.0175    5.0314    
14.3002    15.0386   

# Frame462

# x        y
9.9060     3.4547    
10.5549    11.7482   
15.1392    7.5839    
18.9950    1.8848    
14.0175    5.0314    
14.3002    15.0387   

# Frame463

# x        y
9.9060     3.4547    
10.5549    11.7482   
15.1392    7.5839    
18.9950    1.8848    
14.0175    5.0314    
14.3002    15.0388   

# Frame464

# x        y
9.9060     3.4547    
10.5549    11.7482   
15.1392    7.5839    
18.9950    1.8848    
14.0175    5.0314    
14.3002    15.0389   

# Frame465

# x        y
9.9060     3.4547    
10.5549    11.7482   
15.1392    7.5839    
18.9950    1.8848    
14.0175    5.0314    
14.3002    15.0391   

# Frame466

# x        y
9.9060     3.4547    
10.5549    11.7482   
15.1392    7.5839    
18.9950    1.8848    
14.0175    5.0314    
14.3001    15.0392   

# Frame467

# x        y
9.9060     3.4547    
10.5549    11.7482   
15.1392    7.5839    
18.9950    1.8848    
14.0175    5.0314    
14.3001    15.0393   

# Frame468

# x        y
9.9060     3.4547    
10.5549    11.7482   
15.1392    7.5839    
18.9950    1.8848    
14.0175    5.0314    
14.3001    15.0394   

# Frame469

# x        y
9.9060     3.4547    
10.5549    11.7482   
15.1392    7.5839    
18.9950    1.8848    
14.0175    5.0314    
14.3001    15.0395   

# Frame470

# x        y
9.9060     3.4547    
10.5549    11.7482   
15.1392    7.5839    
18.9950    1.8848    
14.0175    5.0314    
14.3001    15.0396   

# Frame471

# x        y
9.9060     3.4547    
10.5549    11.7482   
15.1392    7.5839    
18.9950    1.8848    
14.0175    5.0314    
14.3001    15.0397   

# Frame472

# x        y
9.9060     3.4547    
10.5549    11.7482   
15.1392    7.5839    
18.9950    1.8848    
14.0175    5.0314    
14.3001    15.0398   

# Frame473

# x        y
9.9060     3.4547    
10.5549    11.7482   
15.1392    7.5839    
18.9950    1.8848    
14.0175    5.0314    
14.3001    15.0399   

# Frame474

