# x        y
9.2504     29.9249   
18.4632    27.0808   
13.4174    7.4330    
10.8658    9.8355    
18.1461    36.5711   
17.8912    12.6053   

# Frame1

# x        y
10.4263    28.3071   
18.4632    27.0808   
13.4174    7.4330    
10.8658    9.8355    
18.1461    36.5711   
17.8912    12.6053   

# Frame2

# x        y
11.5825    26.7162   
18.4632    27.0808   
13.4174    7.4330    
10.8658    9.8355    
18.1461    36.5711   
17.8912    12.6053   

# Frame3

# x        y
12.7195    25.1518   
18.4632    27.0808   
13.4174    7.4330    
10.8658    9.8355    
18.1461    36.5711   
17.8912    12.6053   

# Frame4

# x        y
13.8375    23.6135   
18.4632    27.0808   
13.4174    7.4330    
10.8658    9.8355    
18.1461    36.5711   
17.8912    12.6053   

# Frame5

# x        y
14.9369    22.1009   
18.4632    27.0808   
13.4174    7.4330    
10.8658    9.8355    
18.1461    36.5711   
17.8912    12.6053   

# Frame6

# x        y
16.0179    20.6134   
18.4632    27.0808   
13.4174    7.4330    
10.8658    9.8355    
18.1461    36.5711   
17.8912    12.6053   

# Frame7

# x        y
17.0810    19.1508   
18.4632    27.0808   
13.4174    7.4330    
10.8658    9.8355    
18.1461    36.5711   
17.8912    12.6053   

# Frame8

# x        y
18.1263    17.7125   
18.4632    27.0808   
13.4174    7.4330    
10.8658    9.8355    
18.1461    36.5711   
17.8912    12.6053   

# Frame9

# x        y
18.9210    16.3669   
18.4632    27.0808   
13.4174    7.4330    
10.8658    9.8355    
18.1461    36.5711   
17.8912    12.6053   

# Frame10

# x        y
18.4156    15.4415   
18.4632    27.0808   
13.4174    7.4330    
10.8658    9.8355    
18.1461    36.5711   
17.8912    12.6053   

# Frame11

# x        y
17.9158    14.5804   
18.4632    27.0808   
13.4174    7.4330    
10.8658    9.8355    
18.1461    36.5711   
17.8941    12.5564   

# Frame12

# x        y
17.3800    14.3690   
18.4632    27.0808   
13.4174    7.4330    
10.8658    9.8355    
18.1461    36.5711   
17.9412    11.8729   

# Frame13

# x        y
16.8532    14.1612   
18.4632    27.0808   
13.4174    7.4330    
10.8658    9.8355    
18.1461    36.5711   
17.9875    11.2009   

# Frame14

# x        y
16.3351    13.9568   
18.4632    27.0808   
13.4174    7.4330    
10.8658    9.8355    
18.1461    36.5711   
18.0330    10.5400   

# Frame15

# x        y
15.8257    13.7558   
18.4632    27.0808   
13.4174    7.4330    
10.8658    9.8355    
18.1461    36.5711   
18.0777    9.8902    

# Frame16

# x        y
15.3248    13.5582   
18.4632    27.0808   
13.4174    7.4330    
10.8658    9.8355    
18.1461    36.5711   
18.1217    9.2512    

# Frame17

# x        y
14.8323    13.3638   
18.4632    27.0808   
13.4174    7.4330    
10.8658    9.8355    
18.1461    36.5711   
18.1650    8.6228    

# Frame18

# x        y
14.3479    13.1727   
18.4632    27.0808   
13.4174    7.4330    
10.8658    9.8355    
18.1461    36.5711   
18.2076    8.0049    

# Frame19

# x        y
13.8716    12.9848   
18.4632    27.0808   
13.4174    7.4330    
10.8658    9.8355    
18.1461    36.5711   
18.2494    7.3974    

# Frame20

# x        y
13.4033    12.8000   
18.4632    27.0808   
13.4174    7.4330    
10.8658    9.8355    
18.1461    36.5711   
18.2906    6.7999    

# Frame21

# x        y
12.9427    12.6183   
18.4632    27.0808   
13.4174    7.4330    
10.8658    9.8355    
18.1461    36.5711   
18.3310    6.2124    

# Frame22

# x        y
12.4898    12.4396   
18.4632    27.0808   
13.4174    7.4330    
10.8658    9.8355    
18.1461    36.5711   
18.3708    5.6347    

# Frame23

# x        y
12.0445    12.2639   
18.4632    27.0808   
13.4174    7.4330    
10.8658    9.8355    
18.1461    36.5711   
18.4100    5.0666    

# Frame24

# x        y
11.6066    12.0912   
18.4632    27.0808   
13.4174    7.4330    
10.8658    9.8355    
18.1461    36.5711   
18.4484    4.5080    

# Frame25

# x        y
11.1760    11.9213   
18.4632    27.0808   
13.4174    7.4330    
10.8658    9.8355    
18.1461    36.5711   
18.4863    3.9587    

# Frame26

# x        y
10.7523    11.8115   
18.4632    27.0808   
13.4174    7.4330    
10.8661    9.7782    
18.1461    36.5711   
18.5235    3.4185    

# Frame27

# x        y
10.3349    11.7789   
18.4632    27.0808   
13.4174    7.4330    
10.8672    9.6465    
18.1461    36.5711   
18.5601    2.8874    

# Frame28

# x        y
9.9244     11.7469   
18.4632    27.0808   
13.4174    7.4330    
10.8682    9.5171    
18.1461    36.5711   
18.5960    2.3651    

# Frame29

# x        y
9.5207     11.7153   
18.4632    27.0808   
13.4174    7.4330    
10.8692    9.3898    
18.1461    36.5711   
18.6314    1.8515    

# Frame30

# x        y
9.1238     11.6843   
18.4632    27.0808   
13.4174    7.4330    
10.8703    9.2646    
18.1461    36.5711   
18.6662    1.3465    

# Frame31

# x        y
8.7335     11.6538   
18.4632    27.0808   
13.4174    7.4330    
10.8713    9.1415    
18.1461    36.5711   
18.7038    1.0774    

# Frame32

# x        y
8.3498     11.6238   
18.4632    27.0808   
13.4174    7.4330    
10.8722    9.0204    
18.1461    36.5711   
18.7490    1.3216    

# Frame33

# x        y
7.9724     11.5944   
18.4632    27.0808   
13.4174    7.4330    
10.8732    8.9014    
18.1461    36.5711   
18.7934    1.5617    

# Frame34

# x        y
7.6013     11.5654   
18.4632    27.0808   
13.4174    7.4330    
10.8742    8.7843    
18.1461    36.5711   
18.8370    1.7978    

# Frame35

# x        y
7.2363     11.5369   
18.4632    27.0808   
13.4174    7.4330    
10.8751    8.6692    
18.1461    36.5711   
18.8799    2.0299    

# Frame36

# x        y
6.8775     11.5088   
18.4632    27.0808   
13.4174    7.4330    
10.8760    8.5560    
18.1461    36.5711   
18.9222    2.2582    

# Frame37

# x        y
6.5246     11.4813   
18.4632    27.0808   
13.4174    7.4330    
10.8769    8.4447    
18.1461    36.5711   
18.9637    2.4827    

# Frame38

# x        y
6.1777     11.4542   
18.4632    27.0808   
13.4174    7.4330    
10.8778    8.3353    
18.1461    36.5711   
19.0045    2.7034    

# Frame39

# x        y
5.8365     11.4275   
18.4632    27.0808   
13.4174    7.4330    
10.8787    8.2277    
18.1461    36.5711   
18.9755    2.8592    

# Frame40

# x        y
5.5010     11.4013   
18.4632    27.0808   
13.4174    7.4330    
10.8796    8.1218    
18.1461    36.5711   
18.9558    3.0123    

# Frame41

# x        y
5.1710     11.3755   
18.4632    27.0808   
13.4174    7.4330    
10.8804    8.0178    
18.1461    36.5711   
18.9364    3.1629    

# Frame42

# x        y
4.8466     11.3502   
18.4632    27.0808   
13.4174    7.4330    
10.8812    7.9155    
18.1461    36.5711   
18.9173    3.3110    

# Frame43

# x        y
4.5276     11.3253   
18.4632    27.0808   
13.4174    7.4330    
10.8821    7.8148    
18.1461    36.5711   
18.8985    3.4566    

# Frame44

# x        y
4.2139     11.3008   
18.4632    27.0808   
13.4174    7.4330    
10.8829    7.7159    
18.1461    36.5711   
18.8801    3.5998    

# Frame45

# x        y
3.9055     11.2767   
18.4632    27.0808   
13.4174    7.4330    
10.8837    7.6186    
18.1461    36.5711   
18.8619    3.7406    

# Frame46

# x        y
3.6021     11.2530   
18.4632    27.0808   
13.4174    7.4330    
10.8844    7.5229    
18.1461    36.5711   
18.8441    3.8790    

# Frame47

# x        y
3.3039     11.2297   
18.4632    27.0808   
13.4174    7.4330    
10.8852    7.4288    
18.1461    36.5711   
18.8266    4.0152    

# Frame48

# x        y
3.0106     11.2068   
18.4632    27.0808   
13.4174    7.4330    
10.8860    7.3363    
18.1461    36.5711   
18.8093    4.1490    

# Frame49

# x        y
2.7222     11.1842   
18.4632    27.0808   
13.4174    7.4330    
10.8867    7.2454    
18.1461    36.5711   
18.7923    4.2807    

# Frame50

# x        y
2.4386     11.1621   
18.4632    27.0808   
13.4174    7.4330    
10.8874    7.1559    
18.1461    36.5711   
18.7757    4.4101    

# Frame51

# x        y
2.1597     11.1403   
18.4632    27.0808   
13.4174    7.4330    
10.8881    7.0679    
18.1461    36.5711   
18.7592    4.5374    

# Frame52

# x        y
1.8855     11.1189   
18.4632    27.0808   
13.4174    7.4330    
10.8888    6.9814    
18.1461    36.5711   
18.7431    4.6626    

# Frame53

# x        y
1.6158     11.0978   
18.4632    27.0808   
13.4174    7.4330    
10.8895    6.8964    
18.1461    36.5711   
18.7273    4.7857    

# Frame54

# x        y
1.3506     11.0771   
18.4632    27.0808   
13.4174    7.4330    
10.8902    6.8128    
18.1461    36.5711   
18.7117    4.9067    

# Frame55

# x        y
1.0899     11.0567   
18.4632    27.0808   
13.4174    7.4330    
10.8909    6.7305    
18.1461    36.5711   
18.6963    5.0257    

# Frame56

# x        y
1.0856     11.0742   
18.4632    27.0808   
13.4174    7.4330    
10.8915    6.6496    
18.1461    36.5711   
18.6812    5.1428    

# Frame57

# x        y
1.2117     11.1132   
18.4632    27.0808   
13.4174    7.4330    
10.8922    6.5701    
18.1461    36.5711   
18.6664    5.2578    

# Frame58

# x        y
1.3356     11.1515   
18.4632    27.0808   
13.4174    7.4330    
10.8928    6.4919    
18.1461    36.5711   
18.6518    5.3710    

# Frame59

# x        y
1.4575     11.1892   
18.4632    27.0808   
13.4174    7.4330    
10.8935    6.4150    
18.1461    36.5711   
18.6375    5.4823    

# Frame60

# x        y
1.5774     11.2262   
18.4632    27.0808   
13.4174    7.4330    
10.8941    6.3394    
18.1461    36.5711   
18.6234    5.5917    

# Frame61

# x        y
1.6952     11.2626   
18.4632    27.0808   
13.4174    7.4330    
10.8947    6.2651    
18.1461    36.5711   
18.6095    5.6993    

# Frame62

# x        y
1.8111     11.2984   
18.4632    27.0808   
13.4174    7.4330    
10.8953    6.1919    
18.1461    36.5711   
18.5959    5.8051    

# Frame63

# x        y
1.9251     11.3336   
18.4632    27.0808   
13.4174    7.4330    
10.8959    6.1200    
18.1461    36.5711   
18.5825    5.9091    

# Frame64

# x        y
2.0372     11.3682   
18.4632    27.0808   
13.4174    7.4330    
10.8964    6.0493    
18.1461    36.5711   
18.5693    6.0114    

# Frame65

# x        y
2.1474     11.4023   
18.4632    27.0808   
13.4174    7.4330    
10.8970    5.9798    
18.1461    36.5711   
18.5563    6.1120    

# Frame66

# x        y
2.2557     11.4358   
18.4632    27.0808   
13.4174    7.4330    
10.8975    5.9115    
18.1461    36.5711   
18.5436    6.2110    

# Frame67

# x        y
2.3623     11.4687   
18.4632    27.0808   
13.4174    7.4330    
10.8981    5.8442    
18.1461    36.5711   
18.5310    6.3082    

# Frame68

# x        y
2.4671     11.5011   
18.4632    27.0808   
13.4174    7.4330    
10.8986    5.7781    
18.1461    36.5711   
18.5187    6.4039    

# Frame69

# x        y
2.5701     11.5329   
18.4632    27.0808   
13.4174    7.4330    
10.8992    5.7131    
18.1461    36.5711   
18.5066    6.4980    

# Frame70

# x        y
2.6714     11.5642   
18.4632    27.0808   
13.4174    7.4330    
10.8997    5.6492    
18.1461    36.5711   
18.4947    6.5905    

# Frame71

# x        y
2.7711     11.5950   
18.4632    27.0808   
13.4174    7.4330    
10.9002    5.5864    
18.1461    36.5711   
18.4830    6.6814    

# Frame72

# x        y
2.8690     11.6253   
18.4632    27.0808   
13.4174    7.4330    
10.9007    5.5246    
18.1461    36.5711   
18.4714    6.7708    

# Frame73

# x        y
2.9654     11.6550   
18.4632    27.0808   
13.4174    7.4330    
10.9012    5.4638    
18.1461    36.5711   
18.4601    6.8588    

# Frame74

# x        y
3.0601     11.6843   
18.4632    27.0808   
13.4174    7.4330    
10.9017    5.4040    
18.1461    36.5711   
18.4489    6.9453    

# Frame75

# x        y
3.1533     11.7131   
18.4632    27.0808   
13.4174    7.4330    
10.9022    5.3453    
18.1461    36.5711   
18.4380    7.0303    

# Frame76

# x        y
3.2449     11.7414   
18.4632    27.0808   
13.4174    7.4330    
10.9026    5.2875    
18.1461    36.5711   
18.4272    7.1139    

# Frame77

# x        y
3.3349     11.7692   
18.4632    27.0808   
13.4174    7.4330    
10.9031    5.2307    
18.1461    36.5711   
18.4166    7.1962    

# Frame78

# x        y
3.4235     11.7966   
18.4632    27.0808   
13.4174    7.4330    
10.9035    5.1748    
18.1461    36.5711   
18.4062    7.2770    

# Frame79

# x        y
3.5106     11.8235   
18.4632    27.0808   
13.4174    7.4330    
10.9040    5.1198    
18.1461    36.5711   
18.3960    7.3565    

# Frame80

# x        y
3.5963     11.8499   
18.4632    27.0808   
13.4174    7.4330    
10.9044    5.0658    
18.1461    36.5711   
18.3859    7.4347    

# Frame81

# x        y
3.6805     11.8760   
18.4632    27.0808   
13.4174    7.4330    
10.9049    5.0127    
18.1461    36.5711   
18.3760    7.5116    

# Frame82

# x        y
3.7633     11.9015   
18.4632    27.0808   
13.4174    7.4330    
10.9053    4.9605    
18.1461    36.5711   
18.3662    7.5872    

# Frame83

# x        y
3.8447     11.9267   
18.4632    27.0808   
13.4174    7.4330    
10.9057    4.9091    
18.1461    36.5711   
18.3566    7.6615    

# Frame84

# x        y
3.9248     11.9514   
18.4632    27.0808   
13.4174    7.4330    
10.9061    4.8586    
18.1461    36.5711   
18.3472    7.7346    

# Frame85

# x        y
4.0035     11.9758   
18.4632    27.0808   
13.4174    7.4330    
10.9065    4.8089    
18.1461    36.5711   
18.3380    7.8065    

# Frame86

# x        y
4.0810     11.9997   
18.4632    27.0808   
13.4174    7.4330    
10.9069    4.7600    
18.1461    36.5711   
18.3288    7.8772    

# Frame87

# x        y
4.1571     12.0232   
18.4632    27.0808   
13.4174    7.4330    
10.9073    4.7120    
18.1461    36.5711   
18.3199    7.9467    

# Frame88

# x        y
4.2320     12.0464   
18.4632    27.0808   
13.4174    7.4330    
10.9077    4.6648    
18.1461    36.5711   
18.3111    8.0150    

# Frame89

# x        y
4.3056     12.0691   
18.4632    27.0808   
13.4174    7.4330    
10.9081    4.6183    
18.1461    36.5711   
18.3024    8.0823    

# Frame90

# x        y
4.3780     12.0915   
18.4632    27.0808   
13.4174    7.4330    
10.9084    4.5727    
18.1461    36.5711   
18.2939    8.1483    

# Frame91

# x        y
4.4492     12.1135   
18.4632    27.0808   
13.4174    7.4330    
10.9088    4.5278    
18.1461    36.5711   
18.2855    8.2133    

# Frame92

# x        y
4.5192     12.1351   
18.4632    27.0808   
13.4174    7.4330    
10.9092    4.4836    
18.1461    36.5711   
18.2773    8.2772    

# Frame93

# x        y
4.5880     12.1564   
18.4632    27.0808   
13.4174    7.4330    
10.9095    4.4402    
18.1461    36.5711   
18.2692    8.3401    

# Frame94

# x        y
4.6557     12.1773   
18.4632    27.0808   
13.4174    7.4330    
10.9099    4.3975    
18.1461    36.5711   
18.2612    8.4019    

# Frame95

# x        y
4.7223     12.1978   
18.4632    27.0808   
13.4174    7.4330    
10.9102    4.3555    
18.1461    36.5711   
18.2534    8.4626    

# Frame96

# x        y
4.7877     12.2181   
18.4632    27.0808   
13.4174    7.4330    
10.9105    4.3142    
18.1461    36.5711   
18.2457    8.5224    

# Frame97

# x        y
4.8521     12.2379   
18.4632    27.0808   
13.4174    7.4330    
10.9109    4.2736    
18.1461    36.5711   
18.2381    8.5811    

# Frame98

# x        y
4.9154     12.2575   
18.4632    27.0808   
13.4174    7.4330    
10.9112    4.2337    
18.1461    36.5711   
18.2307    8.6389    

# Frame99

# x        y
4.9776     12.2767   
18.4632    27.0808   
13.4174    7.4330    
10.9115    4.1944    
18.1461    36.5711   
18.2234    8.6957    

# Frame100

# x        y
5.0388     12.2956   
18.4632    27.0808   
13.4174    7.4330    
10.9118    4.1558    
18.1461    36.5711   
18.2162    8.7516    

# Frame101

# x        y
5.0990     12.3142   
18.4632    27.0808   
13.4174    7.4330    
10.9121    4.1179    
18.1461    36.5711   
18.2091    8.8065    

# Frame102

# x        y
5.1581     12.3325   
18.4632    27.0808   
13.4174    7.4330    
10.9124    4.0805    
18.1461    36.5711   
18.2021    8.8605    

# Frame103

# x        y
5.2163     12.3505   
18.4632    27.0808   
13.4174    7.4330    
10.9127    4.0438    
18.1461    36.5711   
18.1953    8.9136    

# Frame104

# x        y
5.2736     12.3682   
18.4632    27.0808   
13.4174    7.4330    
10.9130    4.0077    
18.1461    36.5711   
18.1885    8.9659    

# Frame105

# x        y
5.3298     12.3855   
18.4632    27.0808   
13.4174    7.4330    
10.9133    3.9722    
18.1461    36.5711   
18.1819    9.0172    

# Frame106

# x        y
5.3851     12.4026   
18.4632    27.0808   
13.4174    7.4330    
10.9136    3.9373    
18.1461    36.5711   
18.1754    9.0677    

# Frame107

# x        y
5.4395     12.4194   
18.4632    27.0808   
13.4174    7.4330    
10.9139    3.9030    
18.1461    36.5711   
18.1690    9.1174    

# Frame108

# x        y
5.4930     12.4360   
18.4632    27.0808   
13.4174    7.4330    
10.9142    3.8693    
18.1461    36.5711   
18.1627    9.1662    

# Frame109

# x        y
5.5456     12.4522   
18.4632    27.0808   
13.4174    7.4330    
10.9144    3.8361    
18.1461    36.5711   
18.1565    9.2143    

# Frame110

# x        y
5.5974     12.4682   
18.4632    27.0808   
13.4174    7.4330    
10.9147    3.8035    
18.1461    36.5711   
18.1504    9.2615    

# Frame111

# x        y
5.6482     12.4839   
18.4632    27.0808   
13.4174    7.4330    
10.9150    3.7714    
18.1461    36.5711   
18.1445    9.3079    

# Frame112

# x        y
5.6983     12.4994   
18.4632    27.0808   
13.4174    7.4330    
10.9152    3.7398    
18.1461    36.5711   
18.1386    9.3536    

# Frame113

# x        y
5.7474     12.5146   
18.4632    27.0808   
13.4174    7.4330    
10.9155    3.7088    
18.1461    36.5711   
18.1328    9.3985    

# Frame114

# x        y
5.7958     12.5295   
18.4632    27.0808   
13.4174    7.4330    
10.9157    3.6783    
18.1461    36.5711   
18.1271    9.4426    

# Frame115

# x        y
5.8434     12.5442   
18.4632    27.0808   
13.4174    7.4330    
10.9160    3.6483    
18.1461    36.5711   
18.1215    9.4861    

# Frame116

# x        y
5.8901     12.5587   
18.4632    27.0808   
13.4174    7.4330    
10.9162    3.6188    
18.1461    36.5711   
18.1160    9.5287    

# Frame117

# x        y
5.9361     12.5729   
18.4632    27.0808   
13.4174    7.4330    
10.9164    3.5898    
18.1461    36.5711   
18.1106    9.5707    

# Frame118

# x        y
5.9813     12.5868   
18.4632    27.0808   
13.4174    7.4330    
10.9167    3.5612    
18.1461    36.5711   
18.1053    9.6120    

# Frame119

# x        y
6.0258     12.6006   
18.4632    27.0808   
13.4174    7.4330    
10.9169    3.5332    
18.1461    36.5711   
18.1000    9.6526    

# Frame120

# x        y
6.0695     12.6141   
18.4632    27.0808   
13.4174    7.4330    
10.9171    3.5056    
18.1461    36.5711   
18.0949    9.6925    

# Frame121

# x        y
6.1125     12.6274   
18.4632    27.0808   
13.4174    7.4330    
10.9173    3.4785    
18.1461    36.5711   
18.0898    9.7318    

# Frame122

# x        y
6.1548     12.6404   
18.4632    27.0808   
13.4174    7.4330    
10.9176    3.4518    
18.1461    36.5711   
18.0849    9.7704    

# Frame123

# x        y
6.1964     12.6533   
18.4632    27.0808   
13.4174    7.4330    
10.9178    3.4256    
18.1461    36.5711   
18.0800    9.8083    

# Frame124

# x        y
6.2373     12.6659   
18.4632    27.0808   
13.4174    7.4330    
10.9180    3.3998    
18.1461    36.5711   
18.0752    9.8456    

# Frame125

# x        y
6.2775     12.6783   
18.4632    27.0808   
13.4174    7.4330    
10.9182    3.3744    
18.1461    36.5711   
18.0704    9.8823    

# Frame126

# x        y
6.3170     12.6905   
18.4632    27.0808   
13.4174    7.4330    
10.9184    3.3495    
18.1461    36.5711   
18.0658    9.9184    

# Frame127

# x        y
6.3559     12.7025   
18.4632    27.0808   
13.4174    7.4330    
10.9186    3.3250    
18.1461    36.5711   
18.0612    9.9539    

# Frame128

# x        y
6.3941     12.7144   
18.4632    27.0808   
13.4174    7.4330    
10.9188    3.3009    
18.1461    36.5711   
18.0567    9.9888    

# Frame129

# x        y
6.4317     12.7260   
18.4632    27.0808   
13.4174    7.4330    
10.9190    3.2771    
18.1461    36.5711   
18.0523    10.0231   

# Frame130

# x        y
6.4686     12.7374   
18.4632    27.0808   
13.4174    7.4330    
10.9192    3.2538    
18.1461    36.5711   
18.0479    10.0569   

# Frame131

# x        y
6.5050     12.7486   
18.4632    27.0808   
13.4174    7.4330    
10.9194    3.2309    
18.1461    36.5711   
18.0437    10.0900   

# Frame132

# x        y
6.5407     12.7597   
18.4632    27.0808   
13.4174    7.4330    
10.9195    3.2084    
18.1461    36.5711   
18.0395    10.1227   

# Frame133

# x        y
6.5759     12.7705   
18.4632    27.0808   
13.4174    7.4330    
10.9197    3.1862    
18.1461    36.5711   
18.0353    10.1547   

# Frame134

# x        y
6.6104     12.7812   
18.4632    27.0808   
13.4174    7.4330    
10.9199    3.1644    
18.1461    36.5711   
18.0313    10.1863   

# Frame135

# x        y
6.6444     12.7917   
18.4632    27.0808   
13.4174    7.4330    
10.9201    3.1429    
18.1461    36.5711   
18.0273    10.2173   

# Frame136

# x        y
6.6778     12.8020   
18.4632    27.0808   
13.4174    7.4330    
10.9202    3.1219    
18.1461    36.5711   
18.0233    10.2478   

# Frame137

# x        y
6.7107     12.8122   
18.4632    27.0808   
13.4174    7.4330    
10.9204    3.1011    
18.1461    36.5711   
18.0195    10.2778   

# Frame138

# x        y
6.7430     12.8222   
18.4632    27.0808   
13.4174    7.4330    
10.9206    3.0808    
18.1461    36.5711   
18.0157    10.3073   

# Frame139

# x        y
6.7748     12.8320   
18.4632    27.0808   
13.4174    7.4330    
10.9207    3.0607    
18.1461    36.5711   
18.0119    10.3363   

# Frame140

# x        y
6.8060     12.8416   
18.4632    27.0808   
13.4174    7.4330    
10.9209    3.0410    
18.1461    36.5711   
18.0083    10.3648   

# Frame141

# x        y
6.8367     12.8511   
18.4632    27.0808   
13.4174    7.4330    
10.9211    3.0216    
18.1461    36.5711   
18.0046    10.3929   

# Frame142

# x        y
6.8669     12.8604   
18.4632    27.0808   
13.4174    7.4330    
10.9212    3.0026    
18.1461    36.5711   
18.0011    10.4205   

# Frame143

# x        y
6.8966     12.8696   
18.4632    27.0808   
13.4174    7.4330    
10.9214    2.9838    
18.1461    36.5711   
17.9976    10.4476   

# Frame144

# x        y
6.9259     12.8787   
18.4632    27.0808   
13.4174    7.4330    
10.9215    2.9654    
18.1461    36.5711   
17.9942    10.4742   

# Frame145

# x        y
6.9546     12.8875   
18.4632    27.0808   
13.4174    7.4330    
10.9217    2.9473    
18.1461    36.5711   
17.9908    10.5005   

# Frame146

# x        y
6.9828     12.8963   
18.4632    27.0808   
13.4174    7.4330    
10.9218    2.9295    
18.1461    36.5711   
17.9875    10.5263   

# Frame147

# x        y
7.0106     12.9048   
18.4632    27.0808   
13.4174    7.4330    
10.9220    2.9119    
18.1461    36.5711   
17.9842    10.5516   

# Frame148

# x        y
7.0379     12.9133   
18.4632    27.0808   
13.4174    7.4330    
10.9221    2.8947    
18.1461    36.5711   
17.9810    10.5765   

# Frame149

# x        y
7.0648     12.9216   
18.4632    27.0808   
13.4174    7.4330    
10.9222    2.8778    
18.1461    36.5711   
17.9778    10.6011   

# Frame150

# x        y
7.0912     12.9297   
18.4632    27.0808   
13.4174    7.4330    
10.9224    2.8611    
18.1461    36.5711   
17.9747    10.6252   

# Frame151

# x        y
7.1171     12.9378   
18.4632    27.0808   
13.4174    7.4330    
10.9225    2.8447    
18.1461    36.5711   
17.9716    10.6489   

# Frame152

# x        y
7.1427     12.9456   
18.4632    27.0808   
13.4174    7.4330    
10.9226    2.8286    
18.1461    36.5711   
17.9686    10.6722   

# Frame153

# x        y
7.1678     12.9534   
18.4632    27.0808   
13.4174    7.4330    
10.9228    2.8128    
18.1461    36.5711   
17.9657    10.6951   

# Frame154

# x        y
7.1925     12.9610   
18.4632    27.0808   
13.4174    7.4330    
10.9229    2.7972    
18.1461    36.5711   
17.9628    10.7176   

# Frame155

# x        y
7.2168     12.9685   
18.4632    27.0808   
13.4174    7.4330    
10.9230    2.7819    
18.1461    36.5711   
17.9599    10.7398   

# Frame156

# x        y
7.2406     12.9759   
18.4632    27.0808   
13.4174    7.4330    
10.9231    2.7668    
18.1461    36.5711   
17.9571    10.7616   

# Frame157

# x        y
7.2641     12.9832   
18.4632    27.0808   
13.4174    7.4330    
10.9233    2.7520    
18.1461    36.5711   
17.9544    10.7830   

# Frame158

# x        y
7.2872     12.9903   
18.4632    27.0808   
13.4174    7.4330    
10.9234    2.7374    
18.1461    36.5711   
17.9516    10.8041   

# Frame159

# x        y
7.3099     12.9973   
18.4632    27.0808   
13.4174    7.4330    
10.9235    2.7231    
18.1461    36.5711   
17.9490    10.8248   

# Frame160

# x        y
7.3322     13.0042   
18.4632    27.0808   
13.4174    7.4330    
10.9236    2.7090    
18.1461    36.5711   
17.9463    10.8452   

# Frame161

# x        y
7.3542     13.0110   
18.4632    27.0808   
13.4174    7.4330    
10.9237    2.6952    
18.1461    36.5711   
17.9438    10.8653   

# Frame162

# x        y
7.3758     13.0177   
18.4632    27.0808   
13.4174    7.4330    
10.9238    2.6816    
18.1461    36.5711   
17.9412    10.8850   

# Frame163

# x        y
7.3970     13.0242   
18.4632    27.0808   
13.4174    7.4330    
10.9239    2.6682    
18.1461    36.5711   
17.9387    10.9043   

# Frame164

# x        y
7.4179     13.0307   
18.4632    27.0808   
13.4174    7.4330    
10.9240    2.6550    
18.1461    36.5711   
17.9363    10.9234   

# Frame165

# x        y
7.4384     13.0370   
18.4632    27.0808   
13.4174    7.4330    
10.9242    2.6421    
18.1461    36.5711   
17.9339    10.9421   

# Frame166

# x        y
7.4586     13.0432   
18.4632    27.0808   
13.4174    7.4330    
10.9243    2.6293    
18.1461    36.5711   
17.9315    10.9606   

# Frame167

# x        y
7.4784     13.0494   
18.4632    27.0808   
13.4174    7.4330    
10.9244    2.6168    
18.1461    36.5711   
17.9291    10.9787   

# Frame168

# x        y
7.4979     13.0554   
18.4632    27.0808   
13.4174    7.4330    
10.9245    2.6045    
18.1461    36.5711   
17.9269    10.9965   

# Frame169

# x        y
7.5171     13.0613   
18.4632    27.0808   
13.4174    7.4330    
10.9246    2.5924    
18.1461    36.5711   
17.9246    11.0140   

# Frame170

# x        y
7.5360     13.0672   
18.4632    27.0808   
13.4174    7.4330    
10.9247    2.5805    
18.1461    36.5711   
17.9224    11.0312   

# Frame171

# x        y
7.5545     13.0729   
18.4632    27.0808   
13.4174    7.4330    
10.9247    2.5688    
18.1461    36.5711   
17.9202    11.0482   

# Frame172

# x        y
7.5728     13.0785   
18.4632    27.0808   
13.4174    7.4330    
10.9248    2.5573    
18.1461    36.5711   
17.9180    11.0648   

# Frame173

# x        y
7.5907     13.0841   
18.4632    27.0808   
13.4174    7.4330    
10.9249    2.5460    
18.1461    36.5711   
17.9159    11.0812   

# Frame174

# x        y
7.6084     13.0895   
18.4632    27.0808   
13.4174    7.4330    
10.9250    2.5348    
18.1461    36.5711   
17.9139    11.0973   

# Frame175

# x        y
7.6257     13.0949   
18.4632    27.0808   
13.4174    7.4330    
10.9251    2.5239    
18.1461    36.5711   
17.9118    11.1132   

# Frame176

# x        y
7.6428     13.1002   
18.4632    27.0808   
13.4174    7.4330    
10.9252    2.5131    
18.1461    36.5711   
17.9098    11.1287   

# Frame177

# x        y
7.6596     13.1053   
18.4632    27.0808   
13.4174    7.4330    
10.9253    2.5025    
18.1461    36.5711   
17.9078    11.1440   

# Frame178

# x        y
7.6761     13.1104   
18.4632    27.0808   
13.4174    7.4330    
10.9254    2.4921    
18.1461    36.5711   
17.9059    11.1591   

# Frame179

# x        y
7.6923     13.1154   
18.4632    27.0808   
13.4174    7.4330    
10.9255    2.4819    
18.1461    36.5711   
17.9040    11.1739   

# Frame180

# x        y
7.7082     13.1204   
18.4632    27.0808   
13.4174    7.4330    
10.9255    2.4718    
18.1461    36.5711   
17.9021    11.1885   

# Frame181

# x        y
7.7239     13.1252   
18.4632    27.0808   
13.4174    7.4330    
10.9256    2.4620    
18.1461    36.5711   
17.9003    11.2028   

# Frame182

# x        y
7.7393     13.1300   
18.4632    27.0808   
13.4174    7.4330    
10.9257    2.4522    
18.1461    36.5711   
17.8985    11.2169   

# Frame183

# x        y
7.7545     13.1347   
18.4632    27.0808   
13.4174    7.4330    
10.9258    2.4427    
18.1461    36.5711   
17.8967    11.2307   

# Frame184

# x        y
7.7694     13.1393   
18.4632    27.0808   
13.4174    7.4330    
10.9259    2.4332    
18.1461    36.5711   
17.8949    11.2443   

# Frame185

# x        y
7.7841     13.1438   
18.4632    27.0808   
13.4174    7.4330    
10.9259    2.4240    
18.1461    36.5711   
17.8932    11.2577   

# Frame186

# x        y
7.7985     13.1483   
18.4632    27.0808   
13.4174    7.4330    
10.9260    2.4149    
18.1461    36.5711   
17.8915    11.2709   

# Frame187

# x        y
7.8127     13.1526   
18.4632    27.0808   
13.4174    7.4330    
10.9261    2.4060    
18.1461    36.5711   
17.8898    11.2838   

# Frame188

# x        y
7.8266     13.1570   
18.4632    27.0808   
13.4174    7.4330    
10.9261    2.3972    
18.1461    36.5711   
17.8882    11.2966   

# Frame189

# x        y
7.8403     13.1612   
18.4632    27.0808   
13.4174    7.4330    
10.9262    2.3885    
18.1461    36.5711   
17.8866    11.3091   

# Frame190

# x        y
7.8538     13.1654   
18.4632    27.0808   
13.4174    7.4330    
10.9263    2.3800    
18.1461    36.5711   
17.8850    11.3214   

# Frame191

# x        y
7.8671     13.1695   
18.4632    27.0808   
13.4174    7.4330    
10.9264    2.3716    
18.1461    36.5711   
17.8834    11.3335   

# Frame192

# x        y
7.8801     13.1735   
18.4632    27.0808   
13.4174    7.4330    
10.9264    2.3634    
18.1461    36.5711   
17.8819    11.3454   

# Frame193

# x        y
7.8929     13.1774   
18.4632    27.0808   
13.4174    7.4330    
10.9265    2.3553    
18.1461    36.5711   
17.8804    11.3571   

# Frame194

# x        y
7.9055     13.1813   
18.4632    27.0808   
13.4174    7.4330    
10.9266    2.3474    
18.1461    36.5711   
17.8789    11.3686   

# Frame195

# x        y
7.9179     13.1852   
18.4632    27.0808   
13.4174    7.4330    
10.9266    2.3396    
18.1461    36.5711   
17.8774    11.3799   

# Frame196

# x        y
7.9301     13.1889   
18.4632    27.0808   
13.4174    7.4330    
10.9267    2.3319    
18.1461    36.5711   
17.8760    11.3910   

# Frame197

# x        y
7.9421     13.1926   
18.4632    27.0808   
13.4174    7.4330    
10.9267    2.3243    
18.1461    36.5711   
17.8746    11.4020   

# Frame198

# x        y
7.9539     13.1963   
18.4632    27.0808   
13.4174    7.4330    
10.9268    2.3169    
18.1461    36.5711   
17.8732    11.4127   

# Frame199

# x        y
7.9655     13.1999   
18.4632    27.0808   
13.4174    7.4330    
10.9269    2.3096    
18.1461    36.5711   
17.8718    11.4233   

# Frame200

# x        y
7.9769     13.2034   
18.4632    27.0808   
13.4174    7.4330    
10.9269    2.3024    
18.1461    36.5711   
17.8705    11.4337   

# Frame201

# x        y
7.9881     13.2068   
18.4632    27.0808   
13.4174    7.4330    
10.9270    2.2953    
18.1461    36.5711   
17.8692    11.4440   

# Frame202

# x        y
7.9991     13.2102   
18.4632    27.0808   
13.4174    7.4330    
10.9270    2.2883    
18.1461    36.5711   
17.8679    11.4540   

# Frame203

# x        y
8.0100     13.2136   
18.4632    27.0808   
13.4174    7.4330    
10.9271    2.2815    
18.1461    36.5711   
17.8666    11.4639   

# Frame204

# x        y
8.0206     13.2169   
18.4632    27.0808   
13.4174    7.4330    
10.9271    2.2748    
18.1461    36.5711   
17.8654    11.4736   

# Frame205

# x        y
8.0311     13.2201   
18.4632    27.0808   
13.4174    7.4330    
10.9272    2.2682    
18.1461    36.5711   
17.8641    11.4832   

# Frame206

# x        y
8.0414     13.2233   
18.4632    27.0808   
13.4174    7.4330    
10.9272    2.2617    
18.1461    36.5711   
17.8629    11.4926   

# Frame207

# x        y
8.0515     13.2264   
18.4632    27.0808   
13.4174    7.4330    
10.9273    2.2553    
18.1461    36.5711   
17.8617    11.5019   

# Frame208

# x        y
8.0615     13.2295   
18.4632    27.0808   
13.4174    7.4330    
10.9274    2.2490    
18.1461    36.5711   
17.8605    11.5110   

# Frame209

# x        y
8.0713     13.2325   
18.4632    27.0808   
13.4174    7.4330    
10.9274    2.2428    
18.1461    36.5711   
17.8594    11.5199   

# Frame210

# x        y
8.0809     13.2355   
18.4632    27.0808   
13.4174    7.4330    
10.9275    2.2367    
18.1461    36.5711   
17.8583    11.5287   

# Frame211

# x        y
8.0904     13.2385   
18.4632    27.0808   
13.4174    7.4330    
10.9275    2.2308    
18.1461    36.5711   
17.8572    11.5373   

# Frame212

# x        y
8.0997     13.2413   
18.4632    27.0808   
13.4174    7.4330    
10.9275    2.2249    
18.1461    36.5711   
17.8561    11.5458   

# Frame213

# x        y
8.1089     13.2442   
18.4632    27.0808   
13.4174    7.4330    
10.9276    2.2191    
18.1461    36.5711   
17.8550    11.5542   

# Frame214

# x        y
8.1179     13.2469   
18.4632    27.0808   
13.4174    7.4330    
10.9276    2.2134    
18.1461    36.5711   
17.8539    11.5624   

# Frame215

# x        y
8.1267     13.2497   
18.4632    27.0808   
13.4174    7.4330    
10.9277    2.2078    
18.1461    36.5711   
17.8529    11.5705   

# Frame216

# x        y
8.1354     13.2524   
18.4632    27.0808   
13.4174    7.4330    
10.9277    2.2023    
18.1461    36.5711   
17.8519    11.5785   

# Frame217

# x        y
8.1440     13.2550   
18.4632    27.0808   
13.4174    7.4330    
10.9278    2.1969    
18.1461    36.5711   
17.8508    11.5863   

# Frame218

# x        y
8.1524     13.2576   
18.4632    27.0808   
13.4174    7.4330    
10.9278    2.1916    
18.1461    36.5711   
17.8499    11.5940   

# Frame219

# x        y
8.1607     13.2602   
18.4632    27.0808   
13.4174    7.4330    
10.9279    2.1864    
18.1461    36.5711   
17.8489    11.6015   

# Frame220

# x        y
8.1689     13.2627   
18.4632    27.0808   
13.4174    7.4330    
10.9279    2.1813    
18.1461    36.5711   
17.8479    11.6090   

# Frame221

# x        y
8.1769     13.2652   
18.4632    27.0808   
13.4174    7.4330    
10.9279    2.1762    
18.1461    36.5711   
17.8470    11.6163   

# Frame222

# x        y
8.1847     13.2676   
18.4632    27.0808   
13.4174    7.4330    
10.9280    2.1712    
18.1461    36.5711   
17.8461    11.6235   

# Frame223

# x        y
8.1925     13.2700   
18.4632    27.0808   
13.4174    7.4330    
10.9280    2.1664    
18.1461    36.5711   
17.8451    11.6305   

# Frame224

# x        y
8.2001     13.2723   
18.4632    27.0808   
13.4174    7.4330    
10.9281    2.1616    
18.1461    36.5711   
17.8442    11.6375   

# Frame225

# x        y
8.2076     13.2747   
18.4632    27.0808   
13.4174    7.4330    
10.9281    2.1568    
18.1461    36.5711   
17.8434    11.6443   

# Frame226

# x        y
8.2149     13.2769   
18.4632    27.0808   
13.4174    7.4330    
10.9281    2.1522    
18.1461    36.5711   
17.8425    11.6510   

# Frame227

# x        y
8.2222     13.2792   
18.4632    27.0808   
13.4174    7.4330    
10.9282    2.1476    
18.1461    36.5711   
17.8416    11.6576   

# Frame228

# x        y
8.2293     13.2814   
18.4632    27.0808   
13.4174    7.4330    
10.9282    2.1431    
18.1461    36.5711   
17.8408    11.6641   

# Frame229

# x        y
8.2363     13.2835   
18.4632    27.0808   
13.4174    7.4330    
10.9282    2.1387    
18.1461    36.5711   
17.8400    11.6705   

# Frame230

# x        y
8.2432     13.2857   
18.4632    27.0808   
13.4174    7.4330    
10.9283    2.1344    
18.1461    36.5711   
17.8392    11.6768   

# Frame231

# x        y
8.2500     13.2877   
18.4632    27.0808   
13.4174    7.4330    
10.9283    2.1301    
18.1461    36.5711   
17.8384    11.6830   

# Frame232

# x        y
8.2566     13.2898   
18.4632    27.0808   
13.4174    7.4330    
10.9284    2.1259    
18.1461    36.5711   
17.8376    11.6891   

# Frame233

# x        y
8.2632     13.2918   
18.4632    27.0808   
13.4174    7.4330    
10.9284    2.1218    
18.1461    36.5711   
17.8368    11.6950   

# Frame234

# x        y
8.2696     13.2938   
18.4632    27.0808   
13.4174    7.4330    
10.9284    2.1177    
18.1461    36.5711   
17.8361    11.7009   

# Frame235

# x        y
8.2759     13.2958   
18.4632    27.0808   
13.4174    7.4330    
10.9285    2.1137    
18.1461    36.5711   
17.8353    11.7067   

# Frame236

# x        y
8.2821     13.2977   
18.4632    27.0808   
13.4174    7.4330    
10.9285    2.1098    
18.1461    36.5711   
17.8346    11.7124   

# Frame237

# x        y
8.2883     13.2996   
18.4632    27.0808   
13.4174    7.4330    
10.9285    2.1059    
18.1461    36.5711   
17.8339    11.7180   

# Frame238

# x        y
8.2943     13.3014   
18.4632    27.0808   
13.4174    7.4330    
10.9285    2.1021    
18.1461    36.5711   
17.8332    11.7235   

# Frame239

# x        y
8.3002     13.3033   
18.4632    27.0808   
13.4174    7.4330    
10.9286    2.0984    
18.1461    36.5711   
17.8325    11.7289   

# Frame240

# x        y
8.3060     13.3051   
18.4632    27.0808   
13.4174    7.4330    
10.9286    2.0947    
18.1461    36.5711   
17.8318    11.7342   

# Frame241

# x        y
8.3117     13.3068   
18.4632    27.0808   
13.4174    7.4330    
10.9286    2.0911    
18.1461    36.5711   
17.8311    11.7394   

# Frame242

# x        y
8.3174     13.3086   
18.4632    27.0808   
13.4174    7.4330    
10.9287    2.0876    
18.1461    36.5711   
17.8304    11.7445   

# Frame243

# x        y
8.3229     13.3103   
18.4632    27.0808   
13.4174    7.4330    
10.9287    2.0841    
18.1461    36.5711   
17.8298    11.7496   

# Frame244

# x        y
8.3283     13.3120   
18.4632    27.0808   
13.4174    7.4330    
10.9287    2.0807    
18.1461    36.5711   
17.8292    11.7546   

# Frame245

# x        y
8.3337     13.3136   
18.4632    27.0808   
13.4174    7.4330    
10.9287    2.0773    
18.1461    36.5711   
17.8285    11.7594   

# Frame246

# x        y
8.3390     13.3152   
18.4632    27.0808   
13.4174    7.4330    
10.9288    2.0740    
18.1461    36.5711   
17.8279    11.7642   

# Frame247

# x        y
8.3441     13.3168   
18.4632    27.0808   
13.4174    7.4330    
10.9288    2.0707    
18.1461    36.5711   
17.8273    11.7690   

# Frame248

# x        y
8.3492     13.3184   
18.4632    27.0808   
13.4174    7.4330    
10.9288    2.0675    
18.1461    36.5711   
17.8267    11.7736   

# Frame249

# x        y
8.3542     13.3200   
18.4632    27.0808   
13.4174    7.4330    
10.9289    2.0643    
18.1461    36.5711   
17.8261    11.7782   

# Frame250

# x        y
8.3591     13.3215   
18.4632    27.0808   
13.4174    7.4330    
10.9289    2.0612    
18.1461    36.5711   
17.8255    11.7827   

# Frame251

# x        y
8.3640     13.3230   
18.4632    27.0808   
13.4174    7.4330    
10.9289    2.0582    
18.1461    36.5711   
17.8250    11.7871   

# Frame252

# x        y
8.3687     13.3244   
18.4632    27.0808   
13.4174    7.4330    
10.9289    2.0552    
18.1461    36.5711   
17.8244    11.7914   

# Frame253

# x        y
8.3734     13.3259   
18.4632    27.0808   
13.4174    7.4330    
10.9290    2.0522    
18.1461    36.5711   
17.8239    11.7957   

# Frame254

# x        y
8.3780     13.3273   
18.4632    27.0808   
13.4174    7.4330    
10.9290    2.0493    
18.1461    36.5711   
17.8233    11.7999   

# Frame255

# x        y
8.3825     13.3287   
18.4632    27.0808   
13.4174    7.4330    
10.9290    2.0465    
18.1461    36.5711   
17.8228    11.8040   

# Frame256

# x        y
8.3870     13.3301   
18.4632    27.0808   
13.4174    7.4330    
10.9290    2.0437    
18.1461    36.5711   
17.8223    11.8081   

# Frame257

# x        y
8.3913     13.3314   
18.4632    27.0808   
13.4174    7.4330    
10.9290    2.0409    
18.1461    36.5711   
17.8217    11.8121   

# Frame258

# x        y
8.3956     13.3328   
18.4632    27.0808   
13.4174    7.4330    
10.9291    2.0382    
18.1461    36.5711   
17.8212    11.8160   

# Frame259

# x        y
8.3999     13.3341   
18.4632    27.0808   
13.4174    7.4330    
10.9291    2.0355    
18.1461    36.5711   
17.8207    11.8199   

# Frame260

# x        y
8.4040     13.3354   
18.4632    27.0808   
13.4174    7.4330    
10.9291    2.0329    
18.1461    36.5711   
17.8203    11.8236   

# Frame261

# x        y
8.4081     13.3366   
18.4632    27.0808   
13.4174    7.4330    
10.9291    2.0303    
18.1461    36.5711   
17.8198    11.8274   

# Frame262

# x        y
8.4121     13.3379   
18.4632    27.0808   
13.4174    7.4330    
10.9291    2.0278    
18.1461    36.5711   
17.8193    11.8310   

# Frame263

# x        y
8.4161     13.3391   
18.4632    27.0808   
13.4174    7.4330    
10.9292    2.0253    
18.1461    36.5711   
17.8188    11.8347   

# Frame264

# x        y
8.4200     13.3403   
18.4632    27.0808   
13.4174    7.4330    
10.9292    2.0229    
18.1461    36.5711   
17.8184    11.8382   

# Frame265

# x        y
8.4238     13.3415   
18.4632    27.0808   
13.4174    7.4330    
10.9292    2.0204    
18.1461    36.5711   
17.8179    11.8417   

# Frame266

# x        y
8.4276     13.3426   
18.4632    27.0808   
13.4174    7.4330    
10.9292    2.0181    
18.1461    36.5711   
17.8175    11.8451   

# Frame267

# x        y
8.4313     13.3438   
18.4632    27.0808   
13.4174    7.4330    
10.9292    2.0157    
18.1461    36.5711   
17.8170    11.8485   

# Frame268

# x        y
8.4349     13.3449   
18.4632    27.0808   
13.4174    7.4330    
10.9293    2.0134    
18.1461    36.5711   
17.8166    11.8518   

# Frame269

# x        y
8.4385     13.3460   
18.4632    27.0808   
13.4174    7.4330    
10.9293    2.0112    
18.1461    36.5711   
17.8162    11.8551   

# Frame270

# x        y
8.4420     13.3471   
18.4632    27.0808   
13.4174    7.4330    
10.9293    2.0090    
18.1461    36.5711   
17.8158    11.8583   

# Frame271

# x        y
8.4454     13.3481   
18.4632    27.0808   
13.4174    7.4330    
10.9293    2.0068    
18.1461    36.5711   
17.8154    11.8614   

# Frame272

# x        y
8.4488     13.3492   
18.4632    27.0808   
13.4174    7.4330    
10.9293    2.0047    
18.1461    36.5711   
17.8150    11.8645   

# Frame273

# x        y
8.4522     13.3502   
18.4632    27.0808   
13.4174    7.4330    
10.9294    2.0025    
18.1461    36.5711   
17.8146    11.8676   

# Frame274

# x        y
8.4555     13.3512   
18.4632    27.0808   
13.4174    7.4330    
10.9294    2.0005    
18.1461    36.5711   
17.8142    11.8706   

# Frame275

# x        y
8.4587     13.3522   
18.4632    27.0808   
13.4174    7.4330    
10.9294    1.9984    
18.1461    36.5711   
17.8138    11.8735   

# Frame276

# x        y
8.4619     13.3532   
18.4632    27.0808   
13.4174    7.4330    
10.9294    1.9964    
18.1461    36.5711   
17.8134    11.8764   

# Frame277

# x        y
8.4650     13.3542   
18.4632    27.0808   
13.4174    7.4330    
10.9294    1.9945    
18.1461    36.5711   
17.8131    11.8793   

# Frame278

# x        y
8.4681     13.3551   
18.4632    27.0808   
13.4174    7.4330    
10.9294    1.9925    
18.1461    36.5711   
17.8127    11.8821   

# Frame279

# x        y
8.4711     13.3561   
18.4632    27.0808   
13.4174    7.4330    
10.9295    1.9906    
18.1461    36.5711   
17.8124    11.8849   

# Frame280

# x        y
8.4741     13.3570   
18.4632    27.0808   
13.4174    7.4330    
10.9295    1.9887    
18.1461    36.5711   
17.8120    11.8876   

# Frame281

# x        y
8.4770     13.3579   
18.4632    27.0808   
13.4174    7.4330    
10.9295    1.9869    
18.1461    36.5711   
17.8117    11.8902   

# Frame282

# x        y
8.4798     13.3588   
18.4632    27.0808   
13.4174    7.4330    
10.9295    1.9851    
18.1461    36.5711   
17.8113    11.8929   

# Frame283

# x        y
8.4827     13.3596   
18.4632    27.0808   
13.4174    7.4330    
10.9295    1.9833    
18.1461    36.5711   
17.8110    11.8954   

# Frame284

# x        y
8.4854     13.3605   
18.4632    27.0808   
13.4174    7.4330    
10.9295    1.9816    
18.1461    36.5711   
17.8107    11.8980   

# Frame285

# x        y
8.4882     13.3614   
18.4632    27.0808   
13.4174    7.4330    
10.9295    1.9798    
18.1461    36.5711   
17.8104    11.9005   

# Frame286

# x        y
8.4909     13.3622   
18.4632    27.0808   
13.4174    7.4330    
10.9296    1.9781    
18.1461    36.5711   
17.8100    11.9029   

# Frame287

# x        y
8.4935     13.3630   
18.4632    27.0808   
13.4174    7.4330    
10.9296    1.9765    
18.1461    36.5711   
17.8097    11.9053   

# Frame288

# x        y
8.4961     13.3638   
18.4632    27.0808   
13.4174    7.4330    
10.9296    1.9748    
18.1461    36.5711   
17.8094    11.9077   

# Frame289

# x        y
8.4987     13.3646   
18.4632    27.0808   
13.4174    7.4330    
10.9296    1.9732    
18.1461    36.5711   
17.8091    11.9100   

# Frame290

# x        y
8.5012     13.3654   
18.4632    27.0808   
13.4174    7.4330    
10.9296    1.9716    
18.1461    36.5711   
17.8088    11.9123   

# Frame291

# x        y
8.5036     13.3661   
18.4632    27.0808   
13.4174    7.4330    
10.9296    1.9701    
18.1461    36.5711   
17.8085    11.9146   

# Frame292

# x        y
8.5061     13.3669   
18.4632    27.0808   
13.4174    7.4330    
10.9296    1.9685    
18.1461    36.5711   
17.8082    11.9168   

# Frame293

# x        y
8.5085     13.3676   
18.4632    27.0808   
13.4174    7.4330    
10.9296    1.9670    
18.1461    36.5711   
17.8080    11.9190   

# Frame294

# x        y
8.5108     13.3683   
18.4632    27.0808   
13.4174    7.4330    
10.9297    1.9656    
18.1461    36.5711   
17.8077    11.9211   

# Frame295

# x        y
8.5131     13.3691   
18.4632    27.0808   
13.4174    7.4330    
10.9297    1.9641    
18.1461    36.5711   
17.8074    11.9232   

# Frame296

# x        y
8.5154     13.3698   
18.4632    27.0808   
13.4174    7.4330    
10.9297    1.9627    
18.1461    36.5711   
17.8072    11.9253   

# Frame297

# x        y
8.5176     13.3704   
18.4632    27.0808   
13.4174    7.4330    
10.9297    1.9613    
18.1461    36.5711   
17.8069    11.9273   

# Frame298

# x        y
8.5198     13.3711   
18.4632    27.0808   
13.4174    7.4330    
10.9297    1.9599    
18.1461    36.5711   
17.8066    11.9293   

# Frame299

# x        y
8.5220     13.3718   
18.4632    27.0808   
13.4174    7.4330    
10.9297    1.9585    
18.1461    36.5711   
17.8064    11.9313   

# Frame300

# x        y
8.5241     13.3724   
18.4632    27.0808   
13.4174    7.4330    
10.9297    1.9572    
18.1461    36.5711   
17.8061    11.9333   

# Frame301

# x        y
8.5262     13.3731   
18.4632    27.0808   
13.4174    7.4330    
10.9297    1.9559    
18.1461    36.5711   
17.8059    11.9352   

# Frame302

# x        y
8.5282     13.3737   
18.4632    27.0808   
13.4174    7.4330    
10.9297    1.9546    
18.1461    36.5711   
17.8056    11.9370   

# Frame303

# x        y
8.5302     13.3743   
18.4632    27.0808   
13.4174    7.4330    
10.9298    1.9533    
18.1461    36.5711   
17.8054    11.9389   

# Frame304

# x        y
8.5322     13.3750   
18.4632    27.0808   
13.4174    7.4330    
10.9298    1.9520    
18.1461    36.5711   
17.8052    11.9407   

# Frame305

# x        y
8.5342     13.3756   
18.4632    27.0808   
13.4174    7.4330    
10.9298    1.9508    
18.1461    36.5711   
17.8049    11.9425   

# Frame306

# x        y
8.5361     13.3762   
18.4632    27.0808   
13.4174    7.4330    
10.9298    1.9496    
18.1461    36.5711   
17.8047    11.9442   

# Frame307

# x        y
8.5380     13.3767   
18.4632    27.0808   
13.4174    7.4330    
10.9298    1.9484    
18.1461    36.5711   
17.8045    11.9459   

# Frame308

# x        y
8.5398     13.3773   
18.4632    27.0808   
13.4174    7.4330    
10.9298    1.9472    
18.1461    36.5711   
17.8043    11.9476   

# Frame309

# x        y
8.5417     13.3779   
18.4632    27.0808   
13.4174    7.4330    
10.9298    1.9461    
18.1461    36.5711   
17.8041    11.9493   

# Frame310

# x        y
8.5435     13.3784   
18.4632    27.0808   
13.4174    7.4330    
10.9298    1.9450    
18.1461    36.5711   
17.8039    11.9509   

# Frame311

# x        y
8.5452     13.3790   
18.4632    27.0808   
13.4174    7.4330    
10.9298    1.9438    
18.1461    36.5711   
17.8036    11.9525   

# Frame312

# x        y
8.5470     13.3795   
18.4632    27.0808   
13.4174    7.4330    
10.9298    1.9427    
18.1461    36.5711   
17.8034    11.9541   

# Frame313

# x        y
8.5487     13.3800   
18.4632    27.0808   
13.4174    7.4330    
10.9299    1.9417    
18.1461    36.5711   
17.8032    11.9557   

# Frame314

# x        y
8.5503     13.3806   
18.4632    27.0808   
13.4174    7.4330    
10.9299    1.9406    
18.1461    36.5711   
17.8030    11.9572   

# Frame315

# x        y
8.5520     13.3811   
18.4632    27.0808   
13.4174    7.4330    
10.9299    1.9396    
18.1461    36.5711   
17.8028    11.9587   

# Frame316

# x        y
8.5536     13.3816   
18.4632    27.0808   
13.4174    7.4330    
10.9299    1.9385    
18.1461    36.5711   
17.8027    11.9602   

# Frame317

# x        y
8.5552     13.3821   
18.4632    27.0808   
13.4174    7.4330    
10.9299    1.9375    
18.1461    36.5711   
17.8025    11.9617   

# Frame318

# x        y
8.5568     13.3825   
18.4632    27.0808   
13.4174    7.4330    
10.9299    1.9366    
18.1461    36.5711   
17.8023    11.9631   

# Frame319

# x        y
8.5583     13.3830   
18.4632    27.0808   
13.4174    7.4330    
10.9299    1.9356    
18.1461    36.5711   
17.8021    11.9645   

# Frame320

# x        y
8.5598     13.3835   
18.4632    27.0808   
13.4174    7.4330    
10.9299    1.9346    
18.1461    36.5711   
17.8019    11.9659   

# Frame321

# x        y
8.5613     13.3840   
18.4632    27.0808   
13.4174    7.4330    
10.9299    1.9337    
18.1461    36.5711   
17.8018    11.9673   

# Frame322

# x        y
8.5628     13.3844   
18.4632    27.0808   
13.4174    7.4330    
10.9299    1.9328    
18.1461    36.5711   
17.8016    11.9686   

# Frame323

# x        y
8.5642     13.3848   
18.4632    27.0808   
13.4174    7.4330    
10.9299    1.9318    
18.1461    36.5711   
17.8014    11.9699   

# Frame324

# x        y
8.5657     13.3853   
18.4632    27.0808   
13.4174    7.4330    
10.9299    1.9310    
18.1461    36.5711   
17.8012    11.9712   

# Frame325

# x        y
8.5671     13.3857   
18.4632    27.0808   
13.4174    7.4330    
10.9299    1.9301    
18.1461    36.5711   
17.8011    11.9725   

# Frame326

# x        y
8.5684     13.3861   
18.4632    27.0808   
13.4174    7.4330    
10.9300    1.9292    
18.1461    36.5711   
17.8009    11.9737   

# Frame327

# x        y
8.5698     13.3866   
18.4632    27.0808   
13.4174    7.4330    
10.9300    1.9284    
18.1461    36.5711   
17.8008    11.9750   

# Frame328

# x        y
8.5711     13.3870   
18.4632    27.0808   
13.4174    7.4330    
10.9300    1.9275    
18.1461    36.5711   
17.8006    11.9762   

# Frame329

# x        y
8.5724     13.3874   
18.4632    27.0808   
13.4174    7.4330    
10.9300    1.9267    
18.1461    36.5711   
17.8004    11.9774   

# Frame330

# x        y
8.5737     13.3878   
18.4632    27.0808   
13.4174    7.4330    
10.9300    1.9259    
18.1461    36.5711   
17.8003    11.9785   

# Frame331

# x        y
8.5749     13.3882   
18.4632    27.0808   
13.4174    7.4330    
10.9300    1.9251    
18.1461    36.5711   
17.8001    11.9797   

# Frame332

# x        y
8.5762     13.3885   
18.4632    27.0808   
13.4174    7.4330    
10.9300    1.9243    
18.1461    36.5711   
17.8000    11.9808   

# Frame333

# x        y
8.5774     13.3889   
18.4632    27.0808   
13.4174    7.4330    
10.9300    1.9235    
18.1461    36.5711   
17.7999    11.9819   

# Frame334

# x        y
8.5786     13.3893   
18.4632    27.0808   
13.4174    7.4330    
10.9300    1.9228    
18.1461    36.5711   
17.7997    11.9830   

# Frame335

# x        y
8.5798     13.3897   
18.4632    27.0808   
13.4174    7.4330    
10.9300    1.9220    
18.1461    36.5711   
17.7996    11.9841   

# Frame336

# x        y
8.5809     13.3900   
18.4632    27.0808   
13.4174    7.4330    
10.9300    1.9213    
18.1461    36.5711   
17.7994    11.9852   

# Frame337

# x        y
8.5821     13.3904   
18.4632    27.0808   
13.4174    7.4330    
10.9300    1.9206    
18.1461    36.5711   
17.7993    11.9862   

# Frame338

# x        y
8.5832     13.3907   
18.4632    27.0808   
13.4174    7.4330    
10.9300    1.9199    
18.1461    36.5711   
17.7992    11.9872   

# Frame339

# x        y
8.5843     13.3910   
18.4632    27.0808   
13.4174    7.4330    
10.9300    1.9192    
18.1461    36.5711   
17.7991    11.9882   

# Frame340

# x        y
8.5854     13.3914   
18.4632    27.0808   
13.4174    7.4330    
10.9300    1.9185    
18.1461    36.5711   
17.7989    11.9892   

# Frame341

# x        y
8.5864     13.3917   
18.4632    27.0808   
13.4174    7.4330    
10.9300    1.9178    
18.1461    36.5711   
17.7988    11.9902   

# Frame342

# x        y
8.5875     13.3920   
18.4632    27.0808   
13.4174    7.4330    
10.9301    1.9172    
18.1461    36.5711   
17.7987    11.9911   

# Frame343

# x        y
8.5885     13.3924   
18.4632    27.0808   
13.4174    7.4330    
10.9301    1.9165    
18.1461    36.5711   
17.7986    11.9921   

# Frame344

# x        y
8.5895     13.3927   
18.4632    27.0808   
13.4174    7.4330    
10.9301    1.9159    
18.1461    36.5711   
17.7984    11.9930   

# Frame345

# x        y
8.5905     13.3930   
18.4632    27.0808   
13.4174    7.4330    
10.9301    1.9153    
18.1461    36.5711   
17.7983    11.9939   

# Frame346

# x        y
8.5915     13.3933   
18.4632    27.0808   
13.4174    7.4330    
10.9301    1.9146    
18.1461    36.5711   
17.7982    11.9948   

# Frame347

# x        y
8.5925     13.3936   
18.4632    27.0808   
13.4174    7.4330    
10.9301    1.9140    
18.1461    36.5711   
17.7981    11.9957   

# Frame348

# x        y
8.5934     13.3939   
18.4632    27.0808   
13.4174    7.4330    
10.9301    1.9134    
18.1461    36.5711   
17.7980    11.9966   

# Frame349

# x        y
8.5944     13.3942   
18.4632    27.0808   
13.4174    7.4330    
10.9301    1.9128    
18.1461    36.5711   
17.7979    11.9974   

# Frame350

# x        y
8.5953     13.3944   
18.4632    27.0808   
13.4174    7.4330    
10.9301    1.9123    
18.1461    36.5711   
17.7978    11.9982   

# Frame351

# x        y
8.5962     13.3947   
18.4632    27.0808   
13.4174    7.4330    
10.9301    1.9117    
18.1461    36.5711   
17.7977    11.9991   

# Frame352

# x        y
8.5971     13.3950   
18.4632    27.0808   
13.4174    7.4330    
10.9301    1.9111    
18.1461    36.5711   
17.7976    11.9999   

# Frame353

# x        y
8.5979     13.3953   
18.4632    27.0808   
13.4174    7.4330    
10.9301    1.9106    
18.1461    36.5711   
17.7974    12.0007   

# Frame354

# x        y
8.5988     13.3955   
18.4632    27.0808   
13.4174    7.4330    
10.9301    1.9101    
18.1461    36.5711   
17.7973    12.0014   

# Frame355

# x        y
8.5996     13.3958   
18.4632    27.0808   
13.4174    7.4330    
10.9301    1.9095    
18.1461    36.5711   
17.7972    12.0022   

# Frame356

# x        y
8.6005     13.3960   
18.4632    27.0808   
13.4174    7.4330    
10.9301    1.9090    
18.1461    36.5711   
17.7971    12.0030   

# Frame357

# x        y
8.6013     13.3963   
18.4632    27.0808   
13.4174    7.4330    
10.9301    1.9085    
18.1461    36.5711   
17.7971    12.0037   

# Frame358

# x        y
8.6021     13.3965   
18.4632    27.0808   
13.4174    7.4330    
10.9301    1.9080    
18.1461    36.5711   
17.7970    12.0044   

# Frame359

# x        y
8.6029     13.3968   
18.4632    27.0808   
13.4174    7.4330    
10.9301    1.9075    
18.1461    36.5711   
17.7969    12.0052   

# Frame360

# x        y
8.6036     13.3970   
18.4632    27.0808   
13.4174    7.4330    
10.9301    1.9070    
18.1461    36.5711   
17.7968    12.0059   

# Frame361

# x        y
8.6044     13.3973   
18.4632    27.0808   
13.4174    7.4330    
10.9301    1.9065    
18.1461    36.5711   
17.7967    12.0066   

# Frame362

# x        y
8.6051     13.3975   
18.4632    27.0808   
13.4174    7.4330    
10.9301    1.9060    
18.1461    36.5711   
17.7966    12.0073   

# Frame363

# x        y
8.6059     13.3977   
18.4632    27.0808   
13.4174    7.4330    
10.9301    1.9056    
18.1461    36.5711   
17.7965    12.0079   

# Frame364

# x        y
8.6066     13.3979   
18.4632    27.0808   
13.4174    7.4330    
10.9301    1.9051    
18.1461    36.5711   
17.7964    12.0086   

# Frame365

# x        y
8.6073     13.3982   
18.4632    27.0808   
13.4174    7.4330    
10.9302    1.9047    
18.1461    36.5711   
17.7963    12.0092   

# Frame366

# x        y
8.6080     13.3984   
18.4632    27.0808   
13.4174    7.4330    
10.9302    1.9042    
18.1461    36.5711   
17.7963    12.0099   

# Frame367

# x        y
8.6087     13.3986   
18.4632    27.0808   
13.4174    7.4330    
10.9302    1.9038    
18.1461    36.5711   
17.7962    12.0105   

# Frame368

# x        y
8.6094     13.3988   
18.4632    27.0808   
13.4174    7.4330    
10.9302    1.9034    
18.1461    36.5711   
17.7961    12.0111   

# Frame369

# x        y
8.6100     13.3990   
18.4632    27.0808   
13.4174    7.4330    
10.9302    1.9029    
18.1461    36.5711   
17.7960    12.0117   

# Frame370

# x        y
8.6107     13.3992   
18.4632    27.0808   
13.4174    7.4330    
10.9302    1.9025    
18.1461    36.5711   
17.7959    12.0123   

# Frame371

# x        y
8.6113     13.3994   
18.4632    27.0808   
13.4174    7.4330    
10.9302    1.9021    
18.1461    36.5711   
17.7959    12.0129   

# Frame372

# x        y
8.6120     13.3996   
18.4632    27.0808   
13.4174    7.4330    
10.9302    1.9017    
18.1461    36.5711   
17.7958    12.0135   

# Frame373

# x        y
8.6126     13.3998   
18.4632    27.0808   
13.4174    7.4330    
10.9302    1.9013    
18.1461    36.5711   
17.7957    12.0141   

# Frame374

# x        y
8.6132     13.4000   
18.4632    27.0808   
13.4174    7.4330    
10.9302    1.9010    
18.1461    36.5711   
17.7957    12.0146   

# Frame375

# x        y
8.6138     13.4002   
18.4632    27.0808   
13.4174    7.4330    
10.9302    1.9006    
18.1461    36.5711   
17.7956    12.0152   

# Frame376

# x        y
8.6144     13.4004   
18.4632    27.0808   
13.4174    7.4330    
10.9302    1.9002    
18.1461    36.5711   
17.7955    12.0157   

# Frame377

# x        y
8.6150     13.4005   
18.4632    27.0808   
13.4174    7.4330    
10.9302    1.8998    
18.1461    36.5711   
17.7954    12.0162   

# Frame378

# x        y
8.6156     13.4007   
18.4632    27.0808   
13.4174    7.4330    
10.9302    1.8995    
18.1461    36.5711   
17.7954    12.0168   

# Frame379

# x        y
8.6161     13.4009   
18.4632    27.0808   
13.4174    7.4330    
10.9302    1.8991    
18.1461    36.5711   
17.7953    12.0173   

# Frame380

# x        y
8.6167     13.4011   
18.4632    27.0808   
13.4174    7.4330    
10.9302    1.8988    
18.1461    36.5711   
17.7952    12.0178   

# Frame381

# x        y
8.6172     13.4012   
18.4632    27.0808   
13.4174    7.4330    
10.9302    1.8984    
18.1461    36.5711   
17.7952    12.0183   

# Frame382

# x        y
8.6178     13.4014   
18.4632    27.0808   
13.4174    7.4330    
10.9302    1.8981    
18.1461    36.5711   
17.7951    12.0188   

# Frame383

# x        y
8.6183     13.4015   
18.4632    27.0808   
13.4174    7.4330    
10.9302    1.8978    
18.1461    36.5711   
17.7951    12.0192   

# Frame384

# x        y
8.6188     13.4017   
18.4632    27.0808   
13.4174    7.4330    
10.9302    1.8974    
18.1461    36.5711   
17.7950    12.0197   

# Frame385

# x        y
8.6193     13.4019   
18.4632    27.0808   
13.4174    7.4330    
10.9302    1.8971    
18.1461    36.5711   
17.7949    12.0202   

# Frame386

# x        y
8.6198     13.4020   
18.4632    27.0808   
13.4174    7.4330    
10.9302    1.8968    
18.1461    36.5711   
17.7949    12.0206   

# Frame387

# x        y
8.6203     13.4022   
18.4632    27.0808   
13.4174    7.4330    
10.9302    1.8965    
18.1461    36.5711   
17.7948    12.0211   

# Frame388

# x        y
8.6208     13.4023   
18.4632    27.0808   
13.4174    7.4330    
10.9302    1.8962    
18.1461    36.5711   
17.7948    12.0215   

# Frame389

# x        y
8.6213     13.4025   
18.4632    27.0808   
13.4174    7.4330    
10.9302    1.8959    
18.1461    36.5711   
17.7947    12.0220   

# Frame390

# x        y
8.6217     13.4026   
18.4632    27.0808   
13.4174    7.4330    
10.9302    1.8956    
18.1461    36.5711   
17.7947    12.0224   

# Frame391

# x        y
8.6222     13.4028   
18.4632    27.0808   
13.4174    7.4330    
10.9302    1.8953    
18.1461    36.5711   
17.7946    12.0228   

# Frame392

# x        y
8.6226     13.4029   
18.4632    27.0808   
13.4174    7.4330    
10.9302    1.8950    
18.1461    36.5711   
17.7945    12.0232   

# Frame393

# x        y
8.6231     13.4030   
18.4632    27.0808   
13.4174    7.4330    
10.9302    1.8947    
18.1461    36.5711   
17.7945    12.0236   

# Frame394

# x        y
8.6235     13.4032   
18.4632    27.0808   
13.4174    7.4330    
10.9302    1.8944    
18.1461    36.5711   
17.7944    12.0240   

# Frame395

# x        y
8.6240     13.4033   
18.4632    27.0808   
13.4174    7.4330    
10.9302    1.8942    
18.1461    36.5711   
17.7944    12.0244   

# Frame396

# x        y
8.6244     13.4034   
18.4632    27.0808   
13.4174    7.4330    
10.9302    1.8939    
18.1461    36.5711   
17.7943    12.0248   

# Frame397

# x        y
8.6248     13.4036   
18.4632    27.0808   
13.4174    7.4330    
10.9302    1.8936    
18.1461    36.5711   
17.7943    12.0252   

# Frame398

# x        y
8.6252     13.4037   
18.4632    27.0808   
13.4174    7.4330    
10.9302    1.8934    
18.1461    36.5711   
17.7942    12.0256   

# Frame399

# x        y
8.6256     13.4038   
18.4632    27.0808   
13.4174    7.4330    
10.9302    1.8931    
18.1461    36.5711   
17.7942    12.0259   

# Frame400

# x        y
8.6260     13.4039   
18.4632    27.0808   
13.4174    7.4330    
10.9302    1.8929    
18.1461    36.5711   
17.7941    12.0263   

# Frame401

# x        y
8.6264     13.4041   
18.4632    27.0808   
13.4174    7.4330    
10.9302    1.8926    
18.1461    36.5711   
17.7941    12.0266   

# Frame402

# x        y
8.6268     13.4042   
18.4632    27.0808   
13.4174    7.4330    
10.9303    1.8924    
18.1461    36.5711   
17.7941    12.0270   

# Frame403

# x        y
8.6271     13.4043   
18.4632    27.0808   
13.4174    7.4330    
10.9303    1.8922    
18.1461    36.5711   
17.7940    12.0273   

# Frame404

# x        y
8.6275     13.4044   
18.4632    27.0808   
13.4174    7.4330    
10.9303    1.8919    
18.1461    36.5711   
17.7940    12.0277   

# Frame405

# x        y
8.6279     13.4045   
18.4632    27.0808   
13.4174    7.4330    
10.9303    1.8917    
18.1461    36.5711   
17.7939    12.0280   

# Frame406

# x        y
8.6282     13.4046   
18.4632    27.0808   
13.4174    7.4330    
10.9303    1.8915    
18.1461    36.5711   
17.7939    12.0283   

# Frame407

# x        y
8.6286     13.4047   
18.4632    27.0808   
13.4174    7.4330    
10.9303    1.8913    
18.1461    36.5711   
17.7938    12.0287   

# Frame408

# x        y
8.6289     13.4048   
18.4632    27.0808   
13.4174    7.4330    
10.9303    1.8910    
18.1461    36.5711   
17.7938    12.0290   

# Frame409

# x        y
8.6293     13.4049   
18.4632    27.0808   
13.4174    7.4330    
10.9303    1.8908    
18.1461    36.5711   
17.7938    12.0293   

# Frame410

# x        y
8.6296     13.4050   
18.4632    27.0808   
13.4174    7.4330    
10.9303    1.8906    
18.1461    36.5711   
17.7937    12.0296   

# Frame411

# x        y
8.6299     13.4051   
18.4632    27.0808   
13.4174    7.4330    
10.9303    1.8904    
18.1461    36.5711   
17.7937    12.0299   

# Frame412

# x        y
8.6303     13.4052   
18.4632    27.0808   
13.4174    7.4330    
10.9303    1.8902    
18.1461    36.5711   
17.7936    12.0302   

# Frame413

# x        y
8.6306     13.4053   
18.4632    27.0808   
13.4174    7.4330    
10.9303    1.8900    
18.1461    36.5711   
17.7936    12.0305   

# Frame414

# x        y
8.6309     13.4054   
18.4632    27.0808   
13.4174    7.4330    
10.9303    1.8898    
18.1461    36.5711   
17.7936    12.0308   

# Frame415

# x        y
8.6312     13.4055   
18.4632    27.0808   
13.4174    7.4330    
10.9303    1.8896    
18.1461    36.5711   
17.7935    12.0310   

# Frame416

# x        y
8.6315     13.4056   
18.4632    27.0808   
13.4174    7.4330    
10.9303    1.8894    
18.1461    36.5711   
17.7935    12.0313   

# Frame417

# x        y
8.6318     13.4057   
18.4632    27.0808   
13.4174    7.4330    
10.9303    1.8892    
18.1461    36.5711   
17.7935    12.0316   

# Frame418

# x        y
8.6321     13.4058   
18.4632    27.0808   
13.4174    7.4330    
10.9303    1.8890    
18.1461    36.5711   
17.7934    12.0318   

# Frame419

# x        y
8.6324     13.4059   
18.4632    27.0808   
13.4174    7.4330    
10.9303    1.8889    
18.1461    36.5711   
17.7934    12.0321   

# Frame420

# x        y
8.6327     13.4060   
18.4632    27.0808   
13.4174    7.4330    
10.9303    1.8887    
18.1461    36.5711   
17.7934    12.0324   

# Frame421

# x        y
8.6329     13.4061   
18.4632    27.0808   
13.4174    7.4330    
10.9303    1.8885    
18.1461    36.5711   
17.7933    12.0326   

# Frame422

# x        y
8.6332     13.4062   
18.4632    27.0808   
13.4174    7.4330    
10.9303    1.8883    
18.1461    36.5711   
17.7933    12.0329   

# Frame423

# x        y
8.6335     13.4062   
18.4632    27.0808   
13.4174    7.4330    
10.9303    1.8882    
18.1461    36.5711   
17.7933    12.0331   

# Frame424

# x        y
8.6337     13.4063   
18.4632    27.0808   
13.4174    7.4330    
10.9303    1.8880    
18.1461    36.5711   
17.7932    12.0334   

# Frame425

# x        y
8.6340     13.4064   
18.4632    27.0808   
13.4174    7.4330    
10.9303    1.8878    
18.1461    36.5711   
17.7932    12.0336   

# Frame426

# x        y
8.6343     13.4065   
18.4632    27.0808   
13.4174    7.4330    
10.9303    1.8877    
18.1461    36.5711   
17.7932    12.0338   

# Frame427

# x        y
8.6345     13.4066   
18.4632    27.0808   
13.4174    7.4330    
10.9303    1.8875    
18.1461    36.5711   
17.7931    12.0341   

# Frame428

# x        y
8.6348     13.4066   
18.4632    27.0808   
13.4174    7.4330    
10.9303    1.8874    
18.1461    36.5711   
17.7931    12.0343   

# Frame429

# x        y
8.6350     13.4067   
18.4632    27.0808   
13.4174    7.4330    
10.9303    1.8872    
18.1461    36.5711   
17.7931    12.0345   

# Frame430

# x        y
8.6352     13.4068   
18.4632    27.0808   
13.4174    7.4330    
10.9303    1.8871    
18.1461    36.5711   
17.7931    12.0347   

# Frame431

# x        y
8.6355     13.4069   
18.4632    27.0808   
13.4174    7.4330    
10.9303    1.8869    
18.1461    36.5711   
17.7930    12.0349   

# Frame432

# x        y
8.6357     13.4069   
18.4632    27.0808   
13.4174    7.4330    
10.9303    1.8868    
18.1461    36.5711   
17.7930    12.0351   

# Frame433

# x        y
8.6359     13.4070   
18.4632    27.0808   
13.4174    7.4330    
10.9303    1.8866    
18.1461    36.5711   
17.7930    12.0354   

# Frame434

# x        y
8.6361     13.4071   
18.4632    27.0808   
13.4174    7.4330    
10.9303    1.8865    
18.1461    36.5711   
17.7930    12.0356   

# Frame435

# x        y
8.6364     13.4071   
18.4632    27.0808   
13.4174    7.4330    
10.9303    1.8863    
18.1461    36.5711   
17.7929    12.0358   

# Frame436

# x        y
8.6366     13.4072   
18.4632    27.0808   
13.4174    7.4330    
10.9303    1.8862    
18.1461    36.5711   
17.7929    12.0360   

# Frame437

# x        y
8.6368     13.4073   
18.4632    27.0808   
13.4174    7.4330    
10.9303    1.8861    
18.1461    36.5711   
17.7929    12.0361   

# Frame438

# x        y
8.6370     13.4073   
18.4632    27.0808   
13.4174    7.4330    
10.9303    1.8859    
18.1461    36.5711   
17.7929    12.0363   

# Frame439

# x        y
8.6372     13.4074   
18.4632    27.0808   
13.4174    7.4330    
10.9303    1.8858    
18.1461    36.5711   
17.7928    12.0365   

# Frame440

# x        y
8.6374     13.4075   
18.4632    27.0808   
13.4174    7.4330    
10.9303    1.8857    
18.1461    36.5711   
17.7928    12.0367   

# Frame441

# x        y
8.6376     13.4075   
18.4632    27.0808   
13.4174    7.4330    
10.9303    1.8856    
18.1461    36.5711   
17.7928    12.0369   

# Frame442

# x        y
8.6378     13.4076   
18.4632    27.0808   
13.4174    7.4330    
10.9303    1.8854    
18.1461    36.5711   
17.7928    12.0371   

# Frame443

# x        y
8.6380     13.4076   
18.4632    27.0808   
13.4174    7.4330    
10.9303    1.8853    
18.1461    36.5711   
17.7927    12.0372   

# Frame444

# x        y
8.6382     13.4077   
18.4632    27.0808   
13.4174    7.4330    
10.9303    1.8852    
18.1461    36.5711   
17.7927    12.0374   

# Frame445

# x        y
8.6384     13.4078   
18.4632    27.0808   
13.4174    7.4330    
10.9303    1.8851    
18.1461    36.5711   
17.7927    12.0376   

# Frame446

# x        y
8.6386     13.4078   
18.4632    27.0808   
13.4174    7.4330    
10.9303    1.8850    
18.1461    36.5711   
17.7927    12.0378   

# Frame447

# x        y
8.6387     13.4079   
18.4632    27.0808   
13.4174    7.4330    
10.9303    1.8849    
18.1461    36.5711   
17.7927    12.0379   

# Frame448

# x        y
8.6389     13.4079   
18.4632    27.0808   
13.4174    7.4330    
10.9303    1.8847    
18.1461    36.5711   
17.7926    12.0381   

# Frame449

# x        y
8.6391     13.4080   
18.4632    27.0808   
13.4174    7.4330    
10.9303    1.8846    
18.1461    36.5711   
17.7926    12.0382   

# Frame450

# x        y
8.6393     13.4080   
18.4632    27.0808   
13.4174    7.4330    
10.9303    1.8845    
18.1461    36.5711   
17.7926    12.0384   

# Frame451

# x        y
8.6394     13.4081   
18.4632    27.0808   
13.4174    7.4330    
10.9303    1.8844    
18.1461    36.5711   
17.7926    12.0385   

# Frame452

# x        y
8.6396     13.4081   
18.4632    27.0808   
13.4174    7.4330    
10.9303    1.8843    
18.1461    36.5711   
17.7926    12.0387   

# Frame453

# x        y
8.6397     13.4082   
18.4632    27.0808   
13.4174    7.4330    
10.9303    1.8842    
18.1461    36.5711   
17.7925    12.0388   

# Frame454

# x        y
8.6399     13.4082   
18.4632    27.0808   
13.4174    7.4330    
10.9303    1.8842    
18.1461    36.5711   
17.7925    12.0390   

# Frame455

# x        y
8.6401     13.4083   
18.4632    27.0808   
13.4174    7.4330    
10.9303    1.8842    
18.1461    36.5711   
17.7925    12.0391   

# Frame456

# x        y
8.6402     13.4083   
18.4632    27.0808   
13.4174    7.4330    
10.9303    1.8842    
18.1461    36.5711   
17.7925    12.0393   

# Frame457

# x        y
8.6404     13.4084   
18.4632    27.0808   
13.4174    7.4330    
10.9303    1.8842    
18.1461    36.5711   
17.7925    12.0394   

# Frame458

# x        y
8.6405     13.4084   
18.4632    27.0808   
13.4174    7.4330    
10.9303    1.8842    
18.1461    36.5711   
17.7924    12.0395   

# Frame459

# x        y
8.6407     13.4085   
18.4632    27.0808   
13.4174    7.4330    
10.9303    1.8842    
18.1461    36.5711   
17.7924    12.0397   

# Frame460

# x        y
8.6408     13.4085   
18.4632    27.0808   
13.4174    7.4330    
10.9303    1.8842    
18.1461    36.5711   
17.7924    12.0398   

# Frame461

# x        y
8.6410     13.4086   
18.4632    27.0808   
13.4174    7.4330    
10.9303    1.8842    
18.1461    36.5711   
17.7924    12.0399   

# Frame462

# x        y
8.6411     13.4086   
18.4632    27.0808   
13.4174    7.4330    
10.9303    1.8842    
18.1461    36.5711   
17.7924    12.0401   

# Frame463

# x        y
8.6412     13.4086   
18.4632    27.0808   
13.4174    7.4330    
10.9303    1.8842    
18.1461    36.5711   
17.7924    12.0402   

# Frame464

# x        y
8.6414     13.4087   
18.4632    27.0808   
13.4174    7.4330    
10.9303    1.8842    
18.1461    36.5711   
17.7923    12.0403   

# Frame465

# x        y
8.6415     13.4087   
18.4632    27.0808   
13.4174    7.4330    
10.9303    1.8842    
18.1461    36.5711   
17.7923    12.0404   

# Frame466

# x        y
8.6416     13.4088   
18.4632    27.0808   
13.4174    7.4330    
10.9303    1.8842    
18.1461    36.5711   
17.7923    12.0406   

# Frame467

# x        y
8.6418     13.4088   
18.4632    27.0808   
13.4174    7.4330    
10.9303    1.8842    
18.1461    36.5711   
17.7923    12.0407   

# Frame468

# x        y
8.6419     13.4088   
18.4632    27.0808   
13.4174    7.4330    
10.9303    1.8842    
18.1461    36.5711   
17.7923    12.0408   

# Frame469

# x        y
8.6420     13.4089   
18.4632    27.0808   
13.4174    7.4330    
10.9303    1.8842    
18.1461    36.5711   
17.7923    12.0409   

# Frame470

# x        y
8.6421     13.4089   
18.4632    27.0808   
13.4174    7.4330    
10.9303    1.8842    
18.1461    36.5711   
17.7922    12.0410   

# Frame471

# x        y
8.6422     13.4090   
18.4632    27.0808   
13.4174    7.4330    
10.9303    1.8842    
18.1461    36.5711   
17.7922    12.0411   

# Frame472

# x        y
8.6424     13.4090   
18.4632    27.0808   
13.4174    7.4330    
10.9303    1.8842    
18.1461    36.5711   
17.7922    12.0412   

# Frame473

# x        y
8.6425     13.4090   
18.4632    27.0808   
13.4174    7.4330    
10.9303    1.8842    
18.1461    36.5711   
17.7922    12.0413   

# Frame474

# x        y
8.6426     13.4091   
18.4632    27.0808   
13.4174    7.4330    
10.9303    1.8842    
18.1461    36.5711   
17.7922    12.0414   

# Frame475

# x        y
8.6427     13.4091   
18.4632    27.0808   
13.4174    7.4330    
10.9303    1.8842    
18.1461    36.5711   
17.7922    12.0415   

# Frame476

# x        y
8.6428     13.4091   
18.4632    27.0808   
13.4174    7.4330    
10.9303    1.8842    
18.1461    36.5711   
17.7922    12.0416   

# Frame477

# x        y
8.6429     13.4092   
18.4632    27.0808   
13.4174    7.4330    
10.9303    1.8842    
18.1461    36.5711   
17.7922    12.0416   

# Frame478

# x        y
8.6430     13.4092   
18.4632    27.0808   
13.4174    7.4330    
10.9303    1.8842    
18.1461    36.5711   
17.7922    12.0416   

# Frame479

# x        y
8.6431     13.4092   
18.4632    27.0808   
13.4174    7.4330    
10.9303    1.8842    
18.1461    36.5711   
17.7922    12.0416   

# Frame480

# x        y
8.6432     13.4093   
18.4632    27.0808   
13.4174    7.4330    
10.9303    1.8842    
18.1461    36.5711   
17.7922    12.0416   

# Frame481

# x        y
8.6433     13.4093   
18.4632    27.0808   
13.4174    7.4330    
10.9303    1.8842    
18.1461    36.5711   
17.7922    12.0416   

# Frame482

# x        y
8.6434     13.4093   
18.4632    27.0808   
13.4174    7.4330    
10.9303    1.8842    
18.1461    36.5711   
17.7922    12.0416   

# Frame483

# x        y
8.6435     13.4094   
18.4632    27.0808   
13.4174    7.4330    
10.9303    1.8842    
18.1461    36.5711   
17.7922    12.0416   

# Frame484

# x        y
8.6436     13.4094   
18.4632    27.0808   
13.4174    7.4330    
10.9303    1.8842    
18.1461    36.5711   
17.7922    12.0416   

# Frame485

