# x        y
13.2356    2.9440    
8.7367     10.4159   
17.7962    11.1893   
16.2272    1.7351    
8.6232     38.5964   
1.2326     16.2370   

# Frame1

# x        y
14.3548    1.7683    
8.7367     10.4159   
17.7962    11.1893   
16.6291    1.6121    
8.6232     38.5964   
1.2326     16.2370   

# Frame2

# x        y
14.6025    1.0692    
8.7367     10.4159   
17.7962    11.1893   
17.8479    1.2370    
8.6232     38.5964   
1.2326     16.2370   

# Frame3

# x        y
14.6746    1.5126    
8.7367     10.4159   
17.7962    11.1893   
18.8716    1.0683    
8.6232     38.5964   
1.2326     16.2370   

# Frame4

# x        y
14.7454    1.9487    
8.7367     10.4159   
17.7962    11.1893   
18.7229    1.3803    
8.6232     38.5964   
1.2326     16.2370   

# Frame5

# x        y
14.8151    2.3775    
8.7367     10.4159   
17.7962    11.1893   
18.3891    1.7185    
8.6232     38.5964   
1.2326     16.2370   

# Frame6

# x        y
14.8836    2.7992    
8.7367     10.4159   
17.7962    11.1893   
18.0608    2.0510    
8.6232     38.5964   
1.2326     16.2370   

# Frame7

# x        y
14.9510    3.2138    
8.7367     10.4159   
17.7962    11.1893   
17.7381    2.3780    
8.6232     38.5964   
1.2326     16.2370   

# Frame8

# x        y
15.0172    3.6215    
8.7367     10.4159   
17.7962    11.1893   
17.4207    2.6996    
8.6232     38.5964   
1.2326     16.2370   

# Frame9

# x        y
15.0823    4.0224    
8.7367     10.4159   
17.7962    11.1893   
17.1086    3.0158    
8.6232     38.5964   
1.2326     16.2370   

# Frame10

# x        y
15.1406    4.4206    
8.7367     10.4159   
17.7962    11.1893   
16.8075    3.3228    
8.6232     38.5964   
1.2326     16.2370   

# Frame11

# x        y
15.0462    4.9240    
8.7367     10.4159   
17.7962    11.1893   
16.6631    3.5128    
8.6232     38.5964   
1.2326     16.2370   

# Frame12

# x        y
14.9534    5.4190    
8.7367     10.4159   
17.7962    11.1893   
16.5210    3.6997    
8.6232     38.5964   
1.2326     16.2370   

# Frame13

# x        y
14.8622    5.9057    
8.7367     10.4159   
17.7962    11.1893   
16.3814    3.8835    
8.6232     38.5964   
1.2326     16.2370   

# Frame14

# x        y
14.7725    6.3843    
8.7367     10.4159   
17.7962    11.1893   
16.2440    4.0642    
8.6232     38.5964   
1.2326     16.2370   

# Frame15

# x        y
14.6843    6.8550    
8.7367     10.4159   
17.7962    11.1893   
16.1090    4.2419    
8.6232     38.5964   
1.2326     16.2370   

# Frame16

# x        y
14.5975    7.3178    
8.7367     10.4159   
17.7962    11.1893   
15.9762    4.4166    
8.6232     38.5964   
1.2326     16.2370   

# Frame17

# x        y
14.5122    7.7729    
8.7367     10.4159   
17.7962    11.1893   
15.8456    4.5885    
8.6232     38.5964   
1.2326     16.2370   

# Frame18

# x        y
14.4283    8.2204    
8.7367     10.4159   
17.7962    11.1893   
15.7172    4.7574    
8.6232     38.5964   
1.2326     16.2370   

# Frame19

# x        y
14.3458    8.6604    
8.7367     10.4159   
17.7962    11.1893   
15.5910    4.9236    
8.6232     38.5964   
1.2326     16.2370   

# Frame20

# x        y
14.2647    9.0931    
8.7367     10.4159   
17.7962    11.1893   
15.4668    5.0869    
8.6232     38.5964   
1.2326     16.2370   

# Frame21

# x        y
14.1849    9.5186    
8.7367     10.4159   
17.7962    11.1893   
15.3447    5.2476    
8.6232     38.5964   
1.2326     16.2370   

# Frame22

# x        y
14.1065    9.9370    
8.7367     10.4159   
17.7962    11.1893   
15.2247    5.4056    
8.6232     38.5964   
1.2326     16.2370   

# Frame23

# x        y
14.0294    10.3484   
8.7367     10.4159   
17.7962    11.1893   
15.1066    5.5609    
8.6232     38.5964   
1.2326     16.2370   

# Frame24

# x        y
13.9535    10.7530   
8.7367     10.4159   
17.7962    11.1893   
14.9906    5.7136    
8.6232     38.5964   
1.2326     16.2370   

# Frame25

# x        y
13.8789    11.1508   
8.7367     10.4159   
17.7962    11.1893   
14.8764    5.8638    
8.6232     38.5964   
1.2326     16.2370   

# Frame26

# x        y
13.8056    11.5420   
8.7367     10.4159   
17.7962    11.1893   
14.7642    6.0115    
8.6232     38.5964   
1.2326     16.2370   

# Frame27

# x        y
13.7335    11.9267   
8.7367     10.4159   
17.7962    11.1893   
14.6538    6.1568    
8.6232     38.5964   
1.2326     16.2370   

# Frame28

# x        y
13.6626    12.3050   
8.7367     10.4159   
17.7962    11.1893   
14.5453    6.2996    
8.6232     38.5964   
1.2326     16.2370   

# Frame29

# x        y
13.5929    12.6769   
8.7367     10.4159   
17.7962    11.1893   
14.4385    6.4400    
8.6232     38.5964   
1.2326     16.2370   

# Frame30

# x        y
13.5243    13.0427   
8.7367     10.4159   
17.7962    11.1893   
14.3336    6.5781    
8.6232     38.5964   
1.2326     16.2370   

# Frame31

# x        y
13.4569    13.4024   
8.7367     10.4159   
17.7962    11.1893   
14.2304    6.7139    
8.6232     38.5964   
1.2326     16.2370   

# Frame32

# x        y
13.3906    13.7560   
8.7367     10.4159   
17.7962    11.1893   
14.1289    6.8475    
8.6232     38.5964   
1.2326     16.2370   

# Frame33

# x        y
13.3254    14.1038   
8.7367     10.4159   
17.7962    11.1893   
14.0291    6.9788    
8.6232     38.5964   
1.2326     16.2370   

# Frame34

# x        y
13.2613    14.4458   
8.7367     10.4159   
17.7962    11.1893   
13.9310    7.1079    
8.6232     38.5964   
1.2326     16.2370   

# Frame35

# x        y
13.1982    14.7821   
8.7367     10.4159   
17.7962    11.1893   
13.8345    7.2349    
8.6232     38.5964   
1.2326     16.2370   

# Frame36

# x        y
13.1362    15.1128   
8.7367     10.4159   
17.7962    11.1893   
13.7396    7.3597    
8.6232     38.5964   
1.2326     16.2370   

# Frame37

# x        y
13.0753    15.4379   
8.7367     10.4159   
17.7962    11.1893   
13.6463    7.4825    
8.6232     38.5964   
1.2326     16.2370   

# Frame38

# x        y
13.0153    15.7577   
8.7367     10.4159   
17.7962    11.1893   
13.5546    7.6032    
8.6232     38.5964   
1.2326     16.2370   

# Frame39

# x        y
12.9564    16.0721   
8.7367     10.4159   
17.7962    11.1893   
13.4644    7.7219    
8.6232     38.5964   
1.2326     16.2370   

# Frame40

# x        y
12.8984    16.3813   
8.7367     10.4159   
17.7962    11.1893   
13.3757    7.8387    
8.6232     38.5964   
1.2326     16.2370   

# Frame41

# x        y
12.8415    16.6853   
8.7367     10.4159   
17.7962    11.1893   
13.2884    7.9534    
8.6232     38.5964   
1.2326     16.2370   

# Frame42

# x        y
12.7854    16.9843   
8.7367     10.4159   
17.7962    11.1893   
13.2027    8.0663    
8.6232     38.5964   
1.2326     16.2370   

# Frame43

# x        y
12.7303    17.2782   
8.7367     10.4159   
17.7962    11.1893   
13.1183    8.1773    
8.6232     38.5964   
1.2326     16.2370   

# Frame44

# x        y
12.6761    17.5673   
8.7367     10.4159   
17.7962    11.1893   
13.0354    8.2865    
8.6232     38.5964   
1.2326     16.2370   

# Frame45

# x        y
12.6228    17.8516   
8.7367     10.4159   
17.7962    11.1893   
12.9538    8.3938    
8.6232     38.5964   
1.2326     16.2370   

# Frame46

# x        y
12.5704    18.1311   
8.7367     10.4159   
17.7962    11.1893   
12.8736    8.4993    
8.6232     38.5964   
1.2326     16.2370   

# Frame47

# x        y
12.5189    18.4060   
8.7367     10.4159   
17.7962    11.1893   
12.7947    8.6031    
8.6232     38.5964   
1.2326     16.2370   

# Frame48

# x        y
12.4682    18.6762   
8.7367     10.4159   
17.7962    11.1893   
12.7172    8.7051    
8.6232     38.5964   
1.2326     16.2370   

# Frame49

# x        y
12.4184    18.9420   
8.7367     10.4159   
17.7962    11.1893   
12.6409    8.8055    
8.6232     38.5964   
1.2326     16.2370   

# Frame50

# x        y
12.3694    19.2034   
8.7367     10.4159   
17.7962    11.1893   
12.5659    8.9042    
8.6232     38.5964   
1.2326     16.2370   

# Frame51

# x        y
12.3212    19.4603   
8.7367     10.4159   
17.7962    11.1893   
12.4922    9.0012    
8.6232     38.5964   
1.2326     16.2370   

# Frame52

# x        y
12.2739    19.7131   
8.7367     10.4159   
17.7962    11.1893   
12.4197    9.0966    
8.6232     38.5964   
1.2326     16.2370   

# Frame53

# x        y
12.2273    19.9615   
8.7367     10.4159   
17.7962    11.1893   
12.3484    9.1904    
8.6232     38.5964   
1.2326     16.2370   

# Frame54

# x        y
12.1815    20.2059   
8.7367     10.4159   
17.7962    11.1893   
12.2783    9.2827    
8.6232     38.5964   
1.2326     16.2370   

# Frame55

# x        y
12.1364    20.4462   
8.7367     10.4159   
17.7962    11.1893   
12.2093    9.3734    
8.6232     38.5964   
1.2326     16.2370   

# Frame56

# x        y
12.0921    20.6825   
8.7367     10.4159   
17.7962    11.1893   
12.1416    9.4626    
8.6232     38.5964   
1.2326     16.2370   

# Frame57

# x        y
12.0486    20.9148   
8.7367     10.4159   
17.7962    11.1893   
12.0749    9.5503    
8.6232     38.5964   
1.2326     16.2370   

# Frame58

# x        y
12.0058    21.1433   
8.7367     10.4159   
17.7962    11.1893   
12.0093    9.6366    
8.6232     38.5964   
1.2326     16.2370   

# Frame59

# x        y
11.9636    21.3679   
8.7367     10.4159   
17.7962    11.1893   
11.9449    9.7214    
8.6232     38.5964   
1.2326     16.2370   

# Frame60

# x        y
11.9222    21.5888   
8.7367     10.4159   
17.7962    11.1893   
11.8815    9.8048    
8.6232     38.5964   
1.2326     16.2370   

# Frame61

# x        y
11.8815    21.8061   
8.7367     10.4159   
17.7962    11.1893   
11.8192    9.8868    
8.6232     38.5964   
1.2326     16.2370   

# Frame62

# x        y
11.8415    22.0197   
8.7367     10.4159   
17.7962    11.1893   
11.7579    9.9675    
8.6232     38.5964   
1.2326     16.2370   

# Frame63

# x        y
11.8021    22.2297   
8.7367     10.4159   
17.7962    11.1893   
11.6976    10.0468   
8.6232     38.5964   
1.2326     16.2370   

# Frame64

# x        y
11.7634    22.4363   
8.7367     10.4159   
17.7962    11.1893   
11.6383    10.1248   
8.6232     38.5964   
1.2326     16.2370   

# Frame65

# x        y
11.7253    22.6394   
8.7367     10.4159   
17.7962    11.1893   
11.5801    10.2015   
8.6232     38.5964   
1.2326     16.2370   

# Frame66

# x        y
11.6879    22.8391   
8.7367     10.4159   
17.7962    11.1893   
11.5228    10.2769   
8.6232     38.5964   
1.2326     16.2370   

# Frame67

# x        y
11.6510    23.0355   
8.7367     10.4159   
17.7962    11.1893   
11.4664    10.3510   
8.6232     38.5964   
1.2326     16.2370   

# Frame68

# x        y
11.6148    23.2286   
8.7367     10.4159   
17.7962    11.1893   
11.4110    10.4240   
8.6232     38.5964   
1.2326     16.2370   

# Frame69

# x        y
11.5792    23.4185   
8.7367     10.4159   
17.7962    11.1893   
11.3565    10.4957   
8.6232     38.5964   
1.2326     16.2370   

# Frame70

# x        y
11.5442    23.6053   
8.7367     10.4159   
17.7962    11.1893   
11.3029    10.5662   
8.6232     38.5964   
1.2326     16.2370   

# Frame71

# x        y
11.5098    23.7889   
8.7367     10.4159   
17.7962    11.1893   
11.2502    10.6355   
8.6232     38.5964   
1.2326     16.2370   

# Frame72

# x        y
11.4760    23.9695   
8.7367     10.4159   
17.7962    11.1893   
11.1984    10.7037   
8.6232     38.5964   
1.2326     16.2370   

# Frame73

# x        y
11.4427    24.1470   
8.7367     10.4159   
17.7962    11.1893   
11.1475    10.7707   
8.6232     38.5964   
1.2326     16.2370   

# Frame74

# x        y
11.4099    24.3216   
8.7367     10.4159   
17.7962    11.1893   
11.0974    10.8366   
8.6232     38.5964   
1.2326     16.2370   

# Frame75

# x        y
11.3778    24.4933   
8.7367     10.4159   
17.7962    11.1893   
11.0481    10.9014   
8.6232     38.5964   
1.2326     16.2370   

# Frame76

# x        y
11.3461    24.6621   
8.7367     10.4159   
17.7962    11.1893   
10.9997    10.9652   
8.6232     38.5964   
1.2326     16.2370   

# Frame77

# x        y
11.3150    24.8281   
8.7367     10.4159   
17.7962    11.1893   
10.9521    11.0279   
8.6232     38.5964   
1.2326     16.2370   

# Frame78

# x        y
11.2844    24.9914   
8.7367     10.4159   
17.7962    11.1893   
10.9052    11.0895   
8.6232     38.5964   
1.2326     16.2370   

# Frame79

# x        y
11.2543    25.1519   
8.7367     10.4159   
17.7962    11.1893   
10.8592    11.1501   
8.6232     38.5964   
1.2326     16.2370   

# Frame80

# x        y
11.2247    25.3098   
8.7367     10.4159   
17.7962    11.1893   
10.8139    11.2097   
8.6232     38.5964   
1.2326     16.2370   

# Frame81

# x        y
11.1956    25.4650   
8.7367     10.4159   
17.7962    11.1893   
10.7693    11.2683   
8.6232     38.5964   
1.2326     16.2370   

# Frame82

# x        y
11.1670    25.6176   
8.7367     10.4159   
17.7962    11.1893   
10.7255    11.3259   
8.6232     38.5964   
1.2326     16.2370   

# Frame83

# x        y
11.1389    25.7677   
8.7367     10.4159   
17.7962    11.1893   
10.6825    11.3826   
8.6232     38.5964   
1.2326     16.2370   

# Frame84

# x        y
11.1112    25.9153   
8.7367     10.4159   
17.7962    11.1893   
10.6401    11.4383   
8.6232     38.5964   
1.2326     16.2370   

# Frame85

# x        y
11.0840    26.0604   
8.7367     10.4159   
17.7962    11.1893   
10.5985    11.4931   
8.6232     38.5964   
1.2326     16.2370   

# Frame86

# x        y
11.0572    26.2031   
8.7367     10.4159   
17.7962    11.1893   
10.5575    11.5470   
8.6232     38.5964   
1.2326     16.2370   

# Frame87

# x        y
11.0309    26.3434   
8.7367     10.4159   
17.7962    11.1893   
10.5173    11.6000   
8.6232     38.5964   
1.2326     16.2370   

# Frame88

# x        y
11.0051    26.4814   
8.7367     10.4159   
17.7962    11.1893   
10.4777    11.6521   
8.6232     38.5964   
1.2326     16.2370   

# Frame89

# x        y
10.9796    26.6171   
8.7367     10.4159   
17.7962    11.1893   
10.4388    11.7033   
8.6232     38.5964   
1.2326     16.2370   

# Frame90

# x        y
10.9546    26.7505   
8.7367     10.4159   
17.7962    11.1893   
10.4005    11.7537   
8.6232     38.5964   
1.2326     16.2370   

# Frame91

# x        y
10.9300    26.8817   
8.7367     10.4159   
17.7962    11.1893   
10.3628    11.8032   
8.6232     38.5964   
1.2326     16.2370   

# Frame92

# x        y
10.9058    27.0108   
8.7367     10.4159   
17.7962    11.1893   
10.3258    11.8519   
8.6232     38.5964   
1.2326     16.2370   

# Frame93

# x        y
10.8821    27.1376   
8.7367     10.4159   
17.7962    11.1893   
10.2894    11.8998   
8.6232     38.5964   
1.2326     16.2370   

# Frame94

# x        y
10.8587    27.2624   
8.7367     10.4159   
17.7962    11.1893   
10.2536    11.9469   
8.6232     38.5964   
1.2326     16.2370   

# Frame95

# x        y
10.8357    27.3851   
8.7367     10.4159   
17.7962    11.1893   
10.2184    11.9933   
8.6232     38.5964   
1.2326     16.2370   

# Frame96

# x        y
10.8131    27.5057   
8.7367     10.4159   
17.7962    11.1893   
10.1838    12.0388   
8.6232     38.5964   
1.2326     16.2370   

# Frame97

# x        y
10.7908    27.6243   
8.7367     10.4159   
17.7962    11.1893   
10.1498    12.0836   
8.6232     38.5964   
1.2326     16.2370   

# Frame98

# x        y
10.7690    27.7409   
8.7367     10.4159   
17.7962    11.1893   
10.1163    12.1276   
8.6232     38.5964   
1.2326     16.2370   

# Frame99

# x        y
10.7475    27.8556   
8.7367     10.4159   
17.7962    11.1893   
10.0834    12.1709   
8.6232     38.5964   
1.2326     16.2370   

# Frame100

# x        y
10.7263    27.9684   
8.7367     10.4159   
17.7962    11.1893   
10.0510    12.2135   
8.6232     38.5964   
1.2326     16.2370   

# Frame101

# x        y
10.7055    28.0793   
8.7367     10.4159   
17.7962    11.1893   
10.0192    12.2554   
8.6232     38.5964   
1.2326     16.2370   

# Frame102

# x        y
10.6851    28.1884   
8.7367     10.4159   
17.7962    11.1893   
9.9879     12.2966   
8.6232     38.5964   
1.2326     16.2370   

# Frame103

# x        y
10.6650    28.2956   
8.7367     10.4159   
17.7962    11.1893   
9.9571     12.3370   
8.6232     38.5964   
1.2326     16.2370   

# Frame104

# x        y
10.6452    28.4011   
8.7367     10.4159   
17.7962    11.1893   
9.9269     12.3769   
8.6232     38.5964   
1.2326     16.2370   

# Frame105

# x        y
10.6258    28.5048   
8.7367     10.4159   
17.7962    11.1893   
9.8971     12.4160   
8.6232     38.5964   
1.2326     16.2370   

# Frame106

# x        y
10.6067    28.6068   
8.7367     10.4159   
17.7962    11.1893   
9.8679     12.4545   
8.6232     38.5964   
1.2326     16.2370   

# Frame107

# x        y
10.5879    28.7070   
8.7367     10.4159   
17.7962    11.1893   
9.8391     12.4924   
8.6232     38.5964   
1.2326     16.2370   

# Frame108

# x        y
10.5694    28.8056   
8.7367     10.4159   
17.7962    11.1893   
9.8108     12.5296   
8.6232     38.5964   
1.2326     16.2370   

# Frame109

# x        y
10.5512    28.9026   
8.7367     10.4159   
17.7962    11.1893   
9.7830     12.5662   
8.6232     38.5964   
1.2326     16.2370   

# Frame110

# x        y
10.5333    28.9979   
8.7367     10.4159   
17.7962    11.1893   
9.7556     12.6022   
8.6232     38.5964   
1.2326     16.2370   

# Frame111

# x        y
10.5157    29.0917   
8.7367     10.4159   
17.7962    11.1893   
9.7287     12.6376   
8.6232     38.5964   
1.2326     16.2370   

# Frame112

# x        y
10.4985    29.1838   
8.7367     10.4159   
17.7962    11.1893   
9.7023     12.6724   
8.6232     38.5964   
1.2326     16.2370   

# Frame113

# x        y
10.4815    29.2745   
8.7367     10.4159   
17.7962    11.1893   
9.6763     12.7066   
8.6232     38.5964   
1.2326     16.2370   

# Frame114

# x        y
10.4648    29.3636   
8.7367     10.4159   
17.7962    11.1893   
9.6507     12.7403   
8.6232     38.5964   
1.2326     16.2370   

# Frame115

# x        y
10.4483    29.4513   
8.7367     10.4159   
17.7962    11.1893   
9.6256     12.7734   
8.6232     38.5964   
1.2326     16.2370   

# Frame116

# x        y
10.4322    29.5375   
8.7367     10.4159   
17.7962    11.1893   
9.6008     12.8059   
8.6232     38.5964   
1.2326     16.2370   

# Frame117

# x        y
10.4163    29.6222   
8.7367     10.4159   
17.7962    11.1893   
9.5765     12.8379   
8.6232     38.5964   
1.2326     16.2370   

# Frame118

# x        y
10.4007    29.7056   
8.7367     10.4159   
17.7962    11.1893   
9.5526     12.8694   
8.6232     38.5964   
1.2326     16.2370   

# Frame119

# x        y
10.3853    29.7875   
8.7367     10.4159   
17.7962    11.1893   
9.5291     12.9003   
8.6232     38.5964   
1.2326     16.2370   

# Frame120

# x        y
10.3702    29.8681   
8.7367     10.4159   
17.7962    11.1893   
9.5060     12.9308   
8.6232     38.5964   
1.2326     16.2370   

# Frame121

# x        y
10.3553    29.9474   
8.7367     10.4159   
17.7962    11.1893   
9.4832     12.9607   
8.6232     38.5964   
1.2326     16.2370   

# Frame122

# x        y
10.3407    30.0253   
8.7367     10.4159   
17.7962    11.1893   
9.4609     12.9901   
8.6232     38.5964   
1.2326     16.2370   

# Frame123

# x        y
10.3264    30.1019   
8.7367     10.4159   
17.7962    11.1893   
9.4389     13.0190   
8.6232     38.5964   
1.2326     16.2370   

# Frame124

# x        y
10.3122    30.1772   
8.7367     10.4159   
17.7962    11.1893   
9.4173     13.0475   
8.6232     38.5964   
1.2326     16.2370   

# Frame125

# x        y
10.2984    30.2513   
8.7367     10.4159   
17.7962    11.1893   
9.3960     13.0754   
8.6232     38.5964   
1.2326     16.2370   

# Frame126

# x        y
10.2847    30.3242   
8.7367     10.4159   
17.7962    11.1893   
9.3751     13.1030   
8.6232     38.5964   
1.2326     16.2370   

# Frame127

# x        y
10.2713    30.3958   
8.7367     10.4159   
17.7962    11.1893   
9.3545     13.1300   
8.6232     38.5964   
1.2326     16.2370   

# Frame128

# x        y
10.2581    30.4663   
8.7367     10.4159   
17.7962    11.1893   
9.3343     13.1566   
8.6232     38.5964   
1.2326     16.2370   

# Frame129

# x        y
10.2451    30.5356   
8.7367     10.4159   
17.7962    11.1893   
9.3144     13.1828   
8.6232     38.5964   
1.2326     16.2370   

# Frame130

# x        y
10.2323    30.6037   
8.7367     10.4159   
17.7962    11.1893   
9.2949     13.2085   
8.6232     38.5964   
1.2326     16.2370   

# Frame131

# x        y
10.2197    30.6707   
8.7367     10.4159   
17.7962    11.1893   
9.2757     13.2338   
8.6232     38.5964   
1.2326     16.2370   

# Frame132

# x        y
10.2074    30.7365   
8.7367     10.4159   
17.7962    11.1893   
9.2568     13.2586   
8.6232     38.5964   
1.2326     16.2370   

# Frame133

# x        y
10.1953    30.8013   
8.7367     10.4159   
17.7962    11.1893   
9.2382     13.2831   
8.6232     38.5964   
1.2326     16.2370   

# Frame134

# x        y
10.1833    30.8650   
8.7367     10.4159   
17.7962    11.1893   
9.2199     13.3071   
8.6232     38.5964   
1.2326     16.2370   

# Frame135

# x        y
10.1716    30.9276   
8.7367     10.4159   
17.7962    11.1893   
9.2019     13.3308   
8.6232     38.5964   
1.2326     16.2370   

# Frame136

# x        y
10.1600    30.9892   
8.7367     10.4159   
17.7962    11.1893   
9.1843     13.3540   
8.6232     38.5964   
1.2326     16.2370   

# Frame137

# x        y
10.1487    31.0498   
8.7367     10.4159   
17.7962    11.1893   
9.1669     13.3769   
8.6232     38.5964   
1.2326     16.2370   

# Frame138

# x        y
10.1375    31.1093   
8.7367     10.4159   
17.7962    11.1893   
9.1498     13.3994   
8.6232     38.5964   
1.2326     16.2370   

# Frame139

# x        y
10.1265    31.1679   
8.7367     10.4159   
17.7962    11.1893   
9.1330     13.4215   
8.6232     38.5964   
1.2326     16.2370   

# Frame140

# x        y
10.1157    31.2255   
8.7367     10.4159   
17.7962    11.1893   
9.1165     13.4432   
8.6232     38.5964   
1.2326     16.2370   

# Frame141

# x        y
10.1051    31.2821   
8.7367     10.4159   
17.7962    11.1893   
9.1002     13.4646   
8.6232     38.5964   
1.2326     16.2370   

# Frame142

# x        y
10.0947    31.3378   
8.7367     10.4159   
17.7962    11.1893   
9.0843     13.4856   
8.6232     38.5964   
1.2326     16.2370   

# Frame143

# x        y
10.0844    31.3925   
8.7367     10.4159   
17.7962    11.1893   
9.0686     13.5063   
8.6232     38.5964   
1.2326     16.2370   

# Frame144

# x        y
10.0743    31.4464   
8.7367     10.4159   
17.7962    11.1893   
9.0531     13.5266   
8.6232     38.5964   
1.2326     16.2370   

# Frame145

# x        y
10.0644    31.4993   
8.7367     10.4159   
17.7962    11.1893   
9.0379     13.5466   
8.6232     38.5964   
1.2326     16.2370   

# Frame146

# x        y
10.0546    31.5514   
8.7367     10.4159   
17.7962    11.1893   
9.0230     13.5663   
8.6232     38.5964   
1.2326     16.2370   

# Frame147

# x        y
10.0451    31.6026   
8.7367     10.4159   
17.7962    11.1893   
9.0083     13.5856   
8.6232     38.5964   
1.2326     16.2370   

# Frame148

# x        y
10.0356    31.6529   
8.7367     10.4159   
17.7962    11.1893   
8.9939     13.6046   
8.6232     38.5964   
1.2326     16.2370   

# Frame149

# x        y
10.0263    31.7024   
8.7367     10.4159   
17.7962    11.1893   
8.9797     13.6233   
8.6232     38.5964   
1.2326     16.2370   

# Frame150

# x        y
10.0172    31.7511   
8.7367     10.4159   
17.7962    11.1893   
8.9657     13.6417   
8.6232     38.5964   
1.2326     16.2370   

# Frame151

# x        y
10.0082    31.7989   
8.7367     10.4159   
17.7962    11.1893   
8.9520     13.6598   
8.6232     38.5964   
1.2326     16.2370   

# Frame152

# x        y
9.9994     31.8460   
8.7367     10.4159   
17.7962    11.1893   
8.9385     13.6775   
8.6232     38.5964   
1.2326     16.2370   

# Frame153

# x        y
9.9907     31.8923   
8.7367     10.4159   
17.7962    11.1893   
8.9252     13.6950   
8.6232     38.5964   
1.2326     16.2370   

# Frame154

# x        y
9.9822     31.9378   
8.7367     10.4159   
17.7962    11.1893   
8.9121     13.7122   
8.6232     38.5964   
1.2326     16.2370   

# Frame155

# x        y
9.9738     31.9825   
8.7367     10.4159   
17.7962    11.1893   
8.8993     13.7291   
8.6232     38.5964   
1.2326     16.2370   

# Frame156

# x        y
9.9656     32.0265   
8.7367     10.4159   
17.7962    11.1893   
8.8866     13.7457   
8.6232     38.5964   
1.2326     16.2370   

# Frame157

# x        y
9.9575     32.0698   
8.7367     10.4159   
17.7962    11.1893   
8.8742     13.7620   
8.6232     38.5964   
1.2326     16.2370   

# Frame158

# x        y
9.9495     32.1124   
8.7367     10.4159   
17.7962    11.1893   
8.8620     13.7781   
8.6232     38.5964   
1.2326     16.2370   

# Frame159

# x        y
9.9416     32.1542   
8.7367     10.4159   
17.7962    11.1893   
8.8500     13.7939   
8.6232     38.5964   
1.2326     16.2370   

# Frame160

# x        y
9.9339     32.1953   
8.7367     10.4159   
17.7962    11.1893   
8.8382     13.8094   
8.6232     38.5964   
1.2326     16.2370   

# Frame161

# x        y
9.9263     32.2358   
8.7367     10.4159   
17.7962    11.1893   
8.8266     13.8247   
8.6232     38.5964   
1.2326     16.2370   

# Frame162

# x        y
9.9189     32.2756   
8.7367     10.4159   
17.7962    11.1893   
8.8152     13.8397   
8.6232     38.5964   
1.2326     16.2370   

# Frame163

# x        y
9.9116     32.3147   
8.7367     10.4159   
17.7962    11.1893   
8.8040     13.8545   
8.6232     38.5964   
1.2326     16.2370   

# Frame164

# x        y
9.9043     32.3532   
8.7367     10.4159   
17.7962    11.1893   
8.7929     13.8690   
8.6232     38.5964   
1.2326     16.2370   

# Frame165

# x        y
9.8972     32.3910   
8.7367     10.4159   
17.7962    11.1893   
8.7821     13.8833   
8.6232     38.5964   
1.2326     16.2370   

# Frame166

# x        y
9.8903     32.4282   
8.7367     10.4159   
17.7962    11.1893   
8.7714     13.8973   
8.6232     38.5964   
1.2326     16.2370   

# Frame167

# x        y
9.8834     32.4648   
8.7367     10.4159   
17.7962    11.1893   
8.7609     13.9111   
8.6232     38.5964   
1.2326     16.2370   

# Frame168

# x        y
9.8767     32.5007   
8.7367     10.4159   
17.7962    11.1893   
8.7506     13.9247   
8.6232     38.5964   
1.2326     16.2370   

# Frame169

# x        y
9.8700     32.5361   
8.7367     10.4159   
17.7962    11.1893   
8.7404     13.9381   
8.6232     38.5964   
1.2326     16.2370   

# Frame170

# x        y
9.8635     32.5709   
8.7367     10.4159   
17.7962    11.1893   
8.7305     13.9512   
8.6232     38.5964   
1.2326     16.2370   

# Frame171

# x        y
9.8571     32.6051   
8.7367     10.4159   
17.7962    11.1893   
8.7206     13.9641   
8.6232     38.5964   
1.2326     16.2370   

# Frame172

# x        y
9.8508     32.6387   
8.7367     10.4159   
17.7962    11.1893   
8.7110     13.9768   
8.6232     38.5964   
1.2326     16.2370   

# Frame173

# x        y
9.8446     32.6718   
8.7367     10.4159   
17.7962    11.1893   
8.7015     13.9893   
8.6232     38.5964   
1.2326     16.2370   

# Frame174

# x        y
9.8385     32.7043   
8.7367     10.4159   
17.7962    11.1893   
8.6922     14.0016   
8.6232     38.5964   
1.2326     16.2370   

# Frame175

# x        y
9.8325     32.7363   
8.7367     10.4159   
17.7962    11.1893   
8.6830     14.0137   
8.6232     38.5964   
1.2326     16.2370   

# Frame176

# x        y
9.8266     32.7677   
8.7367     10.4159   
17.7962    11.1893   
8.6740     14.0255   
8.6232     38.5964   
1.2326     16.2370   

# Frame177

# x        y
9.8208     32.7986   
8.7367     10.4159   
17.7962    11.1893   
8.6651     14.0372   
8.6232     38.5964   
1.2326     16.2370   

# Frame178

# x        y
9.8151     32.8290   
8.7367     10.4159   
17.7962    11.1893   
8.6564     14.0487   
8.6232     38.5964   
1.2326     16.2370   

# Frame179

# x        y
9.8095     32.8589   
8.7367     10.4159   
17.7962    11.1893   
8.6478     14.0600   
8.6232     38.5964   
1.2326     16.2370   

# Frame180

# x        y
9.8040     32.8883   
8.7367     10.4159   
17.7962    11.1893   
8.6394     14.0711   
8.6232     38.5964   
1.2326     16.2370   

# Frame181

# x        y
9.7986     32.9172   
8.7367     10.4159   
17.7962    11.1893   
8.6311     14.0820   
8.6232     38.5964   
1.2326     16.2370   

# Frame182

# x        y
9.7933     32.9457   
8.7367     10.4159   
17.7962    11.1893   
8.6229     14.0927   
8.6232     38.5964   
1.2326     16.2370   

# Frame183

# x        y
9.7880     32.9736   
8.7367     10.4159   
17.7962    11.1893   
8.6149     14.1033   
8.6232     38.5964   
1.2326     16.2370   

# Frame184

# x        y
9.7829     33.0011   
8.7367     10.4159   
17.7962    11.1893   
8.6070     14.1136   
8.6232     38.5964   
1.2326     16.2370   

# Frame185

# x        y
9.7778     33.0281   
8.7367     10.4159   
17.7962    11.1893   
8.5993     14.1239   
8.6232     38.5964   
1.2326     16.2370   

# Frame186

# x        y
9.7728     33.0547   
8.7367     10.4159   
17.7962    11.1893   
8.5916     14.1339   
8.6232     38.5964   
1.2326     16.2370   

# Frame187

# x        y
9.7679     33.0808   
8.7367     10.4159   
17.7962    11.1893   
8.5841     14.1438   
8.6232     38.5964   
1.2326     16.2370   

# Frame188

# x        y
9.7631     33.1065   
8.7367     10.4159   
17.7962    11.1893   
8.5768     14.1535   
8.6232     38.5964   
1.2326     16.2370   

# Frame189

# x        y
9.7584     33.1318   
8.7367     10.4159   
17.7962    11.1893   
8.5695     14.1630   
8.6232     38.5964   
1.2326     16.2370   

# Frame190

# x        y
9.7537     33.1567   
8.7367     10.4159   
17.7962    11.1893   
8.5624     14.1724   
8.6232     38.5964   
1.2326     16.2370   

# Frame191

# x        y
9.7491     33.1811   
8.7367     10.4159   
17.7962    11.1893   
8.5554     14.1816   
8.6232     38.5964   
1.2326     16.2370   

# Frame192

# x        y
9.7446     33.2051   
8.7367     10.4159   
17.7962    11.1893   
8.5485     14.1907   
8.6232     38.5964   
1.2326     16.2370   

# Frame193

# x        y
9.7402     33.2288   
8.7367     10.4159   
17.7962    11.1893   
8.5417     14.1996   
8.6232     38.5964   
1.2326     16.2370   

# Frame194

# x        y
9.7358     33.2520   
8.7367     10.4159   
17.7962    11.1893   
8.5350     14.2084   
8.6232     38.5964   
1.2326     16.2370   

# Frame195

# x        y
9.7316     33.2748   
8.7367     10.4159   
17.7962    11.1893   
8.5285     14.2170   
8.6232     38.5964   
1.2326     16.2370   

# Frame196

# x        y
9.7274     33.2973   
8.7367     10.4159   
17.7962    11.1893   
8.5220     14.2255   
8.6232     38.5964   
1.2326     16.2370   

# Frame197

# x        y
9.7232     33.3194   
8.7367     10.4159   
17.7962    11.1893   
8.5157     14.2338   
8.6232     38.5964   
1.2326     16.2370   

# Frame198

# x        y
9.7191     33.3411   
8.7367     10.4159   
17.7962    11.1893   
8.5095     14.2420   
8.6232     38.5964   
1.2326     16.2370   

# Frame199

# x        y
9.7151     33.3625   
8.7367     10.4159   
17.7962    11.1893   
8.5033     14.2501   
8.6232     38.5964   
1.2326     16.2370   

# Frame200

# x        y
9.7112     33.3835   
8.7367     10.4159   
17.7962    11.1893   
8.4973     14.2580   
8.6232     38.5964   
1.2326     16.2370   

# Frame201

# x        y
9.7073     33.4041   
8.7367     10.4159   
17.7962    11.1893   
8.4914     14.2658   
8.6232     38.5964   
1.2326     16.2370   

# Frame202

# x        y
9.7035     33.4244   
8.7367     10.4159   
17.7962    11.1893   
8.4855     14.2735   
8.6232     38.5964   
1.2326     16.2370   

# Frame203

# x        y
9.6998     33.4444   
8.7367     10.4159   
17.7962    11.1893   
8.4798     14.2810   
8.6232     38.5964   
1.2326     16.2370   

# Frame204

# x        y
9.6961     33.4641   
8.7367     10.4159   
17.7962    11.1893   
8.4742     14.2884   
8.6232     38.5964   
1.2326     16.2370   

# Frame205

# x        y
9.6925     33.4834   
8.7367     10.4159   
17.7962    11.1893   
8.4686     14.2957   
8.6232     38.5964   
1.2326     16.2370   

# Frame206

# x        y
9.6889     33.5024   
8.7367     10.4159   
17.7962    11.1893   
8.4632     14.3029   
8.6232     38.5964   
1.2326     16.2370   

# Frame207

# x        y
9.6854     33.5210   
8.7367     10.4159   
17.7962    11.1893   
8.4578     14.3100   
8.6232     38.5964   
1.2326     16.2370   

# Frame208

# x        y
9.6820     33.5394   
8.7367     10.4159   
17.7962    11.1893   
8.4526     14.3169   
8.6232     38.5964   
1.2326     16.2370   

# Frame209

# x        y
9.6786     33.5575   
8.7367     10.4159   
17.7962    11.1893   
8.4474     14.3237   
8.6232     38.5964   
1.2326     16.2370   

# Frame210

# x        y
9.6753     33.5752   
8.7367     10.4159   
17.7962    11.1893   
8.4423     14.3304   
8.6232     38.5964   
1.2326     16.2370   

# Frame211

# x        y
9.6720     33.5927   
8.7367     10.4159   
17.7962    11.1893   
8.4373     14.3370   
8.6232     38.5964   
1.2326     16.2370   

# Frame212

# x        y
9.6688     33.6098   
8.7367     10.4159   
17.7962    11.1893   
8.4324     14.3435   
8.6232     38.5964   
1.2326     16.2370   

# Frame213

# x        y
9.6656     33.6267   
8.7367     10.4159   
17.7962    11.1893   
8.4275     14.3499   
8.6232     38.5964   
1.2326     16.2370   

# Frame214

# x        y
9.6625     33.6433   
8.7367     10.4159   
17.7962    11.1893   
8.4227     14.3561   
8.6232     38.5964   
1.2326     16.2370   

# Frame215

# x        y
9.6594     33.6596   
8.7367     10.4159   
17.7962    11.1893   
8.4181     14.3623   
8.6232     38.5964   
1.2326     16.2370   

# Frame216

# x        y
9.6564     33.6757   
8.7367     10.4159   
17.7962    11.1893   
8.4135     14.3683   
8.6232     38.5964   
1.2326     16.2370   

# Frame217

# x        y
9.6535     33.6915   
8.7367     10.4159   
17.7962    11.1893   
8.4089     14.3743   
8.6232     38.5964   
1.2326     16.2370   

# Frame218

# x        y
9.6505     33.7070   
8.7367     10.4159   
17.7962    11.1893   
8.4045     14.3802   
8.6232     38.5964   
1.2326     16.2370   

# Frame219

# x        y
9.6477     33.7223   
8.7367     10.4159   
17.7962    11.1893   
8.4001     14.3859   
8.6232     38.5964   
1.2326     16.2370   

# Frame220

# x        y
9.6449     33.7373   
8.7367     10.4159   
17.7962    11.1893   
8.3958     14.3916   
8.6232     38.5964   
1.2326     16.2370   

# Frame221

# x        y
9.6421     33.7520   
8.7367     10.4159   
17.7962    11.1893   
8.3916     14.3972   
8.6232     38.5964   
1.2326     16.2370   

# Frame222

# x        y
9.6394     33.7665   
8.7367     10.4159   
17.7962    11.1893   
8.3874     14.4027   
8.6232     38.5964   
1.2326     16.2370   

# Frame223

# x        y
9.6367     33.7808   
8.7367     10.4159   
17.7962    11.1893   
8.3833     14.4080   
8.6232     38.5964   
1.2326     16.2370   

# Frame224

# x        y
9.6341     33.7949   
8.7367     10.4159   
17.7962    11.1893   
8.3793     14.4133   
8.6232     38.5964   
1.2326     16.2370   

# Frame225

# x        y
9.6315     33.8087   
8.7367     10.4159   
17.7962    11.1893   
8.3753     14.4185   
8.6232     38.5964   
1.2326     16.2370   

# Frame226

# x        y
9.6290     33.8222   
8.7367     10.4159   
17.7962    11.1893   
8.3714     14.4237   
8.6232     38.5964   
1.2326     16.2370   

# Frame227

# x        y
9.6265     33.8356   
8.7367     10.4159   
17.7962    11.1893   
8.3676     14.4287   
8.6232     38.5964   
1.2326     16.2370   

# Frame228

# x        y
9.6240     33.8487   
8.7367     10.4159   
17.7962    11.1893   
8.3638     14.4337   
8.6232     38.5964   
1.2326     16.2370   

# Frame229

# x        y
9.6216     33.8616   
8.7367     10.4159   
17.7962    11.1893   
8.3601     14.4385   
8.6232     38.5964   
1.2326     16.2370   

# Frame230

# x        y
9.6192     33.8743   
8.7367     10.4159   
17.7962    11.1893   
8.3565     14.4433   
8.6232     38.5964   
1.2326     16.2370   

# Frame231

# x        y
9.6169     33.8867   
8.7367     10.4159   
17.7962    11.1893   
8.3529     14.4480   
8.6232     38.5964   
1.2326     16.2370   

# Frame232

# x        y
9.6146     33.8990   
8.7367     10.4159   
17.7962    11.1893   
8.3494     14.4527   
8.6232     38.5964   
1.2326     16.2370   

# Frame233

# x        y
9.6123     33.9111   
8.7367     10.4159   
17.7962    11.1893   
8.3459     14.4572   
8.6232     38.5964   
1.2326     16.2370   

# Frame234

# x        y
9.6101     33.9229   
8.7367     10.4159   
17.7962    11.1893   
8.3425     14.4617   
8.6232     38.5964   
1.2326     16.2370   

# Frame235

# x        y
9.6079     33.9346   
8.7367     10.4159   
17.7962    11.1893   
8.3392     14.4661   
8.6232     38.5964   
1.2326     16.2370   

# Frame236

# x        y
9.6057     33.9461   
8.7367     10.4159   
17.7962    11.1893   
8.3359     14.4704   
8.6232     38.5964   
1.2326     16.2370   

# Frame237

# x        y
9.6036     33.9574   
8.7367     10.4159   
17.7962    11.1893   
8.3326     14.4747   
8.6232     38.5964   
1.2326     16.2370   

# Frame238

# x        y
9.6015     33.9684   
8.7367     10.4159   
17.7962    11.1893   
8.3295     14.4789   
8.6232     38.5964   
1.2326     16.2370   

# Frame239

# x        y
9.5995     33.9794   
8.7367     10.4159   
17.7962    11.1893   
8.3263     14.4830   
8.6232     38.5964   
1.2326     16.2370   

# Frame240

# x        y
9.5975     33.9901   
8.7367     10.4159   
17.7962    11.1893   
8.3233     14.4870   
8.6232     38.5964   
1.2326     16.2370   

# Frame241

# x        y
9.5955     34.0006   
8.7367     10.4159   
17.7962    11.1893   
8.3202     14.4910   
8.6232     38.5964   
1.2326     16.2370   

# Frame242

# x        y
9.5936     34.0110   
8.7367     10.4159   
17.7962    11.1893   
8.3173     14.4949   
8.6232     38.5964   
1.2326     16.2370   

# Frame243

# x        y
9.5917     34.0212   
8.7367     10.4159   
17.7962    11.1893   
8.3143     14.4988   
8.6232     38.5964   
1.2326     16.2370   

# Frame244

# x        y
9.5898     34.0312   
8.7367     10.4159   
17.7962    11.1893   
8.3115     14.5026   
8.6232     38.5964   
1.2326     16.2370   

# Frame245

# x        y
9.5879     34.0411   
8.7367     10.4159   
17.7962    11.1893   
8.3086     14.5063   
8.6232     38.5964   
1.2326     16.2370   

# Frame246

# x        y
9.5861     34.0508   
8.7367     10.4159   
17.7962    11.1893   
8.3058     14.5100   
8.6232     38.5964   
1.2326     16.2370   

# Frame247

# x        y
9.5843     34.0603   
8.7367     10.4159   
17.7962    11.1893   
8.3031     14.5136   
8.6232     38.5964   
1.2326     16.2370   

# Frame248

# x        y
9.5826     34.0697   
8.7367     10.4159   
17.7962    11.1893   
8.3004     14.5171   
8.6232     38.5964   
1.2326     16.2370   

# Frame249

# x        y
9.5808     34.0789   
8.7367     10.4159   
17.7962    11.1893   
8.2978     14.5206   
8.6232     38.5964   
1.2326     16.2370   

# Frame250

# x        y
9.5791     34.0880   
8.7367     10.4159   
17.7962    11.1893   
8.2952     14.5240   
8.6232     38.5964   
1.2326     16.2370   

# Frame251

# x        y
9.5775     34.0969   
8.7367     10.4159   
17.7962    11.1893   
8.2926     14.5274   
8.6232     38.5964   
1.2326     16.2370   

# Frame252

# x        y
9.5758     34.1056   
8.7367     10.4159   
17.7962    11.1893   
8.2901     14.5307   
8.6232     38.5964   
1.2326     16.2370   

# Frame253

# x        y
9.5742     34.1143   
8.7367     10.4159   
17.7962    11.1893   
8.2876     14.5339   
8.6232     38.5964   
1.2326     16.2370   

# Frame254

# x        y
9.5726     34.1227   
8.7367     10.4159   
17.7962    11.1893   
8.2852     14.5371   
8.6232     38.5964   
1.2326     16.2370   

# Frame255

# x        y
9.5711     34.1311   
8.7367     10.4159   
17.7962    11.1893   
8.2828     14.5403   
8.6232     38.5964   
1.2326     16.2370   

# Frame256

# x        y
9.5695     34.1393   
8.7367     10.4159   
17.7962    11.1893   
8.2804     14.5434   
8.6232     38.5964   
1.2326     16.2370   

# Frame257

# x        y
9.5680     34.1473   
8.7367     10.4159   
17.7962    11.1893   
8.2781     14.5464   
8.6232     38.5964   
1.2326     16.2370   

# Frame258

# x        y
9.5665     34.1552   
8.7367     10.4159   
17.7962    11.1893   
8.2759     14.5494   
8.6232     38.5964   
1.2326     16.2370   

# Frame259

# x        y
9.5651     34.1630   
8.7367     10.4159   
17.7962    11.1893   
8.2736     14.5524   
8.6232     38.5964   
1.2326     16.2370   

# Frame260

# x        y
9.5636     34.1707   
8.7367     10.4159   
17.7962    11.1893   
8.2714     14.5552   
8.6232     38.5964   
1.2326     16.2370   

# Frame261

# x        y
9.5622     34.1782   
8.7367     10.4159   
17.7962    11.1893   
8.2693     14.5581   
8.6232     38.5964   
1.2326     16.2370   

# Frame262

# x        y
9.5608     34.1856   
8.7367     10.4159   
17.7962    11.1893   
8.2671     14.5609   
8.6232     38.5964   
1.2326     16.2370   

# Frame263

# x        y
9.5595     34.1929   
8.7367     10.4159   
17.7962    11.1893   
8.2651     14.5636   
8.6232     38.5964   
1.2326     16.2370   

# Frame264

# x        y
9.5581     34.2001   
8.7367     10.4159   
17.7962    11.1893   
8.2630     14.5663   
8.6232     38.5964   
1.2326     16.2370   

# Frame265

# x        y
9.5568     34.2071   
8.7367     10.4159   
17.7962    11.1893   
8.2610     14.5690   
8.6232     38.5964   
1.2326     16.2370   

# Frame266

# x        y
9.5555     34.2141   
8.7367     10.4159   
17.7962    11.1893   
8.2590     14.5716   
8.6232     38.5964   
1.2326     16.2370   

# Frame267

# x        y
9.5542     34.2209   
8.7367     10.4159   
17.7962    11.1893   
8.2570     14.5742   
8.6232     38.5964   
1.2326     16.2370   

# Frame268

# x        y
9.5530     34.2276   
8.7367     10.4159   
17.7962    11.1893   
8.2551     14.5767   
8.6232     38.5964   
1.2326     16.2370   

# Frame269

# x        y
9.5517     34.2342   
8.7367     10.4159   
17.7962    11.1893   
8.2532     14.5792   
8.6232     38.5964   
1.2326     16.2370   

# Frame270

# x        y
9.5505     34.2406   
8.7367     10.4159   
17.7962    11.1893   
8.2514     14.5817   
8.6232     38.5964   
1.2326     16.2370   

# Frame271

# x        y
9.5493     34.2470   
8.7367     10.4159   
17.7962    11.1893   
8.2495     14.5841   
8.6232     38.5964   
1.2326     16.2370   

# Frame272

# x        y
9.5481     34.2533   
8.7367     10.4159   
17.7962    11.1893   
8.2477     14.5864   
8.6232     38.5964   
1.2326     16.2370   

# Frame273

# x        y
9.5470     34.2594   
8.7367     10.4159   
17.7962    11.1893   
8.2460     14.5887   
8.6232     38.5964   
1.2326     16.2370   

# Frame274

# x        y
9.5459     34.2655   
8.7367     10.4159   
17.7962    11.1893   
8.2442     14.5910   
8.6232     38.5964   
1.2326     16.2370   

# Frame275

# x        y
9.5447     34.2715   
8.7367     10.4159   
17.7962    11.1893   
8.2425     14.5933   
8.6232     38.5964   
1.2326     16.2370   

# Frame276

# x        y
9.5436     34.2773   
8.7367     10.4159   
17.7962    11.1893   
8.2408     14.5955   
8.6232     38.5964   
1.2326     16.2370   

# Frame277

# x        y
9.5426     34.2831   
8.7367     10.4159   
17.7962    11.1893   
8.2392     14.5977   
8.6232     38.5964   
1.2326     16.2370   

# Frame278

# x        y
9.5415     34.2887   
8.7367     10.4159   
17.7962    11.1893   
8.2376     14.5998   
8.6232     38.5964   
1.2326     16.2370   

# Frame279

# x        y
9.5405     34.2943   
8.7367     10.4159   
17.7962    11.1893   
8.2360     14.6019   
8.6232     38.5964   
1.2326     16.2370   

# Frame280

# x        y
9.5394     34.2998   
8.7367     10.4159   
17.7962    11.1893   
8.2344     14.6040   
8.6232     38.5964   
1.2326     16.2370   

# Frame281

# x        y
9.5384     34.3051   
8.7367     10.4159   
17.7962    11.1893   
8.2329     14.6060   
8.6232     38.5964   
1.2326     16.2370   

# Frame282

# x        y
9.5374     34.3104   
8.7367     10.4159   
17.7962    11.1893   
8.2313     14.6080   
8.6232     38.5964   
1.2326     16.2370   

# Frame283

# x        y
9.5365     34.3157   
8.7367     10.4159   
17.7962    11.1893   
8.2298     14.6100   
8.6232     38.5964   
1.2326     16.2370   

# Frame284

# x        y
9.5355     34.3208   
8.7367     10.4159   
17.7962    11.1893   
8.2284     14.6119   
8.6232     38.5964   
1.2326     16.2370   

# Frame285

# x        y
9.5346     34.3258   
8.7367     10.4159   
17.7962    11.1893   
8.2269     14.6138   
8.6232     38.5964   
1.2326     16.2370   

# Frame286

# x        y
9.5336     34.3308   
8.7367     10.4159   
17.7962    11.1893   
8.2255     14.6157   
8.6232     38.5964   
1.2326     16.2370   

# Frame287

# x        y
9.5327     34.3356   
8.7367     10.4159   
17.7962    11.1893   
8.2241     14.6175   
8.6232     38.5964   
1.2326     16.2370   

# Frame288

# x        y
9.5318     34.3404   
8.7367     10.4159   
17.7962    11.1893   
8.2227     14.6193   
8.6232     38.5964   
1.2326     16.2370   

# Frame289

# x        y
9.5309     34.3451   
8.7367     10.4159   
17.7962    11.1893   
8.2214     14.6211   
8.6232     38.5964   
1.2326     16.2370   

# Frame290

# x        y
9.5301     34.3497   
8.7367     10.4159   
17.7962    11.1893   
8.2201     14.6228   
8.6232     38.5964   
1.2326     16.2370   

# Frame291

# x        y
9.5292     34.3543   
8.7367     10.4159   
17.7962    11.1893   
8.2188     14.6246   
8.6232     38.5964   
1.2326     16.2370   

# Frame292

# x        y
9.5284     34.3588   
8.7367     10.4159   
17.7962    11.1893   
8.2175     14.6263   
8.6232     38.5964   
1.2326     16.2370   

# Frame293

# x        y
9.5275     34.3632   
8.7367     10.4159   
17.7962    11.1893   
8.2162     14.6279   
8.6232     38.5964   
1.2326     16.2370   

# Frame294

# x        y
9.5267     34.3675   
8.7367     10.4159   
17.7962    11.1893   
8.2150     14.6295   
8.6232     38.5964   
1.2326     16.2370   

# Frame295

# x        y
9.5259     34.3718   
8.7367     10.4159   
17.7962    11.1893   
8.2137     14.6312   
8.6232     38.5964   
1.2326     16.2370   

# Frame296

# x        y
9.5252     34.3759   
8.7367     10.4159   
17.7962    11.1893   
8.2125     14.6327   
8.6232     38.5964   
1.2326     16.2370   

# Frame297

# x        y
9.5244     34.3801   
8.7367     10.4159   
17.7962    11.1893   
8.2114     14.6343   
8.6232     38.5964   
1.2326     16.2370   

# Frame298

# x        y
9.5236     34.3841   
8.7367     10.4159   
17.7962    11.1893   
8.2102     14.6358   
8.6232     38.5964   
1.2326     16.2370   

# Frame299

# x        y
9.5229     34.3881   
8.7367     10.4159   
17.7962    11.1893   
8.2091     14.6373   
8.6232     38.5964   
1.2326     16.2370   

# Frame300

# x        y
9.5221     34.3920   
8.7367     10.4159   
17.7962    11.1893   
8.2079     14.6388   
8.6232     38.5964   
1.2326     16.2370   

# Frame301

# x        y
9.5214     34.3958   
8.7367     10.4159   
17.7962    11.1893   
8.2068     14.6402   
8.6232     38.5964   
1.2326     16.2370   

# Frame302

# x        y
9.5207     34.3996   
8.7367     10.4159   
17.7962    11.1893   
8.2058     14.6417   
8.6232     38.5964   
1.2326     16.2370   

# Frame303

# x        y
9.5200     34.4033   
8.7367     10.4159   
17.7962    11.1893   
8.2047     14.6431   
8.6232     38.5964   
1.2326     16.2370   

# Frame304

# x        y
9.5193     34.4070   
8.7367     10.4159   
17.7962    11.1893   
8.2036     14.6445   
8.6232     38.5964   
1.2326     16.2370   

# Frame305

# x        y
9.5187     34.4106   
8.7367     10.4159   
17.7962    11.1893   
8.2026     14.6458   
8.6232     38.5964   
1.2326     16.2370   

# Frame306

# x        y
9.5180     34.4141   
8.7367     10.4159   
17.7962    11.1893   
8.2016     14.6472   
8.6232     38.5964   
1.2326     16.2370   

# Frame307

# x        y
9.5173     34.4176   
8.7367     10.4159   
17.7962    11.1893   
8.2006     14.6485   
8.6232     38.5964   
1.2326     16.2370   

# Frame308

# x        y
9.5167     34.4210   
8.7367     10.4159   
17.7962    11.1893   
8.1996     14.6498   
8.6232     38.5964   
1.2326     16.2370   

# Frame309

# x        y
9.5161     34.4244   
8.7367     10.4159   
17.7962    11.1893   
8.1986     14.6510   
8.6232     38.5964   
1.2326     16.2370   

# Frame310

# x        y
9.5155     34.4277   
8.7367     10.4159   
17.7962    11.1893   
8.1977     14.6523   
8.6232     38.5964   
1.2326     16.2370   

# Frame311

# x        y
9.5148     34.4310   
8.7367     10.4159   
17.7962    11.1893   
8.1968     14.6535   
8.6232     38.5964   
1.2326     16.2370   

# Frame312

# x        y
9.5142     34.4342   
8.7367     10.4159   
17.7962    11.1893   
8.1958     14.6547   
8.6232     38.5964   
1.2326     16.2370   

# Frame313

# x        y
9.5137     34.4373   
8.7367     10.4159   
17.7962    11.1893   
8.1949     14.6559   
8.6232     38.5964   
1.2326     16.2370   

# Frame314

# x        y
9.5131     34.4404   
8.7367     10.4159   
17.7962    11.1893   
8.1941     14.6571   
8.6232     38.5964   
1.2326     16.2370   

# Frame315

# x        y
9.5125     34.4434   
8.7367     10.4159   
17.7962    11.1893   
8.1932     14.6582   
8.6232     38.5964   
1.2326     16.2370   

# Frame316

# x        y
9.5119     34.4464   
8.7367     10.4159   
17.7962    11.1893   
8.1923     14.6593   
8.6232     38.5964   
1.2326     16.2370   

# Frame317

# x        y
9.5114     34.4494   
8.7367     10.4159   
17.7962    11.1893   
8.1915     14.6605   
8.6232     38.5964   
1.2326     16.2370   

# Frame318

# x        y
9.5108     34.4523   
8.7367     10.4159   
17.7962    11.1893   
8.1907     14.6615   
8.6232     38.5964   
1.2326     16.2370   

# Frame319

# x        y
9.5103     34.4551   
8.7367     10.4159   
17.7962    11.1893   
8.1898     14.6626   
8.6232     38.5964   
1.2326     16.2370   

# Frame320

# x        y
9.5098     34.4579   
8.7367     10.4159   
17.7962    11.1893   
8.1890     14.6637   
8.6232     38.5964   
1.2326     16.2370   

# Frame321

# x        y
9.5093     34.4606   
8.7367     10.4159   
17.7962    11.1893   
8.1882     14.6647   
8.6232     38.5964   
1.2326     16.2370   

# Frame322

# x        y
9.5088     34.4633   
8.7367     10.4159   
17.7962    11.1893   
8.1875     14.6657   
8.6232     38.5964   
1.2326     16.2370   

# Frame323

# x        y
9.5083     34.4660   
8.7367     10.4159   
17.7962    11.1893   
8.1867     14.6667   
8.6232     38.5964   
1.2326     16.2370   

# Frame324

# x        y
9.5078     34.4686   
8.7367     10.4159   
17.7962    11.1893   
8.1860     14.6677   
8.6232     38.5964   
1.2326     16.2370   

# Frame325

# x        y
9.5073     34.4712   
8.7367     10.4159   
17.7962    11.1893   
8.1852     14.6687   
8.6232     38.5964   
1.2326     16.2370   

# Frame326

# x        y
9.5068     34.4737   
8.7367     10.4159   
17.7962    11.1893   
8.1845     14.6696   
8.6232     38.5964   
1.2326     16.2370   

# Frame327

# x        y
9.5064     34.4762   
8.7367     10.4159   
17.7962    11.1893   
8.1838     14.6706   
8.6232     38.5964   
1.2326     16.2370   

# Frame328

# x        y
9.5059     34.4786   
8.7367     10.4159   
17.7962    11.1893   
8.1831     14.6715   
8.6232     38.5964   
1.2326     16.2370   

# Frame329

# x        y
9.5055     34.4810   
8.7367     10.4159   
17.7962    11.1893   
8.1824     14.6724   
8.6232     38.5964   
1.2326     16.2370   

# Frame330

# x        y
9.5050     34.4834   
8.7367     10.4159   
17.7962    11.1893   
8.1817     14.6733   
8.6232     38.5964   
1.2326     16.2370   

# Frame331

# x        y
9.5046     34.4857   
8.7367     10.4159   
17.7962    11.1893   
8.1810     14.6742   
8.6232     38.5964   
1.2326     16.2370   

# Frame332

# x        y
9.5041     34.4880   
8.7367     10.4159   
17.7962    11.1893   
8.1804     14.6750   
8.6232     38.5964   
1.2326     16.2370   

# Frame333

# x        y
9.5037     34.4903   
8.7367     10.4159   
17.7962    11.1893   
8.1797     14.6759   
8.6232     38.5964   
1.2326     16.2370   

# Frame334

# x        y
9.5033     34.4925   
8.7367     10.4159   
17.7962    11.1893   
8.1791     14.6767   
8.6232     38.5964   
1.2326     16.2370   

# Frame335

# x        y
9.5029     34.4946   
8.7367     10.4159   
17.7962    11.1893   
8.1785     14.6775   
8.6232     38.5964   
1.2326     16.2370   

# Frame336

# x        y
9.5025     34.4968   
8.7367     10.4159   
17.7962    11.1893   
8.1779     14.6784   
8.6232     38.5964   
1.2326     16.2370   

# Frame337

# x        y
9.5021     34.4989   
8.7367     10.4159   
17.7962    11.1893   
8.1773     14.6791   
8.6232     38.5964   
1.2326     16.2370   

# Frame338

# x        y
9.5017     34.5009   
8.7367     10.4159   
17.7962    11.1893   
8.1767     14.6799   
8.6232     38.5964   
1.2326     16.2370   

# Frame339

# x        y
9.5013     34.5030   
8.7367     10.4159   
17.7962    11.1893   
8.1761     14.6807   
8.6232     38.5964   
1.2326     16.2370   

# Frame340

# x        y
9.5010     34.5050   
8.7367     10.4159   
17.7962    11.1893   
8.1755     14.6814   
8.6232     38.5964   
1.2326     16.2370   

# Frame341

# x        y
9.5006     34.5069   
8.7367     10.4159   
17.7962    11.1893   
8.1750     14.6822   
8.6232     38.5964   
1.2326     16.2370   

# Frame342

# x        y
9.5002     34.5089   
8.7367     10.4159   
17.7962    11.1893   
8.1744     14.6829   
8.6232     38.5964   
1.2326     16.2370   

# Frame343

# x        y
9.4999     34.5108   
8.7367     10.4159   
17.7962    11.1893   
8.1739     14.6836   
8.6232     38.5964   
1.2326     16.2370   

# Frame344

# x        y
9.4995     34.5126   
8.7367     10.4159   
17.7962    11.1893   
8.1733     14.6843   
8.6232     38.5964   
1.2326     16.2370   

# Frame345

# x        y
9.4992     34.5145   
8.7367     10.4159   
17.7962    11.1893   
8.1728     14.6850   
8.6232     38.5964   
1.2326     16.2370   

# Frame346

# x        y
9.4988     34.5163   
8.7367     10.4159   
17.7962    11.1893   
8.1723     14.6857   
8.6232     38.5964   
1.2326     16.2370   

# Frame347

# x        y
9.4985     34.5181   
8.7367     10.4159   
17.7962    11.1893   
8.1718     14.6864   
8.6232     38.5964   
1.2326     16.2370   

# Frame348

# x        y
9.4982     34.5198   
8.7367     10.4159   
17.7962    11.1893   
8.1713     14.6870   
8.6232     38.5964   
1.2326     16.2370   

# Frame349

# x        y
9.4979     34.5215   
8.7367     10.4159   
17.7962    11.1893   
8.1708     14.6877   
8.6232     38.5964   
1.2326     16.2370   

# Frame350

# x        y
9.4976     34.5232   
8.7367     10.4159   
17.7962    11.1893   
8.1703     14.6883   
8.6232     38.5964   
1.2326     16.2370   

# Frame351

# x        y
9.4972     34.5249   
8.7367     10.4159   
17.7962    11.1893   
8.1698     14.6890   
8.6232     38.5964   
1.2326     16.2370   

# Frame352

# x        y
9.4969     34.5265   
8.7367     10.4159   
17.7962    11.1893   
8.1694     14.6896   
8.6232     38.5964   
1.2326     16.2370   

# Frame353

# x        y
9.4966     34.5281   
8.7367     10.4159   
17.7962    11.1893   
8.1689     14.6902   
8.6232     38.5964   
1.2326     16.2370   

# Frame354

# x        y
9.4963     34.5297   
8.7367     10.4159   
17.7962    11.1893   
8.1684     14.6908   
8.6232     38.5964   
1.2326     16.2370   

# Frame355

# x        y
9.4960     34.5312   
8.7367     10.4159   
17.7962    11.1893   
8.1680     14.6914   
8.6232     38.5964   
1.2326     16.2370   

# Frame356

# x        y
9.4958     34.5328   
8.7367     10.4159   
17.7962    11.1893   
8.1676     14.6919   
8.6232     38.5964   
1.2326     16.2370   

# Frame357

# x        y
9.4955     34.5343   
8.7367     10.4159   
17.7962    11.1893   
8.1671     14.6925   
8.6232     38.5964   
1.2326     16.2370   

# Frame358

# x        y
9.4952     34.5357   
8.7367     10.4159   
17.7962    11.1893   
8.1667     14.6931   
8.6232     38.5964   
1.2326     16.2370   

# Frame359

# x        y
9.4949     34.5372   
8.7367     10.4159   
17.7962    11.1893   
8.1663     14.6936   
8.6232     38.5964   
1.2326     16.2370   

# Frame360

# x        y
9.4947     34.5386   
8.7367     10.4159   
17.7962    11.1893   
8.1659     14.6942   
8.6232     38.5964   
1.2326     16.2370   

# Frame361

# x        y
9.4944     34.5400   
8.7367     10.4159   
17.7962    11.1893   
8.1655     14.6947   
8.6232     38.5964   
1.2326     16.2370   

# Frame362

# x        y
9.4941     34.5414   
8.7367     10.4159   
17.7962    11.1893   
8.1651     14.6952   
8.6232     38.5964   
1.2326     16.2370   

# Frame363

# x        y
9.4939     34.5428   
8.7367     10.4159   
17.7962    11.1893   
8.1647     14.6957   
8.6232     38.5964   
1.2326     16.2370   

# Frame364

# x        y
9.4936     34.5441   
8.7367     10.4159   
17.7962    11.1893   
8.1643     14.6962   
8.6232     38.5964   
1.2326     16.2370   

# Frame365

# x        y
9.4934     34.5454   
8.7367     10.4159   
17.7962    11.1893   
8.1639     14.6967   
8.6232     38.5964   
1.2326     16.2370   

# Frame366

# x        y
9.4931     34.5467   
8.7367     10.4159   
17.7962    11.1893   
8.1636     14.6972   
8.6232     38.5964   
1.2326     16.2370   

# Frame367

# x        y
9.4929     34.5480   
8.7367     10.4159   
17.7962    11.1893   
8.1632     14.6977   
8.6232     38.5964   
1.2326     16.2370   

# Frame368

# x        y
9.4927     34.5492   
8.7367     10.4159   
17.7962    11.1893   
8.1628     14.6981   
8.6232     38.5964   
1.2326     16.2370   

# Frame369

# x        y
9.4924     34.5504   
8.7367     10.4159   
17.7962    11.1893   
8.1625     14.6986   
8.6232     38.5964   
1.2326     16.2370   

# Frame370

# x        y
9.4922     34.5516   
8.7367     10.4159   
17.7962    11.1893   
8.1621     14.6991   
8.6232     38.5964   
1.2326     16.2370   

# Frame371

# x        y
9.4920     34.5528   
8.7367     10.4159   
17.7962    11.1893   
8.1618     14.6995   
8.6232     38.5964   
1.2326     16.2370   

# Frame372

# x        y
9.4918     34.5540   
8.7367     10.4159   
17.7962    11.1893   
8.1615     14.7000   
8.6232     38.5964   
1.2326     16.2370   

# Frame373

# x        y
9.4916     34.5551   
8.7367     10.4159   
17.7962    11.1893   
8.1611     14.7004   
8.6232     38.5964   
1.2326     16.2370   

# Frame374

# x        y
9.4914     34.5563   
8.7367     10.4159   
17.7962    11.1893   
8.1608     14.7008   
8.6232     38.5964   
1.2326     16.2370   

# Frame375

# x        y
9.4911     34.5574   
8.7367     10.4159   
17.7962    11.1893   
8.1605     14.7012   
8.6232     38.5964   
1.2326     16.2370   

# Frame376

# x        y
9.4909     34.5585   
8.7367     10.4159   
17.7962    11.1893   
8.1602     14.7016   
8.6232     38.5964   
1.2326     16.2370   

# Frame377

# x        y
9.4907     34.5595   
8.7367     10.4159   
17.7962    11.1893   
8.1599     14.7021   
8.6232     38.5964   
1.2326     16.2370   

# Frame378

# x        y
9.4905     34.5606   
8.7367     10.4159   
17.7962    11.1893   
8.1596     14.7025   
8.6232     38.5964   
1.2326     16.2370   

# Frame379

# x        y
9.4903     34.5616   
8.7367     10.4159   
17.7962    11.1893   
8.1593     14.7028   
8.6232     38.5964   
1.2326     16.2370   

# Frame380

# x        y
9.4902     34.5627   
8.7367     10.4159   
17.7962    11.1893   
8.1590     14.7032   
8.6232     38.5964   
1.2326     16.2370   

# Frame381

# x        y
9.4900     34.5637   
8.7367     10.4159   
17.7962    11.1893   
8.1587     14.7036   
8.6232     38.5964   
1.2326     16.2370   

# Frame382

# x        y
9.4898     34.5646   
8.7367     10.4159   
17.7962    11.1893   
8.1584     14.7040   
8.6232     38.5964   
1.2326     16.2370   

# Frame383

# x        y
9.4896     34.5656   
8.7367     10.4159   
17.7962    11.1893   
8.1581     14.7043   
8.6232     38.5964   
1.2326     16.2370   

# Frame384

# x        y
9.4894     34.5666   
8.7367     10.4159   
17.7962    11.1893   
8.1579     14.7047   
8.6232     38.5964   
1.2326     16.2370   

# Frame385

# x        y
9.4892     34.5675   
8.7367     10.4159   
17.7962    11.1893   
8.1576     14.7051   
8.6232     38.5964   
1.2326     16.2370   

# Frame386

# x        y
9.4891     34.5684   
8.7367     10.4159   
17.7962    11.1893   
8.1573     14.7054   
8.6232     38.5964   
1.2326     16.2370   

# Frame387

# x        y
9.4889     34.5693   
8.7367     10.4159   
17.7962    11.1893   
8.1571     14.7057   
8.6232     38.5964   
1.2326     16.2370   

# Frame388

# x        y
9.4887     34.5702   
8.7367     10.4159   
17.7962    11.1893   
8.1568     14.7061   
8.6232     38.5964   
1.2326     16.2370   

# Frame389

# x        y
9.4886     34.5711   
8.7367     10.4159   
17.7962    11.1893   
8.1566     14.7064   
8.6232     38.5964   
1.2326     16.2370   

# Frame390

# x        y
9.4884     34.5720   
8.7367     10.4159   
17.7962    11.1893   
8.1563     14.7067   
8.6232     38.5964   
1.2326     16.2370   

# Frame391

# x        y
9.4883     34.5728   
8.7367     10.4159   
17.7962    11.1893   
8.1561     14.7071   
8.6232     38.5964   
1.2326     16.2370   

# Frame392

# x        y
9.4881     34.5736   
8.7367     10.4159   
17.7962    11.1893   
8.1558     14.7074   
8.6232     38.5964   
1.2326     16.2370   

# Frame393

# x        y
9.4879     34.5745   
8.7367     10.4159   
17.7962    11.1893   
8.1556     14.7077   
8.6232     38.5964   
1.2326     16.2370   

# Frame394

# x        y
9.4878     34.5753   
8.7367     10.4159   
17.7962    11.1893   
8.1554     14.7080   
8.6232     38.5964   
1.2326     16.2370   

# Frame395

# x        y
9.4876     34.5761   
8.7367     10.4159   
17.7962    11.1893   
8.1551     14.7083   
8.6232     38.5964   
1.2326     16.2370   

# Frame396

# x        y
9.4875     34.5768   
8.7367     10.4159   
17.7962    11.1893   
8.1549     14.7086   
8.6232     38.5964   
1.2326     16.2370   

# Frame397

# x        y
9.4874     34.5776   
8.7367     10.4159   
17.7962    11.1893   
8.1547     14.7089   
8.6232     38.5964   
1.2326     16.2370   

# Frame398

# x        y
9.4872     34.5784   
8.7367     10.4159   
17.7962    11.1893   
8.1545     14.7092   
8.6232     38.5964   
1.2326     16.2370   

# Frame399

# x        y
9.4871     34.5791   
8.7367     10.4159   
17.7962    11.1893   
8.1543     14.7094   
8.6232     38.5964   
1.2326     16.2370   

# Frame400

# x        y
9.4869     34.5798   
8.7367     10.4159   
17.7962    11.1893   
8.1541     14.7097   
8.6232     38.5964   
1.2326     16.2370   

# Frame401

# x        y
9.4868     34.5806   
8.7367     10.4159   
17.7962    11.1893   
8.1538     14.7100   
8.6232     38.5964   
1.2326     16.2370   

# Frame402

# x        y
9.4867     34.5813   
8.7367     10.4159   
17.7962    11.1893   
8.1536     14.7102   
8.6232     38.5964   
1.2326     16.2370   

# Frame403

# x        y
9.4865     34.5820   
8.7367     10.4159   
17.7962    11.1893   
8.1534     14.7105   
8.6232     38.5964   
1.2326     16.2370   

# Frame404

# x        y
9.4864     34.5826   
8.7367     10.4159   
17.7962    11.1893   
8.1532     14.7108   
8.6232     38.5964   
1.2326     16.2370   

# Frame405

# x        y
9.4863     34.5833   
8.7367     10.4159   
17.7962    11.1893   
8.1531     14.7110   
8.6232     38.5964   
1.2326     16.2370   

# Frame406

# x        y
9.4862     34.5840   
8.7367     10.4159   
17.7962    11.1893   
8.1529     14.7113   
8.6232     38.5964   
1.2326     16.2370   

# Frame407

# x        y
9.4860     34.5846   
8.7367     10.4159   
17.7962    11.1893   
8.1527     14.7115   
8.6232     38.5964   
1.2326     16.2370   

# Frame408

# x        y
9.4859     34.5853   
8.7367     10.4159   
17.7962    11.1893   
8.1525     14.7118   
8.6232     38.5964   
1.2326     16.2370   

# Frame409

# x        y
9.4858     34.5859   
8.7367     10.4159   
17.7962    11.1893   
8.1523     14.7120   
8.6232     38.5964   
1.2326     16.2370   

# Frame410

# x        y
9.4857     34.5865   
8.7367     10.4159   
17.7962    11.1893   
8.1521     14.7122   
8.6232     38.5964   
1.2326     16.2370   

# Frame411

# x        y
9.4856     34.5871   
8.7367     10.4159   
17.7962    11.1893   
8.1520     14.7125   
8.6232     38.5964   
1.2326     16.2370   

# Frame412

# x        y
9.4855     34.5877   
8.7367     10.4159   
17.7962    11.1893   
8.1518     14.7127   
8.6232     38.5964   
1.2326     16.2370   

# Frame413

# x        y
9.4854     34.5883   
8.7367     10.4159   
17.7962    11.1893   
8.1516     14.7129   
8.6232     38.5964   
1.2326     16.2370   

# Frame414

# x        y
9.4853     34.5889   
8.7367     10.4159   
17.7962    11.1893   
8.1515     14.7131   
8.6232     38.5964   
1.2326     16.2370   

# Frame415

# x        y
9.4851     34.5894   
8.7367     10.4159   
17.7962    11.1893   
8.1513     14.7133   
8.6232     38.5964   
1.2326     16.2370   

# Frame416

# x        y
9.4850     34.5900   
8.7367     10.4159   
17.7962    11.1893   
8.1511     14.7135   
8.6232     38.5964   
1.2326     16.2370   

# Frame417

# x        y
9.4849     34.5905   
8.7367     10.4159   
17.7962    11.1893   
8.1510     14.7137   
8.6232     38.5964   
1.2326     16.2370   

# Frame418

# x        y
9.4848     34.5911   
8.7367     10.4159   
17.7962    11.1893   
8.1508     14.7139   
8.6232     38.5964   
1.2326     16.2370   

# Frame419

# x        y
9.4847     34.5916   
8.7367     10.4159   
17.7962    11.1893   
8.1507     14.7141   
8.6232     38.5964   
1.2326     16.2370   

# Frame420

# x        y
9.4846     34.5921   
8.7367     10.4159   
17.7962    11.1893   
8.1505     14.7143   
8.6232     38.5964   
1.2326     16.2370   

# Frame421

# x        y
9.4845     34.5926   
8.7367     10.4159   
17.7962    11.1893   
8.1504     14.7145   
8.6232     38.5964   
1.2326     16.2370   

# Frame422

# x        y
9.4845     34.5931   
8.7367     10.4159   
17.7962    11.1893   
8.1502     14.7147   
8.6232     38.5964   
1.2326     16.2370   

# Frame423

# x        y
9.4844     34.5936   
8.7367     10.4159   
17.7962    11.1893   
8.1501     14.7149   
8.6232     38.5964   
1.2326     16.2370   

# Frame424

# x        y
9.4843     34.5941   
8.7367     10.4159   
17.7962    11.1893   
8.1500     14.7151   
8.6232     38.5964   
1.2326     16.2370   

# Frame425

# x        y
9.4842     34.5946   
8.7367     10.4159   
17.7962    11.1893   
8.1498     14.7153   
8.6232     38.5964   
1.2326     16.2370   

# Frame426

# x        y
9.4841     34.5951   
8.7367     10.4159   
17.7962    11.1893   
8.1497     14.7155   
8.6232     38.5964   
1.2326     16.2370   

# Frame427

# x        y
9.4840     34.5955   
8.7367     10.4159   
17.7962    11.1893   
8.1496     14.7156   
8.6232     38.5964   
1.2326     16.2370   

# Frame428

# x        y
9.4839     34.5960   
8.7367     10.4159   
17.7962    11.1893   
8.1494     14.7158   
8.6232     38.5964   
1.2326     16.2370   

# Frame429

# x        y
9.4838     34.5964   
8.7367     10.4159   
17.7962    11.1893   
8.1493     14.7160   
8.6232     38.5964   
1.2326     16.2370   

# Frame430

# x        y
9.4837     34.5969   
8.7367     10.4159   
17.7962    11.1893   
8.1492     14.7161   
8.6232     38.5964   
1.2326     16.2370   

# Frame431

# x        y
9.4837     34.5973   
8.7367     10.4159   
17.7962    11.1893   
8.1490     14.7163   
8.6232     38.5964   
1.2326     16.2370   

# Frame432

# x        y
9.4836     34.5977   
8.7367     10.4159   
17.7962    11.1893   
8.1489     14.7165   
8.6232     38.5964   
1.2326     16.2370   

# Frame433

# x        y
9.4835     34.5981   
8.7367     10.4159   
17.7962    11.1893   
8.1488     14.7166   
8.6232     38.5964   
1.2326     16.2370   

# Frame434

# x        y
9.4834     34.5985   
8.7367     10.4159   
17.7962    11.1893   
8.1487     14.7168   
8.6232     38.5964   
1.2326     16.2370   

# Frame435

# x        y
9.4834     34.5990   
8.7367     10.4159   
17.7962    11.1893   
8.1486     14.7169   
8.6232     38.5964   
1.2326     16.2370   

# Frame436

# x        y
9.4833     34.5993   
8.7367     10.4159   
17.7962    11.1893   
8.1485     14.7171   
8.6232     38.5964   
1.2326     16.2370   

# Frame437

# x        y
9.4832     34.5997   
8.7367     10.4159   
17.7962    11.1893   
8.1483     14.7172   
8.6232     38.5964   
1.2326     16.2370   

# Frame438

# x        y
9.4831     34.6001   
8.7367     10.4159   
17.7962    11.1893   
8.1482     14.7174   
8.6232     38.5964   
1.2326     16.2370   

# Frame439

# x        y
9.4831     34.6005   
8.7367     10.4159   
17.7962    11.1893   
8.1481     14.7175   
8.6232     38.5964   
1.2326     16.2370   

# Frame440

# x        y
9.4830     34.6009   
8.7367     10.4159   
17.7962    11.1893   
8.1480     14.7177   
8.6232     38.5964   
1.2326     16.2370   

# Frame441

# x        y
9.4829     34.6012   
8.7367     10.4159   
17.7962    11.1893   
8.1479     14.7178   
8.6232     38.5964   
1.2326     16.2370   

# Frame442

# x        y
9.4829     34.6016   
8.7367     10.4159   
17.7962    11.1893   
8.1478     14.7179   
8.6232     38.5964   
1.2326     16.2370   

# Frame443

# x        y
9.4828     34.6020   
8.7367     10.4159   
17.7962    11.1893   
8.1477     14.7181   
8.6232     38.5964   
1.2326     16.2370   

# Frame444

# x        y
9.4827     34.6023   
8.7367     10.4159   
17.7962    11.1893   
8.1476     14.7182   
8.6232     38.5964   
1.2326     16.2370   

# Frame445

# x        y
9.4827     34.6026   
8.7367     10.4159   
17.7962    11.1893   
8.1475     14.7183   
8.6232     38.5964   
1.2326     16.2370   

# Frame446

# x        y
9.4826     34.6030   
8.7367     10.4159   
17.7962    11.1893   
8.1474     14.7184   
8.6232     38.5964   
1.2326     16.2370   

# Frame447

# x        y
9.4825     34.6033   
8.7367     10.4159   
17.7962    11.1893   
8.1473     14.7186   
8.6232     38.5964   
1.2326     16.2370   

# Frame448

# x        y
9.4825     34.6036   
8.7367     10.4159   
17.7962    11.1893   
8.1472     14.7187   
8.6232     38.5964   
1.2326     16.2370   

# Frame449

# x        y
9.4824     34.6040   
8.7367     10.4159   
17.7962    11.1893   
8.1471     14.7188   
8.6232     38.5964   
1.2326     16.2370   

# Frame450

# x        y
9.4824     34.6043   
8.7367     10.4159   
17.7962    11.1893   
8.1470     14.7189   
8.6232     38.5964   
1.2326     16.2370   

# Frame451

# x        y
9.4823     34.6046   
8.7367     10.4159   
17.7962    11.1893   
8.1470     14.7191   
8.6232     38.5964   
1.2326     16.2370   

# Frame452

# x        y
9.4822     34.6049   
8.7367     10.4159   
17.7962    11.1893   
8.1469     14.7192   
8.6232     38.5964   
1.2326     16.2370   

# Frame453

# x        y
9.4822     34.6052   
8.7367     10.4159   
17.7962    11.1893   
8.1468     14.7193   
8.6232     38.5964   
1.2326     16.2370   

# Frame454

# x        y
9.4821     34.6055   
8.7367     10.4159   
17.7962    11.1893   
8.1467     14.7194   
8.6232     38.5964   
1.2326     16.2370   

# Frame455

# x        y
9.4821     34.6058   
8.7367     10.4159   
17.7962    11.1893   
8.1466     14.7195   
8.6232     38.5964   
1.2326     16.2370   

# Frame456

# x        y
9.4820     34.6061   
8.7367     10.4159   
17.7962    11.1893   
8.1465     14.7196   
8.6232     38.5964   
1.2326     16.2370   

# Frame457

# x        y
9.4820     34.6063   
8.7367     10.4159   
17.7962    11.1893   
8.1465     14.7197   
8.6232     38.5964   
1.2326     16.2370   

# Frame458

# x        y
9.4819     34.6066   
8.7367     10.4159   
17.7962    11.1893   
8.1464     14.7198   
8.6232     38.5964   
1.2326     16.2370   

# Frame459

# x        y
9.4819     34.6069   
8.7367     10.4159   
17.7962    11.1893   
8.1463     14.7199   
8.6232     38.5964   
1.2326     16.2370   

# Frame460

# x        y
9.4818     34.6071   
8.7367     10.4159   
17.7962    11.1893   
8.1462     14.7200   
8.6232     38.5964   
1.2326     16.2370   

# Frame461

# x        y
9.4818     34.6074   
8.7367     10.4159   
17.7962    11.1893   
8.1461     14.7201   
8.6232     38.5964   
1.2326     16.2370   

# Frame462

# x        y
9.4817     34.6077   
8.7367     10.4159   
17.7962    11.1893   
8.1461     14.7202   
8.6232     38.5964   
1.2326     16.2370   

# Frame463

# x        y
9.4817     34.6079   
8.7367     10.4159   
17.7962    11.1893   
8.1460     14.7203   
8.6232     38.5964   
1.2326     16.2370   

# Frame464

# x        y
9.4816     34.6082   
8.7367     10.4159   
17.7962    11.1893   
8.1459     14.7204   
8.6232     38.5964   
1.2326     16.2370   

# Frame465

# x        y
9.4816     34.6084   
8.7367     10.4159   
17.7962    11.1893   
8.1459     14.7205   
8.6232     38.5964   
1.2326     16.2370   

# Frame466

# x        y
9.4815     34.6087   
8.7367     10.4159   
17.7962    11.1893   
8.1458     14.7206   
8.6232     38.5964   
1.2326     16.2370   

# Frame467

# x        y
9.4815     34.6089   
8.7367     10.4159   
17.7962    11.1893   
8.1457     14.7207   
8.6232     38.5964   
1.2326     16.2370   

# Frame468

# x        y
9.4815     34.6091   
8.7367     10.4159   
17.7962    11.1893   
8.1457     14.7208   
8.6232     38.5964   
1.2326     16.2370   

# Frame469

# x        y
9.4814     34.6093   
8.7367     10.4159   
17.7962    11.1893   
8.1456     14.7208   
8.6232     38.5964   
1.2326     16.2370   

# Frame470

# x        y
9.4814     34.6096   
8.7367     10.4159   
17.7962    11.1893   
8.1455     14.7209   
8.6232     38.5964   
1.2326     16.2370   

# Frame471

# x        y
9.4813     34.6098   
8.7367     10.4159   
17.7962    11.1893   
8.1455     14.7210   
8.6232     38.5964   
1.2326     16.2370   

# Frame472

# x        y
9.4813     34.6100   
8.7367     10.4159   
17.7962    11.1893   
8.1454     14.7211   
8.6232     38.5964   
1.2326     16.2370   

# Frame473

# x        y
9.4812     34.6102   
8.7367     10.4159   
17.7962    11.1893   
8.1453     14.7212   
8.6232     38.5964   
1.2326     16.2370   

# Frame474

# x        y
9.4812     34.6104   
8.7367     10.4159   
17.7962    11.1893   
8.1453     14.7212   
8.6232     38.5964   
1.2326     16.2370   

# Frame475

# x        y
9.4812     34.6106   
8.7367     10.4159   
17.7962    11.1893   
8.1453     14.7212   
8.6232     38.5964   
1.2326     16.2370   

# Frame476

# x        y
9.4811     34.6108   
8.7367     10.4159   
17.7962    11.1893   
8.1453     14.7212   
8.6232     38.5964   
1.2326     16.2370   

# Frame477

# x        y
9.4811     34.6110   
8.7367     10.4159   
17.7962    11.1893   
8.1453     14.7212   
8.6232     38.5964   
1.2326     16.2370   

# Frame478

# x        y
9.4811     34.6112   
8.7367     10.4159   
17.7962    11.1893   
8.1453     14.7212   
8.6232     38.5964   
1.2326     16.2370   

# Frame479

# x        y
9.4810     34.6114   
8.7367     10.4159   
17.7962    11.1893   
8.1453     14.7212   
8.6232     38.5964   
1.2326     16.2370   

# Frame480

# x        y
9.4810     34.6116   
8.7367     10.4159   
17.7962    11.1893   
8.1453     14.7212   
8.6232     38.5964   
1.2326     16.2370   

# Frame481

# x        y
9.4809     34.6118   
8.7367     10.4159   
17.7962    11.1893   
8.1453     14.7212   
8.6232     38.5964   
1.2326     16.2370   

# Frame482

# x        y
9.4809     34.6120   
8.7367     10.4159   
17.7962    11.1893   
8.1453     14.7212   
8.6232     38.5964   
1.2326     16.2370   

# Frame483

# x        y
9.4809     34.6122   
8.7367     10.4159   
17.7962    11.1893   
8.1453     14.7212   
8.6232     38.5964   
1.2326     16.2370   

# Frame484

# x        y
9.4808     34.6124   
8.7367     10.4159   
17.7962    11.1893   
8.1453     14.7212   
8.6232     38.5964   
1.2326     16.2370   

# Frame485

# x        y
9.4808     34.6125   
8.7367     10.4159   
17.7962    11.1893   
8.1453     14.7212   
8.6232     38.5964   
1.2326     16.2370   

# Frame486

# x        y
9.4808     34.6127   
8.7367     10.4159   
17.7962    11.1893   
8.1453     14.7212   
8.6232     38.5964   
1.2326     16.2370   

# Frame487

# x        y
9.4807     34.6129   
8.7367     10.4159   
17.7962    11.1893   
8.1453     14.7212   
8.6232     38.5964   
1.2326     16.2370   

# Frame488

# x        y
9.4807     34.6130   
8.7367     10.4159   
17.7962    11.1893   
8.1453     14.7212   
8.6232     38.5964   
1.2326     16.2370   

# Frame489

# x        y
9.4807     34.6132   
8.7367     10.4159   
17.7962    11.1893   
8.1453     14.7212   
8.6232     38.5964   
1.2326     16.2370   

# Frame490

# x        y
9.4807     34.6134   
8.7367     10.4159   
17.7962    11.1893   
8.1453     14.7212   
8.6232     38.5964   
1.2326     16.2370   

# Frame491

# x        y
9.4806     34.6135   
8.7367     10.4159   
17.7962    11.1893   
8.1453     14.7212   
8.6232     38.5964   
1.2326     16.2370   

# Frame492

# x        y
9.4806     34.6137   
8.7367     10.4159   
17.7962    11.1893   
8.1453     14.7212   
8.6232     38.5964   
1.2326     16.2370   

# Frame493

# x        y
9.4806     34.6138   
8.7367     10.4159   
17.7962    11.1893   
8.1453     14.7212   
8.6232     38.5964   
1.2326     16.2370   

# Frame494

# x        y
9.4805     34.6140   
8.7367     10.4159   
17.7962    11.1893   
8.1453     14.7212   
8.6232     38.5964   
1.2326     16.2370   

# Frame495

# x        y
9.4805     34.6141   
8.7367     10.4159   
17.7962    11.1893   
8.1453     14.7212   
8.6232     38.5964   
1.2326     16.2370   

# Frame496

# x        y
9.4805     34.6143   
8.7367     10.4159   
17.7962    11.1893   
8.1453     14.7212   
8.6232     38.5964   
1.2326     16.2370   

# Frame497

# x        y
9.4805     34.6144   
8.7367     10.4159   
17.7962    11.1893   
8.1453     14.7212   
8.6232     38.5964   
1.2326     16.2370   

# Frame498

# x        y
9.4804     34.6145   
8.7367     10.4159   
17.7962    11.1893   
8.1453     14.7212   
8.6232     38.5964   
1.2326     16.2370   

# Frame499

# x        y
9.4804     34.6147   
8.7367     10.4159   
17.7962    11.1893   
8.1453     14.7212   
8.6232     38.5964   
1.2326     16.2370   

# Frame500

# x        y
9.4804     34.6148   
8.7367     10.4159   
17.7962    11.1893   
8.1453     14.7212   
8.6232     38.5964   
1.2326     16.2370   

# Frame501

# x        y
9.4804     34.6150   
8.7367     10.4159   
17.7962    11.1893   
8.1453     14.7212   
8.6232     38.5964   
1.2326     16.2370   

# Frame502

# x        y
9.4803     34.6151   
8.7367     10.4159   
17.7962    11.1893   
8.1453     14.7212   
8.6232     38.5964   
1.2326     16.2370   

# Frame503

# x        y
9.4803     34.6152   
8.7367     10.4159   
17.7962    11.1893   
8.1453     14.7212   
8.6232     38.5964   
1.2326     16.2370   

# Frame504

# x        y
9.4803     34.6153   
8.7367     10.4159   
17.7962    11.1893   
8.1453     14.7212   
8.6232     38.5964   
1.2326     16.2370   

# Frame505

# x        y
9.4803     34.6155   
8.7367     10.4159   
17.7962    11.1893   
8.1453     14.7212   
8.6232     38.5964   
1.2326     16.2370   

# Frame506

# x        y
9.4802     34.6156   
8.7367     10.4159   
17.7962    11.1893   
8.1453     14.7212   
8.6232     38.5964   
1.2326     16.2370   

# Frame507

# x        y
9.4802     34.6157   
8.7367     10.4159   
17.7962    11.1893   
8.1453     14.7212   
8.6232     38.5964   
1.2326     16.2370   

# Frame508

# x        y
9.4802     34.6158   
8.7367     10.4159   
17.7962    11.1893   
8.1453     14.7212   
8.6232     38.5964   
1.2326     16.2370   

# Frame509

# x        y
9.4802     34.6159   
8.7367     10.4159   
17.7962    11.1893   
8.1453     14.7212   
8.6232     38.5964   
1.2326     16.2370   

# Frame510

# x        y
9.4801     34.6161   
8.7367     10.4159   
17.7962    11.1893   
8.1453     14.7212   
8.6232     38.5964   
1.2326     16.2370   

# Frame511

# x        y
9.4801     34.6162   
8.7367     10.4159   
17.7962    11.1893   
8.1453     14.7212   
8.6232     38.5964   
1.2326     16.2370   

# Frame512

# x        y
9.4801     34.6163   
8.7367     10.4159   
17.7962    11.1893   
8.1453     14.7212   
8.6232     38.5964   
1.2326     16.2370   

# Frame513

# x        y
9.4801     34.6164   
8.7367     10.4159   
17.7962    11.1893   
8.1453     14.7212   
8.6232     38.5964   
1.2326     16.2370   

# Frame514

# x        y
9.4801     34.6165   
8.7367     10.4159   
17.7962    11.1893   
8.1453     14.7212   
8.6232     38.5964   
1.2326     16.2370   

# Frame515

# x        y
9.4800     34.6166   
8.7367     10.4159   
17.7962    11.1893   
8.1453     14.7212   
8.6232     38.5964   
1.2326     16.2370   

# Frame516

# x        y
9.4800     34.6167   
8.7367     10.4159   
17.7962    11.1893   
8.1453     14.7212   
8.6232     38.5964   
1.2326     16.2370   

# Frame517

# x        y
9.4800     34.6168   
8.7367     10.4159   
17.7962    11.1893   
8.1453     14.7212   
8.6232     38.5964   
1.2326     16.2370   

# Frame518

# x        y
9.4800     34.6169   
8.7367     10.4159   
17.7962    11.1893   
8.1453     14.7212   
8.6232     38.5964   
1.2326     16.2370   

# Frame519

