# x        y
4.5346     13.1455   
10.0087    5.8463    
1.7012     32.0391   
1.0044     28.5011   
18.4614    30.1835   
4.4547     26.5881   

# Frame1

# x        y
3.0356     11.8216   
10.0087    5.8463    
1.7012     32.0391   
1.0045     28.5011   
18.4614    30.1835   
4.4547     26.5881   

# Frame2

# x        y
1.5615     10.5197   
10.0087    5.8463    
1.7012     32.0391   
1.0046     28.5011   
18.4614    30.1835   
4.4547     26.5881   

# Frame3

# x        y
1.4464     9.5004    
10.0087    5.8463    
1.7012     32.0391   
1.0047     28.5011   
18.4614    30.1835   
4.4547     26.5881   

# Frame4

# x        y
2.1591     8.6626    
10.0087    5.8463    
1.7012     32.0391   
1.0048     28.5011   
18.4614    30.1835   
4.4547     26.5881   

# Frame5

# x        y
2.8599     7.8388    
10.0087    5.8463    
1.7012     32.0391   
1.0048     28.5011   
18.4614    30.1835   
4.4547     26.5881   

# Frame6

# x        y
3.5490     7.0287    
10.0087    5.8463    
1.7012     32.0391   
1.0048     28.5011   
18.4614    30.1835   
4.4547     26.5881   

# Frame7

# x        y
4.2266     6.2322    
10.0087    5.8463    
1.7012     32.0391   
1.0049     28.5011   
18.4614    30.1835   
4.4547     26.5881   

# Frame8

# x        y
4.8930     5.4489    
10.0087    5.8463    
1.7012     32.0391   
1.0049     28.5011   
18.4614    30.1835   
4.4547     26.5881   

# Frame9

# x        y
5.5482     4.6786    
10.0087    5.8463    
1.7012     32.0391   
1.0049     28.5011   
18.4614    30.1835   
4.4547     26.5881   

# Frame10

# x        y
6.1925     3.9212    
10.0087    5.8463    
1.7012     32.0391   
1.0049     28.5011   
18.4614    30.1835   
4.4547     26.5881   

# Frame11

# x        y
6.8261     3.1764    
10.0087    5.8463    
1.7012     32.0391   
1.0049     28.5011   
18.4614    30.1835   
4.4547     26.5881   

# Frame12

# x        y
7.4491     2.4440    
10.0087    5.8463    
1.7012     32.0391   
1.0050     28.5011   
18.4614    30.1835   
4.4547     26.5881   

# Frame13

# x        y
8.0618     1.7239    
10.0087    5.8463    
1.7012     32.0391   
1.0050     28.5011   
18.4614    30.1835   
4.4547     26.5881   

# Frame14

# x        y
8.6642     1.0157    
10.0087    5.8463    
1.7012     32.0391   
1.0050     28.5011   
18.4614    30.1835   
4.4547     26.5881   

# Frame15

# x        y
9.2484     1.3427    
10.0087    5.8463    
1.7012     32.0391   
1.0050     28.5011   
18.4614    30.1835   
4.4547     26.5881   

# Frame16

# x        y
9.8226     1.6850    
10.0087    5.8463    
1.7012     32.0391   
1.0050     28.5011   
18.4614    30.1835   
4.4547     26.5881   

# Frame17

# x        y
10.3873    2.0217    
10.0087    5.8463    
1.7012     32.0391   
1.0050     28.5011   
18.4614    30.1835   
4.4547     26.5881   

# Frame18

# x        y
10.9425    2.3528    
10.0087    5.8463    
1.7012     32.0391   
1.0050     28.5011   
18.4614    30.1835   
4.4547     26.5881   

# Frame19

# x        y
11.4885    2.6783    
10.0087    5.8463    
1.7012     32.0391   
1.0050     28.5011   
18.4614    30.1835   
4.4547     26.5881   

# Frame20

# x        y
12.0254    2.9984    
10.0087    5.8463    
1.7012     32.0391   
1.0050     28.5011   
18.4614    30.1835   
4.4547     26.5881   

# Frame21

# x        y
12.5534    3.3132    
10.0087    5.8463    
1.7012     32.0391   
1.0050     28.5011   
18.4614    30.1835   
4.4547     26.5881   

# Frame22

# x        y
13.0725    3.6228    
10.0087    5.8463    
1.7012     32.0391   
1.0050     28.5011   
18.4614    30.1835   
4.4547     26.5881   

# Frame23

# x        y
13.5830    3.9271    
10.0087    5.8463    
1.7012     32.0391   
1.0050     28.5011   
18.4614    30.1835   
4.4547     26.5881   

# Frame24

# x        y
14.0850    4.2264    
10.0087    5.8463    
1.7012     32.0391   
1.0050     28.5011   
18.4614    30.1835   
4.4547     26.5881   

# Frame25

# x        y
14.5786    4.5207    
10.0087    5.8463    
1.7012     32.0391   
1.0050     28.5011   
18.4614    30.1835   
4.4547     26.5881   

# Frame26

# x        y
15.0640    4.8102    
10.0087    5.8463    
1.7012     32.0391   
1.0050     28.5011   
18.4614    30.1835   
4.4547     26.5881   

# Frame27

# x        y
15.5413    5.0947    
10.0087    5.8463    
1.7012     32.0391   
1.0050     28.5011   
18.4614    30.1835   
4.4547     26.5881   

# Frame28

# x        y
16.0107    5.3746    
10.0087    5.8463    
1.7012     32.0391   
1.0050     28.5011   
18.4614    30.1835   
4.4547     26.5881   

# Frame29

# x        y
16.4722    5.6498    
10.0087    5.8463    
1.7012     32.0391   
1.0050     28.5011   
18.4614    30.1835   
4.4547     26.5881   

# Frame30

# x        y
16.9261    5.9204    
10.0087    5.8463    
1.7012     32.0391   
1.0050     28.5011   
18.4614    30.1835   
4.4547     26.5881   

# Frame31

# x        y
17.3723    6.1864    
10.0087    5.8463    
1.7012     32.0391   
1.0050     28.5011   
18.4614    30.1835   
4.4547     26.5881   

# Frame32

# x        y
17.8112    6.4481    
10.0087    5.8463    
1.7012     32.0391   
1.0050     28.5011   
18.4614    30.1835   
4.4547     26.5881   

# Frame33

# x        y
18.2427    6.7054    
10.0087    5.8463    
1.7012     32.0391   
1.0050     28.5011   
18.4614    30.1835   
4.4547     26.5881   

# Frame34

# x        y
18.6670    6.9584    
10.0087    5.8463    
1.7012     32.0391   
1.0050     28.5011   
18.4614    30.1835   
4.4547     26.5881   

# Frame35

# x        y
18.9560    7.2102    
10.0087    5.8463    
1.7012     32.0391   
1.0050     28.5011   
18.4614    30.1835   
4.4547     26.5881   

# Frame36

# x        y
18.7508    7.4705    
10.0087    5.8463    
1.7012     32.0391   
1.0050     28.5011   
18.4614    30.1835   
4.4547     26.5881   

# Frame37

# x        y
18.5491    7.7264    
10.0087    5.8463    
1.7012     32.0391   
1.0050     28.5011   
18.4614    30.1835   
4.4547     26.5881   

# Frame38

# x        y
18.3507    7.9781    
10.0087    5.8463    
1.7012     32.0391   
1.0050     28.5011   
18.4614    30.1835   
4.4547     26.5881   

# Frame39

# x        y
18.1557    8.2256    
10.0087    5.8463    
1.7012     32.0391   
1.0050     28.5011   
18.4614    30.1835   
4.4547     26.5881   

# Frame40

# x        y
17.9639    8.4690    
10.0087    5.8463    
1.7012     32.0391   
1.0050     28.5011   
18.4614    30.1835   
4.4547     26.5881   

# Frame41

# x        y
17.7753    8.7083    
10.0087    5.8463    
1.7012     32.0391   
1.0050     28.5011   
18.4614    30.1835   
4.4547     26.5881   

# Frame42

# x        y
17.5898    8.9436    
10.0087    5.8463    
1.7012     32.0391   
1.0050     28.5011   
18.4614    30.1835   
4.4547     26.5881   

# Frame43

# x        y
17.4074    9.1750    
10.0087    5.8463    
1.7012     32.0391   
1.0050     28.5011   
18.4614    30.1835   
4.4547     26.5881   

# Frame44

# x        y
17.2281    9.4025    
10.0087    5.8463    
1.7012     32.0391   
1.0050     28.5011   
18.4614    30.1835   
4.4547     26.5881   

# Frame45

# x        y
17.0517    9.6263    
10.0087    5.8463    
1.7012     32.0391   
1.0050     28.5011   
18.4614    30.1835   
4.4547     26.5881   

# Frame46

# x        y
16.8783    9.8463    
10.0087    5.8463    
1.7012     32.0391   
1.0050     28.5011   
18.4614    30.1835   
4.4547     26.5881   

# Frame47

# x        y
16.7078    10.0627   
10.0087    5.8463    
1.7012     32.0391   
1.0050     28.5011   
18.4614    30.1835   
4.4547     26.5881   

# Frame48

# x        y
16.5401    10.2754   
10.0087    5.8463    
1.7012     32.0391   
1.0050     28.5011   
18.4614    30.1835   
4.4547     26.5881   

# Frame49

# x        y
16.3752    10.4846   
10.0087    5.8463    
1.7012     32.0391   
1.0050     28.5011   
18.4614    30.1835   
4.4547     26.5881   

# Frame50

# x        y
16.2131    10.6903   
10.0087    5.8463    
1.7012     32.0391   
1.0050     28.5011   
18.4614    30.1835   
4.4547     26.5881   

# Frame51

# x        y
16.0536    10.8926   
10.0087    5.8463    
1.7012     32.0391   
1.0050     28.5011   
18.4614    30.1835   
4.4547     26.5881   

# Frame52

# x        y
15.8969    11.0915   
10.0087    5.8463    
1.7012     32.0391   
1.0050     28.5011   
18.4614    30.1835   
4.4547     26.5881   

# Frame53

# x        y
15.7427    11.2871   
10.0087    5.8463    
1.7012     32.0391   
1.0050     28.5011   
18.4614    30.1835   
4.4547     26.5881   

# Frame54

# x        y
15.5911    11.4795   
10.0087    5.8463    
1.7012     32.0391   
1.0050     28.5011   
18.4614    30.1835   
4.4547     26.5881   

# Frame55

# x        y
15.4420    11.6686   
10.0087    5.8463    
1.7012     32.0391   
1.0050     28.5011   
18.4614    30.1835   
4.4547     26.5881   

# Frame56

# x        y
15.2954    11.8546   
10.0087    5.8463    
1.7012     32.0391   
1.0050     28.5011   
18.4614    30.1835   
4.4547     26.5881   

# Frame57

# x        y
15.1513    12.0375   
10.0087    5.8463    
1.7012     32.0391   
1.0050     28.5011   
18.4614    30.1835   
4.4547     26.5881   

# Frame58

# x        y
15.0096    12.2173   
10.0087    5.8463    
1.7012     32.0391   
1.0050     28.5011   
18.4614    30.1835   
4.4547     26.5881   

# Frame59

# x        y
14.8702    12.3941   
10.0087    5.8463    
1.7012     32.0391   
1.0050     28.5011   
18.4614    30.1835   
4.4547     26.5881   

# Frame60

# x        y
14.7331    12.5680   
10.0087    5.8463    
1.7012     32.0391   
1.0050     28.5011   
18.4614    30.1835   
4.4547     26.5881   

# Frame61

# x        y
14.5984    12.7390   
10.0087    5.8463    
1.7012     32.0391   
1.0050     28.5011   
18.4614    30.1835   
4.4547     26.5881   

# Frame62

# x        y
14.4658    12.9072   
10.0087    5.8463    
1.7012     32.0391   
1.0050     28.5011   
18.4614    30.1835   
4.4547     26.5881   

# Frame63

# x        y
14.3355    13.0725   
10.0087    5.8463    
1.7012     32.0391   
1.0050     28.5011   
18.4614    30.1835   
4.4547     26.5881   

# Frame64

# x        y
14.2074    13.2351   
10.0087    5.8463    
1.7012     32.0391   
1.0050     28.5011   
18.4614    30.1835   
4.4547     26.5881   

# Frame65

# x        y
14.0814    13.3950   
10.0087    5.8463    
1.7012     32.0391   
1.0050     28.5011   
18.4614    30.1835   
4.4547     26.5881   

# Frame66

# x        y
13.9575    13.5522   
10.0087    5.8463    
1.7012     32.0391   
1.0050     28.5011   
18.4614    30.1835   
4.4547     26.5881   

# Frame67

# x        y
13.8356    13.7068   
10.0087    5.8463    
1.7012     32.0391   
1.0050     28.5011   
18.4614    30.1835   
4.4547     26.5881   

# Frame68

# x        y
13.7158    13.8588   
10.0087    5.8463    
1.7012     32.0391   
1.0050     28.5011   
18.4614    30.1835   
4.4547     26.5881   

# Frame69

# x        y
13.5980    14.0083   
10.0087    5.8463    
1.7012     32.0391   
1.0050     28.5011   
18.4614    30.1835   
4.4547     26.5881   

# Frame70

# x        y
13.4821    14.1552   
10.0087    5.8463    
1.7012     32.0391   
1.0050     28.5011   
18.4614    30.1835   
4.4547     26.5881   

# Frame71

# x        y
13.3682    14.2998   
10.0087    5.8463    
1.7012     32.0391   
1.0050     28.5011   
18.4614    30.1835   
4.4547     26.5881   

# Frame72

# x        y
13.2562    14.4419   
10.0087    5.8463    
1.7012     32.0391   
1.0050     28.5011   
18.4614    30.1835   
4.4547     26.5881   

# Frame73

# x        y
13.1460    14.5817   
10.0087    5.8463    
1.7012     32.0391   
1.0050     28.5011   
18.4614    30.1835   
4.4547     26.5881   

# Frame74

# x        y
13.0377    14.7191   
10.0087    5.8463    
1.7012     32.0391   
1.0050     28.5011   
18.4614    30.1835   
4.4547     26.5881   

# Frame75

# x        y
12.9312    14.8542   
10.0087    5.8463    
1.7012     32.0391   
1.0050     28.5011   
18.4614    30.1835   
4.4547     26.5881   

# Frame76

# x        y
12.8265    14.9871   
10.0087    5.8463    
1.7012     32.0391   
1.0050     28.5011   
18.4614    30.1835   
4.4547     26.5881   

# Frame77

# x        y
12.7235    15.1178   
10.0087    5.8463    
1.7012     32.0391   
1.0050     28.5011   
18.4614    30.1835   
4.4547     26.5881   

# Frame78

# x        y
12.6222    15.2463   
10.0087    5.8463    
1.7012     32.0391   
1.0050     28.5011   
18.4614    30.1835   
4.4547     26.5881   

# Frame79

# x        y
12.5226    15.3727   
10.0087    5.8463    
1.7012     32.0391   
1.0050     28.5011   
18.4614    30.1835   
4.4547     26.5881   

# Frame80

# x        y
12.4247    15.4969   
10.0087    5.8463    
1.7012     32.0391   
1.0050     28.5011   
18.4614    30.1835   
4.4547     26.5881   

# Frame81

# x        y
12.3284    15.6191   
10.0087    5.8463    
1.7012     32.0391   
1.0050     28.5011   
18.4614    30.1835   
4.4547     26.5881   

# Frame82

# x        y
12.2337    15.7392   
10.0087    5.8463    
1.7012     32.0391   
1.0050     28.5011   
18.4614    30.1835   
4.4547     26.5881   

# Frame83

# x        y
12.1406    15.8574   
10.0087    5.8463    
1.7012     32.0391   
1.0050     28.5011   
18.4614    30.1835   
4.4547     26.5881   

# Frame84

# x        y
12.0490    15.9735   
10.0087    5.8463    
1.7012     32.0391   
1.0050     28.5011   
18.4614    30.1835   
4.4547     26.5881   

# Frame85

# x        y
11.9590    16.0878   
10.0087    5.8463    
1.7012     32.0391   
1.0050     28.5011   
18.4614    30.1835   
4.4547     26.5881   

# Frame86

# x        y
11.8705    16.2001   
10.0087    5.8463    
1.7012     32.0391   
1.0050     28.5011   
18.4614    30.1835   
4.4547     26.5881   

# Frame87

# x        y
11.7834    16.3106   
10.0087    5.8463    
1.7012     32.0391   
1.0050     28.5011   
18.4614    30.1835   
4.4547     26.5881   

# Frame88

# x        y
11.6978    16.4192   
10.0087    5.8463    
1.7012     32.0391   
1.0050     28.5011   
18.4614    30.1835   
4.4547     26.5881   

# Frame89

# x        y
11.6136    16.5260   
10.0087    5.8463    
1.7012     32.0391   
1.0050     28.5011   
18.4614    30.1835   
4.4547     26.5881   

# Frame90

# x        y
11.5308    16.6310   
10.0087    5.8463    
1.7012     32.0391   
1.0050     28.5011   
18.4614    30.1835   
4.4547     26.5881   

# Frame91

# x        y
11.4494    16.7343   
10.0087    5.8463    
1.7012     32.0391   
1.0050     28.5011   
18.4614    30.1835   
4.4547     26.5881   

# Frame92

# x        y
11.3694    16.8358   
10.0087    5.8463    
1.7012     32.0391   
1.0050     28.5011   
18.4614    30.1835   
4.4547     26.5881   

# Frame93

# x        y
11.2907    16.9357   
10.0087    5.8463    
1.7012     32.0391   
1.0050     28.5011   
18.4614    30.1835   
4.4547     26.5881   

# Frame94

# x        y
11.2133    17.0339   
10.0087    5.8463    
1.7012     32.0391   
1.0050     28.5011   
18.4614    30.1835   
4.4547     26.5881   

# Frame95

# x        y
11.1372    17.1305   
10.0087    5.8463    
1.7012     32.0391   
1.0050     28.5011   
18.4614    30.1835   
4.4547     26.5881   

# Frame96

# x        y
11.0624    17.2254   
10.0087    5.8463    
1.7012     32.0391   
1.0050     28.5011   
18.4614    30.1835   
4.4547     26.5881   

# Frame97

# x        y
10.9888    17.3188   
10.0087    5.8463    
1.7012     32.0391   
1.0050     28.5011   
18.4614    30.1835   
4.4547     26.5881   

# Frame98

# x        y
10.9164    17.4106   
10.0087    5.8463    
1.7012     32.0391   
1.0050     28.5011   
18.4614    30.1835   
4.4547     26.5881   

# Frame99

# x        y
10.8452    17.5009   
10.0087    5.8463    
1.7012     32.0391   
1.0050     28.5011   
18.4614    30.1835   
4.4547     26.5881   

# Frame100

# x        y
10.7753    17.5896   
10.0087    5.8463    
1.7012     32.0391   
1.0050     28.5011   
18.4614    30.1835   
4.4547     26.5881   

# Frame101

# x        y
10.7065    17.6769   
10.0087    5.8463    
1.7012     32.0391   
1.0050     28.5011   
18.4614    30.1835   
4.4547     26.5881   

# Frame102

# x        y
10.6388    17.7628   
10.0087    5.8463    
1.7012     32.0391   
1.0050     28.5011   
18.4614    30.1835   
4.4547     26.5881   

# Frame103

# x        y
10.5723    17.8472   
10.0087    5.8463    
1.7012     32.0391   
1.0050     28.5011   
18.4614    30.1835   
4.4547     26.5881   

# Frame104

# x        y
10.5069    17.9302   
10.0087    5.8463    
1.7012     32.0391   
1.0050     28.5011   
18.4614    30.1835   
4.4547     26.5881   

# Frame105

# x        y
10.4425    18.0118   
10.0087    5.8463    
1.7012     32.0391   
1.0050     28.5011   
18.4614    30.1835   
4.4547     26.5881   

# Frame106

# x        y
10.3793    18.0921   
10.0087    5.8463    
1.7012     32.0391   
1.0050     28.5011   
18.4614    30.1835   
4.4547     26.5881   

# Frame107

# x        y
10.3171    18.1710   
10.0087    5.8463    
1.7012     32.0391   
1.0050     28.5011   
18.4614    30.1835   
4.4547     26.5881   

# Frame108

# x        y
10.2559    18.2486   
10.0087    5.8463    
1.7012     32.0391   
1.0050     28.5011   
18.4614    30.1835   
4.4547     26.5881   

# Frame109

# x        y
10.1957    18.3249   
10.0087    5.8463    
1.7012     32.0391   
1.0050     28.5011   
18.4614    30.1835   
4.4547     26.5881   

# Frame110

# x        y
10.1366    18.4000   
10.0087    5.8463    
1.7012     32.0391   
1.0050     28.5011   
18.4614    30.1835   
4.4547     26.5881   

# Frame111

# x        y
10.0784    18.4738   
10.0087    5.8463    
1.7012     32.0391   
1.0050     28.5011   
18.4614    30.1835   
4.4547     26.5881   

# Frame112

# x        y
10.0212    18.5463   
10.0087    5.8463    
1.7012     32.0391   
1.0050     28.5011   
18.4614    30.1835   
4.4547     26.5881   

# Frame113

# x        y
9.9650     18.6177   
10.0087    5.8463    
1.7012     32.0391   
1.0050     28.5011   
18.4614    30.1835   
4.4547     26.5881   

# Frame114

# x        y
9.9097     18.6879   
10.0087    5.8463    
1.7012     32.0391   
1.0050     28.5011   
18.4614    30.1835   
4.4547     26.5881   

# Frame115

# x        y
9.8553     18.7569   
10.0087    5.8463    
1.7012     32.0391   
1.0050     28.5011   
18.4614    30.1835   
4.4547     26.5881   

# Frame116

# x        y
9.8018     18.8247   
10.0087    5.8463    
1.7012     32.0391   
1.0050     28.5011   
18.4614    30.1835   
4.4547     26.5881   

# Frame117

# x        y
9.7493     18.8914   
10.0087    5.8463    
1.7012     32.0391   
1.0050     28.5011   
18.4614    30.1835   
4.4547     26.5881   

# Frame118

# x        y
9.6976     18.9570   
10.0087    5.8463    
1.7012     32.0391   
1.0050     28.5011   
18.4614    30.1835   
4.4547     26.5881   

# Frame119

# x        y
9.6467     19.0215   
10.0087    5.8463    
1.7012     32.0391   
1.0050     28.5011   
18.4614    30.1835   
4.4547     26.5881   

# Frame120

# x        y
9.5967     19.0850   
10.0087    5.8463    
1.7012     32.0391   
1.0050     28.5011   
18.4614    30.1835   
4.4547     26.5881   

# Frame121

# x        y
9.5476     19.1473   
10.0087    5.8463    
1.7012     32.0391   
1.0050     28.5011   
18.4614    30.1835   
4.4547     26.5881   

# Frame122

# x        y
9.4992     19.2087   
10.0087    5.8463    
1.7012     32.0391   
1.0050     28.5011   
18.4614    30.1835   
4.4547     26.5881   

# Frame123

# x        y
9.4517     19.2690   
10.0087    5.8463    
1.7012     32.0391   
1.0050     28.5011   
18.4614    30.1835   
4.4547     26.5881   

# Frame124

# x        y
9.4049     19.3283   
10.0087    5.8463    
1.7012     32.0391   
1.0050     28.5011   
18.4614    30.1835   
4.4547     26.5881   

# Frame125

# x        y
9.3590     19.3866   
10.0087    5.8463    
1.7012     32.0391   
1.0050     28.5011   
18.4614    30.1835   
4.4547     26.5881   

# Frame126

# x        y
9.3138     19.4440   
10.0087    5.8463    
1.7012     32.0391   
1.0050     28.5011   
18.4614    30.1835   
4.4547     26.5881   

# Frame127

# x        y
9.2693     19.5004   
10.0087    5.8463    
1.7012     32.0391   
1.0050     28.5011   
18.4614    30.1835   
4.4547     26.5881   

# Frame128

# x        y
9.2256     19.5558   
10.0087    5.8463    
1.7012     32.0391   
1.0050     28.5011   
18.4614    30.1835   
4.4547     26.5881   

# Frame129

# x        y
9.1826     19.6103   
10.0087    5.8463    
1.7012     32.0391   
1.0050     28.5011   
18.4614    30.1835   
4.4547     26.5881   

# Frame130

# x        y
9.1404     19.6640   
10.0087    5.8463    
1.7012     32.0391   
1.0050     28.5011   
18.4614    30.1835   
4.4547     26.5881   

# Frame131

# x        y
9.0988     19.7167   
10.0087    5.8463    
1.7012     32.0391   
1.0050     28.5011   
18.4614    30.1835   
4.4547     26.5881   

# Frame132

# x        y
9.0579     19.7685   
10.0087    5.8463    
1.7012     32.0391   
1.0050     28.5011   
18.4614    30.1835   
4.4547     26.5881   

# Frame133

# x        y
9.0178     19.8195   
10.0087    5.8463    
1.7012     32.0391   
1.0050     28.5011   
18.4614    30.1835   
4.4547     26.5881   

# Frame134

# x        y
8.9783     19.8696   
10.0087    5.8463    
1.7012     32.0391   
1.0050     28.5011   
18.4614    30.1835   
4.4547     26.5881   

# Frame135

# x        y
8.9394     19.9189   
10.0087    5.8463    
1.7012     32.0391   
1.0050     28.5011   
18.4614    30.1835   
4.4547     26.5881   

# Frame136

# x        y
8.9012     19.9674   
10.0087    5.8463    
1.7012     32.0391   
1.0050     28.5011   
18.4614    30.1835   
4.4547     26.5881   

# Frame137

# x        y
8.8636     20.0151   
10.0087    5.8463    
1.7012     32.0391   
1.0050     28.5011   
18.4614    30.1835   
4.4547     26.5881   

# Frame138

# x        y
8.8267     20.0620   
10.0087    5.8463    
1.7012     32.0391   
1.0050     28.5011   
18.4614    30.1835   
4.4547     26.5881   

# Frame139

# x        y
8.7903     20.1081   
10.0087    5.8463    
1.7012     32.0391   
1.0050     28.5011   
18.4614    30.1835   
4.4547     26.5881   

# Frame140

# x        y
8.7546     20.1534   
10.0087    5.8463    
1.7012     32.0391   
1.0050     28.5011   
18.4614    30.1835   
4.4547     26.5881   

# Frame141

# x        y
8.7195     20.1980   
10.0087    5.8463    
1.7012     32.0391   
1.0050     28.5011   
18.4614    30.1835   
4.4547     26.5881   

# Frame142

# x        y
8.6849     20.2418   
10.0087    5.8463    
1.7012     32.0391   
1.0050     28.5011   
18.4614    30.1835   
4.4547     26.5881   

# Frame143

# x        y
8.6510     20.2849   
10.0087    5.8463    
1.7012     32.0391   
1.0050     28.5011   
18.4614    30.1835   
4.4547     26.5881   

# Frame144

# x        y
8.6176     20.3273   
10.0087    5.8463    
1.7012     32.0391   
1.0050     28.5011   
18.4614    30.1835   
4.4547     26.5881   

# Frame145

# x        y
8.5847     20.3689   
10.0087    5.8463    
1.7012     32.0391   
1.0050     28.5011   
18.4614    30.1835   
4.4547     26.5881   

# Frame146

# x        y
8.5524     20.4099   
10.0087    5.8463    
1.7012     32.0391   
1.0050     28.5011   
18.4614    30.1835   
4.4547     26.5881   

# Frame147

# x        y
8.5207     20.4502   
10.0087    5.8463    
1.7012     32.0391   
1.0050     28.5011   
18.4614    30.1835   
4.4547     26.5881   

# Frame148

# x        y
8.4895     20.4898   
10.0087    5.8463    
1.7012     32.0391   
1.0050     28.5011   
18.4614    30.1835   
4.4547     26.5881   

# Frame149

# x        y
8.4587     20.5288   
10.0087    5.8463    
1.7012     32.0391   
1.0050     28.5011   
18.4614    30.1835   
4.4547     26.5881   

# Frame150

# x        y
8.4285     20.5671   
10.0087    5.8463    
1.7012     32.0391   
1.0050     28.5011   
18.4614    30.1835   
4.4547     26.5881   

# Frame151

# x        y
8.3989     20.6048   
10.0087    5.8463    
1.7012     32.0391   
1.0050     28.5011   
18.4614    30.1835   
4.4547     26.5881   

# Frame152

# x        y
8.3697     20.6418   
10.0087    5.8463    
1.7012     32.0391   
1.0050     28.5011   
18.4614    30.1835   
4.4547     26.5881   

# Frame153

# x        y
8.3409     20.6782   
10.0087    5.8463    
1.7012     32.0391   
1.0050     28.5011   
18.4614    30.1835   
4.4547     26.5881   

# Frame154

# x        y
8.3127     20.7141   
10.0087    5.8463    
1.7012     32.0391   
1.0050     28.5011   
18.4614    30.1835   
4.4547     26.5881   

# Frame155

# x        y
8.2849     20.7493   
10.0087    5.8463    
1.7012     32.0391   
1.0050     28.5011   
18.4614    30.1835   
4.4547     26.5881   

# Frame156

# x        y
8.2576     20.7839   
10.0087    5.8463    
1.7012     32.0391   
1.0050     28.5011   
18.4614    30.1835   
4.4547     26.5881   

# Frame157

# x        y
8.2308     20.8180   
10.0087    5.8463    
1.7012     32.0391   
1.0050     28.5011   
18.4614    30.1835   
4.4547     26.5881   

# Frame158

# x        y
8.2044     20.8515   
10.0087    5.8463    
1.7012     32.0391   
1.0050     28.5011   
18.4614    30.1835   
4.4547     26.5881   

# Frame159

# x        y
8.1784     20.8844   
10.0087    5.8463    
1.7012     32.0391   
1.0050     28.5011   
18.4614    30.1835   
4.4547     26.5881   

# Frame160

# x        y
8.1529     20.9168   
10.0087    5.8463    
1.7012     32.0391   
1.0050     28.5011   
18.4614    30.1835   
4.4547     26.5881   

# Frame161

# x        y
8.1278     20.9486   
10.0087    5.8463    
1.7012     32.0391   
1.0050     28.5011   
18.4614    30.1835   
4.4547     26.5881   

# Frame162

# x        y
8.1031     20.9800   
10.0087    5.8463    
1.7012     32.0391   
1.0050     28.5011   
18.4614    30.1835   
4.4547     26.5881   

# Frame163

# x        y
8.0789     21.0108   
10.0087    5.8463    
1.7012     32.0391   
1.0050     28.5011   
18.4614    30.1835   
4.4547     26.5881   

# Frame164

# x        y
8.0550     21.0410   
10.0087    5.8463    
1.7012     32.0391   
1.0050     28.5011   
18.4614    30.1835   
4.4547     26.5881   

# Frame165

# x        y
8.0315     21.0708   
10.0087    5.8463    
1.7012     32.0391   
1.0050     28.5011   
18.4614    30.1835   
4.4547     26.5881   

# Frame166

# x        y
8.0085     21.1001   
10.0087    5.8463    
1.7012     32.0391   
1.0050     28.5011   
18.4614    30.1835   
4.4547     26.5881   

# Frame167

# x        y
7.9858     21.1289   
10.0087    5.8463    
1.7012     32.0391   
1.0050     28.5011   
18.4614    30.1835   
4.4547     26.5881   

# Frame168

# x        y
7.9635     21.1572   
10.0087    5.8463    
1.7012     32.0391   
1.0050     28.5011   
18.4614    30.1835   
4.4547     26.5881   

# Frame169

# x        y
7.9415     21.1850   
10.0087    5.8463    
1.7012     32.0391   
1.0050     28.5011   
18.4614    30.1835   
4.4547     26.5881   

# Frame170

# x        y
7.9199     21.2124   
10.0087    5.8463    
1.7012     32.0391   
1.0050     28.5011   
18.4614    30.1835   
4.4547     26.5881   

# Frame171

# x        y
7.8987     21.2393   
10.0087    5.8463    
1.7012     32.0391   
1.0050     28.5011   
18.4614    30.1835   
4.4547     26.5881   

# Frame172

# x        y
7.8779     21.2658   
10.0087    5.8463    
1.7012     32.0391   
1.0050     28.5011   
18.4614    30.1835   
4.4547     26.5881   

# Frame173

# x        y
7.8573     21.2918   
10.0087    5.8463    
1.7012     32.0391   
1.0050     28.5011   
18.4614    30.1835   
4.4547     26.5881   

# Frame174

# x        y
7.8372     21.3174   
10.0087    5.8463    
1.7012     32.0391   
1.0050     28.5011   
18.4614    30.1835   
4.4547     26.5881   

# Frame175

# x        y
7.8173     21.3426   
10.0087    5.8463    
1.7012     32.0391   
1.0050     28.5011   
18.4614    30.1835   
4.4547     26.5881   

# Frame176

# x        y
7.7978     21.3673   
10.0087    5.8463    
1.7012     32.0391   
1.0050     28.5011   
18.4614    30.1835   
4.4547     26.5881   

# Frame177

# x        y
7.7786     21.3917   
10.0087    5.8463    
1.7012     32.0391   
1.0050     28.5011   
18.4614    30.1835   
4.4547     26.5881   

# Frame178

# x        y
7.7598     21.4156   
10.0087    5.8463    
1.7012     32.0391   
1.0050     28.5011   
18.4614    30.1835   
4.4547     26.5881   

# Frame179

# x        y
7.7412     21.4391   
10.0087    5.8463    
1.7012     32.0391   
1.0050     28.5011   
18.4614    30.1835   
4.4547     26.5881   

# Frame180

# x        y
7.7230     21.4623   
10.0087    5.8463    
1.7012     32.0391   
1.0050     28.5011   
18.4614    30.1835   
4.4547     26.5881   

# Frame181

# x        y
7.7051     21.4850   
10.0087    5.8463    
1.7012     32.0391   
1.0050     28.5011   
18.4614    30.1835   
4.4547     26.5881   

# Frame182

# x        y
7.6874     21.5074   
10.0087    5.8463    
1.7012     32.0391   
1.0050     28.5011   
18.4614    30.1835   
4.4547     26.5881   

# Frame183

# x        y
7.6701     21.5294   
10.0087    5.8463    
1.7012     32.0391   
1.0050     28.5011   
18.4614    30.1835   
4.4547     26.5881   

# Frame184

# x        y
7.6530     21.5510   
10.0087    5.8463    
1.7012     32.0391   
1.0050     28.5011   
18.4614    30.1835   
4.4547     26.5881   

# Frame185

# x        y
7.6363     21.5723   
10.0087    5.8463    
1.7012     32.0391   
1.0050     28.5011   
18.4614    30.1835   
4.4547     26.5881   

# Frame186

# x        y
7.6198     21.5932   
10.0087    5.8463    
1.7012     32.0391   
1.0050     28.5011   
18.4614    30.1835   
4.4547     26.5881   

# Frame187

# x        y
7.6036     21.6138   
10.0087    5.8463    
1.7012     32.0391   
1.0050     28.5011   
18.4614    30.1835   
4.4547     26.5881   

# Frame188

# x        y
7.5876     21.6340   
10.0087    5.8463    
1.7012     32.0391   
1.0050     28.5011   
18.4614    30.1835   
4.4547     26.5881   

# Frame189

# x        y
7.5719     21.6539   
10.0087    5.8463    
1.7012     32.0391   
1.0050     28.5011   
18.4614    30.1835   
4.4547     26.5881   

# Frame190

# x        y
7.5565     21.6735   
10.0087    5.8463    
1.7012     32.0391   
1.0050     28.5011   
18.4614    30.1835   
4.4547     26.5881   

# Frame191

# x        y
7.5414     21.6927   
10.0087    5.8463    
1.7012     32.0391   
1.0050     28.5011   
18.4614    30.1835   
4.4547     26.5881   

# Frame192

# x        y
7.5265     21.7116   
10.0087    5.8463    
1.7012     32.0391   
1.0050     28.5011   
18.4614    30.1835   
4.4547     26.5881   

# Frame193

# x        y
7.5118     21.7302   
10.0087    5.8463    
1.7012     32.0391   
1.0050     28.5011   
18.4614    30.1835   
4.4547     26.5881   

# Frame194

# x        y
7.4974     21.7485   
10.0087    5.8463    
1.7012     32.0391   
1.0050     28.5011   
18.4614    30.1835   
4.4547     26.5881   

# Frame195

# x        y
7.4832     21.7665   
10.0087    5.8463    
1.7012     32.0391   
1.0050     28.5011   
18.4614    30.1835   
4.4547     26.5881   

# Frame196

# x        y
7.4693     21.7842   
10.0087    5.8463    
1.7012     32.0391   
1.0050     28.5011   
18.4614    30.1835   
4.4547     26.5881   

# Frame197

# x        y
7.4556     21.8016   
10.0087    5.8463    
1.7012     32.0391   
1.0050     28.5011   
18.4614    30.1835   
4.4547     26.5881   

# Frame198

# x        y
7.4421     21.8187   
10.0087    5.8463    
1.7012     32.0391   
1.0050     28.5011   
18.4614    30.1835   
4.4547     26.5881   

# Frame199

# x        y
7.4288     21.8355   
10.0087    5.8463    
1.7012     32.0391   
1.0050     28.5011   
18.4614    30.1835   
4.4547     26.5881   

# Frame200

# x        y
7.4158     21.8520   
10.0087    5.8463    
1.7012     32.0391   
1.0050     28.5011   
18.4614    30.1835   
4.4547     26.5881   

# Frame201

# x        y
7.4030     21.8683   
10.0087    5.8463    
1.7012     32.0391   
1.0050     28.5011   
18.4614    30.1835   
4.4547     26.5881   

# Frame202

# x        y
7.3904     21.8843   
10.0087    5.8463    
1.7012     32.0391   
1.0050     28.5011   
18.4614    30.1835   
4.4547     26.5881   

# Frame203

# x        y
7.3780     21.9000   
10.0087    5.8463    
1.7012     32.0391   
1.0050     28.5011   
18.4614    30.1835   
4.4547     26.5881   

# Frame204

# x        y
7.3658     21.9155   
10.0087    5.8463    
1.7012     32.0391   
1.0050     28.5011   
18.4614    30.1835   
4.4547     26.5881   

# Frame205

# x        y
7.3538     21.9307   
10.0087    5.8463    
1.7012     32.0391   
1.0050     28.5011   
18.4614    30.1835   
4.4547     26.5881   

# Frame206

# x        y
7.3420     21.9456   
10.0087    5.8463    
1.7012     32.0391   
1.0050     28.5011   
18.4614    30.1835   
4.4547     26.5881   

# Frame207

# x        y
7.3305     21.9603   
10.0087    5.8463    
1.7012     32.0391   
1.0050     28.5011   
18.4614    30.1835   
4.4547     26.5881   

# Frame208

# x        y
7.3191     21.9748   
10.0087    5.8463    
1.7012     32.0391   
1.0050     28.5011   
18.4614    30.1835   
4.4547     26.5881   

# Frame209

# x        y
7.3079     21.9890   
10.0087    5.8463    
1.7012     32.0391   
1.0050     28.5011   
18.4614    30.1835   
4.4547     26.5881   

# Frame210

# x        y
7.2969     22.0030   
10.0087    5.8463    
1.7012     32.0391   
1.0050     28.5011   
18.4614    30.1835   
4.4547     26.5881   

# Frame211

# x        y
7.2860     22.0167   
10.0087    5.8463    
1.7012     32.0391   
1.0050     28.5011   
18.4614    30.1835   
4.4547     26.5881   

# Frame212

# x        y
7.2754     22.0302   
10.0087    5.8463    
1.7012     32.0391   
1.0050     28.5011   
18.4614    30.1835   
4.4547     26.5881   

# Frame213

# x        y
7.2649     22.0435   
10.0087    5.8463    
1.7012     32.0391   
1.0050     28.5011   
18.4614    30.1835   
4.4547     26.5881   

# Frame214

# x        y
7.2546     22.0566   
10.0087    5.8463    
1.7012     32.0391   
1.0050     28.5011   
18.4614    30.1835   
4.4547     26.5881   

# Frame215

# x        y
7.2445     22.0694   
10.0087    5.8463    
1.7012     32.0391   
1.0050     28.5011   
18.4614    30.1835   
4.4547     26.5881   

# Frame216

# x        y
7.2345     22.0821   
10.0087    5.8463    
1.7012     32.0391   
1.0050     28.5011   
18.4614    30.1835   
4.4547     26.5881   

# Frame217

# x        y
7.2247     22.0945   
10.0087    5.8463    
1.7012     32.0391   
1.0050     28.5011   
18.4614    30.1835   
4.4547     26.5881   

# Frame218

# x        y
7.2151     22.1067   
10.0087    5.8463    
1.7012     32.0391   
1.0050     28.5011   
18.4614    30.1835   
4.4547     26.5881   

# Frame219

# x        y
7.2056     22.1187   
10.0087    5.8463    
1.7012     32.0391   
1.0050     28.5011   
18.4614    30.1835   
4.4547     26.5881   

# Frame220

# x        y
7.1963     22.1305   
10.0087    5.8463    
1.7012     32.0391   
1.0050     28.5011   
18.4614    30.1835   
4.4547     26.5881   

# Frame221

# x        y
7.1872     22.1421   
10.0087    5.8463    
1.7012     32.0391   
1.0050     28.5011   
18.4614    30.1835   
4.4547     26.5881   

# Frame222

# x        y
7.1781     22.1536   
10.0087    5.8463    
1.7012     32.0391   
1.0050     28.5011   
18.4614    30.1835   
4.4547     26.5881   

# Frame223

# x        y
7.1693     22.1648   
10.0087    5.8463    
1.7012     32.0391   
1.0050     28.5011   
18.4614    30.1835   
4.4547     26.5881   

# Frame224

# x        y
7.1606     22.1758   
10.0087    5.8463    
1.7012     32.0391   
1.0050     28.5011   
18.4614    30.1835   
4.4547     26.5881   

# Frame225

# x        y
7.1520     22.1867   
10.0087    5.8463    
1.7012     32.0391   
1.0050     28.5011   
18.4614    30.1835   
4.4547     26.5881   

# Frame226

# x        y
7.1436     22.1974   
10.0087    5.8463    
1.7012     32.0391   
1.0050     28.5011   
18.4614    30.1835   
4.4547     26.5881   

# Frame227

# x        y
7.1353     22.2079   
10.0087    5.8463    
1.7012     32.0391   
1.0050     28.5011   
18.4614    30.1835   
4.4547     26.5881   

# Frame228

# x        y
7.1272     22.2182   
10.0087    5.8463    
1.7012     32.0391   
1.0050     28.5011   
18.4614    30.1835   
4.4547     26.5881   

# Frame229

# x        y
7.1192     22.2284   
10.0087    5.8463    
1.7012     32.0391   
1.0050     28.5011   
18.4614    30.1835   
4.4547     26.5881   

# Frame230

# x        y
7.1113     22.2384   
10.0087    5.8463    
1.7012     32.0391   
1.0050     28.5011   
18.4614    30.1835   
4.4547     26.5881   

# Frame231

# x        y
7.1036     22.2482   
10.0087    5.8463    
1.7012     32.0391   
1.0050     28.5011   
18.4614    30.1835   
4.4547     26.5881   

# Frame232

# x        y
7.0960     22.2578   
10.0087    5.8463    
1.7012     32.0391   
1.0050     28.5011   
18.4614    30.1835   
4.4547     26.5881   

# Frame233

# x        y
7.0885     22.2673   
10.0087    5.8463    
1.7012     32.0391   
1.0050     28.5011   
18.4614    30.1835   
4.4547     26.5881   

# Frame234

# x        y
7.0811     22.2767   
10.0087    5.8463    
1.7012     32.0391   
1.0050     28.5011   
18.4614    30.1835   
4.4547     26.5881   

# Frame235

# x        y
7.0739     22.2858   
10.0087    5.8463    
1.7012     32.0391   
1.0050     28.5011   
18.4614    30.1835   
4.4547     26.5881   

# Frame236

# x        y
7.0668     22.2949   
10.0087    5.8463    
1.7012     32.0391   
1.0050     28.5011   
18.4614    30.1835   
4.4547     26.5881   

# Frame237

# x        y
7.0598     22.3038   
10.0087    5.8463    
1.7012     32.0391   
1.0050     28.5011   
18.4614    30.1835   
4.4547     26.5881   

# Frame238

# x        y
7.0529     22.3125   
10.0087    5.8463    
1.7012     32.0391   
1.0050     28.5011   
18.4614    30.1835   
4.4547     26.5881   

# Frame239

# x        y
7.0461     22.3211   
10.0087    5.8463    
1.7012     32.0391   
1.0050     28.5011   
18.4614    30.1835   
4.4547     26.5881   

# Frame240

# x        y
7.0395     22.3295   
10.0087    5.8463    
1.7012     32.0391   
1.0050     28.5011   
18.4614    30.1835   
4.4547     26.5881   

# Frame241

# x        y
7.0329     22.3378   
10.0087    5.8463    
1.7012     32.0391   
1.0050     28.5011   
18.4614    30.1835   
4.4547     26.5881   

# Frame242

# x        y
7.0265     22.3460   
10.0087    5.8463    
1.7012     32.0391   
1.0050     28.5011   
18.4614    30.1835   
4.4547     26.5881   

# Frame243

# x        y
7.0202     22.3540   
10.0087    5.8463    
1.7012     32.0391   
1.0050     28.5011   
18.4614    30.1835   
4.4547     26.5881   

# Frame244

# x        y
7.0140     22.3619   
10.0087    5.8463    
1.7012     32.0391   
1.0050     28.5011   
18.4614    30.1835   
4.4547     26.5881   

# Frame245

# x        y
7.0078     22.3697   
10.0087    5.8463    
1.7012     32.0391   
1.0050     28.5011   
18.4614    30.1835   
4.4547     26.5881   

# Frame246

# x        y
7.0018     22.3773   
10.0087    5.8463    
1.7012     32.0391   
1.0050     28.5011   
18.4614    30.1835   
4.4547     26.5881   

# Frame247

# x        y
6.9959     22.3848   
10.0087    5.8463    
1.7012     32.0391   
1.0050     28.5011   
18.4614    30.1835   
4.4547     26.5881   

# Frame248

# x        y
6.9901     22.3922   
10.0087    5.8463    
1.7012     32.0391   
1.0050     28.5011   
18.4614    30.1835   
4.4547     26.5881   

# Frame249

# x        y
6.9844     22.3994   
10.0087    5.8463    
1.7012     32.0391   
1.0050     28.5011   
18.4614    30.1835   
4.4547     26.5881   

# Frame250

# x        y
6.9787     22.4066   
10.0087    5.8463    
1.7012     32.0391   
1.0050     28.5011   
18.4614    30.1835   
4.4547     26.5881   

# Frame251

# x        y
6.9732     22.4136   
10.0087    5.8463    
1.7012     32.0391   
1.0050     28.5011   
18.4614    30.1835   
4.4547     26.5881   

# Frame252

# x        y
6.9678     22.4205   
10.0087    5.8463    
1.7012     32.0391   
1.0050     28.5011   
18.4614    30.1835   
4.4547     26.5881   

# Frame253

# x        y
6.9624     22.4273   
10.0087    5.8463    
1.7012     32.0391   
1.0050     28.5011   
18.4614    30.1835   
4.4547     26.5881   

# Frame254

# x        y
6.9572     22.4339   
10.0087    5.8463    
1.7012     32.0391   
1.0050     28.5011   
18.4614    30.1835   
4.4547     26.5881   

# Frame255

# x        y
6.9520     22.4405   
10.0087    5.8463    
1.7012     32.0391   
1.0050     28.5011   
18.4614    30.1835   
4.4547     26.5881   

# Frame256

# x        y
6.9469     22.4469   
10.0087    5.8463    
1.7012     32.0391   
1.0050     28.5011   
18.4614    30.1835   
4.4547     26.5881   

# Frame257

# x        y
6.9419     22.4533   
10.0087    5.8463    
1.7012     32.0391   
1.0050     28.5011   
18.4614    30.1835   
4.4547     26.5881   

# Frame258

# x        y
6.9370     22.4595   
10.0087    5.8463    
1.7012     32.0391   
1.0050     28.5011   
18.4614    30.1835   
4.4547     26.5881   

# Frame259

# x        y
6.9322     22.4657   
10.0087    5.8463    
1.7012     32.0391   
1.0050     28.5011   
18.4614    30.1835   
4.4547     26.5881   

# Frame260

# x        y
6.9274     22.4717   
10.0087    5.8463    
1.7012     32.0391   
1.0050     28.5011   
18.4614    30.1835   
4.4547     26.5881   

# Frame261

# x        y
6.9227     22.4776   
10.0087    5.8463    
1.7012     32.0391   
1.0050     28.5011   
18.4614    30.1835   
4.4547     26.5881   

# Frame262

# x        y
6.9181     22.4834   
10.0087    5.8463    
1.7012     32.0391   
1.0050     28.5011   
18.4614    30.1835   
4.4547     26.5881   

# Frame263

# x        y
6.9136     22.4892   
10.0087    5.8463    
1.7012     32.0391   
1.0050     28.5011   
18.4614    30.1835   
4.4547     26.5881   

# Frame264

# x        y
6.9092     22.4948   
10.0087    5.8463    
1.7012     32.0391   
1.0050     28.5011   
18.4614    30.1835   
4.4547     26.5881   

# Frame265

# x        y
6.9048     22.5004   
10.0087    5.8463    
1.7012     32.0391   
1.0050     28.5011   
18.4614    30.1835   
4.4547     26.5881   

# Frame266

# x        y
6.9005     22.5058   
10.0087    5.8463    
1.7012     32.0391   
1.0050     28.5011   
18.4614    30.1835   
4.4547     26.5881   

# Frame267

# x        y
6.8963     22.5112   
10.0087    5.8463    
1.7012     32.0391   
1.0050     28.5011   
18.4614    30.1835   
4.4547     26.5881   

# Frame268

# x        y
6.8921     22.5165   
10.0087    5.8463    
1.7012     32.0391   
1.0050     28.5011   
18.4614    30.1835   
4.4547     26.5881   

# Frame269

# x        y
6.8880     22.5216   
10.0087    5.8463    
1.7012     32.0391   
1.0050     28.5011   
18.4614    30.1835   
4.4547     26.5881   

# Frame270

# x        y
6.8840     22.5267   
10.0087    5.8463    
1.7012     32.0391   
1.0050     28.5011   
18.4614    30.1835   
4.4547     26.5881   

# Frame271

# x        y
6.8801     22.5318   
10.0087    5.8463    
1.7012     32.0391   
1.0050     28.5011   
18.4614    30.1835   
4.4547     26.5881   

# Frame272

# x        y
6.8762     22.5367   
10.0087    5.8463    
1.7012     32.0391   
1.0050     28.5011   
18.4614    30.1835   
4.4547     26.5881   

# Frame273

# x        y
6.8724     22.5415   
10.0087    5.8463    
1.7012     32.0391   
1.0050     28.5011   
18.4614    30.1835   
4.4547     26.5881   

# Frame274

# x        y
6.8686     22.5463   
10.0087    5.8463    
1.7012     32.0391   
1.0050     28.5011   
18.4614    30.1835   
4.4547     26.5881   

# Frame275

# x        y
6.8649     22.5510   
10.0087    5.8463    
1.7012     32.0391   
1.0050     28.5011   
18.4614    30.1835   
4.4547     26.5881   

# Frame276

# x        y
6.8613     22.5556   
10.0087    5.8463    
1.7012     32.0391   
1.0050     28.5011   
18.4614    30.1835   
4.4547     26.5881   

# Frame277

# x        y
6.8577     22.5601   
10.0087    5.8463    
1.7012     32.0391   
1.0050     28.5011   
18.4614    30.1835   
4.4547     26.5881   

# Frame278

# x        y
6.8542     22.5646   
10.0087    5.8463    
1.7012     32.0391   
1.0050     28.5011   
18.4614    30.1835   
4.4547     26.5881   

# Frame279

# x        y
6.8507     22.5690   
10.0087    5.8463    
1.7012     32.0391   
1.0050     28.5011   
18.4614    30.1835   
4.4547     26.5881   

# Frame280

# x        y
6.8473     22.5733   
10.0087    5.8463    
1.7012     32.0391   
1.0050     28.5011   
18.4614    30.1835   
4.4547     26.5881   

# Frame281

# x        y
6.8440     22.5775   
10.0087    5.8463    
1.7012     32.0391   
1.0050     28.5011   
18.4614    30.1835   
4.4547     26.5881   

# Frame282

# x        y
6.8407     22.5817   
10.0087    5.8463    
1.7012     32.0391   
1.0050     28.5011   
18.4614    30.1835   
4.4547     26.5881   

# Frame283

# x        y
6.8375     22.5858   
10.0087    5.8463    
1.7012     32.0391   
1.0050     28.5011   
18.4614    30.1835   
4.4547     26.5881   

# Frame284

# x        y
6.8343     22.5898   
10.0087    5.8463    
1.7012     32.0391   
1.0050     28.5011   
18.4614    30.1835   
4.4547     26.5881   

# Frame285

# x        y
6.8312     22.5938   
10.0087    5.8463    
1.7012     32.0391   
1.0050     28.5011   
18.4614    30.1835   
4.4547     26.5881   

# Frame286

# x        y
6.8281     22.5977   
10.0087    5.8463    
1.7012     32.0391   
1.0050     28.5011   
18.4614    30.1835   
4.4547     26.5881   

# Frame287

# x        y
6.8251     22.6015   
10.0087    5.8463    
1.7012     32.0391   
1.0050     28.5011   
18.4614    30.1835   
4.4547     26.5881   

# Frame288

# x        y
6.8221     22.6053   
10.0087    5.8463    
1.7012     32.0391   
1.0050     28.5011   
18.4614    30.1835   
4.4547     26.5881   

# Frame289

# x        y
6.8192     22.6090   
10.0087    5.8463    
1.7012     32.0391   
1.0050     28.5011   
18.4614    30.1835   
4.4547     26.5881   

# Frame290

# x        y
6.8163     22.6126   
10.0087    5.8463    
1.7012     32.0391   
1.0050     28.5011   
18.4614    30.1835   
4.4547     26.5881   

# Frame291

# x        y
6.8135     22.6162   
10.0087    5.8463    
1.7012     32.0391   
1.0050     28.5011   
18.4614    30.1835   
4.4547     26.5881   

# Frame292

# x        y
6.8107     22.6197   
10.0087    5.8463    
1.7012     32.0391   
1.0050     28.5011   
18.4614    30.1835   
4.4547     26.5881   

# Frame293

# x        y
6.8080     22.6232   
10.0087    5.8463    
1.7012     32.0391   
1.0050     28.5011   
18.4614    30.1835   
4.4547     26.5881   

# Frame294

# x        y
6.8053     22.6266   
10.0087    5.8463    
1.7012     32.0391   
1.0050     28.5011   
18.4614    30.1835   
4.4547     26.5881   

# Frame295

# x        y
6.8027     22.6299   
10.0087    5.8463    
1.7012     32.0391   
1.0050     28.5011   
18.4614    30.1835   
4.4547     26.5881   

# Frame296

# x        y
6.8001     22.6332   
10.0087    5.8463    
1.7012     32.0391   
1.0050     28.5011   
18.4614    30.1835   
4.4547     26.5881   

# Frame297

# x        y
6.7975     22.6365   
10.0087    5.8463    
1.7012     32.0391   
1.0050     28.5011   
18.4614    30.1835   
4.4547     26.5881   

# Frame298

# x        y
6.7950     22.6397   
10.0087    5.8463    
1.7012     32.0391   
1.0050     28.5011   
18.4614    30.1835   
4.4547     26.5881   

# Frame299

# x        y
6.7926     22.6428   
10.0087    5.8463    
1.7012     32.0391   
1.0050     28.5011   
18.4614    30.1835   
4.4547     26.5881   

# Frame300

# x        y
6.7901     22.6459   
10.0087    5.8463    
1.7012     32.0391   
1.0050     28.5011   
18.4614    30.1835   
4.4547     26.5881   

# Frame301

# x        y
6.7877     22.6489   
10.0087    5.8463    
1.7012     32.0391   
1.0050     28.5011   
18.4614    30.1835   
4.4547     26.5881   

# Frame302

# x        y
6.7854     22.6519   
10.0087    5.8463    
1.7012     32.0391   
1.0050     28.5011   
18.4614    30.1835   
4.4547     26.5881   

# Frame303

# x        y
6.7831     22.6548   
10.0087    5.8463    
1.7012     32.0391   
1.0050     28.5011   
18.4614    30.1835   
4.4547     26.5881   

# Frame304

# x        y
6.7808     22.6577   
10.0087    5.8463    
1.7012     32.0391   
1.0050     28.5011   
18.4614    30.1835   
4.4547     26.5881   

# Frame305

# x        y
6.7786     22.6605   
10.0087    5.8463    
1.7012     32.0391   
1.0050     28.5011   
18.4614    30.1835   
4.4547     26.5881   

# Frame306

# x        y
6.7764     22.6633   
10.0087    5.8463    
1.7012     32.0391   
1.0050     28.5011   
18.4614    30.1835   
4.4547     26.5881   

# Frame307

# x        y
6.7742     22.6660   
10.0087    5.8463    
1.7012     32.0391   
1.0050     28.5011   
18.4614    30.1835   
4.4547     26.5881   

# Frame308

# x        y
6.7721     22.6687   
10.0087    5.8463    
1.7012     32.0391   
1.0050     28.5011   
18.4614    30.1835   
4.4547     26.5881   

# Frame309

# x        y
6.7700     22.6714   
10.0087    5.8463    
1.7012     32.0391   
1.0050     28.5011   
18.4614    30.1835   
4.4547     26.5881   

# Frame310

# x        y
6.7680     22.6740   
10.0087    5.8463    
1.7012     32.0391   
1.0050     28.5011   
18.4614    30.1835   
4.4547     26.5881   

# Frame311

# x        y
6.7660     22.6765   
10.0087    5.8463    
1.7012     32.0391   
1.0050     28.5011   
18.4614    30.1835   
4.4547     26.5881   

# Frame312

# x        y
6.7640     22.6791   
10.0087    5.8463    
1.7012     32.0391   
1.0050     28.5011   
18.4614    30.1835   
4.4547     26.5881   

# Frame313

# x        y
6.7620     22.6815   
10.0087    5.8463    
1.7012     32.0391   
1.0050     28.5011   
18.4614    30.1835   
4.4547     26.5881   

# Frame314

# x        y
6.7601     22.6840   
10.0087    5.8463    
1.7012     32.0391   
1.0050     28.5011   
18.4614    30.1835   
4.4547     26.5881   

# Frame315

# x        y
6.7582     22.6864   
10.0087    5.8463    
1.7012     32.0391   
1.0050     28.5011   
18.4614    30.1835   
4.4547     26.5881   

# Frame316

# x        y
6.7564     22.6887   
10.0087    5.8463    
1.7012     32.0391   
1.0050     28.5011   
18.4614    30.1835   
4.4547     26.5881   

# Frame317

# x        y
6.7545     22.6910   
10.0087    5.8463    
1.7012     32.0391   
1.0050     28.5011   
18.4614    30.1835   
4.4547     26.5881   

# Frame318

# x        y
6.7527     22.6933   
10.0087    5.8463    
1.7012     32.0391   
1.0050     28.5011   
18.4614    30.1835   
4.4547     26.5881   

# Frame319

# x        y
6.7510     22.6955   
10.0087    5.8463    
1.7012     32.0391   
1.0050     28.5011   
18.4614    30.1835   
4.4547     26.5881   

# Frame320

# x        y
6.7493     22.6977   
10.0087    5.8463    
1.7012     32.0391   
1.0050     28.5011   
18.4614    30.1835   
4.4547     26.5881   

# Frame321

# x        y
6.7475     22.6999   
10.0087    5.8463    
1.7012     32.0391   
1.0050     28.5011   
18.4614    30.1835   
4.4547     26.5881   

# Frame322

# x        y
6.7459     22.7020   
10.0087    5.8463    
1.7012     32.0391   
1.0050     28.5011   
18.4614    30.1835   
4.4547     26.5881   

# Frame323

# x        y
6.7442     22.7041   
10.0087    5.8463    
1.7012     32.0391   
1.0050     28.5011   
18.4614    30.1835   
4.4547     26.5881   

# Frame324

# x        y
6.7426     22.7062   
10.0087    5.8463    
1.7012     32.0391   
1.0050     28.5011   
18.4614    30.1835   
4.4547     26.5881   

# Frame325

# x        y
6.7410     22.7082   
10.0087    5.8463    
1.7012     32.0391   
1.0050     28.5011   
18.4614    30.1835   
4.4547     26.5881   

# Frame326

# x        y
6.7394     22.7102   
10.0087    5.8463    
1.7012     32.0391   
1.0050     28.5011   
18.4614    30.1835   
4.4547     26.5881   

# Frame327

# x        y
6.7379     22.7121   
10.0087    5.8463    
1.7012     32.0391   
1.0050     28.5011   
18.4614    30.1835   
4.4547     26.5881   

# Frame328

# x        y
6.7364     22.7141   
10.0087    5.8463    
1.7012     32.0391   
1.0050     28.5011   
18.4614    30.1835   
4.4547     26.5881   

# Frame329

# x        y
6.7349     22.7160   
10.0087    5.8463    
1.7012     32.0391   
1.0050     28.5011   
18.4614    30.1835   
4.4547     26.5881   

# Frame330

# x        y
6.7334     22.7178   
10.0087    5.8463    
1.7012     32.0391   
1.0050     28.5011   
18.4614    30.1835   
4.4547     26.5881   

# Frame331

# x        y
6.7320     22.7197   
10.0087    5.8463    
1.7012     32.0391   
1.0050     28.5011   
18.4614    30.1835   
4.4547     26.5881   

# Frame332

# x        y
6.7306     22.7214   
10.0087    5.8463    
1.7012     32.0391   
1.0050     28.5011   
18.4614    30.1835   
4.4547     26.5881   

# Frame333

# x        y
6.7292     22.7232   
10.0087    5.8463    
1.7012     32.0391   
1.0050     28.5011   
18.4614    30.1835   
4.4547     26.5881   

# Frame334

# x        y
6.7278     22.7250   
10.0087    5.8463    
1.7012     32.0391   
1.0050     28.5011   
18.4614    30.1835   
4.4547     26.5881   

# Frame335

# x        y
6.7265     22.7267   
10.0087    5.8463    
1.7012     32.0391   
1.0050     28.5011   
18.4614    30.1835   
4.4547     26.5881   

# Frame336

# x        y
6.7251     22.7283   
10.0087    5.8463    
1.7012     32.0391   
1.0050     28.5011   
18.4614    30.1835   
4.4547     26.5881   

# Frame337

# x        y
6.7238     22.7300   
10.0087    5.8463    
1.7012     32.0391   
1.0050     28.5011   
18.4614    30.1835   
4.4547     26.5881   

# Frame338

# x        y
6.7225     22.7316   
10.0087    5.8463    
1.7012     32.0391   
1.0050     28.5011   
18.4614    30.1835   
4.4547     26.5881   

# Frame339

# x        y
6.7213     22.7332   
10.0087    5.8463    
1.7012     32.0391   
1.0050     28.5011   
18.4614    30.1835   
4.4547     26.5881   

# Frame340

# x        y
6.7200     22.7348   
10.0087    5.8463    
1.7012     32.0391   
1.0050     28.5011   
18.4614    30.1835   
4.4547     26.5881   

# Frame341

# x        y
6.7188     22.7363   
10.0087    5.8463    
1.7012     32.0391   
1.0050     28.5011   
18.4614    30.1835   
4.4547     26.5881   

# Frame342

# x        y
6.7176     22.7379   
10.0087    5.8463    
1.7012     32.0391   
1.0050     28.5011   
18.4614    30.1835   
4.4547     26.5881   

# Frame343

# x        y
6.7164     22.7394   
10.0087    5.8463    
1.7012     32.0391   
1.0050     28.5011   
18.4614    30.1835   
4.4547     26.5881   

# Frame344

# x        y
6.7153     22.7408   
10.0087    5.8463    
1.7012     32.0391   
1.0050     28.5011   
18.4614    30.1835   
4.4547     26.5881   

# Frame345

# x        y
6.7142     22.7423   
10.0087    5.8463    
1.7012     32.0391   
1.0050     28.5011   
18.4614    30.1835   
4.4547     26.5881   

# Frame346

# x        y
6.7130     22.7437   
10.0087    5.8463    
1.7012     32.0391   
1.0050     28.5011   
18.4614    30.1835   
4.4547     26.5881   

# Frame347

# x        y
6.7119     22.7451   
10.0087    5.8463    
1.7012     32.0391   
1.0050     28.5011   
18.4614    30.1835   
4.4547     26.5881   

# Frame348

# x        y
6.7108     22.7465   
10.0087    5.8463    
1.7012     32.0391   
1.0050     28.5011   
18.4614    30.1835   
4.4547     26.5881   

# Frame349

# x        y
6.7098     22.7478   
10.0087    5.8463    
1.7012     32.0391   
1.0050     28.5011   
18.4614    30.1835   
4.4547     26.5881   

# Frame350

# x        y
6.7087     22.7492   
10.0087    5.8463    
1.7012     32.0391   
1.0050     28.5011   
18.4614    30.1835   
4.4547     26.5881   

# Frame351

# x        y
6.7077     22.7505   
10.0087    5.8463    
1.7012     32.0391   
1.0050     28.5011   
18.4614    30.1835   
4.4547     26.5881   

# Frame352

# x        y
6.7067     22.7517   
10.0087    5.8463    
1.7012     32.0391   
1.0050     28.5011   
18.4614    30.1835   
4.4547     26.5881   

# Frame353

# x        y
6.7057     22.7530   
10.0087    5.8463    
1.7012     32.0391   
1.0050     28.5011   
18.4614    30.1835   
4.4547     26.5881   

# Frame354

# x        y
6.7047     22.7542   
10.0087    5.8463    
1.7012     32.0391   
1.0050     28.5011   
18.4614    30.1835   
4.4547     26.5881   

# Frame355

# x        y
6.7038     22.7555   
10.0087    5.8463    
1.7012     32.0391   
1.0050     28.5011   
18.4614    30.1835   
4.4547     26.5881   

# Frame356

# x        y
6.7028     22.7567   
10.0087    5.8463    
1.7012     32.0391   
1.0050     28.5011   
18.4614    30.1835   
4.4547     26.5881   

# Frame357

# x        y
6.7019     22.7579   
10.0087    5.8463    
1.7012     32.0391   
1.0050     28.5011   
18.4614    30.1835   
4.4547     26.5881   

# Frame358

# x        y
6.7010     22.7590   
10.0087    5.8463    
1.7012     32.0391   
1.0050     28.5011   
18.4614    30.1835   
4.4547     26.5881   

# Frame359

# x        y
6.7001     22.7602   
10.0087    5.8463    
1.7012     32.0391   
1.0050     28.5011   
18.4614    30.1835   
4.4547     26.5881   

# Frame360

# x        y
6.6992     22.7613   
10.0087    5.8463    
1.7012     32.0391   
1.0050     28.5011   
18.4614    30.1835   
4.4547     26.5881   

# Frame361

# x        y
6.6983     22.7624   
10.0087    5.8463    
1.7012     32.0391   
1.0050     28.5011   
18.4614    30.1835   
4.4547     26.5881   

# Frame362

# x        y
6.6974     22.7635   
10.0087    5.8463    
1.7012     32.0391   
1.0050     28.5011   
18.4614    30.1835   
4.4547     26.5881   

# Frame363

# x        y
6.6966     22.7645   
10.0087    5.8463    
1.7012     32.0391   
1.0050     28.5011   
18.4614    30.1835   
4.4547     26.5881   

# Frame364

# x        y
6.6958     22.7656   
10.0087    5.8463    
1.7012     32.0391   
1.0050     28.5011   
18.4614    30.1835   
4.4547     26.5881   

# Frame365

# x        y
6.6950     22.7666   
10.0087    5.8463    
1.7012     32.0391   
1.0050     28.5011   
18.4614    30.1835   
4.4547     26.5881   

# Frame366

# x        y
6.6942     22.7676   
10.0087    5.8463    
1.7012     32.0391   
1.0050     28.5011   
18.4614    30.1835   
4.4547     26.5881   

# Frame367

# x        y
6.6934     22.7686   
10.0087    5.8463    
1.7012     32.0391   
1.0050     28.5011   
18.4614    30.1835   
4.4547     26.5881   

# Frame368

# x        y
6.6926     22.7696   
10.0087    5.8463    
1.7012     32.0391   
1.0050     28.5011   
18.4614    30.1835   
4.4547     26.5881   

# Frame369

# x        y
6.6918     22.7706   
10.0087    5.8463    
1.7012     32.0391   
1.0050     28.5011   
18.4614    30.1835   
4.4547     26.5881   

# Frame370

# x        y
6.6911     22.7715   
10.0087    5.8463    
1.7012     32.0391   
1.0050     28.5011   
18.4614    30.1835   
4.4547     26.5881   

# Frame371

# x        y
6.6904     22.7725   
10.0087    5.8463    
1.7012     32.0391   
1.0050     28.5011   
18.4614    30.1835   
4.4547     26.5881   

# Frame372

# x        y
6.6896     22.7734   
10.0087    5.8463    
1.7012     32.0391   
1.0050     28.5011   
18.4614    30.1835   
4.4547     26.5881   

# Frame373

# x        y
6.6889     22.7743   
10.0087    5.8463    
1.7012     32.0391   
1.0050     28.5011   
18.4614    30.1835   
4.4547     26.5881   

# Frame374

# x        y
6.6882     22.7752   
10.0087    5.8463    
1.7012     32.0391   
1.0050     28.5011   
18.4614    30.1835   
4.4547     26.5881   

# Frame375

# x        y
6.6875     22.7760   
10.0087    5.8463    
1.7012     32.0391   
1.0050     28.5011   
18.4614    30.1835   
4.4547     26.5881   

# Frame376

# x        y
6.6869     22.7769   
10.0087    5.8463    
1.7012     32.0391   
1.0050     28.5011   
18.4614    30.1835   
4.4547     26.5881   

# Frame377

# x        y
6.6862     22.7778   
10.0087    5.8463    
1.7012     32.0391   
1.0050     28.5011   
18.4614    30.1835   
4.4547     26.5881   

# Frame378

# x        y
6.6855     22.7786   
10.0087    5.8463    
1.7012     32.0391   
1.0050     28.5011   
18.4614    30.1835   
4.4547     26.5881   

# Frame379

# x        y
6.6849     22.7794   
10.0087    5.8463    
1.7012     32.0391   
1.0050     28.5011   
18.4614    30.1835   
4.4547     26.5881   

# Frame380

# x        y
6.6843     22.7802   
10.0087    5.8463    
1.7012     32.0391   
1.0050     28.5011   
18.4614    30.1835   
4.4547     26.5881   

# Frame381

# x        y
6.6836     22.7810   
10.0087    5.8463    
1.7012     32.0391   
1.0050     28.5011   
18.4614    30.1835   
4.4547     26.5881   

# Frame382

# x        y
6.6830     22.7818   
10.0087    5.8463    
1.7012     32.0391   
1.0050     28.5011   
18.4614    30.1835   
4.4547     26.5881   

# Frame383

# x        y
6.6824     22.7825   
10.0087    5.8463    
1.7012     32.0391   
1.0050     28.5011   
18.4614    30.1835   
4.4547     26.5881   

# Frame384

# x        y
6.6818     22.7833   
10.0087    5.8463    
1.7012     32.0391   
1.0050     28.5011   
18.4614    30.1835   
4.4547     26.5881   

# Frame385

# x        y
6.6813     22.7840   
10.0087    5.8463    
1.7012     32.0391   
1.0050     28.5011   
18.4614    30.1835   
4.4547     26.5881   

# Frame386

# x        y
6.6807     22.7847   
10.0087    5.8463    
1.7012     32.0391   
1.0050     28.5011   
18.4614    30.1835   
4.4547     26.5881   

# Frame387

# x        y
6.6801     22.7855   
10.0087    5.8463    
1.7012     32.0391   
1.0050     28.5011   
18.4614    30.1835   
4.4547     26.5881   

# Frame388

# x        y
6.6796     22.7862   
10.0087    5.8463    
1.7012     32.0391   
1.0050     28.5011   
18.4614    30.1835   
4.4547     26.5881   

# Frame389

# x        y
6.6790     22.7868   
10.0087    5.8463    
1.7012     32.0391   
1.0050     28.5011   
18.4614    30.1835   
4.4547     26.5881   

# Frame390

# x        y
6.6785     22.7875   
10.0087    5.8463    
1.7012     32.0391   
1.0050     28.5011   
18.4614    30.1835   
4.4547     26.5881   

# Frame391

# x        y
6.6780     22.7882   
10.0087    5.8463    
1.7012     32.0391   
1.0050     28.5011   
18.4614    30.1835   
4.4547     26.5881   

# Frame392

# x        y
6.6774     22.7889   
10.0087    5.8463    
1.7012     32.0391   
1.0050     28.5011   
18.4614    30.1835   
4.4547     26.5881   

# Frame393

# x        y
6.6769     22.7895   
10.0087    5.8463    
1.7012     32.0391   
1.0050     28.5011   
18.4614    30.1835   
4.4547     26.5881   

# Frame394

# x        y
6.6764     22.7901   
10.0087    5.8463    
1.7012     32.0391   
1.0050     28.5011   
18.4614    30.1835   
4.4547     26.5881   

# Frame395

# x        y
6.6759     22.7908   
10.0087    5.8463    
1.7012     32.0391   
1.0050     28.5011   
18.4614    30.1835   
4.4547     26.5881   

# Frame396

# x        y
6.6755     22.7914   
10.0087    5.8463    
1.7012     32.0391   
1.0050     28.5011   
18.4614    30.1835   
4.4547     26.5881   

# Frame397

# x        y
6.6750     22.7920   
10.0087    5.8463    
1.7012     32.0391   
1.0050     28.5011   
18.4614    30.1835   
4.4547     26.5881   

# Frame398

# x        y
6.6745     22.7926   
10.0087    5.8463    
1.7012     32.0391   
1.0050     28.5011   
18.4614    30.1835   
4.4547     26.5881   

# Frame399

# x        y
6.6741     22.7931   
10.0087    5.8463    
1.7012     32.0391   
1.0050     28.5011   
18.4614    30.1835   
4.4547     26.5881   

# Frame400

# x        y
6.6736     22.7937   
10.0087    5.8463    
1.7012     32.0391   
1.0050     28.5011   
18.4614    30.1835   
4.4547     26.5881   

# Frame401

# x        y
6.6732     22.7943   
10.0087    5.8463    
1.7012     32.0391   
1.0050     28.5011   
18.4614    30.1835   
4.4547     26.5881   

# Frame402

# x        y
6.6727     22.7948   
10.0087    5.8463    
1.7012     32.0391   
1.0050     28.5011   
18.4614    30.1835   
4.4547     26.5881   

# Frame403

# x        y
6.6723     22.7954   
10.0087    5.8463    
1.7012     32.0391   
1.0050     28.5011   
18.4614    30.1835   
4.4547     26.5881   

# Frame404

# x        y
6.6719     22.7959   
10.0087    5.8463    
1.7012     32.0391   
1.0050     28.5011   
18.4614    30.1835   
4.4547     26.5881   

# Frame405

# x        y
6.6715     22.7964   
10.0087    5.8463    
1.7012     32.0391   
1.0050     28.5011   
18.4614    30.1835   
4.4547     26.5881   

# Frame406

# x        y
6.6710     22.7970   
10.0087    5.8463    
1.7012     32.0391   
1.0050     28.5011   
18.4614    30.1835   
4.4547     26.5881   

# Frame407

# x        y
6.6706     22.7975   
10.0087    5.8463    
1.7012     32.0391   
1.0050     28.5011   
18.4614    30.1835   
4.4547     26.5881   

# Frame408

# x        y
6.6703     22.7980   
10.0087    5.8463    
1.7012     32.0391   
1.0050     28.5011   
18.4614    30.1835   
4.4547     26.5881   

# Frame409

# x        y
6.6699     22.7985   
10.0087    5.8463    
1.7012     32.0391   
1.0050     28.5011   
18.4614    30.1835   
4.4547     26.5881   

# Frame410

# x        y
6.6695     22.7990   
10.0087    5.8463    
1.7012     32.0391   
1.0050     28.5011   
18.4614    30.1835   
4.4547     26.5881   

# Frame411

# x        y
6.6691     22.7994   
10.0087    5.8463    
1.7012     32.0391   
1.0050     28.5011   
18.4614    30.1835   
4.4547     26.5881   

# Frame412

# x        y
6.6687     22.7999   
10.0087    5.8463    
1.7012     32.0391   
1.0050     28.5011   
18.4614    30.1835   
4.4547     26.5881   

# Frame413

# x        y
6.6684     22.8004   
10.0087    5.8463    
1.7012     32.0391   
1.0050     28.5011   
18.4614    30.1835   
4.4547     26.5881   

# Frame414

# x        y
6.6680     22.8008   
10.0087    5.8463    
1.7012     32.0391   
1.0050     28.5011   
18.4614    30.1835   
4.4547     26.5881   

# Frame415

# x        y
6.6677     22.8013   
10.0087    5.8463    
1.7012     32.0391   
1.0050     28.5011   
18.4614    30.1835   
4.4547     26.5881   

# Frame416

# x        y
6.6673     22.8017   
10.0087    5.8463    
1.7012     32.0391   
1.0050     28.5011   
18.4614    30.1835   
4.4547     26.5881   

# Frame417

# x        y
6.6670     22.8021   
10.0087    5.8463    
1.7012     32.0391   
1.0050     28.5011   
18.4614    30.1835   
4.4547     26.5881   

# Frame418

# x        y
6.6666     22.8026   
10.0087    5.8463    
1.7012     32.0391   
1.0050     28.5011   
18.4614    30.1835   
4.4547     26.5881   

# Frame419

# x        y
6.6663     22.8030   
10.0087    5.8463    
1.7012     32.0391   
1.0050     28.5011   
18.4614    30.1835   
4.4547     26.5881   

# Frame420

# x        y
6.6660     22.8034   
10.0087    5.8463    
1.7012     32.0391   
1.0050     28.5011   
18.4614    30.1835   
4.4547     26.5881   

# Frame421

# x        y
6.6657     22.8038   
10.0087    5.8463    
1.7012     32.0391   
1.0050     28.5011   
18.4614    30.1835   
4.4547     26.5881   

# Frame422

# x        y
6.6654     22.8042   
10.0087    5.8463    
1.7012     32.0391   
1.0050     28.5011   
18.4614    30.1835   
4.4547     26.5881   

# Frame423

# x        y
6.6651     22.8046   
10.0087    5.8463    
1.7012     32.0391   
1.0050     28.5011   
18.4614    30.1835   
4.4547     26.5881   

# Frame424

# x        y
6.6648     22.8050   
10.0087    5.8463    
1.7012     32.0391   
1.0050     28.5011   
18.4614    30.1835   
4.4547     26.5881   

# Frame425

# x        y
6.6645     22.8053   
10.0087    5.8463    
1.7012     32.0391   
1.0050     28.5011   
18.4614    30.1835   
4.4547     26.5881   

# Frame426

# x        y
6.6642     22.8057   
10.0087    5.8463    
1.7012     32.0391   
1.0050     28.5011   
18.4614    30.1835   
4.4547     26.5881   

# Frame427

# x        y
6.6639     22.8061   
10.0087    5.8463    
1.7012     32.0391   
1.0050     28.5011   
18.4614    30.1835   
4.4547     26.5881   

# Frame428

# x        y
6.6636     22.8064   
10.0087    5.8463    
1.7012     32.0391   
1.0050     28.5011   
18.4614    30.1835   
4.4547     26.5881   

# Frame429

# x        y
6.6633     22.8068   
10.0087    5.8463    
1.7012     32.0391   
1.0050     28.5011   
18.4614    30.1835   
4.4547     26.5881   

# Frame430

# x        y
6.6630     22.8071   
10.0087    5.8463    
1.7012     32.0391   
1.0050     28.5011   
18.4614    30.1835   
4.4547     26.5881   

# Frame431

# x        y
6.6628     22.8075   
10.0087    5.8463    
1.7012     32.0391   
1.0050     28.5011   
18.4614    30.1835   
4.4547     26.5881   

# Frame432

# x        y
6.6625     22.8078   
10.0087    5.8463    
1.7012     32.0391   
1.0050     28.5011   
18.4614    30.1835   
4.4547     26.5881   

# Frame433

# x        y
6.6623     22.8081   
10.0087    5.8463    
1.7012     32.0391   
1.0050     28.5011   
18.4614    30.1835   
4.4547     26.5881   

# Frame434

# x        y
6.6620     22.8085   
10.0087    5.8463    
1.7012     32.0391   
1.0050     28.5011   
18.4614    30.1835   
4.4547     26.5881   

# Frame435

# x        y
6.6617     22.8088   
10.0087    5.8463    
1.7012     32.0391   
1.0050     28.5011   
18.4614    30.1835   
4.4547     26.5881   

# Frame436

# x        y
6.6615     22.8091   
10.0087    5.8463    
1.7012     32.0391   
1.0050     28.5011   
18.4614    30.1835   
4.4547     26.5881   

# Frame437

# x        y
6.6613     22.8094   
10.0087    5.8463    
1.7012     32.0391   
1.0050     28.5011   
18.4614    30.1835   
4.4547     26.5881   

# Frame438

# x        y
6.6610     22.8097   
10.0087    5.8463    
1.7012     32.0391   
1.0050     28.5011   
18.4614    30.1835   
4.4547     26.5881   

# Frame439

# x        y
6.6608     22.8100   
10.0087    5.8463    
1.7012     32.0391   
1.0050     28.5011   
18.4614    30.1835   
4.4547     26.5881   

# Frame440

# x        y
6.6606     22.8103   
10.0087    5.8463    
1.7012     32.0391   
1.0050     28.5011   
18.4614    30.1835   
4.4547     26.5881   

# Frame441

# x        y
6.6603     22.8106   
10.0087    5.8463    
1.7012     32.0391   
1.0050     28.5011   
18.4614    30.1835   
4.4547     26.5881   

# Frame442

# x        y
6.6601     22.8109   
10.0087    5.8463    
1.7012     32.0391   
1.0050     28.5011   
18.4614    30.1835   
4.4547     26.5881   

# Frame443

# x        y
6.6599     22.8111   
10.0087    5.8463    
1.7012     32.0391   
1.0050     28.5011   
18.4614    30.1835   
4.4547     26.5881   

# Frame444

# x        y
6.6597     22.8114   
10.0087    5.8463    
1.7012     32.0391   
1.0050     28.5011   
18.4614    30.1835   
4.4547     26.5881   

# Frame445

# x        y
6.6595     22.8117   
10.0087    5.8463    
1.7012     32.0391   
1.0050     28.5011   
18.4614    30.1835   
4.4547     26.5881   

# Frame446

# x        y
6.6592     22.8119   
10.0087    5.8463    
1.7012     32.0391   
1.0050     28.5011   
18.4614    30.1835   
4.4547     26.5881   

# Frame447

# x        y
6.6590     22.8122   
10.0087    5.8463    
1.7012     32.0391   
1.0050     28.5011   
18.4614    30.1835   
4.4547     26.5881   

# Frame448

# x        y
6.6588     22.8125   
10.0087    5.8463    
1.7012     32.0391   
1.0050     28.5011   
18.4614    30.1835   
4.4547     26.5881   

# Frame449

# x        y
6.6586     22.8127   
10.0087    5.8463    
1.7012     32.0391   
1.0050     28.5011   
18.4614    30.1835   
4.4547     26.5881   

# Frame450

# x        y
6.6584     22.8130   
10.0087    5.8463    
1.7012     32.0391   
1.0050     28.5011   
18.4614    30.1835   
4.4547     26.5881   

# Frame451

# x        y
6.6583     22.8132   
10.0087    5.8463    
1.7012     32.0391   
1.0050     28.5011   
18.4614    30.1835   
4.4547     26.5881   

# Frame452

# x        y
6.6581     22.8134   
10.0087    5.8463    
1.7012     32.0391   
1.0050     28.5011   
18.4614    30.1835   
4.4547     26.5881   

# Frame453

# x        y
6.6579     22.8137   
10.0087    5.8463    
1.7012     32.0391   
1.0050     28.5011   
18.4614    30.1835   
4.4547     26.5881   

# Frame454

# x        y
6.6577     22.8139   
10.0087    5.8463    
1.7012     32.0391   
1.0050     28.5011   
18.4614    30.1835   
4.4547     26.5881   

# Frame455

# x        y
6.6575     22.8141   
10.0087    5.8463    
1.7012     32.0391   
1.0050     28.5011   
18.4614    30.1835   
4.4547     26.5881   

# Frame456

# x        y
6.6573     22.8144   
10.0087    5.8463    
1.7012     32.0391   
1.0050     28.5011   
18.4614    30.1835   
4.4547     26.5881   

# Frame457

# x        y
6.6572     22.8146   
10.0087    5.8463    
1.7012     32.0391   
1.0050     28.5011   
18.4614    30.1835   
4.4547     26.5881   

# Frame458

# x        y
6.6570     22.8148   
10.0087    5.8463    
1.7012     32.0391   
1.0050     28.5011   
18.4614    30.1835   
4.4547     26.5881   

# Frame459

# x        y
6.6568     22.8150   
10.0087    5.8463    
1.7012     32.0391   
1.0050     28.5011   
18.4614    30.1835   
4.4547     26.5881   

# Frame460

# x        y
6.6567     22.8152   
10.0087    5.8463    
1.7012     32.0391   
1.0050     28.5011   
18.4614    30.1835   
4.4547     26.5881   

# Frame461

# x        y
6.6565     22.8154   
10.0087    5.8463    
1.7012     32.0391   
1.0050     28.5011   
18.4614    30.1835   
4.4547     26.5881   

# Frame462

# x        y
6.6563     22.8156   
10.0087    5.8463    
1.7012     32.0391   
1.0050     28.5011   
18.4614    30.1835   
4.4547     26.5881   

# Frame463

# x        y
6.6562     22.8158   
10.0087    5.8463    
1.7012     32.0391   
1.0050     28.5011   
18.4614    30.1835   
4.4547     26.5881   

# Frame464

# x        y
6.6560     22.8160   
10.0087    5.8463    
1.7012     32.0391   
1.0050     28.5011   
18.4614    30.1835   
4.4547     26.5881   

# Frame465

# x        y
6.6559     22.8162   
10.0087    5.8463    
1.7012     32.0391   
1.0050     28.5011   
18.4614    30.1835   
4.4547     26.5881   

# Frame466

# x        y
6.6557     22.8164   
10.0087    5.8463    
1.7012     32.0391   
1.0050     28.5011   
18.4614    30.1835   
4.4547     26.5881   

# Frame467

# x        y
6.6556     22.8166   
10.0087    5.8463    
1.7012     32.0391   
1.0050     28.5011   
18.4614    30.1835   
4.4547     26.5881   

# Frame468

# x        y
6.6554     22.8168   
10.0087    5.8463    
1.7012     32.0391   
1.0050     28.5011   
18.4614    30.1835   
4.4547     26.5881   

# Frame469

# x        y
6.6553     22.8170   
10.0087    5.8463    
1.7012     32.0391   
1.0050     28.5011   
18.4614    30.1835   
4.4547     26.5881   

# Frame470

# x        y
6.6552     22.8171   
10.0087    5.8463    
1.7012     32.0391   
1.0050     28.5011   
18.4614    30.1835   
4.4547     26.5881   

# Frame471

# x        y
6.6550     22.8173   
10.0087    5.8463    
1.7012     32.0391   
1.0050     28.5011   
18.4614    30.1835   
4.4547     26.5881   

# Frame472

# x        y
6.6549     22.8175   
10.0087    5.8463    
1.7012     32.0391   
1.0050     28.5011   
18.4614    30.1835   
4.4547     26.5881   

# Frame473

# x        y
6.6548     22.8176   
10.0087    5.8463    
1.7012     32.0391   
1.0050     28.5011   
18.4614    30.1835   
4.4547     26.5881   

# Frame474

# x        y
6.6546     22.8178   
10.0087    5.8463    
1.7012     32.0391   
1.0050     28.5011   
18.4614    30.1835   
4.4547     26.5881   

# Frame475

# x        y
6.6545     22.8180   
10.0087    5.8463    
1.7012     32.0391   
1.0050     28.5011   
18.4614    30.1835   
4.4547     26.5881   

# Frame476

# x        y
6.6544     22.8181   
10.0087    5.8463    
1.7012     32.0391   
1.0050     28.5011   
18.4614    30.1835   
4.4547     26.5881   

# Frame477

# x        y
6.6542     22.8183   
10.0087    5.8463    
1.7012     32.0391   
1.0050     28.5011   
18.4614    30.1835   
4.4547     26.5881   

# Frame478

# x        y
6.6541     22.8184   
10.0087    5.8463    
1.7012     32.0391   
1.0050     28.5011   
18.4614    30.1835   
4.4547     26.5881   

# Frame479

# x        y
6.6540     22.8186   
10.0087    5.8463    
1.7012     32.0391   
1.0050     28.5011   
18.4614    30.1835   
4.4547     26.5881   

# Frame480

# x        y
6.6539     22.8187   
10.0087    5.8463    
1.7012     32.0391   
1.0050     28.5011   
18.4614    30.1835   
4.4547     26.5881   

# Frame481

# x        y
6.6538     22.8189   
10.0087    5.8463    
1.7012     32.0391   
1.0050     28.5011   
18.4614    30.1835   
4.4547     26.5881   

# Frame482

# x        y
6.6537     22.8190   
10.0087    5.8463    
1.7012     32.0391   
1.0050     28.5011   
18.4614    30.1835   
4.4547     26.5881   

# Frame483

# x        y
6.6535     22.8192   
10.0087    5.8463    
1.7012     32.0391   
1.0050     28.5011   
18.4614    30.1835   
4.4547     26.5881   

# Frame484

# x        y
6.6534     22.8193   
10.0087    5.8463    
1.7012     32.0391   
1.0050     28.5011   
18.4614    30.1835   
4.4547     26.5881   

# Frame485

# x        y
6.6533     22.8195   
10.0087    5.8463    
1.7012     32.0391   
1.0050     28.5011   
18.4614    30.1835   
4.4547     26.5881   

# Frame486

# x        y
6.6532     22.8196   
10.0087    5.8463    
1.7012     32.0391   
1.0050     28.5011   
18.4614    30.1835   
4.4547     26.5881   

# Frame487

# x        y
6.6531     22.8197   
10.0087    5.8463    
1.7012     32.0391   
1.0050     28.5011   
18.4614    30.1835   
4.4547     26.5881   

# Frame488

# x        y
6.6530     22.8199   
10.0087    5.8463    
1.7012     32.0391   
1.0050     28.5011   
18.4614    30.1835   
4.4547     26.5881   

# Frame489

# x        y
6.6529     22.8200   
10.0087    5.8463    
1.7012     32.0391   
1.0050     28.5011   
18.4614    30.1835   
4.4547     26.5881   

# Frame490

# x        y
6.6528     22.8201   
10.0087    5.8463    
1.7012     32.0391   
1.0050     28.5011   
18.4614    30.1835   
4.4547     26.5881   

# Frame491

# x        y
6.6527     22.8202   
10.0087    5.8463    
1.7012     32.0391   
1.0050     28.5011   
18.4614    30.1835   
4.4547     26.5881   

# Frame492

# x        y
6.6526     22.8204   
10.0087    5.8463    
1.7012     32.0391   
1.0050     28.5011   
18.4614    30.1835   
4.4547     26.5881   

# Frame493

# x        y
6.6525     22.8205   
10.0087    5.8463    
1.7012     32.0391   
1.0050     28.5011   
18.4614    30.1835   
4.4547     26.5881   

# Frame494

# x        y
6.6524     22.8206   
10.0087    5.8463    
1.7012     32.0391   
1.0050     28.5011   
18.4614    30.1835   
4.4547     26.5881   

# Frame495

# x        y
6.6523     22.8207   
10.0087    5.8463    
1.7012     32.0391   
1.0050     28.5011   
18.4614    30.1835   
4.4547     26.5881   

# Frame496

# x        y
6.6523     22.8208   
10.0087    5.8463    
1.7012     32.0391   
1.0050     28.5011   
18.4614    30.1835   
4.4547     26.5881   

# Frame497

# x        y
6.6522     22.8209   
10.0087    5.8463    
1.7012     32.0391   
1.0050     28.5011   
18.4614    30.1835   
4.4547     26.5881   

# Frame498

# x        y
6.6521     22.8210   
10.0087    5.8463    
1.7012     32.0391   
1.0050     28.5011   
18.4614    30.1835   
4.4547     26.5881   

# Frame499

# x        y
6.6520     22.8212   
10.0087    5.8463    
1.7012     32.0391   
1.0050     28.5011   
18.4614    30.1835   
4.4547     26.5881   

# Frame500

# x        y
6.6519     22.8213   
10.0087    5.8463    
1.7012     32.0391   
1.0050     28.5011   
18.4614    30.1835   
4.4547     26.5881   

# Frame501

# x        y
6.6518     22.8214   
10.0087    5.8463    
1.7012     32.0391   
1.0050     28.5011   
18.4614    30.1835   
4.4547     26.5881   

# Frame502

# x        y
6.6517     22.8215   
10.0087    5.8463    
1.7012     32.0391   
1.0050     28.5011   
18.4614    30.1835   
4.4547     26.5881   

# Frame503

# x        y
6.6517     22.8216   
10.0087    5.8463    
1.7012     32.0391   
1.0050     28.5011   
18.4614    30.1835   
4.4547     26.5881   

# Frame504

# x        y
6.6516     22.8217   
10.0087    5.8463    
1.7012     32.0391   
1.0050     28.5011   
18.4614    30.1835   
4.4547     26.5881   

# Frame505

# x        y
6.6515     22.8218   
10.0087    5.8463    
1.7012     32.0391   
1.0050     28.5011   
18.4614    30.1835   
4.4547     26.5881   

# Frame506

# x        y
6.6514     22.8219   
10.0087    5.8463    
1.7012     32.0391   
1.0050     28.5011   
18.4614    30.1835   
4.4547     26.5881   

# Frame507

# x        y
6.6514     22.8220   
10.0087    5.8463    
1.7012     32.0391   
1.0050     28.5011   
18.4614    30.1835   
4.4547     26.5881   

# Frame508

# x        y
6.6513     22.8221   
10.0087    5.8463    
1.7012     32.0391   
1.0050     28.5011   
18.4614    30.1835   
4.4547     26.5881   

# Frame509

# x        y
6.6512     22.8221   
10.0087    5.8463    
1.7012     32.0391   
1.0050     28.5011   
18.4614    30.1835   
4.4547     26.5881   

# Frame510

# x        y
6.6511     22.8222   
10.0087    5.8463    
1.7012     32.0391   
1.0050     28.5011   
18.4614    30.1835   
4.4547     26.5881   

# Frame511

# x        y
6.6511     22.8223   
10.0087    5.8463    
1.7012     32.0391   
1.0050     28.5011   
18.4614    30.1835   
4.4547     26.5881   

# Frame512

# x        y
6.6510     22.8224   
10.0087    5.8463    
1.7012     32.0391   
1.0050     28.5011   
18.4614    30.1835   
4.4547     26.5881   

# Frame513

# x        y
6.6509     22.8225   
10.0087    5.8463    
1.7012     32.0391   
1.0050     28.5011   
18.4614    30.1835   
4.4547     26.5881   

# Frame514

# x        y
6.6509     22.8226   
10.0087    5.8463    
1.7012     32.0391   
1.0050     28.5011   
18.4614    30.1835   
4.4547     26.5881   

# Frame515

# x        y
6.6508     22.8227   
10.0087    5.8463    
1.7012     32.0391   
1.0050     28.5011   
18.4614    30.1835   
4.4547     26.5881   

# Frame516

# x        y
6.6507     22.8227   
10.0087    5.8463    
1.7012     32.0391   
1.0050     28.5011   
18.4614    30.1835   
4.4547     26.5881   

# Frame517

# x        y
6.6507     22.8228   
10.0087    5.8463    
1.7012     32.0391   
1.0050     28.5011   
18.4614    30.1835   
4.4547     26.5881   

# Frame518

