# x        y
6.2210     38.9956   
13.5141    23.0594   
1.3911     19.9802   
17.7156    13.1880   
13.4683    13.3552   
1.5333     37.1345   

# Frame1

# x        y
4.5942     37.8322   
13.5141    23.0594   
1.3911     19.9802   
17.7156    13.1880   
13.4683    13.3552   
1.5333     37.1345   

# Frame2

# x        y
3.3829     36.7398   
13.5141    23.0594   
1.3911     19.9802   
17.7156    13.1880   
13.4683    13.3552   
1.1450     37.0829   

# Frame3

# x        y
3.1192     35.7285   
13.5141    23.0594   
1.3911     19.9802   
17.7156    13.1880   
13.4683    13.3552   
1.3525     36.9021   

# Frame4

# x        y
3.1370     34.6610   
13.5141    23.0594   
1.3911     19.9802   
17.7156    13.1880   
13.4683    13.3552   
1.4911     36.7874   

# Frame5

# x        y
3.1545     33.6113   
13.5141    23.0594   
1.3911     19.9802   
17.7156    13.1880   
13.4683    13.3552   
1.6273     36.6747   

# Frame6

# x        y
3.1717     32.5792   
13.5141    23.0594   
1.3911     19.9802   
17.7156    13.1880   
13.4683    13.3552   
1.7613     36.5638   

# Frame7

# x        y
3.1887     31.5642   
13.5141    23.0594   
1.3911     19.9802   
17.7156    13.1880   
13.4683    13.3552   
1.8930     36.4548   

# Frame8

# x        y
3.2053     30.5662   
13.5141    23.0594   
1.3911     19.9802   
17.7156    13.1880   
13.4683    13.3552   
2.0225     36.3476   

# Frame9

# x        y
3.2217     29.5848   
13.5141    23.0594   
1.3911     19.9802   
17.7156    13.1880   
13.4683    13.3552   
2.1499     36.2422   

# Frame10

# x        y
3.2378     28.6197   
13.5141    23.0594   
1.3911     19.9802   
17.7156    13.1880   
13.4683    13.3552   
2.2752     36.1385   

# Frame11

# x        y
3.2536     27.6707   
13.5141    23.0594   
1.3911     19.9802   
17.7156    13.1880   
13.4683    13.3552   
2.3984     36.0366   

# Frame12

# x        y
3.2692     26.7376   
13.5141    23.0594   
1.3911     19.9802   
17.7156    13.1880   
13.4683    13.3552   
2.5195     35.9364   

# Frame13

# x        y
3.2845     25.8200   
13.5141    23.0594   
1.3911     19.9802   
17.7156    13.1880   
13.4683    13.3552   
2.6386     35.8378   

# Frame14

# x        y
3.2995     24.9177   
13.5141    23.0594   
1.3911     19.9802   
17.7156    13.1880   
13.4683    13.3552   
2.7557     35.7409   

# Frame15

# x        y
3.3143     24.0304   
13.5141    23.0594   
1.3911     19.9802   
17.7156    13.1880   
13.4683    13.3552   
2.8708     35.6456   

# Frame16

# x        y
3.3289     23.1579   
13.5141    23.0594   
1.3911     19.9802   
17.7156    13.1880   
13.4683    13.3552   
2.9841     35.5519   

# Frame17

# x        y
3.3432     22.3000   
13.5141    23.0594   
1.3911     19.9802   
17.7156    13.1880   
13.4683    13.3552   
3.0954     35.4597   

# Frame18

# x        y
3.3573     21.4563   
13.5141    23.0594   
1.3911     19.9802   
17.7156    13.1880   
13.4683    13.3552   
3.2049     35.3691   

# Frame19

# x        y
3.3711     20.6267   
13.5141    23.0594   
1.3911     19.9802   
17.7156    13.1880   
13.4683    13.3552   
3.3126     35.2800   

# Frame20

# x        y
3.3847     19.8110   
13.5141    23.0594   
1.3911     19.9802   
17.7156    13.1880   
13.4683    13.3552   
3.4185     35.1924   

# Frame21

# x        y
3.3981     19.0088   
13.5141    23.0594   
1.3911     19.9802   
17.7156    13.1880   
13.4683    13.3552   
3.5226     35.1062   

# Frame22

# x        y
3.4113     18.2200   
13.5141    23.0594   
1.3911     19.9802   
17.7156    13.1880   
13.4683    13.3552   
3.6250     35.0215   

# Frame23

# x        y
3.4242     17.4444   
13.5141    23.0594   
1.3911     19.9802   
17.7156    13.1880   
13.4683    13.3552   
3.7257     34.9382   

# Frame24

# x        y
3.4369     16.6817   
13.5141    23.0594   
1.3911     19.9802   
17.7156    13.1880   
13.4683    13.3552   
3.8247     34.8563   

# Frame25

# x        y
3.4494     15.9317   
13.5141    23.0594   
1.3911     19.9802   
17.7156    13.1880   
13.4683    13.3552   
3.9220     34.7757   

# Frame26

# x        y
3.4617     15.1942   
13.5141    23.0594   
1.3911     19.9802   
17.7156    13.1880   
13.4683    13.3552   
4.0177     34.6965   

# Frame27

# x        y
3.4738     14.4689   
13.5141    23.0594   
1.3911     19.9802   
17.7156    13.1880   
13.4683    13.3552   
4.1118     34.6186   

# Frame28

# x        y
3.4857     13.7558   
13.5141    23.0594   
1.3911     19.9802   
17.7156    13.1880   
13.4683    13.3552   
4.2044     34.5420   

# Frame29

# x        y
3.4974     13.0546   
13.5141    23.0594   
1.3911     19.9802   
17.7156    13.1880   
13.4683    13.3552   
4.2954     34.4667   

# Frame30

# x        y
3.5089     12.3650   
13.5141    23.0594   
1.3911     19.9802   
17.7156    13.1880   
13.4683    13.3552   
4.3849     34.3926   

# Frame31

# x        y
3.5202     11.6870   
13.5141    23.0594   
1.3911     19.9802   
17.7156    13.1880   
13.4683    13.3552   
4.4729     34.3198   

# Frame32

# x        y
3.5314     11.0202   
13.5141    23.0594   
1.3911     19.9802   
17.7156    13.1880   
13.4683    13.3552   
4.5595     34.2482   

# Frame33

# x        y
3.5423     10.3646   
13.5141    23.0594   
1.3911     19.9802   
17.7156    13.1880   
13.4683    13.3552   
4.6446     34.1777   

# Frame34

# x        y
3.5530     9.7198    
13.5141    23.0594   
1.3911     19.9802   
17.7156    13.1880   
13.4683    13.3552   
4.7282     34.1085   

# Frame35

# x        y
3.5636     9.0859    
13.5141    23.0594   
1.3911     19.9802   
17.7156    13.1880   
13.4683    13.3552   
4.8105     34.0404   

# Frame36

# x        y
3.5740     8.4625    
13.5141    23.0594   
1.3911     19.9802   
17.7156    13.1880   
13.4683    13.3552   
4.8914     33.9734   

# Frame37

# x        y
3.5842     7.8494    
13.5141    23.0594   
1.3911     19.9802   
17.7156    13.1880   
13.4683    13.3552   
4.9710     33.9076   

# Frame38

# x        y
3.5943     7.2466    
13.5141    23.0594   
1.3911     19.9802   
17.7156    13.1880   
13.4683    13.3552   
5.0492     33.8429   

# Frame39

# x        y
3.6042     6.6539    
13.5141    23.0594   
1.3911     19.9802   
17.7156    13.1880   
13.4683    13.3552   
5.1262     33.7792   

# Frame40

# x        y
3.6139     6.0710    
13.5141    23.0594   
1.3911     19.9802   
17.7156    13.1880   
13.4683    13.3552   
5.2018     33.7166   

# Frame41

# x        y
3.6235     5.4978    
13.5141    23.0594   
1.3911     19.9802   
17.7156    13.1880   
13.4683    13.3552   
5.2762     33.6550   

# Frame42

# x        y
3.6329     4.9342    
13.5141    23.0594   
1.3911     19.9802   
17.7156    13.1880   
13.4683    13.3552   
5.3494     33.5945   

# Frame43

# x        y
3.6421     4.3800    
13.5141    23.0594   
1.3911     19.9802   
17.7156    13.1880   
13.4683    13.3552   
5.4213     33.5350   

# Frame44

# x        y
3.6512     3.8350    
13.5141    23.0594   
1.3911     19.9802   
17.7156    13.1880   
13.4683    13.3552   
5.4920     33.4764   

# Frame45

# x        y
3.6602     3.2992    
13.5141    23.0594   
1.3911     19.9802   
17.7156    13.1880   
13.4683    13.3552   
5.5616     33.4189   

# Frame46

# x        y
3.6689     2.7722    
13.5141    23.0594   
1.3911     19.9802   
17.7156    13.1880   
13.4683    13.3552   
5.6300     33.3623   

# Frame47

# x        y
3.6776     2.2540    
13.5141    23.0594   
1.3911     19.9802   
17.7156    13.1880   
13.4683    13.3552   
5.6973     33.3066   

# Frame48

# x        y
3.6861     1.7445    
13.5141    23.0594   
1.3911     19.9802   
17.7156    13.1880   
13.4683    13.3552   
5.7634     33.2519   

# Frame49

# x        y
3.6944     1.2434    
13.5141    23.0594   
1.3911     19.9802   
17.7156    13.1880   
13.4683    13.3552   
5.8284     33.1981   

# Frame50

# x        y
3.7196     1.1270    
13.5141    23.0594   
1.3911     19.9802   
17.7156    13.1880   
13.4683    13.3552   
5.8924     33.1451   

# Frame51

# x        y
3.7612     1.3692    
13.5141    23.0594   
1.3911     19.9802   
17.7156    13.1880   
13.4683    13.3552   
5.9553     33.0931   

# Frame52

# x        y
3.8021     1.6074    
13.5141    23.0594   
1.3911     19.9802   
17.7156    13.1880   
13.4683    13.3552   
6.0171     33.0419   

# Frame53

# x        y
3.8424     1.8417    
13.5141    23.0594   
1.3911     19.9802   
17.7156    13.1880   
13.4683    13.3552   
6.0779     32.9916   

# Frame54

# x        y
3.8820     2.0720    
13.5141    23.0594   
1.3911     19.9802   
17.7156    13.1880   
13.4683    13.3552   
6.1377     32.9421   

# Frame55

# x        y
3.9209     2.2985    
13.5141    23.0594   
1.3911     19.9802   
17.7156    13.1880   
13.4683    13.3552   
6.1965     32.8935   

# Frame56

# x        y
3.9591     2.5212    
13.5141    23.0594   
1.3911     19.9802   
17.7156    13.1880   
13.4683    13.3552   
6.2543     32.8456   

# Frame57

# x        y
3.9968     2.7402    
13.5141    23.0594   
1.3911     19.9802   
17.7156    13.1880   
13.4683    13.3552   
6.3111     32.7986   

# Frame58

# x        y
4.0338     2.9556    
13.5141    23.0594   
1.3911     19.9802   
17.7156    13.1880   
13.4683    13.3552   
6.3670     32.7523   

# Frame59

# x        y
4.0702     3.1674    
13.5141    23.0594   
1.3911     19.9802   
17.7156    13.1880   
13.4683    13.3552   
6.4220     32.7068   

# Frame60

# x        y
4.1059     3.3756    
13.5141    23.0594   
1.3911     19.9802   
17.7156    13.1880   
13.4683    13.3552   
6.4761     32.6621   

# Frame61

# x        y
4.1411     3.5804    
13.5141    23.0594   
1.3911     19.9802   
17.7156    13.1880   
13.4683    13.3552   
6.5292     32.6181   

# Frame62

# x        y
4.1757     3.7817    
13.5141    23.0594   
1.3911     19.9802   
17.7156    13.1880   
13.4683    13.3552   
6.5815     32.5748   

# Frame63

# x        y
4.2097     3.9797    
13.5141    23.0594   
1.3911     19.9802   
17.7156    13.1880   
13.4683    13.3552   
6.6329     32.5323   

# Frame64

# x        y
4.2432     4.1744    
13.5141    23.0594   
1.3911     19.9802   
17.7156    13.1880   
13.4683    13.3552   
6.6834     32.4905   

# Frame65

# x        y
4.2761     4.3659    
13.5141    23.0594   
1.3911     19.9802   
17.7156    13.1880   
13.4683    13.3552   
6.7331     32.4494   

# Frame66

# x        y
4.3084     4.5541    
13.5141    23.0594   
1.3911     19.9802   
17.7156    13.1880   
13.4683    13.3552   
6.7820     32.4089   

# Frame67

# x        y
4.3403     4.7393    
13.5141    23.0594   
1.3911     19.9802   
17.7156    13.1880   
13.4683    13.3552   
6.8301     32.3691   

# Frame68

# x        y
4.3715     4.9213    
13.5141    23.0594   
1.3911     19.9802   
17.7156    13.1880   
13.4683    13.3552   
6.8773     32.3300   

# Frame69

# x        y
4.4023     5.1003    
13.5141    23.0594   
1.3911     19.9802   
17.7156    13.1880   
13.4683    13.3552   
6.9238     32.2916   

# Frame70

# x        y
4.4325     5.2763    
13.5141    23.0594   
1.3911     19.9802   
17.7156    13.1880   
13.4683    13.3552   
6.9695     32.2538   

# Frame71

# x        y
4.4623     5.4494    
13.5141    23.0594   
1.3911     19.9802   
17.7156    13.1880   
13.4683    13.3552   
7.0144     32.2166   

# Frame72

# x        y
4.4915     5.6196    
13.5141    23.0594   
1.3911     19.9802   
17.7156    13.1880   
13.4683    13.3552   
7.0586     32.1800   

# Frame73

# x        y
4.5203     5.7870    
13.5141    23.0594   
1.3911     19.9802   
17.7156    13.1880   
13.4683    13.3552   
7.1020     32.1441   

# Frame74

# x        y
4.5486     5.9516    
13.5141    23.0594   
1.3911     19.9802   
17.7156    13.1880   
13.4683    13.3552   
7.1448     32.1087   

# Frame75

# x        y
4.5764     6.1134    
13.5141    23.0594   
1.3911     19.9802   
17.7156    13.1880   
13.4683    13.3552   
7.1868     32.0739   

# Frame76

# x        y
4.6037     6.2725    
13.5141    23.0594   
1.3911     19.9802   
17.7156    13.1880   
13.4683    13.3552   
7.2281     32.0398   

# Frame77

# x        y
4.6306     6.4290    
13.5141    23.0594   
1.3911     19.9802   
17.7156    13.1880   
13.4683    13.3552   
7.2687     32.0061   

# Frame78

# x        y
4.6570     6.5829    
13.5141    23.0594   
1.3911     19.9802   
17.7156    13.1880   
13.4683    13.3552   
7.3086     31.9731   

# Frame79

# x        y
4.6830     6.7342    
13.5141    23.0594   
1.3911     19.9802   
17.7156    13.1880   
13.4683    13.3552   
7.3479     31.9406   

# Frame80

# x        y
4.7086     6.8830    
13.5141    23.0594   
1.3911     19.9802   
17.7156    13.1880   
13.4683    13.3552   
7.3865     31.9086   

# Frame81

# x        y
4.7337     7.0293    
13.5141    23.0594   
1.3911     19.9802   
17.7156    13.1880   
13.4683    13.3552   
7.4245     31.8772   

# Frame82

# x        y
4.7585     7.1732    
13.5141    23.0594   
1.3911     19.9802   
17.7156    13.1880   
13.4683    13.3552   
7.4619     31.8463   

# Frame83

# x        y
4.7828     7.3147    
13.5141    23.0594   
1.3911     19.9802   
17.7156    13.1880   
13.4683    13.3552   
7.4986     31.8159   

# Frame84

# x        y
4.8067     7.4538    
13.5141    23.0594   
1.3911     19.9802   
17.7156    13.1880   
13.4683    13.3552   
7.5347     31.7860   

# Frame85

# x        y
4.8302     7.5906    
13.5141    23.0594   
1.3911     19.9802   
17.7156    13.1880   
13.4683    13.3552   
7.5702     31.7566   

# Frame86

# x        y
4.8533     7.7251    
13.5141    23.0594   
1.3911     19.9802   
17.7156    13.1880   
13.4683    13.3552   
7.6051     31.7277   

# Frame87

# x        y
4.8760     7.8574    
13.5141    23.0594   
1.3911     19.9802   
17.7156    13.1880   
13.4683    13.3552   
7.6395     31.6993   

# Frame88

# x        y
4.8984     7.9874    
13.5141    23.0594   
1.3911     19.9802   
17.7156    13.1880   
13.4683    13.3552   
7.6732     31.6714   

# Frame89

# x        y
4.9204     8.1153    
13.5141    23.0594   
1.3911     19.9802   
17.7156    13.1880   
13.4683    13.3552   
7.7064     31.6439   

# Frame90

# x        y
4.9420     8.2411    
13.5141    23.0594   
1.3911     19.9802   
17.7156    13.1880   
13.4683    13.3552   
7.7391     31.6169   

# Frame91

# x        y
4.9632     8.3648    
13.5141    23.0594   
1.3911     19.9802   
17.7156    13.1880   
13.4683    13.3552   
7.7712     31.5903   

# Frame92

# x        y
4.9841     8.4864    
13.5141    23.0594   
1.3911     19.9802   
17.7156    13.1880   
13.4683    13.3552   
7.8028     31.5642   

# Frame93

# x        y
5.0047     8.6060    
13.5141    23.0594   
1.3911     19.9802   
17.7156    13.1880   
13.4683    13.3552   
7.8338     31.5385   

# Frame94

# x        y
5.0249     8.7236    
13.5141    23.0594   
1.3911     19.9802   
17.7156    13.1880   
13.4683    13.3552   
7.8643     31.5132   

# Frame95

# x        y
5.0447     8.8392    
13.5141    23.0594   
1.3911     19.9802   
17.7156    13.1880   
13.4683    13.3552   
7.8944     31.4884   

# Frame96

# x        y
5.0643     8.9529    
13.5141    23.0594   
1.3911     19.9802   
17.7156    13.1880   
13.4683    13.3552   
7.9239     31.4640   

# Frame97

# x        y
5.0835     9.0647    
13.5141    23.0594   
1.3911     19.9802   
17.7156    13.1880   
13.4683    13.3552   
7.9529     31.4399   

# Frame98

# x        y
5.1024     9.1747    
13.5141    23.0594   
1.3911     19.9802   
17.7156    13.1880   
13.4683    13.3552   
7.9814     31.4163   

# Frame99

# x        y
5.1210     9.2828    
13.5141    23.0594   
1.3911     19.9802   
17.7156    13.1880   
13.4683    13.3552   
8.0095     31.3931   

# Frame100

# x        y
5.1392     9.3891    
13.5141    23.0594   
1.3911     19.9802   
17.7156    13.1880   
13.4683    13.3552   
8.0371     31.3703   

# Frame101

# x        y
5.1572     9.4937    
13.5141    23.0594   
1.3911     19.9802   
17.7156    13.1880   
13.4683    13.3552   
8.0642     31.3478   

# Frame102

# x        y
5.1748     9.5965    
13.5141    23.0594   
1.3911     19.9802   
17.7156    13.1880   
13.4683    13.3552   
8.0909     31.3257   

# Frame103

# x        y
5.1922     9.6976    
13.5141    23.0594   
1.3911     19.9802   
17.7156    13.1880   
13.4683    13.3552   
8.1172     31.3040   

# Frame104

# x        y
5.2093     9.7970    
13.5141    23.0594   
1.3911     19.9802   
17.7156    13.1880   
13.4683    13.3552   
8.1430     31.2826   

# Frame105

# x        y
5.2261     9.8947    
13.5141    23.0594   
1.3911     19.9802   
17.7156    13.1880   
13.4683    13.3552   
8.1683     31.2616   

# Frame106

# x        y
5.2426     9.9908    
13.5141    23.0594   
1.3911     19.9802   
17.7156    13.1880   
13.4683    13.3552   
8.1933     31.2410   

# Frame107

# x        y
5.2588     10.0853   
13.5141    23.0594   
1.3911     19.9802   
17.7156    13.1880   
13.4683    13.3552   
8.2178     31.2207   

# Frame108

# x        y
5.2748     10.1783   
13.5141    23.0594   
1.3911     19.9802   
17.7156    13.1880   
13.4683    13.3552   
8.2419     31.2007   

# Frame109

# x        y
5.2905     10.2697   
13.5141    23.0594   
1.3911     19.9802   
17.7156    13.1880   
13.4683    13.3552   
8.2657     31.1811   

# Frame110

# x        y
5.3060     10.3595   
13.5141    23.0594   
1.3911     19.9802   
17.7156    13.1880   
13.4683    13.3552   
8.2890     31.1618   

# Frame111

# x        y
5.3211     10.4479   
13.5141    23.0594   
1.3911     19.9802   
17.7156    13.1880   
13.4683    13.3552   
8.3119     31.1428   

# Frame112

# x        y
5.3361     10.5348   
13.5141    23.0594   
1.3911     19.9802   
17.7156    13.1880   
13.4683    13.3552   
8.3345     31.1241   

# Frame113

# x        y
5.3508     10.6202   
13.5141    23.0594   
1.3911     19.9802   
17.7156    13.1880   
13.4683    13.3552   
8.3567     31.1058   

# Frame114

# x        y
5.3652     10.7043   
13.5141    23.0594   
1.3911     19.9802   
17.7156    13.1880   
13.4683    13.3552   
8.3785     31.0877   

# Frame115

# x        y
5.3794     10.7869   
13.5141    23.0594   
1.3911     19.9802   
17.7156    13.1880   
13.4683    13.3552   
8.3999     31.0700   

# Frame116

# x        y
5.3934     10.8681   
13.5141    23.0594   
1.3911     19.9802   
17.7156    13.1880   
13.4683    13.3552   
8.4210     31.0525   

# Frame117

# x        y
5.4071     10.9480   
13.5141    23.0594   
1.3911     19.9802   
17.7156    13.1880   
13.4683    13.3552   
8.4418     31.0354   

# Frame118

# x        y
5.4206     11.0266   
13.5141    23.0594   
1.3911     19.9802   
17.7156    13.1880   
13.4683    13.3552   
8.4622     31.0185   

# Frame119

# x        y
5.4339     11.1038   
13.5141    23.0594   
1.3911     19.9802   
17.7156    13.1880   
13.4683    13.3552   
8.4822     31.0019   

# Frame120

# x        y
5.4469     11.1798   
13.5141    23.0594   
1.3911     19.9802   
17.7156    13.1880   
13.4683    13.3552   
8.5019     30.9856   

# Frame121

# x        y
5.4597     11.2545   
13.5141    23.0594   
1.3911     19.9802   
17.7156    13.1880   
13.4683    13.3552   
8.5213     30.9695   

# Frame122

# x        y
5.4724     11.3280   
13.5141    23.0594   
1.3911     19.9802   
17.7156    13.1880   
13.4683    13.3552   
8.5404     30.9537   

# Frame123

# x        y
5.4848     11.4002   
13.5141    23.0594   
1.3911     19.9802   
17.7156    13.1880   
13.4683    13.3552   
8.5591     30.9382   

# Frame124

# x        y
5.4970     11.4712   
13.5141    23.0594   
1.3911     19.9802   
17.7156    13.1880   
13.4683    13.3552   
8.5776     30.9230   

# Frame125

# x        y
5.5090     11.5410   
13.5141    23.0594   
1.3911     19.9802   
17.7156    13.1880   
13.4683    13.3552   
8.5957     30.9080   

# Frame126

# x        y
5.5208     11.6097   
13.5141    23.0594   
1.3911     19.9802   
17.7156    13.1880   
13.4683    13.3552   
8.6135     30.8932   

# Frame127

# x        y
5.5324     11.6773   
13.5141    23.0594   
1.3911     19.9802   
17.7156    13.1880   
13.4683    13.3552   
8.6311     30.8787   

# Frame128

# x        y
5.5438     11.7437   
13.5141    23.0594   
1.3911     19.9802   
17.7156    13.1880   
13.4683    13.3552   
8.6483     30.8644   

# Frame129

# x        y
5.5550     11.8090   
13.5141    23.0594   
1.3911     19.9802   
17.7156    13.1880   
13.4683    13.3552   
8.6653     30.8504   

# Frame130

# x        y
5.5660     11.8732   
13.5141    23.0594   
1.3911     19.9802   
17.7156    13.1880   
13.4683    13.3552   
8.6819     30.8366   

# Frame131

# x        y
5.5769     11.9363   
13.5141    23.0594   
1.3911     19.9802   
17.7156    13.1880   
13.4683    13.3552   
8.6983     30.8231   

# Frame132

# x        y
5.5876     11.9984   
13.5141    23.0594   
1.3911     19.9802   
17.7156    13.1880   
13.4683    13.3552   
8.7144     30.8097   

# Frame133

# x        y
5.5981     12.0595   
13.5141    23.0594   
1.3911     19.9802   
17.7156    13.1880   
13.4683    13.3552   
8.7303     30.7966   

# Frame134

# x        y
5.6084     12.1195   
13.5141    23.0594   
1.3911     19.9802   
17.7156    13.1880   
13.4683    13.3552   
8.7459     30.7837   

# Frame135

# x        y
5.6185     12.1785   
13.5141    23.0594   
1.3911     19.9802   
17.7156    13.1880   
13.4683    13.3552   
8.7612     30.7710   

# Frame136

# x        y
5.6285     12.2366   
13.5141    23.0594   
1.3911     19.9802   
17.7156    13.1880   
13.4683    13.3552   
8.7763     30.7586   

# Frame137

# x        y
5.6383     12.2937   
13.5141    23.0594   
1.3911     19.9802   
17.7156    13.1880   
13.4683    13.3552   
8.7911     30.7463   

# Frame138

# x        y
5.6479     12.3498   
13.5141    23.0594   
1.3911     19.9802   
17.7156    13.1880   
13.4683    13.3552   
8.8056     30.7342   

# Frame139

# x        y
5.6574     12.4050   
13.5141    23.0594   
1.3911     19.9802   
17.7156    13.1880   
13.4683    13.3552   
8.8200     30.7224   

# Frame140

# x        y
5.6667     12.4593   
13.5141    23.0594   
1.3911     19.9802   
17.7156    13.1880   
13.4683    13.3552   
8.8341     30.7107   

# Frame141

# x        y
5.6759     12.5127   
13.5141    23.0594   
1.3911     19.9802   
17.7156    13.1880   
13.4683    13.3552   
8.8479     30.6993   

# Frame142

# x        y
5.6849     12.5651   
13.5141    23.0594   
1.3911     19.9802   
17.7156    13.1880   
13.4683    13.3552   
8.8615     30.6880   

# Frame143

# x        y
5.6938     12.6167   
13.5141    23.0594   
1.3911     19.9802   
17.7156    13.1880   
13.4683    13.3552   
8.8749     30.6769   

# Frame144

# x        y
5.7025     12.6675   
13.5141    23.0594   
1.3911     19.9802   
17.7156    13.1880   
13.4683    13.3552   
8.8881     30.6660   

# Frame145

# x        y
5.7111     12.7174   
13.5141    23.0594   
1.3911     19.9802   
17.7156    13.1880   
13.4683    13.3552   
8.9011     30.6553   

# Frame146

# x        y
5.7195     12.7665   
13.5141    23.0594   
1.3911     19.9802   
17.7156    13.1880   
13.4683    13.3552   
8.9138     30.6447   

# Frame147

# x        y
5.7278     12.8147   
13.5141    23.0594   
1.3911     19.9802   
17.7156    13.1880   
13.4683    13.3552   
8.9263     30.6344   

# Frame148

# x        y
5.7360     12.8622   
13.5141    23.0594   
1.3911     19.9802   
17.7156    13.1880   
13.4683    13.3552   
8.9386     30.6242   

# Frame149

# x        y
5.7440     12.9088   
13.5141    23.0594   
1.3911     19.9802   
17.7156    13.1880   
13.4683    13.3552   
8.9508     30.6141   

# Frame150

# x        y
5.7519     12.9547   
13.5141    23.0594   
1.3911     19.9802   
17.7156    13.1880   
13.4683    13.3552   
8.9627     30.6043   

# Frame151

# x        y
5.7596     12.9998   
13.5141    23.0594   
1.3911     19.9802   
17.7156    13.1880   
13.4683    13.3552   
8.9744     30.5946   

# Frame152

# x        y
5.7673     13.0442   
13.5141    23.0594   
1.3911     19.9802   
17.7156    13.1880   
13.4683    13.3552   
8.9859     30.5851   

# Frame153

# x        y
5.7747     13.0878   
13.5141    23.0594   
1.3911     19.9802   
17.7156    13.1880   
13.4683    13.3552   
8.9972     30.5757   

# Frame154

# x        y
5.7821     13.1307   
13.5141    23.0594   
1.3911     19.9802   
17.7156    13.1880   
13.4683    13.3552   
9.0084     30.5665   

# Frame155

# x        y
5.7894     13.1729   
13.5141    23.0594   
1.3911     19.9802   
17.7156    13.1880   
13.4683    13.3552   
9.0193     30.5574   

# Frame156

# x        y
5.7965     13.2144   
13.5141    23.0594   
1.3911     19.9802   
17.7156    13.1880   
13.4683    13.3552   
9.0301     30.5485   

# Frame157

# x        y
5.8035     13.2552   
13.5141    23.0594   
1.3911     19.9802   
17.7156    13.1880   
13.4683    13.3552   
9.0407     30.5397   

# Frame158

# x        y
5.8104     13.2953   
13.5141    23.0594   
1.3911     19.9802   
17.7156    13.1880   
13.4683    13.3552   
9.0511     30.5311   

# Frame159

# x        y
5.8172     13.3347   
13.5141    23.0594   
1.3911     19.9802   
17.7156    13.1880   
13.4683    13.3552   
9.0613     30.5227   

# Frame160

# x        y
5.8238     13.3735   
13.5141    23.0594   
1.3911     19.9802   
17.7156    13.1880   
13.4683    13.3552   
9.0714     30.5143   

# Frame161

# x        y
5.8304     13.4116   
13.5141    23.0594   
1.3911     19.9802   
17.7156    13.1880   
13.4683    13.3552   
9.0813     30.5061   

# Frame162

# x        y
5.8368     13.4491   
13.5141    23.0594   
1.3911     19.9802   
17.7156    13.1880   
13.4683    13.3552   
9.0910     30.4981   

# Frame163

# x        y
5.8432     13.4860   
13.5141    23.0594   
1.3911     19.9802   
17.7156    13.1880   
13.4683    13.3552   
9.1006     30.4902   

# Frame164

# x        y
5.8494     13.5223   
13.5141    23.0594   
1.3911     19.9802   
17.7156    13.1880   
13.4683    13.3552   
9.1100     30.4824   

# Frame165

# x        y
5.8555     13.5579   
13.5141    23.0594   
1.3911     19.9802   
17.7156    13.1880   
13.4683    13.3552   
9.1193     30.4747   

# Frame166

# x        y
5.8615     13.5930   
13.5141    23.0594   
1.3911     19.9802   
17.7156    13.1880   
13.4683    13.3552   
9.1284     30.4672   

# Frame167

# x        y
5.8675     13.6275   
13.5141    23.0594   
1.3911     19.9802   
17.7156    13.1880   
13.4683    13.3552   
9.1373     30.4598   

# Frame168

# x        y
5.8733     13.6614   
13.5141    23.0594   
1.3911     19.9802   
17.7156    13.1880   
13.4683    13.3552   
9.1461     30.4525   

# Frame169

# x        y
5.8790     13.6947   
13.5141    23.0594   
1.3911     19.9802   
17.7156    13.1880   
13.4683    13.3552   
9.1548     30.4453   

# Frame170

# x        y
5.8847     13.7275   
13.5141    23.0594   
1.3911     19.9802   
17.7156    13.1880   
13.4683    13.3552   
9.1633     30.4383   

# Frame171

# x        y
5.8902     13.7597   
13.5141    23.0594   
1.3911     19.9802   
17.7156    13.1880   
13.4683    13.3552   
9.1716     30.4314   

# Frame172

# x        y
5.8956     13.7914   
13.5141    23.0594   
1.3911     19.9802   
17.7156    13.1880   
13.4683    13.3552   
9.1799     30.4245   

# Frame173

# x        y
5.9010     13.8226   
13.5141    23.0594   
1.3911     19.9802   
17.7156    13.1880   
13.4683    13.3552   
9.1880     30.4179   

# Frame174

# x        y
5.9063     13.8532   
13.5141    23.0594   
1.3911     19.9802   
17.7156    13.1880   
13.4683    13.3552   
9.1959     30.4113   

# Frame175

# x        y
5.9114     13.8834   
13.5141    23.0594   
1.3911     19.9802   
17.7156    13.1880   
13.4683    13.3552   
9.2037     30.4048   

# Frame176

# x        y
5.9165     13.9130   
13.5141    23.0594   
1.3911     19.9802   
17.7156    13.1880   
13.4683    13.3552   
9.2114     30.3984   

# Frame177

# x        y
5.9215     13.9422   
13.5141    23.0594   
1.3911     19.9802   
17.7156    13.1880   
13.4683    13.3552   
9.2190     30.3922   

# Frame178

# x        y
5.9265     13.9708   
13.5141    23.0594   
1.3911     19.9802   
17.7156    13.1880   
13.4683    13.3552   
9.2264     30.3860   

# Frame179

# x        y
5.9313     13.9990   
13.5141    23.0594   
1.3911     19.9802   
17.7156    13.1880   
13.4683    13.3552   
9.2338     30.3800   

# Frame180

# x        y
5.9361     14.0267   
13.5141    23.0594   
1.3911     19.9802   
17.7156    13.1880   
13.4683    13.3552   
9.2409     30.3740   

# Frame181

# x        y
5.9408     14.0540   
13.5141    23.0594   
1.3911     19.9802   
17.7156    13.1880   
13.4683    13.3552   
9.2480     30.3681   

# Frame182

# x        y
5.9454     14.0808   
13.5141    23.0594   
1.3911     19.9802   
17.7156    13.1880   
13.4683    13.3552   
9.2550     30.3624   

# Frame183

# x        y
5.9499     14.1071   
13.5141    23.0594   
1.3911     19.9802   
17.7156    13.1880   
13.4683    13.3552   
9.2618     30.3567   

# Frame184

# x        y
5.9543     14.1330   
13.5141    23.0594   
1.3911     19.9802   
17.7156    13.1880   
13.4683    13.3552   
9.2685     30.3512   

# Frame185

# x        y
5.9587     14.1585   
13.5141    23.0594   
1.3911     19.9802   
17.7156    13.1880   
13.4683    13.3552   
9.2752     30.3457   

# Frame186

# x        y
5.9630     14.1836   
13.5141    23.0594   
1.3911     19.9802   
17.7156    13.1880   
13.4683    13.3552   
9.2817     30.3403   

# Frame187

# x        y
5.9673     14.2082   
13.5141    23.0594   
1.3911     19.9802   
17.7156    13.1880   
13.4683    13.3552   
9.2881     30.3350   

# Frame188

# x        y
5.9714     14.2324   
13.5141    23.0594   
1.3911     19.9802   
17.7156    13.1880   
13.4683    13.3552   
9.2943     30.3298   

# Frame189

# x        y
5.9755     14.2562   
13.5141    23.0594   
1.3911     19.9802   
17.7156    13.1880   
13.4683    13.3552   
9.3005     30.3247   

# Frame190

# x        y
5.9795     14.2797   
13.5141    23.0594   
1.3911     19.9802   
17.7156    13.1880   
13.4683    13.3552   
9.3066     30.3197   

# Frame191

# x        y
5.9835     14.3027   
13.5141    23.0594   
1.3911     19.9802   
17.7156    13.1880   
13.4683    13.3552   
9.3126     30.3147   

# Frame192

# x        y
5.9874     14.3253   
13.5141    23.0594   
1.3911     19.9802   
17.7156    13.1880   
13.4683    13.3552   
9.3185     30.3099   

# Frame193

# x        y
5.9912     14.3476   
13.5141    23.0594   
1.3911     19.9802   
17.7156    13.1880   
13.4683    13.3552   
9.3242     30.3051   

# Frame194

# x        y
5.9950     14.3695   
13.5141    23.0594   
1.3911     19.9802   
17.7156    13.1880   
13.4683    13.3552   
9.3299     30.3004   

# Frame195

# x        y
5.9987     14.3911   
13.5141    23.0594   
1.3911     19.9802   
17.7156    13.1880   
13.4683    13.3552   
9.3355     30.2957   

# Frame196

# x        y
6.0023     14.4122   
13.5141    23.0594   
1.3911     19.9802   
17.7156    13.1880   
13.4683    13.3552   
9.3410     30.2912   

# Frame197

# x        y
6.0059     14.4331   
13.5141    23.0594   
1.3911     19.9802   
17.7156    13.1880   
13.4683    13.3552   
9.3464     30.2867   

# Frame198

# x        y
6.0094     14.4535   
13.5141    23.0594   
1.3911     19.9802   
17.7156    13.1880   
13.4683    13.3552   
9.3517     30.2823   

# Frame199

# x        y
6.0129     14.4737   
13.5141    23.0594   
1.3911     19.9802   
17.7156    13.1880   
13.4683    13.3552   
9.3570     30.2780   

# Frame200

# x        y
6.0163     14.4935   
13.5141    23.0594   
1.3911     19.9802   
17.7156    13.1880   
13.4683    13.3552   
9.3621     30.2737   

# Frame201

# x        y
6.0196     14.5129   
13.5141    23.0594   
1.3911     19.9802   
17.7156    13.1880   
13.4683    13.3552   
9.3672     30.2696   

# Frame202

# x        y
6.0229     14.5321   
13.5141    23.0594   
1.3911     19.9802   
17.7156    13.1880   
13.4683    13.3552   
9.3721     30.2654   

# Frame203

# x        y
6.0261     14.5509   
13.5141    23.0594   
1.3911     19.9802   
17.7156    13.1880   
13.4683    13.3552   
9.3770     30.2614   

# Frame204

# x        y
6.0293     14.5694   
13.5141    23.0594   
1.3911     19.9802   
17.7156    13.1880   
13.4683    13.3552   
9.3818     30.2574   

# Frame205

# x        y
6.0325     14.5876   
13.5141    23.0594   
1.3911     19.9802   
17.7156    13.1880   
13.4683    13.3552   
9.3865     30.2535   

# Frame206

# x        y
6.0355     14.6055   
13.5141    23.0594   
1.3911     19.9802   
17.7156    13.1880   
13.4683    13.3552   
9.3912     30.2497   

# Frame207

# x        y
6.0386     14.6231   
13.5141    23.0594   
1.3911     19.9802   
17.7156    13.1880   
13.4683    13.3552   
9.3958     30.2459   

# Frame208

# x        y
6.0415     14.6404   
13.5141    23.0594   
1.3911     19.9802   
17.7156    13.1880   
13.4683    13.3552   
9.4003     30.2422   

# Frame209

# x        y
6.0445     14.6575   
13.5141    23.0594   
1.3911     19.9802   
17.7156    13.1880   
13.4683    13.3552   
9.4047     30.2385   

# Frame210

# x        y
6.0473     14.6742   
13.5141    23.0594   
1.3911     19.9802   
17.7156    13.1880   
13.4683    13.3552   
9.4090     30.2349   

# Frame211

# x        y
6.0502     14.6907   
13.5141    23.0594   
1.3911     19.9802   
17.7156    13.1880   
13.4683    13.3552   
9.4133     30.2314   

# Frame212

# x        y
6.0529     14.7068   
13.5141    23.0594   
1.3911     19.9802   
17.7156    13.1880   
13.4683    13.3552   
9.4175     30.2279   

# Frame213

# x        y
6.0557     14.7228   
13.5141    23.0594   
1.3911     19.9802   
17.7156    13.1880   
13.4683    13.3552   
9.4216     30.2245   

# Frame214

# x        y
6.0584     14.7384   
13.5141    23.0594   
1.3911     19.9802   
17.7156    13.1880   
13.4683    13.3552   
9.4257     30.2211   

# Frame215

# x        y
6.0610     14.7538   
13.5141    23.0594   
1.3911     19.9802   
17.7156    13.1880   
13.4683    13.3552   
9.4297     30.2178   

# Frame216

# x        y
6.0636     14.7689   
13.5141    23.0594   
1.3911     19.9802   
17.7156    13.1880   
13.4683    13.3552   
9.4336     30.2146   

# Frame217

# x        y
6.0662     14.7838   
13.5141    23.0594   
1.3911     19.9802   
17.7156    13.1880   
13.4683    13.3552   
9.4375     30.2114   

# Frame218

# x        y
6.0687     14.7984   
13.5141    23.0594   
1.3911     19.9802   
17.7156    13.1880   
13.4683    13.3552   
9.4413     30.2082   

# Frame219

# x        y
6.0711     14.8128   
13.5141    23.0594   
1.3911     19.9802   
17.7156    13.1880   
13.4683    13.3552   
9.4450     30.2051   

# Frame220

# x        y
6.0736     14.8270   
13.5141    23.0594   
1.3911     19.9802   
17.7156    13.1880   
13.4683    13.3552   
9.4487     30.2021   

# Frame221

# x        y
6.0760     14.8409   
13.5141    23.0594   
1.3911     19.9802   
17.7156    13.1880   
13.4683    13.3552   
9.4523     30.1991   

# Frame222

# x        y
6.0783     14.8546   
13.5141    23.0594   
1.3911     19.9802   
17.7156    13.1880   
13.4683    13.3552   
9.4558     30.1962   

# Frame223

# x        y
6.0806     14.8680   
13.5141    23.0594   
1.3911     19.9802   
17.7156    13.1880   
13.4683    13.3552   
9.4593     30.1933   

# Frame224

# x        y
6.0829     14.8812   
13.5141    23.0594   
1.3911     19.9802   
17.7156    13.1880   
13.4683    13.3552   
9.4628     30.1904   

# Frame225

# x        y
6.0851     14.8942   
13.5141    23.0594   
1.3911     19.9802   
17.7156    13.1880   
13.4683    13.3552   
9.4661     30.1876   

# Frame226

# x        y
6.0873     14.9070   
13.5141    23.0594   
1.3911     19.9802   
17.7156    13.1880   
13.4683    13.3552   
9.4695     30.1849   

# Frame227

# x        y
6.0895     14.9196   
13.5141    23.0594   
1.3911     19.9802   
17.7156    13.1880   
13.4683    13.3552   
9.4727     30.1822   

# Frame228

# x        y
6.0916     14.9320   
13.5141    23.0594   
1.3911     19.9802   
17.7156    13.1880   
13.4683    13.3552   
9.4759     30.1795   

# Frame229

# x        y
6.0937     14.9441   
13.5141    23.0594   
1.3911     19.9802   
17.7156    13.1880   
13.4683    13.3552   
9.4791     30.1769   

# Frame230

# x        y
6.0958     14.9561   
13.5141    23.0594   
1.3911     19.9802   
17.7156    13.1880   
13.4683    13.3552   
9.4822     30.1744   

# Frame231

# x        y
6.0978     14.9679   
13.5141    23.0594   
1.3911     19.9802   
17.7156    13.1880   
13.4683    13.3552   
9.4853     30.1718   

# Frame232

# x        y
6.0998     14.9794   
13.5141    23.0594   
1.3911     19.9802   
17.7156    13.1880   
13.4683    13.3552   
9.4883     30.1693   

# Frame233

# x        y
6.1017     14.9908   
13.5141    23.0594   
1.3911     19.9802   
17.7156    13.1880   
13.4683    13.3552   
9.4912     30.1669   

# Frame234

# x        y
6.1037     15.0020   
13.5141    23.0594   
1.3911     19.9802   
17.7156    13.1880   
13.4683    13.3552   
9.4941     30.1645   

# Frame235

# x        y
6.1055     15.0130   
13.5141    23.0594   
1.3911     19.9802   
17.7156    13.1880   
13.4683    13.3552   
9.4970     30.1621   

# Frame236

# x        y
6.1074     15.0238   
13.5141    23.0594   
1.3911     19.9802   
17.7156    13.1880   
13.4683    13.3552   
9.4998     30.1598   

# Frame237

# x        y
6.1092     15.0344   
13.5141    23.0594   
1.3911     19.9802   
17.7156    13.1880   
13.4683    13.3552   
9.5025     30.1575   

# Frame238

# x        y
6.1110     15.0449   
13.5141    23.0594   
1.3911     19.9802   
17.7156    13.1880   
13.4683    13.3552   
9.5052     30.1553   

# Frame239

# x        y
6.1128     15.0551   
13.5141    23.0594   
1.3911     19.9802   
17.7156    13.1880   
13.4683    13.3552   
9.5079     30.1531   

# Frame240

# x        y
6.1145     15.0653   
13.5141    23.0594   
1.3911     19.9802   
17.7156    13.1880   
13.4683    13.3552   
9.5105     30.1509   

# Frame241

# x        y
6.1162     15.0752   
13.5141    23.0594   
1.3911     19.9802   
17.7156    13.1880   
13.4683    13.3552   
9.5131     30.1488   

# Frame242

# x        y
6.1179     15.0850   
13.5141    23.0594   
1.3911     19.9802   
17.7156    13.1880   
13.4683    13.3552   
9.5157     30.1467   

# Frame243

# x        y
6.1196     15.0946   
13.5141    23.0594   
1.3911     19.9802   
17.7156    13.1880   
13.4683    13.3552   
9.5182     30.1446   

# Frame244

# x        y
6.1212     15.1040   
13.5141    23.0594   
1.3911     19.9802   
17.7156    13.1880   
13.4683    13.3552   
9.5206     30.1426   

# Frame245

# x        y
6.1228     15.1133   
13.5141    23.0594   
1.3911     19.9802   
17.7156    13.1880   
13.4683    13.3552   
9.5230     30.1406   

# Frame246

# x        y
6.1244     15.1225   
13.5141    23.0594   
1.3911     19.9802   
17.7156    13.1880   
13.4683    13.3552   
9.5254     30.1386   

# Frame247

# x        y
6.1259     15.1315   
13.5141    23.0594   
1.3911     19.9802   
17.7156    13.1880   
13.4683    13.3552   
9.5277     30.1367   

# Frame248

# x        y
6.1274     15.1403   
13.5141    23.0594   
1.3911     19.9802   
17.7156    13.1880   
13.4683    13.3552   
9.5300     30.1348   

# Frame249

# x        y
6.1289     15.1490   
13.5141    23.0594   
1.3911     19.9802   
17.7156    13.1880   
13.4683    13.3552   
9.5323     30.1329   

# Frame250

# x        y
6.1304     15.1575   
13.5141    23.0594   
1.3911     19.9802   
17.7156    13.1880   
13.4683    13.3552   
9.5345     30.1311   

# Frame251

# x        y
6.1318     15.1659   
13.5141    23.0594   
1.3911     19.9802   
17.7156    13.1880   
13.4683    13.3552   
9.5367     30.1293   

# Frame252

# x        y
6.1332     15.1742   
13.5141    23.0594   
1.3911     19.9802   
17.7156    13.1880   
13.4683    13.3552   
9.5388     30.1275   

# Frame253

# x        y
6.1346     15.1823   
13.5141    23.0594   
1.3911     19.9802   
17.7156    13.1880   
13.4683    13.3552   
9.5409     30.1258   

# Frame254

# x        y
6.1360     15.1903   
13.5141    23.0594   
1.3911     19.9802   
17.7156    13.1880   
13.4683    13.3552   
9.5430     30.1240   

# Frame255

# x        y
6.1374     15.1982   
13.5141    23.0594   
1.3911     19.9802   
17.7156    13.1880   
13.4683    13.3552   
9.5450     30.1224   

# Frame256

# x        y
6.1387     15.2059   
13.5141    23.0594   
1.3911     19.9802   
17.7156    13.1880   
13.4683    13.3552   
9.5470     30.1207   

# Frame257

# x        y
6.1400     15.2135   
13.5141    23.0594   
1.3911     19.9802   
17.7156    13.1880   
13.4683    13.3552   
9.5490     30.1191   

# Frame258

# x        y
6.1413     15.2209   
13.5141    23.0594   
1.3911     19.9802   
17.7156    13.1880   
13.4683    13.3552   
9.5510     30.1175   

# Frame259

# x        y
6.1425     15.2283   
13.5141    23.0594   
1.3911     19.9802   
17.7156    13.1880   
13.4683    13.3552   
9.5529     30.1159   

# Frame260

# x        y
6.1438     15.2355   
13.5141    23.0594   
1.3911     19.9802   
17.7156    13.1880   
13.4683    13.3552   
9.5547     30.1143   

# Frame261

# x        y
6.1450     15.2426   
13.5141    23.0594   
1.3911     19.9802   
17.7156    13.1880   
13.4683    13.3552   
9.5566     30.1128   

# Frame262

# x        y
6.1462     15.2496   
13.5141    23.0594   
1.3911     19.9802   
17.7156    13.1880   
13.4683    13.3552   
9.5584     30.1113   

# Frame263

# x        y
6.1474     15.2565   
13.5141    23.0594   
1.3911     19.9802   
17.7156    13.1880   
13.4683    13.3552   
9.5602     30.1098   

# Frame264

# x        y
6.1485     15.2632   
13.5141    23.0594   
1.3911     19.9802   
17.7156    13.1880   
13.4683    13.3552   
9.5619     30.1084   

# Frame265

# x        y
6.1497     15.2699   
13.5141    23.0594   
1.3911     19.9802   
17.7156    13.1880   
13.4683    13.3552   
9.5637     30.1069   

# Frame266

# x        y
6.1508     15.2764   
13.5141    23.0594   
1.3911     19.9802   
17.7156    13.1880   
13.4683    13.3552   
9.5653     30.1055   

# Frame267

# x        y
6.1519     15.2828   
13.5141    23.0594   
1.3911     19.9802   
17.7156    13.1880   
13.4683    13.3552   
9.5670     30.1042   

# Frame268

# x        y
6.1530     15.2891   
13.5141    23.0594   
1.3911     19.9802   
17.7156    13.1880   
13.4683    13.3552   
9.5687     30.1028   

# Frame269

# x        y
6.1541     15.2953   
13.5141    23.0594   
1.3911     19.9802   
17.7156    13.1880   
13.4683    13.3552   
9.5703     30.1015   

# Frame270

# x        y
6.1551     15.3014   
13.5141    23.0594   
1.3911     19.9802   
17.7156    13.1880   
13.4683    13.3552   
9.5719     30.1002   

# Frame271

# x        y
6.1561     15.3074   
13.5141    23.0594   
1.3911     19.9802   
17.7156    13.1880   
13.4683    13.3552   
9.5734     30.0989   

# Frame272

# x        y
6.1572     15.3134   
13.5141    23.0594   
1.3911     19.9802   
17.7156    13.1880   
13.4683    13.3552   
9.5749     30.0976   

# Frame273

# x        y
6.1582     15.3192   
13.5141    23.0594   
1.3911     19.9802   
17.7156    13.1880   
13.4683    13.3552   
9.5764     30.0964   

# Frame274

# x        y
6.1591     15.3249   
13.5141    23.0594   
1.3911     19.9802   
17.7156    13.1880   
13.4683    13.3552   
9.5779     30.0951   

# Frame275

# x        y
6.1601     15.3305   
13.5141    23.0594   
1.3911     19.9802   
17.7156    13.1880   
13.4683    13.3552   
9.5794     30.0939   

# Frame276

# x        y
6.1610     15.3360   
13.5141    23.0594   
1.3911     19.9802   
17.7156    13.1880   
13.4683    13.3552   
9.5808     30.0927   

# Frame277

# x        y
6.1620     15.3414   
13.5141    23.0594   
1.3911     19.9802   
17.7156    13.1880   
13.4683    13.3552   
9.5822     30.0916   

# Frame278

# x        y
6.1629     15.3468   
13.5141    23.0594   
1.3911     19.9802   
17.7156    13.1880   
13.4683    13.3552   
9.5836     30.0904   

# Frame279

# x        y
6.1638     15.3520   
13.5141    23.0594   
1.3911     19.9802   
17.7156    13.1880   
13.4683    13.3552   
9.5850     30.0893   

# Frame280

# x        y
6.1647     15.3572   
13.5141    23.0594   
1.3911     19.9802   
17.7156    13.1880   
13.4683    13.3552   
9.5863     30.0882   

# Frame281

# x        y
6.1656     15.3622   
13.5141    23.0594   
1.3911     19.9802   
17.7156    13.1880   
13.4683    13.3552   
9.5876     30.0871   

# Frame282

# x        y
6.1664     15.3672   
13.5141    23.0594   
1.3911     19.9802   
17.7156    13.1880   
13.4683    13.3552   
9.5889     30.0860   

# Frame283

# x        y
6.1673     15.3721   
13.5141    23.0594   
1.3911     19.9802   
17.7156    13.1880   
13.4683    13.3552   
9.5902     30.0850   

# Frame284

# x        y
6.1681     15.3770   
13.5141    23.0594   
1.3911     19.9802   
17.7156    13.1880   
13.4683    13.3552   
9.5915     30.0839   

# Frame285

# x        y
6.1689     15.3817   
13.5141    23.0594   
1.3911     19.9802   
17.7156    13.1880   
13.4683    13.3552   
9.5927     30.0829   

# Frame286

# x        y
6.1697     15.3864   
13.5141    23.0594   
1.3911     19.9802   
17.7156    13.1880   
13.4683    13.3552   
9.5939     30.0819   

# Frame287

# x        y
6.1705     15.3910   
13.5141    23.0594   
1.3911     19.9802   
17.7156    13.1880   
13.4683    13.3552   
9.5951     30.0809   

# Frame288

# x        y
6.1713     15.3955   
13.5141    23.0594   
1.3911     19.9802   
17.7156    13.1880   
13.4683    13.3552   
9.5963     30.0800   

# Frame289

# x        y
6.1720     15.3999   
13.5141    23.0594   
1.3911     19.9802   
17.7156    13.1880   
13.4683    13.3552   
9.5974     30.0790   

# Frame290

# x        y
6.1728     15.4043   
13.5141    23.0594   
1.3911     19.9802   
17.7156    13.1880   
13.4683    13.3552   
9.5985     30.0781   

# Frame291

# x        y
6.1735     15.4086   
13.5141    23.0594   
1.3911     19.9802   
17.7156    13.1880   
13.4683    13.3552   
9.5997     30.0772   

# Frame292

# x        y
6.1742     15.4128   
13.5141    23.0594   
1.3911     19.9802   
17.7156    13.1880   
13.4683    13.3552   
9.6008     30.0762   

# Frame293

# x        y
6.1750     15.4169   
13.5141    23.0594   
1.3911     19.9802   
17.7156    13.1880   
13.4683    13.3552   
9.6018     30.0754   

# Frame294

# x        y
6.1757     15.4210   
13.5141    23.0594   
1.3911     19.9802   
17.7156    13.1880   
13.4683    13.3552   
9.6029     30.0745   

# Frame295

# x        y
6.1763     15.4250   
13.5141    23.0594   
1.3911     19.9802   
17.7156    13.1880   
13.4683    13.3552   
9.6039     30.0736   

# Frame296

# x        y
6.1770     15.4290   
13.5141    23.0594   
1.3911     19.9802   
17.7156    13.1880   
13.4683    13.3552   
9.6050     30.0728   

# Frame297

# x        y
6.1777     15.4329   
13.5141    23.0594   
1.3911     19.9802   
17.7156    13.1880   
13.4683    13.3552   
9.6060     30.0719   

# Frame298

# x        y
6.1783     15.4367   
13.5141    23.0594   
1.3911     19.9802   
17.7156    13.1880   
13.4683    13.3552   
9.6070     30.0711   

# Frame299

# x        y
6.1790     15.4404   
13.5141    23.0594   
1.3911     19.9802   
17.7156    13.1880   
13.4683    13.3552   
9.6079     30.0703   

# Frame300

# x        y
6.1796     15.4441   
13.5141    23.0594   
1.3911     19.9802   
17.7156    13.1880   
13.4683    13.3552   
9.6089     30.0695   

# Frame301

# x        y
6.1802     15.4477   
13.5141    23.0594   
1.3911     19.9802   
17.7156    13.1880   
13.4683    13.3552   
9.6098     30.0687   

# Frame302

# x        y
6.1809     15.4513   
13.5141    23.0594   
1.3911     19.9802   
17.7156    13.1880   
13.4683    13.3552   
9.6108     30.0680   

# Frame303

# x        y
6.1815     15.4548   
13.5141    23.0594   
1.3911     19.9802   
17.7156    13.1880   
13.4683    13.3552   
9.6117     30.0672   

# Frame304

# x        y
6.1820     15.4582   
13.5141    23.0594   
1.3911     19.9802   
17.7156    13.1880   
13.4683    13.3552   
9.6126     30.0665   

# Frame305

# x        y
6.1826     15.4616   
13.5141    23.0594   
1.3911     19.9802   
17.7156    13.1880   
13.4683    13.3552   
9.6134     30.0658   

# Frame306

# x        y
6.1832     15.4650   
13.5141    23.0594   
1.3911     19.9802   
17.7156    13.1880   
13.4683    13.3552   
9.6143     30.0650   

# Frame307

# x        y
6.1838     15.4683   
13.5141    23.0594   
1.3911     19.9802   
17.7156    13.1880   
13.4683    13.3552   
9.6152     30.0643   

# Frame308

# x        y
6.1843     15.4715   
13.5141    23.0594   
1.3911     19.9802   
17.7156    13.1880   
13.4683    13.3552   
9.6160     30.0636   

# Frame309

# x        y
6.1849     15.4746   
13.5141    23.0594   
1.3911     19.9802   
17.7156    13.1880   
13.4683    13.3552   
9.6168     30.0630   

# Frame310

# x        y
6.1854     15.4778   
13.5141    23.0594   
1.3911     19.9802   
17.7156    13.1880   
13.4683    13.3552   
9.6176     30.0623   

# Frame311

# x        y
6.1859     15.4808   
13.5141    23.0594   
1.3911     19.9802   
17.7156    13.1880   
13.4683    13.3552   
9.6184     30.0616   

# Frame312

# x        y
6.1864     15.4838   
13.5141    23.0594   
1.3911     19.9802   
17.7156    13.1880   
13.4683    13.3552   
9.6192     30.0610   

# Frame313

# x        y
6.1870     15.4868   
13.5141    23.0594   
1.3911     19.9802   
17.7156    13.1880   
13.4683    13.3552   
9.6200     30.0604   

# Frame314

# x        y
6.1875     15.4897   
13.5141    23.0594   
1.3911     19.9802   
17.7156    13.1880   
13.4683    13.3552   
9.6207     30.0597   

# Frame315

# x        y
6.1879     15.4926   
13.5141    23.0594   
1.3911     19.9802   
17.7156    13.1880   
13.4683    13.3552   
9.6215     30.0591   

# Frame316

# x        y
6.1884     15.4954   
13.5141    23.0594   
1.3911     19.9802   
17.7156    13.1880   
13.4683    13.3552   
9.6222     30.0585   

# Frame317

# x        y
6.1889     15.4982   
13.5141    23.0594   
1.3911     19.9802   
17.7156    13.1880   
13.4683    13.3552   
9.6229     30.0579   

# Frame318

# x        y
6.1894     15.5009   
13.5141    23.0594   
1.3911     19.9802   
17.7156    13.1880   
13.4683    13.3552   
9.6236     30.0573   

# Frame319

# x        y
6.1898     15.5036   
13.5141    23.0594   
1.3911     19.9802   
17.7156    13.1880   
13.4683    13.3552   
9.6243     30.0567   

# Frame320

# x        y
6.1903     15.5062   
13.5141    23.0594   
1.3911     19.9802   
17.7156    13.1880   
13.4683    13.3552   
9.6250     30.0562   

# Frame321

# x        y
6.1907     15.5088   
13.5141    23.0594   
1.3911     19.9802   
17.7156    13.1880   
13.4683    13.3552   
9.6257     30.0556   

# Frame322

# x        y
6.1912     15.5114   
13.5141    23.0594   
1.3911     19.9802   
17.7156    13.1880   
13.4683    13.3552   
9.6263     30.0551   

# Frame323

# x        y
6.1916     15.5139   
13.5141    23.0594   
1.3911     19.9802   
17.7156    13.1880   
13.4683    13.3552   
9.6270     30.0545   

# Frame324

# x        y
6.1920     15.5163   
13.5141    23.0594   
1.3911     19.9802   
17.7156    13.1880   
13.4683    13.3552   
9.6276     30.0540   

# Frame325

# x        y
6.1924     15.5187   
13.5141    23.0594   
1.3911     19.9802   
17.7156    13.1880   
13.4683    13.3552   
9.6283     30.0535   

# Frame326

# x        y
6.1929     15.5211   
13.5141    23.0594   
1.3911     19.9802   
17.7156    13.1880   
13.4683    13.3552   
9.6289     30.0530   

# Frame327

# x        y
6.1933     15.5235   
13.5141    23.0594   
1.3911     19.9802   
17.7156    13.1880   
13.4683    13.3552   
9.6295     30.0525   

# Frame328

# x        y
6.1937     15.5258   
13.5141    23.0594   
1.3911     19.9802   
17.7156    13.1880   
13.4683    13.3552   
9.6301     30.0520   

# Frame329

# x        y
6.1940     15.5280   
13.5141    23.0594   
1.3911     19.9802   
17.7156    13.1880   
13.4683    13.3552   
9.6307     30.0515   

# Frame330

# x        y
6.1944     15.5303   
13.5141    23.0594   
1.3911     19.9802   
17.7156    13.1880   
13.4683    13.3552   
9.6312     30.0510   

# Frame331

# x        y
6.1948     15.5325   
13.5141    23.0594   
1.3911     19.9802   
17.7156    13.1880   
13.4683    13.3552   
9.6318     30.0505   

# Frame332

# x        y
6.1952     15.5346   
13.5141    23.0594   
1.3911     19.9802   
17.7156    13.1880   
13.4683    13.3552   
9.6324     30.0501   

# Frame333

# x        y
6.1955     15.5367   
13.5141    23.0594   
1.3911     19.9802   
17.7156    13.1880   
13.4683    13.3552   
9.6329     30.0496   

# Frame334

# x        y
6.1959     15.5388   
13.5141    23.0594   
1.3911     19.9802   
17.7156    13.1880   
13.4683    13.3552   
9.6335     30.0492   

# Frame335

# x        y
6.1962     15.5409   
13.5141    23.0594   
1.3911     19.9802   
17.7156    13.1880   
13.4683    13.3552   
9.6340     30.0487   

# Frame336

# x        y
6.1966     15.5429   
13.5141    23.0594   
1.3911     19.9802   
17.7156    13.1880   
13.4683    13.3552   
9.6345     30.0483   

# Frame337

# x        y
6.1969     15.5448   
13.5141    23.0594   
1.3911     19.9802   
17.7156    13.1880   
13.4683    13.3552   
9.6350     30.0479   

# Frame338

# x        y
6.1973     15.5468   
13.5141    23.0594   
1.3911     19.9802   
17.7156    13.1880   
13.4683    13.3552   
9.6355     30.0475   

# Frame339

# x        y
6.1976     15.5487   
13.5141    23.0594   
1.3911     19.9802   
17.7156    13.1880   
13.4683    13.3552   
9.6360     30.0470   

# Frame340

# x        y
6.1979     15.5506   
13.5141    23.0594   
1.3911     19.9802   
17.7156    13.1880   
13.4683    13.3552   
9.6365     30.0466   

# Frame341

# x        y
6.1982     15.5524   
13.5141    23.0594   
1.3911     19.9802   
17.7156    13.1880   
13.4683    13.3552   
9.6370     30.0462   

# Frame342

# x        y
6.1985     15.5543   
13.5141    23.0594   
1.3911     19.9802   
17.7156    13.1880   
13.4683    13.3552   
9.6375     30.0459   

# Frame343

# x        y
6.1989     15.5561   
13.5141    23.0594   
1.3911     19.9802   
17.7156    13.1880   
13.4683    13.3552   
9.6379     30.0455   

# Frame344

# x        y
6.1992     15.5578   
13.5141    23.0594   
1.3911     19.9802   
17.7156    13.1880   
13.4683    13.3552   
9.6384     30.0451   

# Frame345

# x        y
6.1995     15.5595   
13.5141    23.0594   
1.3911     19.9802   
17.7156    13.1880   
13.4683    13.3552   
9.6388     30.0447   

# Frame346

# x        y
6.1997     15.5612   
13.5141    23.0594   
1.3911     19.9802   
17.7156    13.1880   
13.4683    13.3552   
9.6393     30.0444   

# Frame347

# x        y
6.2000     15.5629   
13.5141    23.0594   
1.3911     19.9802   
17.7156    13.1880   
13.4683    13.3552   
9.6397     30.0440   

# Frame348

# x        y
6.2003     15.5646   
13.5141    23.0594   
1.3911     19.9802   
17.7156    13.1880   
13.4683    13.3552   
9.6401     30.0436   

# Frame349

# x        y
6.2006     15.5662   
13.5141    23.0594   
1.3911     19.9802   
17.7156    13.1880   
13.4683    13.3552   
9.6406     30.0433   

# Frame350

# x        y
6.2009     15.5678   
13.5141    23.0594   
1.3911     19.9802   
17.7156    13.1880   
13.4683    13.3552   
9.6410     30.0430   

# Frame351

# x        y
6.2011     15.5693   
13.5141    23.0594   
1.3911     19.9802   
17.7156    13.1880   
13.4683    13.3552   
9.6414     30.0426   

# Frame352

# x        y
6.2014     15.5709   
13.5141    23.0594   
1.3911     19.9802   
17.7156    13.1880   
13.4683    13.3552   
9.6418     30.0423   

# Frame353

# x        y
6.2017     15.5724   
13.5141    23.0594   
1.3911     19.9802   
17.7156    13.1880   
13.4683    13.3552   
9.6422     30.0420   

# Frame354

# x        y
6.2019     15.5739   
13.5141    23.0594   
1.3911     19.9802   
17.7156    13.1880   
13.4683    13.3552   
9.6426     30.0416   

# Frame355

# x        y
6.2022     15.5753   
13.5141    23.0594   
1.3911     19.9802   
17.7156    13.1880   
13.4683    13.3552   
9.6429     30.0413   

# Frame356

# x        y
6.2024     15.5768   
13.5141    23.0594   
1.3911     19.9802   
17.7156    13.1880   
13.4683    13.3552   
9.6433     30.0410   

# Frame357

# x        y
6.2027     15.5782   
13.5141    23.0594   
1.3911     19.9802   
17.7156    13.1880   
13.4683    13.3552   
9.6437     30.0407   

# Frame358

# x        y
6.2029     15.5796   
13.5141    23.0594   
1.3911     19.9802   
17.7156    13.1880   
13.4683    13.3552   
9.6440     30.0404   

# Frame359

# x        y
6.2031     15.5810   
13.5141    23.0594   
1.3911     19.9802   
17.7156    13.1880   
13.4683    13.3552   
9.6444     30.0401   

# Frame360

# x        y
6.2034     15.5823   
13.5141    23.0594   
1.3911     19.9802   
17.7156    13.1880   
13.4683    13.3552   
9.6448     30.0398   

# Frame361

# x        y
6.2036     15.5836   
13.5141    23.0594   
1.3911     19.9802   
17.7156    13.1880   
13.4683    13.3552   
9.6451     30.0395   

# Frame362

# x        y
6.2038     15.5849   
13.5141    23.0594   
1.3911     19.9802   
17.7156    13.1880   
13.4683    13.3552   
9.6454     30.0393   

# Frame363

# x        y
6.2040     15.5862   
13.5141    23.0594   
1.3911     19.9802   
17.7156    13.1880   
13.4683    13.3552   
9.6458     30.0390   

# Frame364

# x        y
6.2043     15.5875   
13.5141    23.0594   
1.3911     19.9802   
17.7156    13.1880   
13.4683    13.3552   
9.6461     30.0387   

# Frame365

# x        y
6.2045     15.5887   
13.5141    23.0594   
1.3911     19.9802   
17.7156    13.1880   
13.4683    13.3552   
9.6464     30.0385   

# Frame366

# x        y
6.2047     15.5899   
13.5141    23.0594   
1.3911     19.9802   
17.7156    13.1880   
13.4683    13.3552   
9.6467     30.0382   

# Frame367

# x        y
6.2049     15.5911   
13.5141    23.0594   
1.3911     19.9802   
17.7156    13.1880   
13.4683    13.3552   
9.6470     30.0379   

# Frame368

# x        y
6.2051     15.5923   
13.5141    23.0594   
1.3911     19.9802   
17.7156    13.1880   
13.4683    13.3552   
9.6473     30.0377   

# Frame369

# x        y
6.2053     15.5934   
13.5141    23.0594   
1.3911     19.9802   
17.7156    13.1880   
13.4683    13.3552   
9.6476     30.0374   

# Frame370

# x        y
6.2055     15.5946   
13.5141    23.0594   
1.3911     19.9802   
17.7156    13.1880   
13.4683    13.3552   
9.6479     30.0372   

# Frame371

# x        y
6.2057     15.5957   
13.5141    23.0594   
1.3911     19.9802   
17.7156    13.1880   
13.4683    13.3552   
9.6482     30.0370   

# Frame372

# x        y
6.2059     15.5968   
13.5141    23.0594   
1.3911     19.9802   
17.7156    13.1880   
13.4683    13.3552   
9.6485     30.0367   

# Frame373

# x        y
6.2060     15.5979   
13.5141    23.0594   
1.3911     19.9802   
17.7156    13.1880   
13.4683    13.3552   
9.6488     30.0365   

# Frame374

# x        y
6.2062     15.5989   
13.5141    23.0594   
1.3911     19.9802   
17.7156    13.1880   
13.4683    13.3552   
9.6491     30.0363   

# Frame375

# x        y
6.2064     15.6000   
13.5141    23.0594   
1.3911     19.9802   
17.7156    13.1880   
13.4683    13.3552   
9.6493     30.0360   

# Frame376

# x        y
6.2066     15.6010   
13.5141    23.0594   
1.3911     19.9802   
17.7156    13.1880   
13.4683    13.3552   
9.6496     30.0358   

# Frame377

# x        y
6.2068     15.6020   
13.5141    23.0594   
1.3911     19.9802   
17.7156    13.1880   
13.4683    13.3552   
9.6499     30.0356   

# Frame378

# x        y
6.2069     15.6030   
13.5141    23.0594   
1.3911     19.9802   
17.7156    13.1880   
13.4683    13.3552   
9.6501     30.0354   

# Frame379

# x        y
6.2071     15.6040   
13.5141    23.0594   
1.3911     19.9802   
17.7156    13.1880   
13.4683    13.3552   
9.6504     30.0352   

# Frame380

# x        y
6.2073     15.6050   
13.5141    23.0594   
1.3911     19.9802   
17.7156    13.1880   
13.4683    13.3552   
9.6506     30.0350   

# Frame381

# x        y
6.2074     15.6059   
13.5141    23.0594   
1.3911     19.9802   
17.7156    13.1880   
13.4683    13.3552   
9.6509     30.0348   

# Frame382

# x        y
6.2076     15.6068   
13.5141    23.0594   
1.3911     19.9802   
17.7156    13.1880   
13.4683    13.3552   
9.6511     30.0346   

# Frame383

# x        y
6.2077     15.6078   
13.5141    23.0594   
1.3911     19.9802   
17.7156    13.1880   
13.4683    13.3552   
9.6514     30.0344   

# Frame384

# x        y
6.2079     15.6087   
13.5141    23.0594   
1.3911     19.9802   
17.7156    13.1880   
13.4683    13.3552   
9.6516     30.0342   

# Frame385

# x        y
6.2080     15.6095   
13.5141    23.0594   
1.3911     19.9802   
17.7156    13.1880   
13.4683    13.3552   
9.6518     30.0340   

# Frame386

# x        y
6.2082     15.6104   
13.5141    23.0594   
1.3911     19.9802   
17.7156    13.1880   
13.4683    13.3552   
9.6520     30.0338   

# Frame387

# x        y
6.2083     15.6113   
13.5141    23.0594   
1.3911     19.9802   
17.7156    13.1880   
13.4683    13.3552   
9.6523     30.0336   

# Frame388

# x        y
6.2085     15.6121   
13.5141    23.0594   
1.3911     19.9802   
17.7156    13.1880   
13.4683    13.3552   
9.6525     30.0334   

# Frame389

# x        y
6.2086     15.6129   
13.5141    23.0594   
1.3911     19.9802   
17.7156    13.1880   
13.4683    13.3552   
9.6527     30.0333   

# Frame390

# x        y
6.2088     15.6137   
13.5141    23.0594   
1.3911     19.9802   
17.7156    13.1880   
13.4683    13.3552   
9.6529     30.0331   

# Frame391

# x        y
6.2089     15.6145   
13.5141    23.0594   
1.3911     19.9802   
17.7156    13.1880   
13.4683    13.3552   
9.6531     30.0329   

# Frame392

# x        y
6.2090     15.6153   
13.5141    23.0594   
1.3911     19.9802   
17.7156    13.1880   
13.4683    13.3552   
9.6533     30.0327   

# Frame393

# x        y
6.2092     15.6161   
13.5141    23.0594   
1.3911     19.9802   
17.7156    13.1880   
13.4683    13.3552   
9.6535     30.0326   

# Frame394

# x        y
6.2093     15.6169   
13.5141    23.0594   
1.3911     19.9802   
17.7156    13.1880   
13.4683    13.3552   
9.6537     30.0324   

# Frame395

# x        y
6.2094     15.6176   
13.5141    23.0594   
1.3911     19.9802   
17.7156    13.1880   
13.4683    13.3552   
9.6539     30.0322   

# Frame396

# x        y
6.2096     15.6183   
13.5141    23.0594   
1.3911     19.9802   
17.7156    13.1880   
13.4683    13.3552   
9.6541     30.0321   

# Frame397

# x        y
6.2097     15.6191   
13.5141    23.0594   
1.3911     19.9802   
17.7156    13.1880   
13.4683    13.3552   
9.6543     30.0319   

# Frame398

# x        y
6.2098     15.6198   
13.5141    23.0594   
1.3911     19.9802   
17.7156    13.1880   
13.4683    13.3552   
9.6545     30.0318   

# Frame399

# x        y
6.2099     15.6205   
13.5141    23.0594   
1.3911     19.9802   
17.7156    13.1880   
13.4683    13.3552   
9.6547     30.0316   

# Frame400

# x        y
6.2100     15.6212   
13.5141    23.0594   
1.3911     19.9802   
17.7156    13.1880   
13.4683    13.3552   
9.6548     30.0315   

# Frame401

# x        y
6.2102     15.6218   
13.5141    23.0594   
1.3911     19.9802   
17.7156    13.1880   
13.4683    13.3552   
9.6550     30.0313   

# Frame402

# x        y
6.2103     15.6225   
13.5141    23.0594   
1.3911     19.9802   
17.7156    13.1880   
13.4683    13.3552   
9.6552     30.0312   

# Frame403

# x        y
6.2104     15.6231   
13.5141    23.0594   
1.3911     19.9802   
17.7156    13.1880   
13.4683    13.3552   
9.6554     30.0311   

# Frame404

# x        y
6.2105     15.6238   
13.5141    23.0594   
1.3911     19.9802   
17.7156    13.1880   
13.4683    13.3552   
9.6555     30.0309   

# Frame405

# x        y
6.2106     15.6244   
13.5141    23.0594   
1.3911     19.9802   
17.7156    13.1880   
13.4683    13.3552   
9.6557     30.0308   

# Frame406

# x        y
6.2107     15.6250   
13.5141    23.0594   
1.3911     19.9802   
17.7156    13.1880   
13.4683    13.3552   
9.6558     30.0306   

# Frame407

# x        y
6.2108     15.6256   
13.5141    23.0594   
1.3911     19.9802   
17.7156    13.1880   
13.4683    13.3552   
9.6560     30.0305   

# Frame408

# x        y
6.2109     15.6263   
13.5141    23.0594   
1.3911     19.9802   
17.7156    13.1880   
13.4683    13.3552   
9.6562     30.0304   

# Frame409

# x        y
6.2110     15.6268   
13.5141    23.0594   
1.3911     19.9802   
17.7156    13.1880   
13.4683    13.3552   
9.6563     30.0303   

# Frame410

# x        y
6.2111     15.6274   
13.5141    23.0594   
1.3911     19.9802   
17.7156    13.1880   
13.4683    13.3552   
9.6565     30.0301   

# Frame411

# x        y
6.2112     15.6280   
13.5141    23.0594   
1.3911     19.9802   
17.7156    13.1880   
13.4683    13.3552   
9.6566     30.0300   

# Frame412

# x        y
6.2113     15.6286   
13.5141    23.0594   
1.3911     19.9802   
17.7156    13.1880   
13.4683    13.3552   
9.6568     30.0299   

# Frame413

# x        y
6.2114     15.6291   
13.5141    23.0594   
1.3911     19.9802   
17.7156    13.1880   
13.4683    13.3552   
9.6569     30.0298   

# Frame414

# x        y
6.2115     15.6296   
13.5141    23.0594   
1.3911     19.9802   
17.7156    13.1880   
13.4683    13.3552   
9.6570     30.0297   

# Frame415

# x        y
6.2116     15.6302   
13.5141    23.0594   
1.3911     19.9802   
17.7156    13.1880   
13.4683    13.3552   
9.6572     30.0295   

# Frame416

# x        y
6.2117     15.6307   
13.5141    23.0594   
1.3911     19.9802   
17.7156    13.1880   
13.4683    13.3552   
9.6573     30.0294   

# Frame417

# x        y
6.2118     15.6312   
13.5141    23.0594   
1.3911     19.9802   
17.7156    13.1880   
13.4683    13.3552   
9.6575     30.0293   

# Frame418

# x        y
6.2119     15.6317   
13.5141    23.0594   
1.3911     19.9802   
17.7156    13.1880   
13.4683    13.3552   
9.6576     30.0292   

# Frame419

# x        y
6.2119     15.6322   
13.5141    23.0594   
1.3911     19.9802   
17.7156    13.1880   
13.4683    13.3552   
9.6577     30.0291   

# Frame420

# x        y
6.2120     15.6327   
13.5141    23.0594   
1.3911     19.9802   
17.7156    13.1880   
13.4683    13.3552   
9.6578     30.0290   

# Frame421

# x        y
6.2121     15.6332   
13.5141    23.0594   
1.3911     19.9802   
17.7156    13.1880   
13.4683    13.3552   
9.6580     30.0289   

# Frame422

# x        y
6.2122     15.6337   
13.5141    23.0594   
1.3911     19.9802   
17.7156    13.1880   
13.4683    13.3552   
9.6581     30.0288   

# Frame423

# x        y
6.2123     15.6341   
13.5141    23.0594   
1.3911     19.9802   
17.7156    13.1880   
13.4683    13.3552   
9.6582     30.0287   

# Frame424

# x        y
6.2124     15.6346   
13.5141    23.0594   
1.3911     19.9802   
17.7156    13.1880   
13.4683    13.3552   
9.6583     30.0286   

# Frame425

# x        y
6.2124     15.6351   
13.5141    23.0594   
1.3911     19.9802   
17.7156    13.1880   
13.4683    13.3552   
9.6584     30.0285   

# Frame426

# x        y
6.2125     15.6355   
13.5141    23.0594   
1.3911     19.9802   
17.7156    13.1880   
13.4683    13.3552   
9.6586     30.0284   

# Frame427

# x        y
6.2126     15.6359   
13.5141    23.0594   
1.3911     19.9802   
17.7156    13.1880   
13.4683    13.3552   
9.6587     30.0283   

# Frame428

# x        y
6.2127     15.6364   
13.5141    23.0594   
1.3911     19.9802   
17.7156    13.1880   
13.4683    13.3552   
9.6588     30.0282   

# Frame429

# x        y
6.2127     15.6368   
13.5141    23.0594   
1.3911     19.9802   
17.7156    13.1880   
13.4683    13.3552   
9.6589     30.0281   

# Frame430

# x        y
6.2128     15.6372   
13.5141    23.0594   
1.3911     19.9802   
17.7156    13.1880   
13.4683    13.3552   
9.6590     30.0280   

# Frame431

# x        y
6.2129     15.6376   
13.5141    23.0594   
1.3911     19.9802   
17.7156    13.1880   
13.4683    13.3552   
9.6591     30.0280   

# Frame432

# x        y
6.2129     15.6380   
13.5141    23.0594   
1.3911     19.9802   
17.7156    13.1880   
13.4683    13.3552   
9.6592     30.0279   

# Frame433

# x        y
6.2130     15.6384   
13.5141    23.0594   
1.3911     19.9802   
17.7156    13.1880   
13.4683    13.3552   
9.6593     30.0278   

# Frame434

# x        y
6.2131     15.6388   
13.5141    23.0594   
1.3911     19.9802   
17.7156    13.1880   
13.4683    13.3552   
9.6594     30.0277   

# Frame435

# x        y
6.2131     15.6392   
13.5141    23.0594   
1.3911     19.9802   
17.7156    13.1880   
13.4683    13.3552   
9.6595     30.0276   

# Frame436

# x        y
6.2132     15.6395   
13.5141    23.0594   
1.3911     19.9802   
17.7156    13.1880   
13.4683    13.3552   
9.6596     30.0275   

# Frame437

# x        y
6.2133     15.6399   
13.5141    23.0594   
1.3911     19.9802   
17.7156    13.1880   
13.4683    13.3552   
9.6597     30.0275   

# Frame438

# x        y
6.2133     15.6403   
13.5141    23.0594   
1.3911     19.9802   
17.7156    13.1880   
13.4683    13.3552   
9.6598     30.0274   

# Frame439

# x        y
6.2134     15.6406   
13.5141    23.0594   
1.3911     19.9802   
17.7156    13.1880   
13.4683    13.3552   
9.6599     30.0273   

# Frame440

# x        y
6.2134     15.6410   
13.5141    23.0594   
1.3911     19.9802   
17.7156    13.1880   
13.4683    13.3552   
9.6600     30.0272   

# Frame441

# x        y
6.2135     15.6413   
13.5141    23.0594   
1.3911     19.9802   
17.7156    13.1880   
13.4683    13.3552   
9.6601     30.0272   

# Frame442

# x        y
6.2136     15.6417   
13.5141    23.0594   
1.3911     19.9802   
17.7156    13.1880   
13.4683    13.3552   
9.6602     30.0271   

# Frame443

# x        y
6.2136     15.6420   
13.5141    23.0594   
1.3911     19.9802   
17.7156    13.1880   
13.4683    13.3552   
9.6603     30.0270   

# Frame444

# x        y
6.2137     15.6423   
13.5141    23.0594   
1.3911     19.9802   
17.7156    13.1880   
13.4683    13.3552   
9.6603     30.0269   

# Frame445

# x        y
6.2137     15.6427   
13.5141    23.0594   
1.3911     19.9802   
17.7156    13.1880   
13.4683    13.3552   
9.6604     30.0269   

# Frame446

# x        y
6.2138     15.6430   
13.5141    23.0594   
1.3911     19.9802   
17.7156    13.1880   
13.4683    13.3552   
9.6605     30.0268   

# Frame447

# x        y
6.2138     15.6433   
13.5141    23.0594   
1.3911     19.9802   
17.7156    13.1880   
13.4683    13.3552   
9.6606     30.0267   

# Frame448

# x        y
6.2139     15.6436   
13.5141    23.0594   
1.3911     19.9802   
17.7156    13.1880   
13.4683    13.3552   
9.6607     30.0267   

# Frame449

# x        y
6.2139     15.6439   
13.5141    23.0594   
1.3911     19.9802   
17.7156    13.1880   
13.4683    13.3552   
9.6607     30.0266   

# Frame450

# x        y
6.2140     15.6442   
13.5141    23.0594   
1.3911     19.9802   
17.7156    13.1880   
13.4683    13.3552   
9.6607     30.0266   

# Frame451

# x        y
6.2140     15.6445   
13.5141    23.0594   
1.3911     19.9802   
17.7156    13.1880   
13.4683    13.3552   
9.6607     30.0266   

# Frame452

# x        y
6.2141     15.6448   
13.5141    23.0594   
1.3911     19.9802   
17.7156    13.1880   
13.4683    13.3552   
9.6607     30.0266   

# Frame453

# x        y
6.2141     15.6451   
13.5141    23.0594   
1.3911     19.9802   
17.7156    13.1880   
13.4683    13.3552   
9.6607     30.0266   

# Frame454

# x        y
6.2142     15.6453   
13.5141    23.0594   
1.3911     19.9802   
17.7156    13.1880   
13.4683    13.3552   
9.6607     30.0266   

# Frame455

# x        y
6.2142     15.6456   
13.5141    23.0594   
1.3911     19.9802   
17.7156    13.1880   
13.4683    13.3552   
9.6607     30.0266   

# Frame456

# x        y
6.2143     15.6459   
13.5141    23.0594   
1.3911     19.9802   
17.7156    13.1880   
13.4683    13.3552   
9.6607     30.0266   

# Frame457

# x        y
6.2143     15.6461   
13.5141    23.0594   
1.3911     19.9802   
17.7156    13.1880   
13.4683    13.3552   
9.6607     30.0266   

# Frame458

# x        y
6.2144     15.6464   
13.5141    23.0594   
1.3911     19.9802   
17.7156    13.1880   
13.4683    13.3552   
9.6607     30.0266   

# Frame459

# x        y
6.2144     15.6466   
13.5141    23.0594   
1.3911     19.9802   
17.7156    13.1880   
13.4683    13.3552   
9.6607     30.0266   

# Frame460

# x        y
6.2145     15.6469   
13.5141    23.0594   
1.3911     19.9802   
17.7156    13.1880   
13.4683    13.3552   
9.6607     30.0266   

# Frame461

# x        y
6.2145     15.6471   
13.5141    23.0594   
1.3911     19.9802   
17.7156    13.1880   
13.4683    13.3552   
9.6607     30.0266   

# Frame462

# x        y
6.2145     15.6474   
13.5141    23.0594   
1.3911     19.9802   
17.7156    13.1880   
13.4683    13.3552   
9.6607     30.0266   

# Frame463

# x        y
6.2146     15.6476   
13.5141    23.0594   
1.3911     19.9802   
17.7156    13.1880   
13.4683    13.3552   
9.6607     30.0266   

# Frame464

# x        y
6.2146     15.6479   
13.5141    23.0594   
1.3911     19.9802   
17.7156    13.1880   
13.4683    13.3552   
9.6607     30.0266   

# Frame465

# x        y
6.2147     15.6481   
13.5141    23.0594   
1.3911     19.9802   
17.7156    13.1880   
13.4683    13.3552   
9.6607     30.0266   

# Frame466

# x        y
6.2147     15.6483   
13.5141    23.0594   
1.3911     19.9802   
17.7156    13.1880   
13.4683    13.3552   
9.6607     30.0266   

# Frame467

# x        y
6.2147     15.6485   
13.5141    23.0594   
1.3911     19.9802   
17.7156    13.1880   
13.4683    13.3552   
9.6607     30.0266   

# Frame468

# x        y
6.2148     15.6488   
13.5141    23.0594   
1.3911     19.9802   
17.7156    13.1880   
13.4683    13.3552   
9.6607     30.0266   

# Frame469

# x        y
6.2148     15.6490   
13.5141    23.0594   
1.3911     19.9802   
17.7156    13.1880   
13.4683    13.3552   
9.6607     30.0266   

# Frame470

# x        y
6.2149     15.6492   
13.5141    23.0594   
1.3911     19.9802   
17.7156    13.1880   
13.4683    13.3552   
9.6607     30.0266   

# Frame471

# x        y
6.2149     15.6494   
13.5141    23.0594   
1.3911     19.9802   
17.7156    13.1880   
13.4683    13.3552   
9.6607     30.0266   

# Frame472

# x        y
6.2149     15.6496   
13.5141    23.0594   
1.3911     19.9802   
17.7156    13.1880   
13.4683    13.3552   
9.6607     30.0266   

# Frame473

# x        y
6.2150     15.6498   
13.5141    23.0594   
1.3911     19.9802   
17.7156    13.1880   
13.4683    13.3552   
9.6607     30.0266   

# Frame474

# x        y
6.2150     15.6500   
13.5141    23.0594   
1.3911     19.9802   
17.7156    13.1880   
13.4683    13.3552   
9.6607     30.0266   

# Frame475

# x        y
6.2150     15.6502   
13.5141    23.0594   
1.3911     19.9802   
17.7156    13.1880   
13.4683    13.3552   
9.6607     30.0266   

# Frame476

# x        y
6.2151     15.6504   
13.5141    23.0594   
1.3911     19.9802   
17.7156    13.1880   
13.4683    13.3552   
9.6607     30.0266   

# Frame477

# x        y
6.2151     15.6506   
13.5141    23.0594   
1.3911     19.9802   
17.7156    13.1880   
13.4683    13.3552   
9.6607     30.0266   

# Frame478

# x        y
6.2151     15.6508   
13.5141    23.0594   
1.3911     19.9802   
17.7156    13.1880   
13.4683    13.3552   
9.6607     30.0266   

# Frame479

# x        y
6.2152     15.6509   
13.5141    23.0594   
1.3911     19.9802   
17.7156    13.1880   
13.4683    13.3552   
9.6607     30.0266   

# Frame480

# x        y
6.2152     15.6511   
13.5141    23.0594   
1.3911     19.9802   
17.7156    13.1880   
13.4683    13.3552   
9.6607     30.0266   

# Frame481

# x        y
6.2152     15.6513   
13.5141    23.0594   
1.3911     19.9802   
17.7156    13.1880   
13.4683    13.3552   
9.6607     30.0266   

# Frame482

# x        y
6.2152     15.6515   
13.5141    23.0594   
1.3911     19.9802   
17.7156    13.1880   
13.4683    13.3552   
9.6607     30.0266   

# Frame483

# x        y
6.2153     15.6516   
13.5141    23.0594   
1.3911     19.9802   
17.7156    13.1880   
13.4683    13.3552   
9.6607     30.0266   

# Frame484

# x        y
6.2153     15.6518   
13.5141    23.0594   
1.3911     19.9802   
17.7156    13.1880   
13.4683    13.3552   
9.6607     30.0266   

# Frame485

# x        y
6.2153     15.6520   
13.5141    23.0594   
1.3911     19.9802   
17.7156    13.1880   
13.4683    13.3552   
9.6607     30.0266   

# Frame486

# x        y
6.2154     15.6521   
13.5141    23.0594   
1.3911     19.9802   
17.7156    13.1880   
13.4683    13.3552   
9.6607     30.0266   

# Frame487

# x        y
6.2154     15.6523   
13.5141    23.0594   
1.3911     19.9802   
17.7156    13.1880   
13.4683    13.3552   
9.6607     30.0266   

# Frame488

# x        y
6.2154     15.6524   
13.5141    23.0594   
1.3911     19.9802   
17.7156    13.1880   
13.4683    13.3552   
9.6607     30.0266   

# Frame489

# x        y
6.2154     15.6526   
13.5141    23.0594   
1.3911     19.9802   
17.7156    13.1880   
13.4683    13.3552   
9.6607     30.0266   

# Frame490

# x        y
6.2155     15.6528   
13.5141    23.0594   
1.3911     19.9802   
17.7156    13.1880   
13.4683    13.3552   
9.6607     30.0266   

# Frame491

# x        y
6.2155     15.6529   
13.5141    23.0594   
1.3911     19.9802   
17.7156    13.1880   
13.4683    13.3552   
9.6607     30.0266   

# Frame492

# x        y
6.2155     15.6530   
13.5141    23.0594   
1.3911     19.9802   
17.7156    13.1880   
13.4683    13.3552   
9.6607     30.0266   

# Frame493

# x        y
6.2155     15.6532   
13.5141    23.0594   
1.3911     19.9802   
17.7156    13.1880   
13.4683    13.3552   
9.6607     30.0266   

# Frame494

# x        y
6.2156     15.6533   
13.5141    23.0594   
1.3911     19.9802   
17.7156    13.1880   
13.4683    13.3552   
9.6607     30.0266   

# Frame495

# x        y
6.2156     15.6535   
13.5141    23.0594   
1.3911     19.9802   
17.7156    13.1880   
13.4683    13.3552   
9.6607     30.0266   

# Frame496

# x        y
6.2156     15.6536   
13.5141    23.0594   
1.3911     19.9802   
17.7156    13.1880   
13.4683    13.3552   
9.6607     30.0266   

# Frame497

# x        y
6.2156     15.6537   
13.5141    23.0594   
1.3911     19.9802   
17.7156    13.1880   
13.4683    13.3552   
9.6607     30.0266   

# Frame498

# x        y
6.2157     15.6539   
13.5141    23.0594   
1.3911     19.9802   
17.7156    13.1880   
13.4683    13.3552   
9.6607     30.0266   

# Frame499

# x        y
6.2157     15.6540   
13.5141    23.0594   
1.3911     19.9802   
17.7156    13.1880   
13.4683    13.3552   
9.6607     30.0266   

# Frame500

# x        y
6.2157     15.6541   
13.5141    23.0594   
1.3911     19.9802   
17.7156    13.1880   
13.4683    13.3552   
9.6607     30.0266   

# Frame501

# x        y
6.2157     15.6543   
13.5141    23.0594   
1.3911     19.9802   
17.7156    13.1880   
13.4683    13.3552   
9.6607     30.0266   

# Frame502

# x        y
6.2157     15.6544   
13.5141    23.0594   
1.3911     19.9802   
17.7156    13.1880   
13.4683    13.3552   
9.6607     30.0266   

# Frame503

# x        y
6.2158     15.6545   
13.5141    23.0594   
1.3911     19.9802   
17.7156    13.1880   
13.4683    13.3552   
9.6607     30.0266   

# Frame504

# x        y
6.2158     15.6546   
13.5141    23.0594   
1.3911     19.9802   
17.7156    13.1880   
13.4683    13.3552   
9.6607     30.0266   

# Frame505

# x        y
6.2158     15.6547   
13.5141    23.0594   
1.3911     19.9802   
17.7156    13.1880   
13.4683    13.3552   
9.6607     30.0266   

# Frame506

# x        y
6.2158     15.6549   
13.5141    23.0594   
1.3911     19.9802   
17.7156    13.1880   
13.4683    13.3552   
9.6607     30.0266   

# Frame507

# x        y
6.2158     15.6550   
13.5141    23.0594   
1.3911     19.9802   
17.7156    13.1880   
13.4683    13.3552   
9.6607     30.0266   

# Frame508

# x        y
6.2159     15.6551   
13.5141    23.0594   
1.3911     19.9802   
17.7156    13.1880   
13.4683    13.3552   
9.6607     30.0266   

# Frame509

# x        y
6.2159     15.6552   
13.5141    23.0594   
1.3911     19.9802   
17.7156    13.1880   
13.4683    13.3552   
9.6607     30.0266   

# Frame510

# x        y
6.2159     15.6553   
13.5141    23.0594   
1.3911     19.9802   
17.7156    13.1880   
13.4683    13.3552   
9.6607     30.0266   

# Frame511

# x        y
6.2159     15.6554   
13.5141    23.0594   
1.3911     19.9802   
17.7156    13.1880   
13.4683    13.3552   
9.6607     30.0266   

# Frame512

# x        y
6.2159     15.6555   
13.5141    23.0594   
1.3911     19.9802   
17.7156    13.1880   
13.4683    13.3552   
9.6607     30.0266   

# Frame513

# x        y
6.2160     15.6556   
13.5141    23.0594   
1.3911     19.9802   
17.7156    13.1880   
13.4683    13.3552   
9.6607     30.0266   

# Frame514

# x        y
6.2160     15.6557   
13.5141    23.0594   
1.3911     19.9802   
17.7156    13.1880   
13.4683    13.3552   
9.6607     30.0266   

# Frame515

# x        y
6.2160     15.6558   
13.5141    23.0594   
1.3911     19.9802   
17.7156    13.1880   
13.4683    13.3552   
9.6607     30.0266   

# Frame516

