# x        y
8.5748     29.7316   
14.2409    31.8248   
13.8876    1.7630    
16.0987    7.8469    
5.5908     34.8019   
1.0050     1.0048    

# Frame1

# x        y
7.0537     28.4330   
14.2409    31.8248   
13.8876    1.7630    
16.0987    7.8469    
5.5908     34.8019   
1.0050     1.0049    

# Frame2

# x        y
5.5580     27.1561   
14.2409    31.8248   
13.8876    1.7630    
16.0987    7.8469    
5.5908     34.8019   
1.0050     1.0049    

# Frame3

# x        y
4.0872     25.9004   
14.2409    31.8248   
13.8876    1.7630    
16.0987    7.8469    
5.5908     34.8019   
1.0050     1.0049    

# Frame4

# x        y
2.6409     24.6657   
14.2409    31.8248   
13.8876    1.7630    
16.0987    7.8469    
5.5908     34.8019   
1.0050     1.0049    

# Frame5

# x        y
1.2187     23.4516   
14.2409    31.8248   
13.8876    1.7630    
16.0987    7.8469    
5.5908     34.8019   
1.0050     1.0049    

# Frame6

# x        y
1.5918     22.5933   
14.2409    31.8248   
13.8876    1.7630    
16.0987    7.8469    
5.5908     34.8019   
1.0050     1.0050    

# Frame7

# x        y
2.2794     21.8121   
14.2409    31.8248   
13.8876    1.7630    
16.0987    7.8469    
5.5908     34.8019   
1.0050     1.0050    

# Frame8

# x        y
2.9555     21.0439   
14.2409    31.8248   
13.8876    1.7630    
16.0987    7.8469    
5.5908     34.8019   
1.0050     1.0050    

# Frame9

# x        y
3.6204     20.2885   
14.2409    31.8248   
13.8876    1.7630    
16.0987    7.8469    
5.5908     34.8019   
1.0050     1.0050    

# Frame10

# x        y
4.2741     19.5457   
14.2409    31.8248   
13.8876    1.7630    
16.0987    7.8469    
5.5908     34.8019   
1.0050     1.0050    

# Frame11

# x        y
4.9170     18.8153   
14.2409    31.8248   
13.8876    1.7630    
16.0987    7.8469    
5.5908     34.8019   
1.0050     1.0050    

# Frame12

# x        y
5.5492     18.0971   
14.2409    31.8248   
13.8876    1.7630    
16.0987    7.8469    
5.5908     34.8019   
1.0050     1.0050    

# Frame13

# x        y
6.1708     17.3908   
14.2409    31.8248   
13.8876    1.7630    
16.0987    7.8469    
5.5908     34.8019   
1.0050     1.0050    

# Frame14

# x        y
6.7821     16.6963   
14.2409    31.8248   
13.8876    1.7630    
16.0987    7.8469    
5.5908     34.8019   
1.0050     1.0050    

# Frame15

# x        y
7.3832     16.0134   
14.2409    31.8248   
13.8876    1.7630    
16.0987    7.8469    
5.5908     34.8019   
1.0050     1.0050    

# Frame16

# x        y
7.9743     15.3419   
14.2409    31.8248   
13.8876    1.7630    
16.0987    7.8469    
5.5908     34.8019   
1.0050     1.0050    

# Frame17

# x        y
8.5555     14.6815   
14.2409    31.8248   
13.8876    1.7630    
16.0987    7.8469    
5.5908     34.8019   
1.0050     1.0050    

# Frame18

# x        y
9.1270     14.0322   
14.2409    31.8248   
13.8876    1.7630    
16.0987    7.8469    
5.5908     34.8019   
1.0050     1.0050    

# Frame19

# x        y
9.6890     13.3937   
14.2409    31.8248   
13.8876    1.7630    
16.0987    7.8469    
5.5908     34.8019   
1.0050     1.0050    

# Frame20

# x        y
10.2416    12.7658   
14.2409    31.8248   
13.8876    1.7630    
16.0987    7.8469    
5.5908     34.8019   
1.0050     1.0050    

# Frame21

# x        y
10.7851    12.1484   
14.2409    31.8248   
13.8876    1.7630    
16.0987    7.8469    
5.5908     34.8019   
1.0050     1.0050    

# Frame22

# x        y
11.3194    11.5413   
14.2409    31.8248   
13.8876    1.7630    
16.0987    7.8469    
5.5908     34.8019   
1.0050     1.0050    

# Frame23

# x        y
11.8449    10.9443   
14.2409    31.8248   
13.8876    1.7630    
16.0987    7.8469    
5.5908     34.8019   
1.0050     1.0050    

# Frame24

# x        y
12.3616    10.3572   
14.2409    31.8248   
13.8876    1.7630    
16.0987    7.8469    
5.5908     34.8019   
1.0050     1.0050    

# Frame25

# x        y
12.8697    9.7799    
14.2409    31.8248   
13.8876    1.7630    
16.0987    7.8469    
5.5908     34.8019   
1.0050     1.0050    

# Frame26

# x        y
13.3693    9.2123    
14.2409    31.8248   
13.8876    1.7630    
16.0987    7.8469    
5.5908     34.8019   
1.0050     1.0050    

# Frame27

# x        y
13.8606    8.6541    
14.2409    31.8248   
13.8876    1.7630    
16.0987    7.8469    
5.5908     34.8019   
1.0050     1.0050    

# Frame28

# x        y
14.1915    8.1915    
14.2409    31.8248   
13.8876    1.7630    
16.2509    7.7605    
5.5908     34.8019   
1.0050     1.0050    

# Frame29

# x        y
14.2687    7.8815    
14.2409    31.8248   
13.8876    1.7630    
16.6488    7.5309    
5.5908     34.8019   
1.0050     1.0050    

# Frame30

# x        y
14.3445    7.5765    
14.2409    31.8248   
13.8876    1.7630    
17.0401    7.3051    
5.5908     34.8019   
1.0050     1.0050    

# Frame31

# x        y
14.4191    7.2767    
14.2409    31.8248   
13.8876    1.7630    
17.4248    7.0831    
5.5908     34.8019   
1.0050     1.0050    

# Frame32

# x        y
14.4925    6.9818    
14.2409    31.8248   
13.8876    1.7630    
17.8032    6.8647    
5.5908     34.8019   
1.0050     1.0050    

# Frame33

# x        y
14.5647    6.6919    
14.2409    31.8248   
13.8876    1.7630    
18.1752    6.6500    
5.5908     34.8019   
1.0050     1.0050    

# Frame34

# x        y
14.6356    6.4068    
14.2409    31.8248   
13.8876    1.7630    
18.5410    6.4389    
5.5908     34.8019   
1.0050     1.0050    

# Frame35

# x        y
14.7054    6.1264    
14.2409    31.8248   
13.8876    1.7630    
18.9007    6.2313    
5.5908     34.8019   
1.0050     1.0050    

# Frame36

# x        y
14.7739    5.8508    
14.2409    31.8248   
13.8876    1.7630    
18.8709    6.0274    
5.5908     34.8019   
1.0050     1.0050    

# Frame37

# x        y
14.8414    5.5797    
14.2409    31.8248   
13.8876    1.7630    
18.6970    5.8272    
5.5908     34.8019   
1.0050     1.0050    

# Frame38

# x        y
14.9077    5.3131    
14.2409    31.8248   
13.8876    1.7630    
18.5259    5.6302    
5.5908     34.8019   
1.0050     1.0050    

# Frame39

# x        y
14.9730    5.0510    
14.2409    31.8248   
13.8876    1.7630    
18.3578    5.4365    
5.5908     34.8019   
1.0050     1.0050    

# Frame40

# x        y
15.0371    4.7932    
14.2409    31.8248   
13.8876    1.7630    
18.1924    5.2461    
5.5908     34.8019   
1.0050     1.0050    

# Frame41

# x        y
15.1002    4.5398    
14.2409    31.8248   
13.8876    1.7630    
18.0298    5.0589    
5.5908     34.8019   
1.0050     1.0050    

# Frame42

# x        y
15.1622    4.2906    
14.2409    31.8248   
13.8876    1.7630    
17.8699    4.8747    
5.5908     34.8019   
1.0050     1.0050    

# Frame43

# x        y
15.2232    4.0455    
14.2409    31.8248   
13.8876    1.7630    
17.7127    4.6936    
5.5908     34.8019   
1.0050     1.0050    

# Frame44

# x        y
15.2831    3.8045    
14.2409    31.8248   
13.8876    1.7630    
17.5581    4.5156    
5.5908     34.8019   
1.0050     1.0050    

# Frame45

# x        y
15.3421    3.5675    
14.2409    31.8248   
13.8876    1.7630    
17.4060    4.3405    
5.5908     34.8019   
1.0050     1.0050    

# Frame46

# x        y
15.4001    3.3345    
14.2409    31.8248   
13.8876    1.7630    
17.2565    4.1683    
5.5908     34.8019   
1.0050     1.0050    

# Frame47

# x        y
15.3803    3.0784    
14.2409    31.8248   
13.8834    1.7590    
17.1906    4.0300    
5.5908     34.8019   
1.0050     1.0050    

# Frame48

# x        y
15.4243    2.9291    
14.2409    31.8248   
13.7755    1.6355    
17.1660    3.9109    
5.5908     34.8019   
1.0050     1.0050    

# Frame49

# x        y
15.4346    2.7611    
14.2409    31.8248   
13.6694    1.5141    
17.1748    3.8151    
5.5908     34.8019   
1.0050     1.0050    

# Frame50

# x        y
15.4447    2.5959    
14.2409    31.8248   
13.5651    1.3947    
17.1834    3.7208    
5.5908     34.8019   
1.0050     1.0050    

# Frame51

# x        y
15.4546    2.4334    
14.2409    31.8248   
13.4625    1.2774    
17.1919    3.6281    
5.5908     34.8019   
1.0050     1.0050    

# Frame52

# x        y
15.4644    2.2737    
14.2409    31.8248   
13.3616    1.1619    
17.2002    3.5369    
5.5908     34.8019   
1.0050     1.0050    

# Frame53

# x        y
15.4740    2.1166    
14.2409    31.8248   
13.2624    1.0484    
17.2084    3.4473    
5.5908     34.8019   
1.0050     1.0050    

# Frame54

# x        y
15.4835    1.9621    
14.2409    31.8248   
13.1878    1.0339    
17.2165    3.3592    
5.5908     34.8019   
1.0050     1.0050    

# Frame55

# x        y
15.4928    1.8103    
14.2409    31.8248   
13.1351    1.0888    
17.2244    3.2725    
5.5908     34.8019   
1.0050     1.0050    

# Frame56

# x        y
15.5019    1.6609    
14.2409    31.8248   
13.0832    1.1428    
17.2322    3.1873    
5.5908     34.8019   
1.0050     1.0050    

# Frame57

# x        y
15.5109    1.5140    
14.2409    31.8248   
13.0323    1.1958    
17.2399    3.1035    
5.5908     34.8019   
1.0050     1.0050    

# Frame58

# x        y
15.5198    1.3696    
14.2409    31.8248   
12.9821    1.2480    
17.2475    3.0210    
5.5908     34.8019   
1.0050     1.0050    

# Frame59

# x        y
15.5285    1.2276    
14.2409    31.8248   
12.9329    1.2993    
17.2549    2.9400    
5.5908     34.8019   
1.0050     1.0050    

# Frame60

# x        y
15.5370    1.0879    
14.2409    31.8248   
12.8844    1.3498    
17.2622    2.8603    
5.5908     34.8019   
1.0050     1.0050    

# Frame61

# x        y
15.5504    1.0270    
14.2409    31.8248   
12.8367    1.3994    
17.2694    2.7820    
5.5908     34.8019   
1.0050     1.0050    

# Frame62

# x        y
15.5737    1.0946    
14.2409    31.8248   
12.7899    1.4482    
17.2764    2.7049    
5.5908     34.8019   
1.0050     1.0050    

# Frame63

# x        y
15.5967    1.1609    
14.2409    31.8248   
12.7438    1.4961    
17.2834    2.6291    
5.5908     34.8019   
1.0050     1.0050    

# Frame64

# x        y
15.6193    1.2262    
14.2409    31.8248   
12.6985    1.5433    
17.2902    2.5546    
5.5908     34.8019   
1.0050     1.0050    

# Frame65

# x        y
15.6414    1.2904    
14.2409    31.8248   
12.6539    1.5897    
17.2969    2.4814    
5.5908     34.8019   
1.0050     1.0050    

# Frame66

# x        y
15.6438    1.3270    
14.2409    31.8248   
12.6101    1.6353    
17.3230    2.4359    
5.5908     34.8019   
1.0050     1.0050    

# Frame67

# x        y
15.6264    1.3302    
14.2409    31.8248   
12.5670    1.6801    
17.3683    2.4239    
5.5908     34.8019   
1.0050     1.0050    

# Frame68

# x        y
15.6094    1.3334    
14.2409    31.8248   
12.5246    1.7243    
17.4128    2.4121    
5.5908     34.8019   
1.0050     1.0050    

# Frame69

# x        y
15.5926    1.3366    
14.2409    31.8248   
12.4830    1.7676    
17.4566    2.4004    
5.5908     34.8019   
1.0050     1.0050    

# Frame70

# x        y
15.5761    1.3397    
14.2409    31.8248   
12.4420    1.8103    
17.4997    2.3890    
5.5908     34.8019   
1.0050     1.0050    

# Frame71

# x        y
15.5599    1.3427    
14.2409    31.8248   
12.4017    1.8522    
17.5420    2.3777    
5.5908     34.8019   
1.0050     1.0050    

# Frame72

# x        y
15.5439    1.3457    
14.2409    31.8248   
12.3621    1.8934    
17.5837    2.3667    
5.5908     34.8019   
1.0050     1.0050    

# Frame73

# x        y
15.5283    1.3487    
14.2409    31.8248   
12.3232    1.9340    
17.6246    2.3558    
5.5908     34.8019   
1.0050     1.0050    

# Frame74

# x        y
15.5129    1.3516    
14.2409    31.8248   
12.2848    1.9739    
17.6649    2.3451    
5.5908     34.8019   
1.0050     1.0050    

# Frame75

# x        y
15.4977    1.3544    
14.2409    31.8248   
12.2472    2.0131    
17.7045    2.3346    
5.5908     34.8019   
1.0050     1.0050    

# Frame76

# x        y
15.4828    1.3572    
14.2409    31.8248   
12.2101    2.0516    
17.7434    2.3242    
5.5908     34.8019   
1.0050     1.0050    

# Frame77

# x        y
15.4681    1.3600    
14.2409    31.8248   
12.1737    2.0895    
17.7817    2.3141    
5.5908     34.8019   
1.0050     1.0050    

# Frame78

# x        y
15.4537    1.3627    
14.2409    31.8248   
12.1379    2.1268    
17.8193    2.3041    
5.5908     34.8019   
1.0050     1.0050    

# Frame79

# x        y
15.4395    1.3654    
14.2409    31.8248   
12.1027    2.1635    
17.8563    2.2942    
5.5908     34.8019   
1.0050     1.0050    

# Frame80

# x        y
15.4256    1.3680    
14.2409    31.8248   
12.0681    2.1995    
17.8927    2.2846    
5.5908     34.8019   
1.0050     1.0050    

# Frame81

# x        y
15.4119    1.3706    
14.2409    31.8248   
12.0340    2.2350    
17.9285    2.2750    
5.5908     34.8019   
1.0050     1.0050    

# Frame82

# x        y
15.3984    1.3731    
14.2409    31.8248   
12.0005    2.2698    
17.9637    2.2657    
5.5908     34.8019   
1.0050     1.0050    

# Frame83

# x        y
15.3852    1.3756    
14.2409    31.8248   
11.9676    2.3041    
17.9983    2.2565    
5.5908     34.8019   
1.0050     1.0050    

# Frame84

# x        y
15.3721    1.3781    
14.2409    31.8248   
11.9352    2.3378    
18.0324    2.2475    
5.5908     34.8019   
1.0050     1.0050    

# Frame85

# x        y
15.3593    1.3805    
14.2409    31.8248   
11.9034    2.3710    
18.0658    2.2386    
5.5908     34.8019   
1.0050     1.0050    

# Frame86

# x        y
15.3467    1.3829    
14.2409    31.8248   
11.8721    2.4036    
18.0987    2.2298    
5.5908     34.8019   
1.0050     1.0050    

# Frame87

# x        y
15.3343    1.3852    
14.2409    31.8248   
11.8413    2.4356    
18.1311    2.2212    
5.5908     34.8019   
1.0050     1.0050    

# Frame88

# x        y
15.3221    1.3875    
14.2409    31.8248   
11.8110    2.4671    
18.1629    2.2128    
5.5908     34.8019   
1.0050     1.0050    

# Frame89

# x        y
15.3102    1.3897    
14.2409    31.8248   
11.7812    2.4981    
18.1942    2.2045    
5.5908     34.8019   
1.0050     1.0050    

# Frame90

# x        y
15.2984    1.3920    
14.2409    31.8248   
11.7520    2.5286    
18.2250    2.1963    
5.5908     34.8019   
1.0050     1.0050    

# Frame91

# x        y
15.2868    1.3941    
14.2409    31.8248   
11.7232    2.5585    
18.2552    2.1882    
5.5908     34.8019   
1.0050     1.0050    

# Frame92

# x        y
15.2754    1.3963    
14.2409    31.8248   
11.6949    2.5880    
18.2850    2.1803    
5.5908     34.8019   
1.0050     1.0050    

# Frame93

# x        y
15.2642    1.3984    
14.2409    31.8248   
11.6670    2.6170    
18.3142    2.1726    
5.5908     34.8019   
1.0050     1.0050    

# Frame94

# x        y
15.2532    1.4005    
14.2409    31.8248   
11.6397    2.6455    
18.3430    2.1649    
5.5908     34.8019   
1.0050     1.0050    

# Frame95

# x        y
15.2424    1.4025    
14.2409    31.8248   
11.6128    2.6735    
18.3713    2.1574    
5.5908     34.8019   
1.0050     1.0050    

# Frame96

# x        y
15.2317    1.4045    
14.2409    31.8248   
11.5863    2.7010    
18.3991    2.1500    
5.5908     34.8019   
1.0050     1.0050    

# Frame97

# x        y
15.2212    1.4065    
14.2409    31.8248   
11.5603    2.7281    
18.4265    2.1428    
5.5908     34.8019   
1.0050     1.0050    

# Frame98

# x        y
15.2109    1.4084    
14.2409    31.8248   
11.5347    2.7548    
18.4534    2.1356    
5.5908     34.8019   
1.0050     1.0050    

# Frame99

# x        y
15.2008    1.4103    
14.2409    31.8248   
11.5095    2.7810    
18.4798    2.1286    
5.5908     34.8019   
1.0050     1.0050    

# Frame100

# x        y
15.1908    1.4122    
14.2409    31.8248   
11.4848    2.8067    
18.5058    2.1217    
5.5908     34.8019   
1.0050     1.0050    

# Frame101

# x        y
15.1811    1.4140    
14.2409    31.8248   
11.4604    2.8320    
18.5314    2.1149    
5.5908     34.8019   
1.0050     1.0050    

# Frame102

# x        y
15.1714    1.4159    
14.2409    31.8248   
11.4365    2.8570    
18.5565    2.1082    
5.5908     34.8019   
1.0050     1.0050    

# Frame103

# x        y
15.1620    1.4176    
14.2409    31.8248   
11.4130    2.8814    
18.5813    2.1016    
5.5908     34.8019   
1.0050     1.0050    

# Frame104

# x        y
15.1526    1.4194    
14.2409    31.8248   
11.3899    2.9055    
18.6056    2.0952    
5.5908     34.8019   
1.0050     1.0050    

# Frame105

# x        y
15.1435    1.4211    
14.2409    31.8248   
11.3671    2.9292    
18.6295    2.0888    
5.5908     34.8019   
1.0050     1.0050    

# Frame106

# x        y
15.1345    1.4228    
14.2409    31.8248   
11.3447    2.9525    
18.6530    2.0826    
5.5908     34.8019   
1.0050     1.0050    

# Frame107

# x        y
15.1256    1.4245    
14.2409    31.8248   
11.3227    2.9754    
18.6761    2.0764    
5.5908     34.8019   
1.0050     1.0050    

# Frame108

# x        y
15.1169    1.4261    
14.2409    31.8248   
11.3011    2.9979    
18.6989    2.0704    
5.5908     34.8019   
1.0050     1.0050    

# Frame109

# x        y
15.1084    1.4277    
14.2409    31.8248   
11.2798    3.0201    
18.7212    2.0644    
5.5908     34.8019   
1.0050     1.0050    

# Frame110

# x        y
15.0999    1.4293    
14.2409    31.8248   
11.2589    3.0418    
18.7432    2.0586    
5.5908     34.8019   
1.0050     1.0050    

# Frame111

# x        y
15.0917    1.4309    
14.2409    31.8248   
11.2384    3.0632    
18.7648    2.0529    
5.5908     34.8019   
1.0050     1.0050    

# Frame112

# x        y
15.0835    1.4324    
14.2409    31.8248   
11.2181    3.0843    
18.7861    2.0472    
5.5908     34.8019   
1.0050     1.0050    

# Frame113

# x        y
15.0755    1.4339    
14.2409    31.8248   
11.1982    3.1050    
18.8070    2.0417    
5.5908     34.8019   
1.0050     1.0050    

# Frame114

# x        y
15.0677    1.4354    
14.2409    31.8248   
11.1787    3.1253    
18.8276    2.0362    
5.5908     34.8019   
1.0050     1.0050    

# Frame115

# x        y
15.0599    1.4368    
14.2409    31.8248   
11.1595    3.1454    
18.8478    2.0308    
5.5908     34.8019   
1.0050     1.0050    

# Frame116

# x        y
15.0523    1.4383    
14.2409    31.8248   
11.1405    3.1651    
18.8676    2.0255    
5.5908     34.8019   
1.0050     1.0050    

# Frame117

# x        y
15.0448    1.4397    
14.2409    31.8248   
11.1220    3.1844    
18.8872    2.0204    
5.5908     34.8019   
1.0050     1.0050    

# Frame118

# x        y
15.0375    1.4411    
14.2409    31.8248   
11.1037    3.2034    
18.9064    2.0152    
5.5908     34.8019   
1.0050     1.0050    

# Frame119

# x        y
15.0302    1.4424    
14.2409    31.8248   
11.0857    3.2222    
18.9253    2.0102    
5.5908     34.8019   
1.0050     1.0050    

# Frame120

# x        y
15.0231    1.4438    
14.2409    31.8248   
11.0680    3.2406    
18.9439    2.0053    
5.5908     34.8019   
1.0050     1.0050    

# Frame121

# x        y
15.0161    1.4451    
14.2409    31.8248   
11.0506    3.2587    
18.9622    2.0004    
5.5908     34.8019   
1.0050     1.0050    

# Frame122

# x        y
15.0092    1.4464    
14.2409    31.8248   
11.0335    3.2765    
18.9801    1.9957    
5.5908     34.8019   
1.0050     1.0050    

# Frame123

# x        y
15.0025    1.4477    
14.2409    31.8248   
11.0167    3.2940    
18.9978    1.9910    
5.5908     34.8019   
1.0050     1.0050    

# Frame124

# x        y
14.9958    1.4489    
14.2409    31.8248   
11.0002    3.3112    
18.9891    1.9867    
5.5908     34.8019   
1.0050     1.0050    

# Frame125

# x        y
14.9893    1.4501    
14.2409    31.8248   
10.9839    3.3281    
18.9806    1.9824    
5.5908     34.8019   
1.0050     1.0050    

# Frame126

# x        y
14.9828    1.4514    
14.2409    31.8248   
10.9679    3.3447    
18.9722    1.9783    
5.5908     34.8019   
1.0050     1.0050    

# Frame127

# x        y
14.9765    1.4525    
14.2409    31.8248   
10.9522    3.3611    
18.9639    1.9742    
5.5908     34.8019   
1.0050     1.0050    

# Frame128

# x        y
14.9703    1.4537    
14.2409    31.8248   
10.9368    3.3772    
18.9558    1.9702    
5.5908     34.8019   
1.0050     1.0050    

# Frame129

# x        y
14.9642    1.4549    
14.2409    31.8248   
10.9216    3.3930    
18.9478    1.9662    
5.5908     34.8019   
1.0050     1.0050    

# Frame130

# x        y
14.9582    1.4560    
14.2409    31.8248   
10.9066    3.4086    
18.9399    1.9623    
5.5908     34.8019   
1.0050     1.0050    

# Frame131

# x        y
14.9522    1.4571    
14.2409    31.8248   
10.8919    3.4239    
18.9322    1.9585    
5.5908     34.8019   
1.0050     1.0050    

# Frame132

# x        y
14.9464    1.4582    
14.2409    31.8248   
10.8775    3.4389    
18.9246    1.9548    
5.5908     34.8019   
1.0050     1.0050    

# Frame133

# x        y
14.9407    1.4593    
14.2409    31.8248   
10.8633    3.4537    
18.9172    1.9511    
5.5908     34.8019   
1.0050     1.0050    

# Frame134

# x        y
14.9351    1.4603    
14.2409    31.8248   
10.8493    3.4682    
18.9098    1.9474    
5.5908     34.8019   
1.0050     1.0050    

# Frame135

# x        y
14.9296    1.4614    
14.2409    31.8248   
10.8356    3.4825    
18.9026    1.9439    
5.5908     34.8019   
1.0050     1.0050    

# Frame136

# x        y
14.9241    1.4624    
14.2409    31.8248   
10.8220    3.4966    
18.8955    1.9403    
5.5908     34.8019   
1.0050     1.0050    

# Frame137

# x        y
14.9188    1.4634    
14.2409    31.8248   
10.8088    3.5104    
18.8885    1.9369    
5.5908     34.8019   
1.0050     1.0050    

# Frame138

# x        y
14.9135    1.4644    
14.2409    31.8248   
10.7957    3.5240    
18.8816    1.9335    
5.5908     34.8019   
1.0050     1.0050    

# Frame139

# x        y
14.9083    1.4654    
14.2409    31.8248   
10.7829    3.5374    
18.8749    1.9301    
5.5908     34.8019   
1.0050     1.0050    

# Frame140

# x        y
14.9033    1.4663    
14.2409    31.8248   
10.7702    3.5506    
18.8682    1.9269    
5.5908     34.8019   
1.0050     1.0050    

# Frame141

# x        y
14.8983    1.4673    
14.2409    31.8248   
10.7578    3.5635    
18.8617    1.9236    
5.5908     34.8019   
1.0050     1.0050    

# Frame142

# x        y
14.8933    1.4682    
14.2409    31.8248   
10.7456    3.5762    
18.8553    1.9204    
5.5908     34.8019   
1.0050     1.0050    

# Frame143

# x        y
14.8885    1.4691    
14.2409    31.8248   
10.7336    3.5887    
18.8490    1.9173    
5.5908     34.8019   
1.0050     1.0050    

# Frame144

# x        y
14.8838    1.4700    
14.2409    31.8248   
10.7218    3.6010    
18.8428    1.9143    
5.5908     34.8019   
1.0050     1.0050    

# Frame145

# x        y
14.8791    1.4709    
14.2409    31.8248   
10.7101    3.6131    
18.8367    1.9112    
5.5908     34.8019   
1.0050     1.0050    

# Frame146

# x        y
14.8745    1.4717    
14.2409    31.8248   
10.6987    3.6250    
18.8307    1.9083    
5.5908     34.8019   
1.0050     1.0050    

# Frame147

# x        y
14.8700    1.4726    
14.2409    31.8248   
10.6875    3.6367    
18.8248    1.9053    
5.5908     34.8019   
1.0050     1.0050    

# Frame148

# x        y
14.8655    1.4734    
14.2409    31.8248   
10.6764    3.6482    
18.8190    1.9025    
5.5908     34.8019   
1.0050     1.0050    

# Frame149

# x        y
14.8611    1.4743    
14.2409    31.8248   
10.6656    3.6595    
18.8133    1.8996    
5.5908     34.8019   
1.0050     1.0050    

# Frame150

# x        y
14.8568    1.4751    
14.2409    31.8248   
10.6549    3.6706    
18.8076    1.8969    
5.5908     34.8019   
1.0050     1.0050    

# Frame151

# x        y
14.8526    1.4759    
14.2409    31.8248   
10.6444    3.6815    
18.8021    1.8941    
5.5908     34.8019   
1.0050     1.0050    

# Frame152

# x        y
14.8485    1.4766    
14.2409    31.8248   
10.6341    3.6923    
18.7967    1.8915    
5.5908     34.8019   
1.0050     1.0050    

# Frame153

# x        y
14.8444    1.4774    
14.2409    31.8248   
10.6239    3.7028    
18.7914    1.8888    
5.5908     34.8019   
1.0050     1.0050    

# Frame154

# x        y
14.8404    1.4782    
14.2409    31.8248   
10.6139    3.7132    
18.7861    1.8862    
5.5908     34.8019   
1.0050     1.0050    

# Frame155

# x        y
14.8364    1.4789    
14.2409    31.8248   
10.6041    3.7234    
18.7810    1.8837    
5.5908     34.8019   
1.0050     1.0050    

# Frame156

# x        y
14.8325    1.4796    
14.2409    31.8248   
10.5945    3.7335    
18.7759    1.8812    
5.5908     34.8019   
1.0050     1.0050    

# Frame157

# x        y
14.8287    1.4804    
14.2409    31.8248   
10.5850    3.7434    
18.7709    1.8787    
5.5908     34.8019   
1.0050     1.0050    

# Frame158

# x        y
14.8249    1.4811    
14.2409    31.8248   
10.5756    3.7531    
18.7660    1.8763    
5.5908     34.8019   
1.0050     1.0050    

# Frame159

# x        y
14.8213    1.4818    
14.2409    31.8248   
10.5665    3.7627    
18.7612    1.8739    
5.5908     34.8019   
1.0050     1.0050    

# Frame160

# x        y
14.8176    1.4824    
14.2409    31.8248   
10.5574    3.7720    
18.7564    1.8715    
5.5908     34.8019   
1.0050     1.0050    

# Frame161

# x        y
14.8140    1.4831    
14.2409    31.8248   
10.5486    3.7813    
18.7518    1.8692    
5.5908     34.8019   
1.0050     1.0050    

# Frame162

# x        y
14.8105    1.4838    
14.2409    31.8248   
10.5398    3.7904    
18.7472    1.8669    
5.5908     34.8019   
1.0050     1.0050    

# Frame163

# x        y
14.8071    1.4844    
14.2409    31.8248   
10.5313    3.7993    
18.7427    1.8647    
5.5908     34.8019   
1.0050     1.0050    

# Frame164

# x        y
14.8037    1.4851    
14.2409    31.8248   
10.5228    3.8081    
18.7382    1.8625    
5.5908     34.8019   
1.0050     1.0050    

# Frame165

# x        y
14.8003    1.4857    
14.2409    31.8248   
10.5145    3.8167    
18.7339    1.8604    
5.5908     34.8019   
1.0050     1.0050    

# Frame166

# x        y
14.7971    1.4863    
14.2409    31.8248   
10.5064    3.8252    
18.7296    1.8582    
5.5908     34.8019   
1.0050     1.0050    

# Frame167

# x        y
14.7938    1.4869    
14.2409    31.8248   
10.4983    3.8336    
18.7254    1.8561    
5.5908     34.8019   
1.0050     1.0050    

# Frame168

# x        y
14.7907    1.4875    
14.2409    31.8248   
10.4904    3.8418    
18.7212    1.8541    
5.5908     34.8019   
1.0050     1.0050    

# Frame169

# x        y
14.7875    1.4881    
14.2409    31.8248   
10.4827    3.8499    
18.7171    1.8521    
5.5908     34.8019   
1.0050     1.0050    

# Frame170

# x        y
14.7845    1.4887    
14.2409    31.8248   
10.4751    3.8578    
18.7131    1.8501    
5.5908     34.8019   
1.0050     1.0050    

# Frame171

# x        y
14.7814    1.4893    
14.2409    31.8248   
10.4675    3.8656    
18.7092    1.8481    
5.5908     34.8019   
1.0050     1.0050    

# Frame172

# x        y
14.7785    1.4898    
14.2409    31.8248   
10.4602    3.8733    
18.7053    1.8462    
5.5908     34.8019   
1.0050     1.0050    

# Frame173

# x        y
14.7755    1.4904    
14.2409    31.8248   
10.4529    3.8809    
18.7015    1.8443    
5.5908     34.8019   
1.0050     1.0050    

# Frame174

# x        y
14.7727    1.4909    
14.2409    31.8248   
10.4458    3.8883    
18.6977    1.8425    
5.5908     34.8019   
1.0050     1.0050    

# Frame175

# x        y
14.7699    1.4914    
14.2409    31.8248   
10.4388    3.8956    
18.6941    1.8407    
5.5908     34.8019   
1.0050     1.0050    

# Frame176

# x        y
14.7671    1.4920    
14.2409    31.8248   
10.4319    3.9028    
18.6904    1.8389    
5.5908     34.8019   
1.0050     1.0050    

# Frame177

# x        y
14.7643    1.4925    
14.2409    31.8248   
10.4251    3.9098    
18.6869    1.8371    
5.5908     34.8019   
1.0050     1.0050    

# Frame178

# x        y
14.7617    1.4930    
14.2409    31.8248   
10.4184    3.9168    
18.6834    1.8354    
5.5908     34.8019   
1.0050     1.0050    

# Frame179

# x        y
14.7590    1.4935    
14.2409    31.8248   
10.4119    3.9236    
18.6799    1.8337    
5.5908     34.8019   
1.0050     1.0050    

# Frame180

# x        y
14.7564    1.4940    
14.2409    31.8248   
10.4054    3.9303    
18.6765    1.8320    
5.5908     34.8019   
1.0050     1.0050    

# Frame181

# x        y
14.7539    1.4944    
14.2409    31.8248   
10.3991    3.9369    
18.6732    1.8303    
5.5908     34.8019   
1.0050     1.0050    

# Frame182

# x        y
14.7514    1.4949    
14.2409    31.8248   
10.3928    3.9434    
18.6699    1.8287    
5.5908     34.8019   
1.0050     1.0050    

# Frame183

# x        y
14.7489    1.4954    
14.2409    31.8248   
10.3867    3.9498    
18.6667    1.8271    
5.5908     34.8019   
1.0050     1.0050    

# Frame184

# x        y
14.7465    1.4958    
14.2409    31.8248   
10.3807    3.9561    
18.6635    1.8255    
5.5908     34.8019   
1.0050     1.0050    

# Frame185

# x        y
14.7441    1.4963    
14.2409    31.8248   
10.3747    3.9622    
18.6604    1.8240    
5.5908     34.8019   
1.0050     1.0050    

# Frame186

# x        y
14.7417    1.4967    
14.2409    31.8248   
10.3689    3.9683    
18.6573    1.8225    
5.5908     34.8019   
1.0050     1.0050    

# Frame187

# x        y
14.7394    1.4972    
14.2409    31.8248   
10.3632    3.9743    
18.6543    1.8210    
5.5908     34.8019   
1.0050     1.0050    

# Frame188

# x        y
14.7372    1.4976    
14.2409    31.8248   
10.3575    3.9801    
18.6514    1.8195    
5.5908     34.8019   
1.0050     1.0050    

# Frame189

# x        y
14.7349    1.4980    
14.2409    31.8248   
10.3520    3.9859    
18.6484    1.8181    
5.5908     34.8019   
1.0050     1.0050    

# Frame190

# x        y
14.7327    1.4984    
14.2409    31.8248   
10.3465    3.9916    
18.6456    1.8167    
5.5908     34.8019   
1.0050     1.0050    

# Frame191

# x        y
14.7306    1.4988    
14.2409    31.8248   
10.3412    3.9972    
18.6428    1.8153    
5.5908     34.8019   
1.0050     1.0050    

# Frame192

# x        y
14.7285    1.4992    
14.2409    31.8248   
10.3359    4.0027    
18.6400    1.8139    
5.5908     34.8019   
1.0050     1.0050    

# Frame193

# x        y
14.7264    1.4996    
14.2409    31.8248   
10.3307    4.0081    
18.6373    1.8126    
5.5908     34.8019   
1.0050     1.0050    

# Frame194

# x        y
14.7243    1.5000    
14.2409    31.8248   
10.3256    4.0134    
18.6346    1.8112    
5.5908     34.8019   
1.0050     1.0050    

# Frame195

# x        y
14.7223    1.5004    
14.2409    31.8248   
10.3206    4.0186    
18.6320    1.8099    
5.5908     34.8019   
1.0050     1.0050    

# Frame196

# x        y
14.7203    1.5008    
14.2409    31.8248   
10.3157    4.0237    
18.6294    1.8086    
5.5908     34.8019   
1.0050     1.0050    

# Frame197

# x        y
14.7184    1.5011    
14.2409    31.8248   
10.3108    4.0288    
18.6268    1.8074    
5.5908     34.8019   
1.0050     1.0050    

# Frame198

# x        y
14.7164    1.5015    
14.2409    31.8248   
10.3061    4.0337    
18.6243    1.8061    
5.5908     34.8019   
1.0050     1.0050    

# Frame199

# x        y
14.7146    1.5018    
14.2409    31.8248   
10.3014    4.0386    
18.6219    1.8049    
5.5908     34.8019   
1.0050     1.0050    

# Frame200

# x        y
14.7127    1.5022    
14.2409    31.8248   
10.2968    4.0434    
18.6194    1.8037    
5.5908     34.8019   
1.0050     1.0050    

# Frame201

# x        y
14.7109    1.5025    
14.2409    31.8248   
10.2922    4.0481    
18.6170    1.8025    
5.5908     34.8019   
1.0050     1.0050    

# Frame202

# x        y
14.7091    1.5029    
14.2409    31.8248   
10.2878    4.0528    
18.6147    1.8014    
5.5908     34.8019   
1.0050     1.0050    

# Frame203

# x        y
14.7073    1.5032    
14.2409    31.8248   
10.2834    4.0573    
18.6124    1.8002    
5.5908     34.8019   
1.0050     1.0050    

# Frame204

# x        y
14.7056    1.5035    
14.2409    31.8248   
10.2791    4.0618    
18.6101    1.7991    
5.5908     34.8019   
1.0050     1.0050    

# Frame205

# x        y
14.7039    1.5039    
14.2409    31.8248   
10.2749    4.0662    
18.6079    1.7980    
5.5908     34.8019   
1.0050     1.0050    

# Frame206

# x        y
14.7022    1.5042    
14.2409    31.8248   
10.2707    4.0705    
18.6057    1.7969    
5.5908     34.8019   
1.0050     1.0050    

# Frame207

# x        y
14.7006    1.5045    
14.2409    31.8248   
10.2666    4.0748    
18.6036    1.7959    
5.5908     34.8019   
1.0050     1.0050    

# Frame208

# x        y
14.6989    1.5048    
14.2409    31.8248   
10.2626    4.0790    
18.6015    1.7948    
5.5908     34.8019   
1.0050     1.0050    

# Frame209

# x        y
14.6973    1.5051    
14.2409    31.8248   
10.2586    4.0831    
18.5994    1.7938    
5.5908     34.8019   
1.0050     1.0050    

# Frame210

# x        y
14.6958    1.5054    
14.2409    31.8248   
10.2547    4.0872    
18.5973    1.7928    
5.5908     34.8019   
1.0050     1.0050    

# Frame211

# x        y
14.6942    1.5057    
14.2409    31.8248   
10.2509    4.0912    
18.5953    1.7918    
5.5908     34.8019   
1.0050     1.0050    

# Frame212

# x        y
14.6927    1.5060    
14.2409    31.8248   
10.2471    4.0951    
18.5933    1.7908    
5.5908     34.8019   
1.0050     1.0050    

# Frame213

# x        y
14.6912    1.5062    
14.2409    31.8248   
10.2434    4.0989    
18.5914    1.7898    
5.5908     34.8019   
1.0050     1.0050    

# Frame214

# x        y
14.6898    1.5065    
14.2409    31.8248   
10.2398    4.1027    
18.5895    1.7889    
5.5908     34.8019   
1.0050     1.0050    

# Frame215

# x        y
14.6883    1.5068    
14.2409    31.8248   
10.2362    4.1065    
18.5876    1.7880    
5.5908     34.8019   
1.0050     1.0050    

# Frame216

# x        y
14.6869    1.5071    
14.2409    31.8248   
10.2327    4.1101    
18.5857    1.7871    
5.5908     34.8019   
1.0050     1.0050    

# Frame217

# x        y
14.6855    1.5073    
14.2409    31.8248   
10.2292    4.1137    
18.5839    1.7862    
5.5908     34.8019   
1.0050     1.0050    

# Frame218

# x        y
14.6841    1.5076    
14.2409    31.8248   
10.2258    4.1173    
18.5821    1.7853    
5.5908     34.8019   
1.0050     1.0050    

# Frame219

# x        y
14.6828    1.5078    
14.2409    31.8248   
10.2224    4.1208    
18.5804    1.7844    
5.5908     34.8019   
1.0050     1.0050    

# Frame220

# x        y
14.6815    1.5081    
14.2409    31.8248   
10.2192    4.1242    
18.5786    1.7835    
5.5908     34.8019   
1.0050     1.0050    

# Frame221

# x        y
14.6802    1.5083    
14.2409    31.8248   
10.2159    4.1276    
18.5769    1.7827    
5.5908     34.8019   
1.0050     1.0050    

# Frame222

# x        y
14.6789    1.5086    
14.2409    31.8248   
10.2127    4.1309    
18.5753    1.7819    
5.5908     34.8019   
1.0050     1.0050    

# Frame223

# x        y
14.6776    1.5088    
14.2409    31.8248   
10.2096    4.1341    
18.5736    1.7811    
5.5908     34.8019   
1.0050     1.0050    

# Frame224

# x        y
14.6764    1.5090    
14.2409    31.8248   
10.2065    4.1373    
18.5720    1.7803    
5.5908     34.8019   
1.0050     1.0050    

# Frame225

# x        y
14.6752    1.5093    
14.2409    31.8248   
10.2035    4.1405    
18.5704    1.7795    
5.5908     34.8019   
1.0050     1.0050    

# Frame226

# x        y
14.6740    1.5095    
14.2409    31.8248   
10.2005    4.1436    
18.5688    1.7787    
5.5908     34.8019   
1.0050     1.0050    

# Frame227

# x        y
14.6728    1.5097    
14.2409    31.8248   
10.1976    4.1466    
18.5673    1.7779    
5.5908     34.8019   
1.0050     1.0050    

# Frame228

# x        y
14.6716    1.5099    
14.2409    31.8248   
10.1947    4.1496    
18.5658    1.7772    
5.5908     34.8019   
1.0050     1.0050    

# Frame229

# x        y
14.6705    1.5101    
14.2409    31.8248   
10.1919    4.1526    
18.5643    1.7764    
5.5908     34.8019   
1.0050     1.0050    

# Frame230

# x        y
14.6694    1.5104    
14.2409    31.8248   
10.1891    4.1555    
18.5628    1.7757    
5.5908     34.8019   
1.0050     1.0050    

# Frame231

# x        y
14.6683    1.5106    
14.2409    31.8248   
10.1864    4.1583    
18.5614    1.7750    
5.5908     34.8019   
1.0050     1.0050    

# Frame232

# x        y
14.6672    1.5108    
14.2409    31.8248   
10.1837    4.1611    
18.5600    1.7743    
5.5908     34.8019   
1.0050     1.0050    

# Frame233

# x        y
14.6661    1.5110    
14.2409    31.8248   
10.1810    4.1639    
18.5586    1.7736    
5.5908     34.8019   
1.0050     1.0050    

# Frame234

# x        y
14.6651    1.5112    
14.2409    31.8248   
10.1784    4.1666    
18.5572    1.7729    
5.5908     34.8019   
1.0050     1.0050    

# Frame235

# x        y
14.6640    1.5114    
14.2409    31.8248   
10.1759    4.1693    
18.5559    1.7723    
5.5908     34.8019   
1.0050     1.0050    

# Frame236

# x        y
14.6630    1.5115    
14.2409    31.8248   
10.1733    4.1719    
18.5546    1.7716    
5.5908     34.8019   
1.0050     1.0050    

# Frame237

# x        y
14.6620    1.5117    
14.2409    31.8248   
10.1709    4.1745    
18.5533    1.7710    
5.5908     34.8019   
1.0050     1.0050    

# Frame238

# x        y
14.6611    1.5119    
14.2409    31.8248   
10.1684    4.1770    
18.5520    1.7703    
5.5908     34.8019   
1.0050     1.0050    

# Frame239

# x        y
14.6601    1.5121    
14.2409    31.8248   
10.1660    4.1795    
18.5507    1.7697    
5.5908     34.8019   
1.0050     1.0050    

# Frame240

# x        y
14.6591    1.5123    
14.2409    31.8248   
10.1637    4.1819    
18.5495    1.7691    
5.5908     34.8019   
1.0050     1.0050    

# Frame241

# x        y
14.6582    1.5125    
14.2409    31.8248   
10.1614    4.1843    
18.5483    1.7685    
5.5908     34.8019   
1.0050     1.0050    

# Frame242

# x        y
14.6573    1.5126    
14.2409    31.8248   
10.1591    4.1867    
18.5471    1.7679    
5.5908     34.8019   
1.0050     1.0050    

# Frame243

# x        y
14.6564    1.5128    
14.2409    31.8248   
10.1569    4.1890    
18.5459    1.7673    
5.5908     34.8019   
1.0050     1.0050    

# Frame244

# x        y
14.6555    1.5130    
14.2409    31.8248   
10.1547    4.1913    
18.5448    1.7668    
5.5908     34.8019   
1.0050     1.0050    

# Frame245

# x        y
14.6546    1.5131    
14.2409    31.8248   
10.1525    4.1936    
18.5436    1.7662    
5.5908     34.8019   
1.0050     1.0050    

# Frame246

# x        y
14.6538    1.5133    
14.2409    31.8248   
10.1504    4.1958    
18.5425    1.7657    
5.5908     34.8019   
1.0050     1.0050    

# Frame247

# x        y
14.6529    1.5134    
14.2409    31.8248   
10.1483    4.1980    
18.5414    1.7651    
5.5908     34.8019   
1.0050     1.0050    

# Frame248

# x        y
14.6521    1.5136    
14.2409    31.8248   
10.1462    4.2001    
18.5403    1.7646    
5.5908     34.8019   
1.0050     1.0050    

# Frame249

# x        y
14.6513    1.5138    
14.2409    31.8248   
10.1442    4.2022    
18.5393    1.7640    
5.5908     34.8019   
1.0050     1.0050    

# Frame250

# x        y
14.6505    1.5139    
14.2409    31.8248   
10.1422    4.2043    
18.5382    1.7635    
5.5908     34.8019   
1.0050     1.0050    

# Frame251

# x        y
14.6497    1.5141    
14.2409    31.8248   
10.1403    4.2063    
18.5372    1.7630    
5.5908     34.8019   
1.0050     1.0050    

# Frame252

# x        y
14.6489    1.5142    
14.2409    31.8248   
10.1383    4.2083    
18.5362    1.7625    
5.5908     34.8019   
1.0050     1.0050    

# Frame253

# x        y
14.6482    1.5143    
14.2409    31.8248   
10.1365    4.2103    
18.5352    1.7620    
5.5908     34.8019   
1.0050     1.0050    

# Frame254

# x        y
14.6474    1.5145    
14.2409    31.8248   
10.1346    4.2122    
18.5342    1.7615    
5.5908     34.8019   
1.0050     1.0050    

# Frame255

# x        y
14.6467    1.5146    
14.2409    31.8248   
10.1328    4.2141    
18.5332    1.7611    
5.5908     34.8019   
1.0050     1.0050    

# Frame256

# x        y
14.6460    1.5148    
14.2409    31.8248   
10.1310    4.2160    
18.5323    1.7606    
5.5908     34.8019   
1.0050     1.0050    

# Frame257

# x        y
14.6453    1.5149    
14.2409    31.8248   
10.1292    4.2178    
18.5314    1.7601    
5.5908     34.8019   
1.0050     1.0050    

# Frame258

# x        y
14.6446    1.5150    
14.2409    31.8248   
10.1275    4.2196    
18.5305    1.7597    
5.5908     34.8019   
1.0050     1.0050    

# Frame259

# x        y
14.6439    1.5152    
14.2409    31.8248   
10.1257    4.2214    
18.5296    1.7592    
5.5908     34.8019   
1.0050     1.0050    

# Frame260

# x        y
14.6432    1.5153    
14.2409    31.8248   
10.1241    4.2232    
18.5287    1.7588    
5.5908     34.8019   
1.0050     1.0050    

# Frame261

# x        y
14.6425    1.5154    
14.2409    31.8248   
10.1224    4.2249    
18.5278    1.7584    
5.5908     34.8019   
1.0050     1.0050    

# Frame262

# x        y
14.6419    1.5155    
14.2409    31.8248   
10.1208    4.2266    
18.5269    1.7580    
5.5908     34.8019   
1.0050     1.0050    

# Frame263

# x        y
14.6412    1.5156    
14.2409    31.8248   
10.1192    4.2283    
18.5261    1.7575    
5.5908     34.8019   
1.0050     1.0050    

# Frame264

# x        y
14.6406    1.5158    
14.2409    31.8248   
10.1176    4.2299    
18.5253    1.7571    
5.5908     34.8019   
1.0050     1.0050    

# Frame265

# x        y
14.6400    1.5159    
14.2409    31.8248   
10.1161    4.2315    
18.5245    1.7567    
5.5908     34.8019   
1.0050     1.0050    

# Frame266

# x        y
14.6394    1.5160    
14.2409    31.8248   
10.1146    4.2331    
18.5237    1.7563    
5.5908     34.8019   
1.0050     1.0050    

# Frame267

# x        y
14.6388    1.5161    
14.2409    31.8248   
10.1131    4.2346    
18.5229    1.7559    
5.5908     34.8019   
1.0050     1.0050    

# Frame268

# x        y
14.6382    1.5162    
14.2409    31.8248   
10.1116    4.2362    
18.5221    1.7556    
5.5908     34.8019   
1.0050     1.0050    

# Frame269

# x        y
14.6376    1.5163    
14.2409    31.8248   
10.1101    4.2377    
18.5214    1.7552    
5.5908     34.8019   
1.0050     1.0050    

# Frame270

# x        y
14.6370    1.5164    
14.2409    31.8248   
10.1087    4.2392    
18.5206    1.7548    
5.5908     34.8019   
1.0050     1.0050    

# Frame271

# x        y
14.6365    1.5165    
14.2409    31.8248   
10.1073    4.2406    
18.5199    1.7545    
5.5908     34.8019   
1.0050     1.0050    

# Frame272

# x        y
14.6359    1.5167    
14.2409    31.8248   
10.1060    4.2420    
18.5191    1.7541    
5.5908     34.8019   
1.0050     1.0050    

# Frame273

# x        y
14.6354    1.5168    
14.2409    31.8248   
10.1046    4.2434    
18.5184    1.7537    
5.5908     34.8019   
1.0050     1.0050    

# Frame274

# x        y
14.6348    1.5169    
14.2409    31.8248   
10.1033    4.2448    
18.5177    1.7534    
5.5908     34.8019   
1.0050     1.0050    

# Frame275

# x        y
14.6343    1.5170    
14.2409    31.8248   
10.1020    4.2462    
18.5171    1.7531    
5.5908     34.8019   
1.0050     1.0050    

# Frame276

# x        y
14.6338    1.5170    
14.2409    31.8248   
10.1007    4.2475    
18.5164    1.7527    
5.5908     34.8019   
1.0050     1.0050    

# Frame277

# x        y
14.6333    1.5171    
14.2409    31.8248   
10.0994    4.2488    
18.5157    1.7524    
5.5908     34.8019   
1.0050     1.0050    

# Frame278

# x        y
14.6328    1.5172    
14.2409    31.8248   
10.0982    4.2501    
18.5151    1.7521    
5.5908     34.8019   
1.0050     1.0050    

# Frame279

# x        y
14.6323    1.5173    
14.2409    31.8248   
10.0970    4.2514    
18.5144    1.7518    
5.5908     34.8019   
1.0050     1.0050    

# Frame280

# x        y
14.6318    1.5174    
14.2409    31.8248   
10.0958    4.2527    
18.5138    1.7514    
5.5908     34.8019   
1.0050     1.0050    

# Frame281

# x        y
14.6313    1.5175    
14.2409    31.8248   
10.0946    4.2539    
18.5132    1.7511    
5.5908     34.8019   
1.0050     1.0050    

# Frame282

# x        y
14.6309    1.5176    
14.2409    31.8248   
10.0934    4.2551    
18.5126    1.7508    
5.5908     34.8019   
1.0050     1.0050    

# Frame283

# x        y
14.6304    1.5177    
14.2409    31.8248   
10.0923    4.2563    
18.5120    1.7505    
5.5908     34.8019   
1.0050     1.0050    

# Frame284

# x        y
14.6299    1.5178    
14.2409    31.8248   
10.0911    4.2575    
18.5114    1.7502    
5.5908     34.8019   
1.0050     1.0050    

# Frame285

# x        y
14.6295    1.5179    
14.2409    31.8248   
10.0900    4.2586    
18.5108    1.7500    
5.5908     34.8019   
1.0050     1.0050    

# Frame286

# x        y
14.6291    1.5179    
14.2409    31.8248   
10.0890    4.2597    
18.5102    1.7497    
5.5908     34.8019   
1.0050     1.0050    

# Frame287

# x        y
14.6286    1.5180    
14.2409    31.8248   
10.0879    4.2608    
18.5097    1.7494    
5.5908     34.8019   
1.0050     1.0050    

# Frame288

# x        y
14.6282    1.5181    
14.2409    31.8248   
10.0868    4.2619    
18.5091    1.7491    
5.5908     34.8019   
1.0050     1.0050    

# Frame289

# x        y
14.6278    1.5182    
14.2409    31.8248   
10.0858    4.2630    
18.5086    1.7489    
5.5908     34.8019   
1.0050     1.0050    

# Frame290

# x        y
14.6274    1.5183    
14.2409    31.8248   
10.0848    4.2641    
18.5080    1.7486    
5.5908     34.8019   
1.0050     1.0050    

# Frame291

# x        y
14.6270    1.5183    
14.2409    31.8248   
10.0838    4.2651    
18.5075    1.7483    
5.5908     34.8019   
1.0050     1.0050    

# Frame292

# x        y
14.6266    1.5184    
14.2409    31.8248   
10.0828    4.2661    
18.5070    1.7481    
5.5908     34.8019   
1.0050     1.0050    

# Frame293

# x        y
14.6262    1.5185    
14.2409    31.8248   
10.0818    4.2671    
18.5065    1.7478    
5.5908     34.8019   
1.0050     1.0050    

# Frame294

# x        y
14.6258    1.5185    
14.2409    31.8248   
10.0809    4.2681    
18.5060    1.7476    
5.5908     34.8019   
1.0050     1.0050    

# Frame295

# x        y
14.6254    1.5186    
14.2409    31.8248   
10.0800    4.2691    
18.5055    1.7473    
5.5908     34.8019   
1.0050     1.0050    

# Frame296

# x        y
14.6251    1.5187    
14.2409    31.8248   
10.0790    4.2701    
18.5050    1.7471    
5.5908     34.8019   
1.0050     1.0050    

# Frame297

# x        y
14.6247    1.5188    
14.2409    31.8248   
10.0781    4.2710    
18.5045    1.7469    
5.5908     34.8019   
1.0050     1.0050    

# Frame298

# x        y
14.6244    1.5188    
14.2409    31.8248   
10.0772    4.2719    
18.5041    1.7466    
5.5908     34.8019   
1.0050     1.0050    

# Frame299

# x        y
14.6240    1.5189    
14.2409    31.8248   
10.0764    4.2728    
18.5036    1.7464    
5.5908     34.8019   
1.0050     1.0050    

# Frame300

# x        y
14.6237    1.5190    
14.2409    31.8248   
10.0755    4.2737    
18.5032    1.7462    
5.5908     34.8019   
1.0050     1.0050    

# Frame301

# x        y
14.6233    1.5190    
14.2409    31.8248   
10.0747    4.2746    
18.5027    1.7460    
5.5908     34.8019   
1.0050     1.0050    

# Frame302

# x        y
14.6230    1.5191    
14.2409    31.8248   
10.0738    4.2755    
18.5023    1.7457    
5.5908     34.8019   
1.0050     1.0050    

# Frame303

# x        y
14.6227    1.5191    
14.2409    31.8248   
10.0730    4.2763    
18.5018    1.7455    
5.5908     34.8019   
1.0050     1.0050    

# Frame304

# x        y
14.6223    1.5192    
14.2409    31.8248   
10.0722    4.2771    
18.5014    1.7453    
5.5908     34.8019   
1.0050     1.0050    

# Frame305

# x        y
14.6220    1.5193    
14.2409    31.8248   
10.0714    4.2780    
18.5010    1.7451    
5.5908     34.8019   
1.0050     1.0050    

# Frame306

# x        y
14.6217    1.5193    
14.2409    31.8248   
10.0707    4.2788    
18.5006    1.7449    
5.5908     34.8019   
1.0050     1.0050    

# Frame307

# x        y
14.6214    1.5194    
14.2409    31.8248   
10.0699    4.2796    
18.5002    1.7447    
5.5908     34.8019   
1.0050     1.0050    

# Frame308

# x        y
14.6211    1.5194    
14.2409    31.8248   
10.0691    4.2803    
18.4998    1.7445    
5.5908     34.8019   
1.0050     1.0050    

# Frame309

# x        y
14.6208    1.5195    
14.2409    31.8248   
10.0684    4.2811    
18.4994    1.7443    
5.5908     34.8019   
1.0050     1.0050    

# Frame310

# x        y
14.6205    1.5195    
14.2409    31.8248   
10.0677    4.2819    
18.4990    1.7441    
5.5908     34.8019   
1.0050     1.0050    

# Frame311

# x        y
14.6202    1.5196    
14.2409    31.8248   
10.0670    4.2826    
18.4987    1.7440    
5.5908     34.8019   
1.0050     1.0050    

# Frame312

# x        y
14.6199    1.5197    
14.2409    31.8248   
10.0663    4.2833    
18.4983    1.7438    
5.5908     34.8019   
1.0050     1.0050    

# Frame313

# x        y
14.6197    1.5197    
14.2409    31.8248   
10.0656    4.2841    
18.4979    1.7436    
5.5908     34.8019   
1.0050     1.0050    

# Frame314

# x        y
14.6194    1.5198    
14.2409    31.8248   
10.0649    4.2848    
18.4976    1.7434    
5.5908     34.8019   
1.0050     1.0050    

# Frame315

# x        y
14.6191    1.5198    
14.2409    31.8248   
10.0642    4.2855    
18.4972    1.7432    
5.5908     34.8019   
1.0050     1.0050    

# Frame316

# x        y
14.6189    1.5199    
14.2409    31.8248   
10.0636    4.2861    
18.4969    1.7431    
5.5908     34.8019   
1.0050     1.0050    

# Frame317

# x        y
14.6186    1.5199    
14.2409    31.8248   
10.0629    4.2868    
18.4965    1.7429    
5.5908     34.8019   
1.0050     1.0050    

# Frame318

# x        y
14.6183    1.5200    
14.2409    31.8248   
10.0623    4.2875    
18.4962    1.7427    
5.5908     34.8019   
1.0050     1.0050    

# Frame319

# x        y
14.6181    1.5200    
14.2409    31.8248   
10.0617    4.2881    
18.4959    1.7426    
5.5908     34.8019   
1.0050     1.0050    

# Frame320

# x        y
14.6178    1.5201    
14.2409    31.8248   
10.0611    4.2888    
18.4956    1.7424    
5.5908     34.8019   
1.0050     1.0050    

# Frame321

# x        y
14.6176    1.5201    
14.2409    31.8248   
10.0605    4.2894    
18.4952    1.7423    
5.5908     34.8019   
1.0050     1.0050    

# Frame322

# x        y
14.6174    1.5201    
14.2409    31.8248   
10.0599    4.2900    
18.4949    1.7421    
5.5908     34.8019   
1.0050     1.0050    

# Frame323

# x        y
14.6171    1.5202    
14.2409    31.8248   
10.0593    4.2906    
18.4946    1.7420    
5.5908     34.8019   
1.0050     1.0050    

# Frame324

# x        y
14.6169    1.5202    
14.2409    31.8248   
10.0587    4.2912    
18.4943    1.7418    
5.5908     34.8019   
1.0050     1.0050    

# Frame325

# x        y
14.6167    1.5203    
14.2409    31.8248   
10.0581    4.2918    
18.4940    1.7417    
5.5908     34.8019   
1.0050     1.0050    

# Frame326

# x        y
14.6164    1.5203    
14.2409    31.8248   
10.0576    4.2924    
18.4937    1.7415    
5.5908     34.8019   
1.0050     1.0050    

# Frame327

# x        y
14.6162    1.5204    
14.2409    31.8248   
10.0570    4.2929    
18.4934    1.7414    
5.5908     34.8019   
1.0050     1.0050    

# Frame328

# x        y
14.6160    1.5204    
14.2409    31.8248   
10.0565    4.2935    
18.4932    1.7412    
5.5908     34.8019   
1.0050     1.0050    

# Frame329

# x        y
14.6158    1.5204    
14.2409    31.8248   
10.0560    4.2941    
18.4929    1.7411    
5.5908     34.8019   
1.0050     1.0050    

# Frame330

# x        y
14.6156    1.5205    
14.2409    31.8248   
10.0555    4.2946    
18.4926    1.7410    
5.5908     34.8019   
1.0050     1.0050    

# Frame331

# x        y
14.6154    1.5205    
14.2409    31.8248   
10.0550    4.2951    
18.4923    1.7408    
5.5908     34.8019   
1.0050     1.0050    

# Frame332

# x        y
14.6152    1.5206    
14.2409    31.8248   
10.0545    4.2956    
18.4921    1.7407    
5.5908     34.8019   
1.0050     1.0050    

# Frame333

# x        y
14.6150    1.5206    
14.2409    31.8248   
10.0540    4.2962    
18.4918    1.7406    
5.5908     34.8019   
1.0050     1.0050    

# Frame334

# x        y
14.6148    1.5206    
14.2409    31.8248   
10.0535    4.2967    
18.4916    1.7404    
5.5908     34.8019   
1.0050     1.0050    

# Frame335

# x        y
14.6146    1.5207    
14.2409    31.8248   
10.0530    4.2972    
18.4913    1.7403    
5.5908     34.8019   
1.0050     1.0050    

# Frame336

# x        y
14.6144    1.5207    
14.2409    31.8248   
10.0525    4.2976    
18.4911    1.7402    
5.5908     34.8019   
1.0050     1.0050    

# Frame337

# x        y
14.6142    1.5207    
14.2409    31.8248   
10.0521    4.2981    
18.4908    1.7401    
5.5908     34.8019   
1.0050     1.0050    

# Frame338

# x        y
14.6140    1.5208    
14.2409    31.8248   
10.0516    4.2986    
18.4906    1.7400    
5.5908     34.8019   
1.0050     1.0050    

# Frame339

# x        y
14.6139    1.5208    
14.2409    31.8248   
10.0512    4.2991    
18.4904    1.7398    
5.5908     34.8019   
1.0050     1.0050    

# Frame340

# x        y
14.6137    1.5208    
14.2409    31.8248   
10.0507    4.2995    
18.4901    1.7397    
5.5908     34.8019   
1.0050     1.0050    

# Frame341

# x        y
14.6135    1.5209    
14.2409    31.8248   
10.0503    4.3000    
18.4899    1.7396    
5.5908     34.8019   
1.0050     1.0050    

# Frame342

# x        y
14.6133    1.5209    
14.2409    31.8248   
10.0499    4.3004    
18.4897    1.7395    
5.5908     34.8019   
1.0050     1.0050    

# Frame343

# x        y
14.6132    1.5209    
14.2409    31.8248   
10.0495    4.3008    
18.4895    1.7394    
5.5908     34.8019   
1.0050     1.0050    

# Frame344

# x        y
14.6130    1.5210    
14.2409    31.8248   
10.0491    4.3013    
18.4892    1.7393    
5.5908     34.8019   
1.0050     1.0050    

# Frame345

# x        y
14.6128    1.5210    
14.2409    31.8248   
10.0487    4.3017    
18.4890    1.7392    
5.5908     34.8019   
1.0050     1.0050    

# Frame346

# x        y
14.6127    1.5210    
14.2409    31.8248   
10.0483    4.3021    
18.4888    1.7391    
5.5908     34.8019   
1.0050     1.0050    

# Frame347

# x        y
14.6125    1.5211    
14.2409    31.8248   
10.0479    4.3025    
18.4886    1.7390    
5.5908     34.8019   
1.0050     1.0050    

# Frame348

# x        y
14.6124    1.5211    
14.2409    31.8248   
10.0475    4.3029    
18.4884    1.7389    
5.5908     34.8019   
1.0050     1.0050    

# Frame349

# x        y
14.6122    1.5211    
14.2409    31.8248   
10.0471    4.3033    
18.4882    1.7388    
5.5908     34.8019   
1.0050     1.0050    

# Frame350

# x        y
14.6121    1.5211    
14.2409    31.8248   
10.0467    4.3037    
18.4880    1.7387    
5.5908     34.8019   
1.0050     1.0050    

# Frame351

# x        y
14.6119    1.5212    
14.2409    31.8248   
10.0464    4.3041    
18.4878    1.7386    
5.5908     34.8019   
1.0050     1.0050    

# Frame352

# x        y
14.6118    1.5212    
14.2409    31.8248   
10.0460    4.3044    
18.4876    1.7385    
5.5908     34.8019   
1.0050     1.0050    

# Frame353

# x        y
14.6116    1.5212    
14.2409    31.8248   
10.0457    4.3048    
18.4875    1.7384    
5.5908     34.8019   
1.0050     1.0050    

# Frame354

# x        y
14.6115    1.5212    
14.2409    31.8248   
10.0453    4.3052    
18.4873    1.7383    
5.5908     34.8019   
1.0050     1.0050    

# Frame355

# x        y
14.6114    1.5213    
14.2409    31.8248   
10.0450    4.3055    
18.4871    1.7382    
5.5908     34.8019   
1.0050     1.0050    

# Frame356

# x        y
14.6112    1.5213    
14.2409    31.8248   
10.0446    4.3059    
18.4869    1.7382    
5.5908     34.8019   
1.0050     1.0050    

# Frame357

# x        y
14.6111    1.5213    
14.2409    31.8248   
10.0443    4.3062    
18.4868    1.7381    
5.5908     34.8019   
1.0050     1.0050    

# Frame358

# x        y
14.6110    1.5213    
14.2409    31.8248   
10.0440    4.3065    
18.4866    1.7380    
5.5908     34.8019   
1.0050     1.0050    

# Frame359

# x        y
14.6108    1.5214    
14.2409    31.8248   
10.0437    4.3069    
18.4864    1.7379    
5.5908     34.8019   
1.0050     1.0050    

# Frame360

# x        y
14.6107    1.5214    
14.2409    31.8248   
10.0434    4.3072    
18.4862    1.7378    
5.5908     34.8019   
1.0050     1.0050    

# Frame361

# x        y
14.6106    1.5214    
14.2409    31.8248   
10.0430    4.3075    
18.4861    1.7377    
5.5908     34.8019   
1.0050     1.0050    

# Frame362

# x        y
14.6105    1.5214    
14.2409    31.8248   
10.0427    4.3078    
18.4859    1.7377    
5.5908     34.8019   
1.0050     1.0050    

# Frame363

# x        y
14.6104    1.5215    
14.2409    31.8248   
10.0424    4.3081    
18.4858    1.7376    
5.5908     34.8019   
1.0050     1.0050    

# Frame364

# x        y
14.6102    1.5215    
14.2409    31.8248   
10.0422    4.3085    
18.4856    1.7375    
5.5908     34.8019   
1.0050     1.0050    

# Frame365

# x        y
14.6101    1.5215    
14.2409    31.8248   
10.0419    4.3087    
18.4855    1.7374    
5.5908     34.8019   
1.0050     1.0050    

# Frame366

# x        y
14.6100    1.5215    
14.2409    31.8248   
10.0416    4.3090    
18.4853    1.7374    
5.5908     34.8019   
1.0050     1.0050    

# Frame367

# x        y
14.6099    1.5215    
14.2409    31.8248   
10.0413    4.3093    
18.4852    1.7373    
5.5908     34.8019   
1.0050     1.0050    

# Frame368

# x        y
14.6098    1.5216    
14.2409    31.8248   
10.0410    4.3096    
18.4850    1.7372    
5.5908     34.8019   
1.0050     1.0050    

# Frame369

# x        y
14.6097    1.5216    
14.2409    31.8248   
10.0408    4.3099    
18.4849    1.7371    
5.5908     34.8019   
1.0050     1.0050    

# Frame370

# x        y
14.6096    1.5216    
14.2409    31.8248   
10.0405    4.3102    
18.4847    1.7371    
5.5908     34.8019   
1.0050     1.0050    

# Frame371

# x        y
14.6095    1.5216    
14.2409    31.8248   
10.0402    4.3104    
18.4846    1.7370    
5.5908     34.8019   
1.0050     1.0050    

# Frame372

# x        y
14.6094    1.5216    
14.2409    31.8248   
10.0400    4.3107    
18.4845    1.7369    
5.5908     34.8019   
1.0050     1.0050    

# Frame373

# x        y
14.6093    1.5217    
14.2409    31.8248   
10.0397    4.3110    
18.4843    1.7369    
5.5908     34.8019   
1.0050     1.0050    

# Frame374

# x        y
14.6092    1.5217    
14.2409    31.8248   
10.0395    4.3112    
18.4842    1.7368    
5.5908     34.8019   
1.0050     1.0050    

# Frame375

# x        y
14.6092    1.5217    
14.2409    31.8248   
10.0392    4.3115    
18.4841    1.7367    
5.5908     34.8019   
1.0050     1.0050    

# Frame376

# x        y
14.6092    1.5217    
14.2409    31.8248   
10.0390    4.3117    
18.4840    1.7367    
5.5908     34.8019   
1.0050     1.0050    

# Frame377

# x        y
14.6092    1.5217    
14.2409    31.8248   
10.0388    4.3120    
18.4838    1.7366    
5.5908     34.8019   
1.0050     1.0050    

# Frame378

# x        y
14.6092    1.5217    
14.2409    31.8248   
10.0385    4.3122    
18.4837    1.7366    
5.5908     34.8019   
1.0050     1.0050    

# Frame379

# x        y
14.6092    1.5217    
14.2409    31.8248   
10.0383    4.3125    
18.4836    1.7365    
5.5908     34.8019   
1.0050     1.0050    

# Frame380

# x        y
14.6092    1.5217    
14.2409    31.8248   
10.0381    4.3127    
18.4835    1.7364    
5.5908     34.8019   
1.0050     1.0050    

# Frame381

# x        y
14.6092    1.5217    
14.2409    31.8248   
10.0379    4.3129    
18.4834    1.7364    
5.5908     34.8019   
1.0050     1.0050    

# Frame382

# x        y
14.6092    1.5217    
14.2409    31.8248   
10.0376    4.3131    
18.4832    1.7363    
5.5908     34.8019   
1.0050     1.0050    

# Frame383

# x        y
14.6092    1.5217    
14.2409    31.8248   
10.0374    4.3134    
18.4831    1.7363    
5.5908     34.8019   
1.0050     1.0050    

# Frame384

# x        y
14.6092    1.5217    
14.2409    31.8248   
10.0372    4.3136    
18.4830    1.7362    
5.5908     34.8019   
1.0050     1.0050    

# Frame385

# x        y
14.6092    1.5217    
14.2409    31.8248   
10.0370    4.3138    
18.4829    1.7362    
5.5908     34.8019   
1.0050     1.0050    

# Frame386

# x        y
14.6092    1.5217    
14.2409    31.8248   
10.0368    4.3140    
18.4828    1.7361    
5.5908     34.8019   
1.0050     1.0050    

# Frame387

# x        y
14.6092    1.5217    
14.2409    31.8248   
10.0366    4.3142    
18.4827    1.7361    
5.5908     34.8019   
1.0050     1.0050    

# Frame388

# x        y
14.6092    1.5217    
14.2409    31.8248   
10.0364    4.3144    
18.4826    1.7360    
5.5908     34.8019   
1.0050     1.0050    

# Frame389

# x        y
14.6092    1.5217    
14.2409    31.8248   
10.0362    4.3146    
18.4825    1.7360    
5.5908     34.8019   
1.0050     1.0050    

# Frame390

# x        y
14.6092    1.5217    
14.2409    31.8248   
10.0360    4.3148    
18.4824    1.7359    
5.5908     34.8019   
1.0050     1.0050    

# Frame391

# x        y
14.6092    1.5217    
14.2409    31.8248   
10.0359    4.3150    
18.4823    1.7359    
5.5908     34.8019   
1.0050     1.0050    

# Frame392

# x        y
14.6092    1.5217    
14.2409    31.8248   
10.0357    4.3152    
18.4822    1.7358    
5.5908     34.8019   
1.0050     1.0050    

# Frame393

# x        y
14.6092    1.5217    
14.2409    31.8248   
10.0355    4.3154    
18.4821    1.7358    
5.5908     34.8019   
1.0050     1.0050    

# Frame394

# x        y
14.6092    1.5217    
14.2409    31.8248   
10.0353    4.3156    
18.4820    1.7357    
5.5908     34.8019   
1.0050     1.0050    

# Frame395

# x        y
14.6092    1.5217    
14.2409    31.8248   
10.0351    4.3158    
18.4819    1.7357    
5.5908     34.8019   
1.0050     1.0050    

# Frame396

# x        y
14.6092    1.5217    
14.2409    31.8248   
10.0350    4.3159    
18.4819    1.7357    
5.5908     34.8019   
1.0050     1.0050    

# Frame397

# x        y
14.6092    1.5217    
14.2409    31.8248   
10.0348    4.3161    
18.4819    1.7357    
5.5908     34.8019   
1.0050     1.0050    

# Frame398

# x        y
14.6092    1.5217    
14.2409    31.8248   
10.0346    4.3163    
18.4819    1.7357    
5.5908     34.8019   
1.0050     1.0050    

# Frame399

# x        y
14.6092    1.5217    
14.2409    31.8248   
10.0345    4.3164    
18.4819    1.7357    
5.5908     34.8019   
1.0050     1.0050    

# Frame400

# x        y
14.6092    1.5217    
14.2409    31.8248   
10.0343    4.3166    
18.4819    1.7357    
5.5908     34.8019   
1.0050     1.0050    

# Frame401

# x        y
14.6092    1.5217    
14.2409    31.8248   
10.0342    4.3168    
18.4819    1.7357    
5.5908     34.8019   
1.0050     1.0050    

# Frame402

# x        y
14.6092    1.5217    
14.2409    31.8248   
10.0340    4.3169    
18.4819    1.7357    
5.5908     34.8019   
1.0050     1.0050    

# Frame403

# x        y
14.6092    1.5217    
14.2409    31.8248   
10.0338    4.3171    
18.4819    1.7357    
5.5908     34.8019   
1.0050     1.0050    

# Frame404

# x        y
14.6092    1.5217    
14.2409    31.8248   
10.0337    4.3173    
18.4819    1.7357    
5.5908     34.8019   
1.0050     1.0050    

# Frame405

# x        y
14.6092    1.5217    
14.2409    31.8248   
10.0336    4.3174    
18.4819    1.7357    
5.5908     34.8019   
1.0050     1.0050    

# Frame406

# x        y
14.6092    1.5217    
14.2409    31.8248   
10.0334    4.3176    
18.4819    1.7357    
5.5908     34.8019   
1.0050     1.0050    

# Frame407

# x        y
14.6092    1.5217    
14.2409    31.8248   
10.0333    4.3177    
18.4819    1.7357    
5.5908     34.8019   
1.0050     1.0050    

# Frame408

# x        y
14.6092    1.5217    
14.2409    31.8248   
10.0331    4.3178    
18.4819    1.7357    
5.5908     34.8019   
1.0050     1.0050    

# Frame409

# x        y
14.6092    1.5217    
14.2409    31.8248   
10.0330    4.3180    
18.4819    1.7357    
5.5908     34.8019   
1.0050     1.0050    

# Frame410

# x        y
14.6092    1.5217    
14.2409    31.8248   
10.0329    4.3181    
18.4819    1.7357    
5.5908     34.8019   
1.0050     1.0050    

# Frame411

# x        y
14.6092    1.5217    
14.2409    31.8248   
10.0327    4.3183    
18.4819    1.7357    
5.5908     34.8019   
1.0050     1.0050    

# Frame412

# x        y
14.6092    1.5217    
14.2409    31.8248   
10.0326    4.3184    
18.4819    1.7357    
5.5908     34.8019   
1.0050     1.0050    

# Frame413

# x        y
14.6092    1.5217    
14.2409    31.8248   
10.0325    4.3185    
18.4819    1.7357    
5.5908     34.8019   
1.0050     1.0050    

# Frame414

# x        y
14.6092    1.5217    
14.2409    31.8248   
10.0323    4.3187    
18.4819    1.7357    
5.5908     34.8019   
1.0050     1.0050    

# Frame415

# x        y
14.6092    1.5217    
14.2409    31.8248   
10.0322    4.3188    
18.4819    1.7357    
5.5908     34.8019   
1.0050     1.0050    

# Frame416

# x        y
14.6092    1.5217    
14.2409    31.8248   
10.0321    4.3189    
18.4819    1.7357    
5.5908     34.8019   
1.0050     1.0050    

# Frame417

# x        y
14.6092    1.5217    
14.2409    31.8248   
10.0320    4.3191    
18.4819    1.7357    
5.5908     34.8019   
1.0050     1.0050    

# Frame418

# x        y
14.6092    1.5217    
14.2409    31.8248   
10.0318    4.3192    
18.4819    1.7357    
5.5908     34.8019   
1.0050     1.0050    

# Frame419

# x        y
14.6092    1.5217    
14.2409    31.8248   
10.0317    4.3193    
18.4819    1.7357    
5.5908     34.8019   
1.0050     1.0050    

# Frame420

# x        y
14.6092    1.5217    
14.2409    31.8248   
10.0316    4.3194    
18.4819    1.7357    
5.5908     34.8019   
1.0050     1.0050    

# Frame421

# x        y
14.6092    1.5217    
14.2409    31.8248   
10.0315    4.3195    
18.4819    1.7357    
5.5908     34.8019   
1.0050     1.0050    

# Frame422

# x        y
14.6092    1.5217    
14.2409    31.8248   
10.0314    4.3196    
18.4819    1.7357    
5.5908     34.8019   
1.0050     1.0050    

# Frame423

# x        y
14.6092    1.5217    
14.2409    31.8248   
10.0313    4.3198    
18.4819    1.7357    
5.5908     34.8019   
1.0050     1.0050    

# Frame424

# x        y
14.6092    1.5217    
14.2409    31.8248   
10.0312    4.3199    
18.4819    1.7357    
5.5908     34.8019   
1.0050     1.0050    

# Frame425

# x        y
14.6092    1.5217    
14.2409    31.8248   
10.0311    4.3200    
18.4819    1.7357    
5.5908     34.8019   
1.0050     1.0050    

# Frame426

# x        y
14.6092    1.5217    
14.2409    31.8248   
10.0310    4.3201    
18.4819    1.7357    
5.5908     34.8019   
1.0050     1.0050    

# Frame427

# x        y
14.6092    1.5217    
14.2409    31.8248   
10.0309    4.3202    
18.4819    1.7357    
5.5908     34.8019   
1.0050     1.0050    

# Frame428

# x        y
14.6092    1.5217    
14.2409    31.8248   
10.0308    4.3203    
18.4819    1.7357    
5.5908     34.8019   
1.0050     1.0050    

# Frame429

# x        y
14.6092    1.5217    
14.2409    31.8248   
10.0307    4.3204    
18.4819    1.7357    
5.5908     34.8019   
1.0050     1.0050    

# Frame430

# x        y
14.6092    1.5217    
14.2409    31.8248   
10.0306    4.3205    
18.4819    1.7357    
5.5908     34.8019   
1.0050     1.0050    

# Frame431

# x        y
14.6092    1.5217    
14.2409    31.8248   
10.0305    4.3206    
18.4819    1.7357    
5.5908     34.8019   
1.0050     1.0050    

# Frame432

# x        y
14.6092    1.5217    
14.2409    31.8248   
10.0304    4.3207    
18.4819    1.7357    
5.5908     34.8019   
1.0050     1.0050    

# Frame433

# x        y
14.6092    1.5217    
14.2409    31.8248   
10.0303    4.3208    
18.4819    1.7357    
5.5908     34.8019   
1.0050     1.0050    

# Frame434

# x        y
14.6092    1.5217    
14.2409    31.8248   
10.0302    4.3209    
18.4819    1.7357    
5.5908     34.8019   
1.0050     1.0050    

# Frame435

# x        y
14.6092    1.5217    
14.2409    31.8248   
10.0301    4.3210    
18.4819    1.7357    
5.5908     34.8019   
1.0050     1.0050    

# Frame436

# x        y
14.6092    1.5217    
14.2409    31.8248   
10.0300    4.3211    
18.4819    1.7357    
5.5908     34.8019   
1.0050     1.0050    

# Frame437

# x        y
14.6092    1.5217    
14.2409    31.8248   
10.0299    4.3212    
18.4819    1.7357    
5.5908     34.8019   
1.0050     1.0050    

# Frame438

# x        y
14.6092    1.5217    
14.2409    31.8248   
10.0299    4.3212    
18.4819    1.7357    
5.5908     34.8019   
1.0050     1.0050    

# Frame439

# x        y
14.6092    1.5217    
14.2409    31.8248   
10.0298    4.3213    
18.4819    1.7357    
5.5908     34.8019   
1.0050     1.0050    

# Frame440

# x        y
14.6092    1.5217    
14.2409    31.8248   
10.0297    4.3214    
18.4819    1.7357    
5.5908     34.8019   
1.0050     1.0050    

# Frame441

# x        y
14.6092    1.5217    
14.2409    31.8248   
10.0296    4.3215    
18.4819    1.7357    
5.5908     34.8019   
1.0050     1.0050    

# Frame442

# x        y
14.6092    1.5217    
14.2409    31.8248   
10.0295    4.3216    
18.4819    1.7357    
5.5908     34.8019   
1.0050     1.0050    

# Frame443

# x        y
14.6092    1.5217    
14.2409    31.8248   
10.0295    4.3217    
18.4819    1.7357    
5.5908     34.8019   
1.0050     1.0050    

# Frame444

# x        y
14.6092    1.5217    
14.2409    31.8248   
10.0294    4.3217    
18.4819    1.7357    
5.5908     34.8019   
1.0050     1.0050    

# Frame445

# x        y
14.6092    1.5217    
14.2409    31.8248   
10.0293    4.3218    
18.4819    1.7357    
5.5908     34.8019   
1.0050     1.0050    

# Frame446

# x        y
14.6092    1.5217    
14.2409    31.8248   
10.0292    4.3219    
18.4819    1.7357    
5.5908     34.8019   
1.0050     1.0050    

# Frame447

# x        y
14.6092    1.5217    
14.2409    31.8248   
10.0292    4.3220    
18.4819    1.7357    
5.5908     34.8019   
1.0050     1.0050    

# Frame448

# x        y
14.6092    1.5217    
14.2409    31.8248   
10.0291    4.3220    
18.4819    1.7357    
5.5908     34.8019   
1.0050     1.0050    

# Frame449

# x        y
14.6092    1.5217    
14.2409    31.8248   
10.0290    4.3221    
18.4819    1.7357    
5.5908     34.8019   
1.0050     1.0050    

# Frame450

