# x        y
4.9983     18.4671   
7.6131     29.8069   
18.7519    23.6070   
6.5376     13.9804   
11.0800    36.3519   
6.3314     8.5024    

# Frame1

# x        y
4.0255     16.7197   
7.6131     29.8069   
18.7519    23.6070   
6.5376     13.9804   
11.0800    36.3519   
6.3314     8.5024    

# Frame2

# x        y
3.0688     15.0014   
7.6131     29.8069   
18.7519    23.6070   
6.5376     13.9804   
11.0800    36.3519   
6.3314     8.5024    

# Frame3

# x        y
2.1281     13.3117   
7.6131     29.8069   
18.7519    23.6070   
6.5376     13.9804   
11.0800    36.3519   
6.3314     8.5024    

# Frame4

# x        y
1.2031     11.6502   
7.6131     29.8069   
18.7519    23.6070   
6.5376     13.9804   
11.0800    36.3519   
6.3314     8.5024    

# Frame5

# x        y
1.3551     10.4379   
7.6131     29.8069   
18.7519    23.6070   
6.5376     13.9804   
11.0800    36.3519   
6.3314     8.5024    

# Frame6

# x        y
1.8023     9.3689    
7.6131     29.8069   
18.7519    23.6070   
6.5376     13.9804   
11.0800    36.3519   
6.3314     8.5024    

# Frame7

# x        y
2.2421     8.3177    
7.6131     29.8069   
18.7519    23.6070   
6.5376     13.9804   
11.0800    36.3519   
6.3314     8.5024    

# Frame8

# x        y
2.6745     7.2839    
7.6131     29.8069   
18.7519    23.6070   
6.5376     13.9804   
11.0800    36.3519   
6.3314     8.5024    

# Frame9

# x        y
3.0998     6.2675    
7.6131     29.8069   
18.7519    23.6070   
6.5376     13.9804   
11.0800    36.3519   
6.3314     8.5024    

# Frame10

# x        y
3.5179     5.2679    
7.6131     29.8069   
18.7519    23.6070   
6.5376     13.9804   
11.0800    36.3519   
6.3314     8.5024    

# Frame11

# x        y
3.9291     4.2850    
7.6131     29.8069   
18.7519    23.6070   
6.5376     13.9804   
11.0800    36.3519   
6.3314     8.5024    

# Frame12

# x        y
4.3334     3.3185    
7.6131     29.8069   
18.7519    23.6070   
6.5376     13.9804   
11.0800    36.3519   
6.3314     8.5024    

# Frame13

# x        y
4.7310     2.3681    
7.6131     29.8069   
18.7519    23.6070   
6.5376     13.9804   
11.0800    36.3519   
6.3314     8.5024    

# Frame14

# x        y
5.1220     1.4336    
7.6131     29.8069   
18.7519    23.6070   
6.5376     13.9804   
11.0800    36.3519   
6.3314     8.5024    

# Frame15

# x        y
5.5747     1.2450    
7.6131     29.8069   
18.7519    23.6070   
6.5376     13.9804   
11.0800    36.3519   
6.3314     8.5024    

# Frame16

# x        y
6.0811     1.6969    
7.6131     29.8069   
18.7519    23.6070   
6.5376     13.9804   
11.0800    36.3519   
6.3314     8.5024    

# Frame17

# x        y
6.5790     2.1412    
7.6131     29.8069   
18.7519    23.6070   
6.5376     13.9804   
11.0800    36.3519   
6.3314     8.5024    

# Frame18

# x        y
7.0687     2.5781    
7.6131     29.8069   
18.7519    23.6070   
6.5376     13.9804   
11.0800    36.3519   
6.3314     8.5024    

# Frame19

# x        y
7.5502     3.0077    
7.6131     29.8069   
18.7519    23.6070   
6.5376     13.9804   
11.0800    36.3519   
6.3314     8.5024    

# Frame20

# x        y
8.0237     3.4301    
7.6131     29.8069   
18.7519    23.6070   
6.5376     13.9804   
11.0800    36.3519   
6.3314     8.5024    

# Frame21

# x        y
8.4893     3.8455    
7.6131     29.8069   
18.7519    23.6070   
6.5376     13.9804   
11.0800    36.3519   
6.3314     8.5024    

# Frame22

# x        y
8.9471     4.2540    
7.6131     29.8069   
18.7519    23.6070   
6.5376     13.9804   
11.0800    36.3519   
6.3314     8.5024    

# Frame23

# x        y
9.3973     4.6557    
7.6131     29.8069   
18.7519    23.6070   
6.5376     13.9804   
11.0800    36.3519   
6.3314     8.5024    

# Frame24

# x        y
9.8400     5.0507    
7.6131     29.8069   
18.7519    23.6070   
6.5376     13.9804   
11.0800    36.3519   
6.3314     8.5024    

# Frame25

# x        y
10.2754    5.4391    
7.6131     29.8069   
18.7519    23.6070   
6.5376     13.9804   
11.0800    36.3519   
6.3314     8.5024    

# Frame26

# x        y
10.7034    5.8210    
7.6131     29.8069   
18.7519    23.6070   
6.5376     13.9804   
11.0800    36.3519   
6.3314     8.5024    

# Frame27

# x        y
11.1244    6.1966    
7.6131     29.8069   
18.7519    23.6070   
6.5376     13.9804   
11.0800    36.3519   
6.3314     8.5024    

# Frame28

# x        y
11.5383    6.5659    
7.6131     29.8069   
18.7519    23.6070   
6.5376     13.9804   
11.0800    36.3519   
6.3314     8.5024    

# Frame29

# x        y
11.9453    6.9290    
7.6131     29.8069   
18.7519    23.6070   
6.5376     13.9804   
11.0800    36.3519   
6.3314     8.5024    

# Frame30

# x        y
12.3455    7.2861    
7.6131     29.8069   
18.7519    23.6070   
6.5376     13.9804   
11.0800    36.3519   
6.3314     8.5024    

# Frame31

# x        y
12.7391    7.6373    
7.6131     29.8069   
18.7519    23.6070   
6.5376     13.9804   
11.0800    36.3519   
6.3314     8.5024    

# Frame32

# x        y
13.1261    7.9826    
7.6131     29.8069   
18.7519    23.6070   
6.5376     13.9804   
11.0800    36.3519   
6.3314     8.5024    

# Frame33

# x        y
13.5067    8.3221    
7.6131     29.8069   
18.7519    23.6070   
6.5376     13.9804   
11.0800    36.3519   
6.3314     8.5024    

# Frame34

# x        y
13.8809    8.6560    
7.6131     29.8069   
18.7519    23.6070   
6.5376     13.9804   
11.0800    36.3519   
6.3314     8.5024    

# Frame35

# x        y
14.2489    8.9843    
7.6131     29.8069   
18.7519    23.6070   
6.5376     13.9804   
11.0800    36.3519   
6.3314     8.5024    

# Frame36

# x        y
14.6107    9.3072    
7.6131     29.8069   
18.7519    23.6070   
6.5376     13.9804   
11.0800    36.3519   
6.3314     8.5024    

# Frame37

# x        y
14.9665    9.6246    
7.6131     29.8069   
18.7519    23.6070   
6.5376     13.9804   
11.0800    36.3519   
6.3314     8.5024    

# Frame38

# x        y
15.3164    9.9368    
7.6131     29.8069   
18.7519    23.6070   
6.5376     13.9804   
11.0800    36.3519   
6.3314     8.5024    

# Frame39

# x        y
15.6604    10.2438   
7.6131     29.8069   
18.7519    23.6070   
6.5376     13.9804   
11.0800    36.3519   
6.3314     8.5024    

# Frame40

# x        y
15.9988    10.5456   
7.6131     29.8069   
18.7519    23.6070   
6.5376     13.9804   
11.0800    36.3519   
6.3314     8.5024    

# Frame41

# x        y
16.3314    10.8424   
7.6131     29.8069   
18.7519    23.6070   
6.5376     13.9804   
11.0800    36.3519   
6.3314     8.5024    

# Frame42

# x        y
16.6586    11.1343   
7.6131     29.8069   
18.7519    23.6070   
6.5376     13.9804   
11.0800    36.3519   
6.3314     8.5024    

# Frame43

# x        y
16.9802    11.4213   
7.6131     29.8069   
18.7519    23.6070   
6.5376     13.9804   
11.0800    36.3519   
6.3314     8.5024    

# Frame44

# x        y
17.2966    11.7035   
7.6131     29.8069   
18.7519    23.6070   
6.5376     13.9804   
11.0800    36.3519   
6.3314     8.5024    

# Frame45

# x        y
17.6076    11.9811   
7.6131     29.8069   
18.7519    23.6070   
6.5376     13.9804   
11.0800    36.3519   
6.3314     8.5024    

# Frame46

# x        y
17.9135    12.2540   
7.6131     29.8069   
18.7519    23.6070   
6.5376     13.9804   
11.0800    36.3519   
6.3314     8.5024    

# Frame47

# x        y
18.2142    12.5223   
7.6131     29.8069   
18.7519    23.6070   
6.5376     13.9804   
11.0800    36.3519   
6.3314     8.5024    

# Frame48

# x        y
18.5100    12.7862   
7.6131     29.8069   
18.7519    23.6070   
6.5376     13.9804   
11.0800    36.3519   
6.3314     8.5024    

# Frame49

# x        y
18.8008    13.0457   
7.6131     29.8069   
18.7519    23.6070   
6.5376     13.9804   
11.0800    36.3519   
6.3314     8.5024    

# Frame50

# x        y
18.9547    13.2914   
7.6131     29.8069   
18.7519    23.6070   
6.5376     13.9804   
11.0800    36.3519   
6.3314     8.5024    

# Frame51

# x        y
18.8141    13.5101   
7.6131     29.8069   
18.7519    23.6070   
6.5376     13.9804   
11.0800    36.3519   
6.3314     8.5024    

# Frame52

# x        y
18.6759    13.7251   
7.6131     29.8069   
18.7519    23.6070   
6.5376     13.9804   
11.0800    36.3519   
6.3314     8.5024    

# Frame53

# x        y
18.5399    13.9366   
7.6131     29.8069   
18.7519    23.6070   
6.5376     13.9804   
11.0800    36.3519   
6.3314     8.5024    

# Frame54

# x        y
18.4062    14.1445   
7.6131     29.8069   
18.7519    23.6070   
6.5376     13.9804   
11.0800    36.3519   
6.3314     8.5024    

# Frame55

# x        y
18.2747    14.3489   
7.6131     29.8069   
18.7519    23.6070   
6.5376     13.9804   
11.0800    36.3519   
6.3314     8.5024    

# Frame56

# x        y
18.1455    14.5500   
7.6131     29.8069   
18.7519    23.6070   
6.5376     13.9804   
11.0800    36.3519   
6.3314     8.5024    

# Frame57

# x        y
18.0184    14.7477   
7.6131     29.8069   
18.7519    23.6070   
6.5376     13.9804   
11.0800    36.3519   
6.3314     8.5024    

# Frame58

# x        y
17.8934    14.9421   
7.6131     29.8069   
18.7519    23.6070   
6.5376     13.9804   
11.0800    36.3519   
6.3314     8.5024    

# Frame59

# x        y
17.7704    15.1332   
7.6131     29.8069   
18.7519    23.6070   
6.5376     13.9804   
11.0800    36.3519   
6.3314     8.5024    

# Frame60

# x        y
17.6496    15.3212   
7.6131     29.8069   
18.7519    23.6070   
6.5376     13.9804   
11.0800    36.3519   
6.3314     8.5024    

# Frame61

# x        y
17.5307    15.5060   
7.6131     29.8069   
18.7519    23.6070   
6.5376     13.9804   
11.0800    36.3519   
6.3314     8.5024    

# Frame62

# x        y
17.4139    15.6878   
7.6131     29.8069   
18.7519    23.6070   
6.5376     13.9804   
11.0800    36.3519   
6.3314     8.5024    

# Frame63

# x        y
17.2989    15.8665   
7.6131     29.8069   
18.7519    23.6070   
6.5376     13.9804   
11.0800    36.3519   
6.3314     8.5024    

# Frame64

# x        y
17.1859    16.0422   
7.6131     29.8069   
18.7519    23.6070   
6.5376     13.9804   
11.0800    36.3519   
6.3314     8.5024    

# Frame65

# x        y
17.0748    16.2151   
7.6131     29.8069   
18.7519    23.6070   
6.5376     13.9804   
11.0800    36.3519   
6.3314     8.5024    

# Frame66

# x        y
16.9655    16.3850   
7.6131     29.8069   
18.7519    23.6070   
6.5376     13.9804   
11.0800    36.3519   
6.3314     8.5024    

# Frame67

# x        y
16.8581    16.5521   
7.6131     29.8069   
18.7519    23.6070   
6.5376     13.9804   
11.0800    36.3519   
6.3314     8.5024    

# Frame68

# x        y
16.7524    16.7164   
7.6131     29.8069   
18.7519    23.6070   
6.5376     13.9804   
11.0800    36.3519   
6.3314     8.5024    

# Frame69

# x        y
16.6485    16.8780   
7.6131     29.8069   
18.7519    23.6070   
6.5376     13.9804   
11.0800    36.3519   
6.3314     8.5024    

# Frame70

# x        y
16.5463    17.0369   
7.6131     29.8069   
18.7519    23.6070   
6.5376     13.9804   
11.0800    36.3519   
6.3314     8.5024    

# Frame71

# x        y
16.4459    17.1931   
7.6131     29.8069   
18.7519    23.6070   
6.5376     13.9804   
11.0800    36.3519   
6.3314     8.5024    

# Frame72

# x        y
16.3471    17.3468   
7.6131     29.8069   
18.7519    23.6070   
6.5376     13.9804   
11.0800    36.3519   
6.3314     8.5024    

# Frame73

# x        y
16.2499    17.4979   
7.6131     29.8069   
18.7519    23.6070   
6.5376     13.9804   
11.0800    36.3519   
6.3314     8.5024    

# Frame74

# x        y
16.1544    17.6464   
7.6131     29.8069   
18.7519    23.6070   
6.5376     13.9804   
11.0800    36.3519   
6.3314     8.5024    

# Frame75

# x        y
16.0605    17.7925   
7.6131     29.8069   
18.7519    23.6070   
6.5376     13.9804   
11.0800    36.3519   
6.3314     8.5024    

# Frame76

# x        y
15.9681    17.9361   
7.6131     29.8069   
18.7519    23.6070   
6.5376     13.9804   
11.0800    36.3519   
6.3314     8.5024    

# Frame77

# x        y
15.8773    18.0774   
7.6131     29.8069   
18.7519    23.6070   
6.5376     13.9804   
11.0800    36.3519   
6.3314     8.5024    

# Frame78

# x        y
15.7880    18.2163   
7.6131     29.8069   
18.7519    23.6070   
6.5376     13.9804   
11.0800    36.3519   
6.3314     8.5024    

# Frame79

# x        y
15.7001    18.3529   
7.6131     29.8069   
18.7519    23.6070   
6.5376     13.9804   
11.0800    36.3519   
6.3314     8.5024    

# Frame80

# x        y
15.6138    18.4872   
7.6131     29.8069   
18.7519    23.6070   
6.5376     13.9804   
11.0800    36.3519   
6.3314     8.5024    

# Frame81

# x        y
15.5289    18.6193   
7.6131     29.8069   
18.7519    23.6070   
6.5376     13.9804   
11.0800    36.3519   
6.3314     8.5024    

# Frame82

# x        y
15.4454    18.7491   
7.6131     29.8069   
18.7519    23.6070   
6.5376     13.9804   
11.0800    36.3519   
6.3314     8.5024    

# Frame83

# x        y
15.3632    18.8768   
7.6131     29.8069   
18.7519    23.6070   
6.5376     13.9804   
11.0800    36.3519   
6.3314     8.5024    

# Frame84

# x        y
15.2825    19.0024   
7.6131     29.8069   
18.7519    23.6070   
6.5376     13.9804   
11.0800    36.3519   
6.3314     8.5024    

# Frame85

# x        y
15.2031    19.1259   
7.6131     29.8069   
18.7519    23.6070   
6.5376     13.9804   
11.0800    36.3519   
6.3314     8.5024    

# Frame86

# x        y
15.1250    19.2473   
7.6131     29.8069   
18.7519    23.6070   
6.5376     13.9804   
11.0800    36.3519   
6.3314     8.5024    

# Frame87

# x        y
15.0482    19.3667   
7.6131     29.8069   
18.7519    23.6070   
6.5376     13.9804   
11.0800    36.3519   
6.3314     8.5024    

# Frame88

# x        y
14.9727    19.4841   
7.6131     29.8069   
18.7519    23.6070   
6.5376     13.9804   
11.0800    36.3519   
6.3314     8.5024    

# Frame89

# x        y
14.8985    19.5996   
7.6131     29.8069   
18.7519    23.6070   
6.5376     13.9804   
11.0800    36.3519   
6.3314     8.5024    

# Frame90

# x        y
14.8255    19.7131   
7.6131     29.8069   
18.7519    23.6070   
6.5376     13.9804   
11.0800    36.3519   
6.3314     8.5024    

# Frame91

# x        y
14.7537    19.8248   
7.6131     29.8069   
18.7519    23.6070   
6.5376     13.9804   
11.0800    36.3519   
6.3314     8.5024    

# Frame92

# x        y
14.6831    19.9345   
7.6131     29.8069   
18.7519    23.6070   
6.5376     13.9804   
11.0800    36.3519   
6.3314     8.5024    

# Frame93

# x        y
14.6137    20.0425   
7.6131     29.8069   
18.7519    23.6070   
6.5376     13.9804   
11.0800    36.3519   
6.3314     8.5024    

# Frame94

# x        y
14.5455    20.1486   
7.6131     29.8069   
18.7519    23.6070   
6.5376     13.9804   
11.0800    36.3519   
6.3314     8.5024    

# Frame95

# x        y
14.4783    20.2530   
7.6131     29.8069   
18.7519    23.6070   
6.5376     13.9804   
11.0800    36.3519   
6.3314     8.5024    

# Frame96

# x        y
14.4123    20.3556   
7.6131     29.8069   
18.7519    23.6070   
6.5376     13.9804   
11.0800    36.3519   
6.3314     8.5024    

# Frame97

# x        y
14.3474    20.4566   
7.6131     29.8069   
18.7519    23.6070   
6.5376     13.9804   
11.0800    36.3519   
6.3314     8.5024    

# Frame98

# x        y
14.2836    20.5558   
7.6131     29.8069   
18.7519    23.6070   
6.5376     13.9804   
11.0800    36.3519   
6.3314     8.5024    

# Frame99

# x        y
14.2209    20.6534   
7.6131     29.8069   
18.7519    23.6070   
6.5376     13.9804   
11.0800    36.3519   
6.3314     8.5024    

# Frame100

# x        y
14.1592    20.7494   
7.6131     29.8069   
18.7519    23.6070   
6.5376     13.9804   
11.0800    36.3519   
6.3314     8.5024    

# Frame101

# x        y
14.0985    20.8438   
7.6131     29.8069   
18.7519    23.6070   
6.5376     13.9804   
11.0800    36.3519   
6.3314     8.5024    

# Frame102

# x        y
14.0388    20.9365   
7.6131     29.8069   
18.7519    23.6070   
6.5376     13.9804   
11.0800    36.3519   
6.3314     8.5024    

# Frame103

# x        y
13.9801    21.0278   
7.6131     29.8069   
18.7519    23.6070   
6.5376     13.9804   
11.0800    36.3519   
6.3314     8.5024    

# Frame104

# x        y
13.9225    21.1175   
7.6131     29.8069   
18.7519    23.6070   
6.5376     13.9804   
11.0800    36.3519   
6.3314     8.5024    

# Frame105

# x        y
13.8657    21.2058   
7.6131     29.8069   
18.7519    23.6070   
6.5376     13.9804   
11.0800    36.3519   
6.3314     8.5024    

# Frame106

# x        y
13.8099    21.2925   
7.6131     29.8069   
18.7519    23.6070   
6.5376     13.9804   
11.0800    36.3519   
6.3314     8.5024    

# Frame107

# x        y
13.7551    21.3778   
7.6131     29.8069   
18.7519    23.6070   
6.5376     13.9804   
11.0800    36.3519   
6.3314     8.5024    

# Frame108

# x        y
13.7011    21.4617   
7.6131     29.8069   
18.7519    23.6070   
6.5376     13.9804   
11.0800    36.3519   
6.3314     8.5024    

# Frame109

# x        y
13.6481    21.5442   
7.6131     29.8069   
18.7519    23.6070   
6.5376     13.9804   
11.0800    36.3519   
6.3314     8.5024    

# Frame110

# x        y
13.5959    21.6253   
7.6131     29.8069   
18.7519    23.6070   
6.5376     13.9804   
11.0800    36.3519   
6.3314     8.5024    

# Frame111

# x        y
13.5446    21.7051   
7.6131     29.8069   
18.7519    23.6070   
6.5376     13.9804   
11.0800    36.3519   
6.3314     8.5024    

# Frame112

# x        y
13.4942    21.7835   
7.6131     29.8069   
18.7519    23.6070   
6.5376     13.9804   
11.0800    36.3519   
6.3314     8.5024    

# Frame113

# x        y
13.4446    21.8607   
7.6131     29.8069   
18.7519    23.6070   
6.5376     13.9804   
11.0800    36.3519   
6.3314     8.5024    

# Frame114

# x        y
13.3958    21.9365   
7.6131     29.8069   
18.7519    23.6070   
6.5376     13.9804   
11.0800    36.3519   
6.3314     8.5024    

# Frame115

# x        y
13.3479    22.0111   
7.6131     29.8069   
18.7519    23.6070   
6.5376     13.9804   
11.0800    36.3519   
6.3314     8.5024    

# Frame116

# x        y
13.3007    22.0844   
7.6131     29.8069   
18.7519    23.6070   
6.5376     13.9804   
11.0800    36.3519   
6.3314     8.5024    

# Frame117

# x        y
13.2543    22.1566   
7.6131     29.8069   
18.7519    23.6070   
6.5376     13.9804   
11.0800    36.3519   
6.3314     8.5024    

# Frame118

# x        y
13.2087    22.2275   
7.6131     29.8069   
18.7519    23.6070   
6.5376     13.9804   
11.0800    36.3519   
6.3314     8.5024    

# Frame119

# x        y
13.1639    22.2972   
7.6131     29.8069   
18.7519    23.6070   
6.5376     13.9804   
11.0800    36.3519   
6.3314     8.5024    

# Frame120

# x        y
13.1198    22.3658   
7.6131     29.8069   
18.7519    23.6070   
6.5376     13.9804   
11.0800    36.3519   
6.3314     8.5024    

# Frame121

# x        y
13.0765    22.4332   
7.6131     29.8069   
18.7519    23.6070   
6.5376     13.9804   
11.0800    36.3519   
6.3314     8.5024    

# Frame122

# x        y
13.0338    22.4995   
7.6131     29.8069   
18.7519    23.6070   
6.5376     13.9804   
11.0800    36.3519   
6.3314     8.5024    

# Frame123

# x        y
12.9919    22.5647   
7.6131     29.8069   
18.7519    23.6070   
6.5376     13.9804   
11.0800    36.3519   
6.3314     8.5024    

# Frame124

# x        y
12.9507    22.6288   
7.6131     29.8069   
18.7519    23.6070   
6.5376     13.9804   
11.0800    36.3519   
6.3314     8.5024    

# Frame125

# x        y
12.9101    22.6919   
7.6131     29.8069   
18.7519    23.6070   
6.5376     13.9804   
11.0800    36.3519   
6.3314     8.5024    

# Frame126

# x        y
12.8703    22.7538   
7.6131     29.8069   
18.7519    23.6070   
6.5376     13.9804   
11.0800    36.3519   
6.3314     8.5024    

# Frame127

# x        y
12.8311    22.8148   
7.6131     29.8069   
18.7519    23.6070   
6.5376     13.9804   
11.0800    36.3519   
6.3314     8.5024    

# Frame128

# x        y
12.7925    22.8747   
7.6131     29.8069   
18.7519    23.6070   
6.5376     13.9804   
11.0800    36.3519   
6.3314     8.5024    

# Frame129

# x        y
12.7546    22.9337   
7.6131     29.8069   
18.7519    23.6070   
6.5376     13.9804   
11.0800    36.3519   
6.3314     8.5024    

# Frame130

# x        y
12.7174    22.9917   
7.6131     29.8069   
18.7519    23.6070   
6.5376     13.9804   
11.0800    36.3519   
6.3314     8.5024    

# Frame131

# x        y
12.6807    23.0486   
7.6131     29.8069   
18.7519    23.6070   
6.5376     13.9804   
11.0800    36.3519   
6.3314     8.5024    

# Frame132

# x        y
12.6447    23.1047   
7.6131     29.8069   
18.7519    23.6070   
6.5376     13.9804   
11.0800    36.3519   
6.3314     8.5024    

# Frame133

# x        y
12.6092    23.1598   
7.6131     29.8069   
18.7519    23.6070   
6.5376     13.9804   
11.0800    36.3519   
6.3314     8.5024    

# Frame134

# x        y
12.5744    23.2140   
7.6131     29.8069   
18.7519    23.6070   
6.5376     13.9804   
11.0800    36.3519   
6.3314     8.5024    

# Frame135

# x        y
12.5401    23.2673   
7.6131     29.8069   
18.7519    23.6070   
6.5376     13.9804   
11.0800    36.3519   
6.3314     8.5024    

# Frame136

# x        y
12.5064    23.3197   
7.6131     29.8069   
18.7519    23.6070   
6.5376     13.9804   
11.0800    36.3519   
6.3314     8.5024    

# Frame137

# x        y
12.4733    23.3712   
7.6131     29.8069   
18.7519    23.6070   
6.5376     13.9804   
11.0800    36.3519   
6.3314     8.5024    

# Frame138

# x        y
12.4407    23.4219   
7.6131     29.8069   
18.7519    23.6070   
6.5376     13.9804   
11.0800    36.3519   
6.3314     8.5024    

# Frame139

# x        y
12.4087    23.4717   
7.6131     29.8069   
18.7519    23.6070   
6.5376     13.9804   
11.0800    36.3519   
6.3314     8.5024    

# Frame140

# x        y
12.3772    23.5207   
7.6131     29.8069   
18.7519    23.6070   
6.5376     13.9804   
11.0800    36.3519   
6.3314     8.5024    

# Frame141

# x        y
12.3462    23.5689   
7.6131     29.8069   
18.7519    23.6070   
6.5376     13.9804   
11.0800    36.3519   
6.3314     8.5024    

# Frame142

# x        y
12.3157    23.6163   
7.6131     29.8069   
18.7519    23.6070   
6.5376     13.9804   
11.0800    36.3519   
6.3314     8.5024    

# Frame143

# x        y
12.2858    23.6628   
7.6131     29.8069   
18.7519    23.6070   
6.5376     13.9804   
11.0800    36.3519   
6.3314     8.5024    

# Frame144

# x        y
12.2563    23.7087   
7.6131     29.8069   
18.7519    23.6070   
6.5376     13.9804   
11.0800    36.3519   
6.3314     8.5024    

# Frame145

# x        y
12.2273    23.7537   
7.6131     29.8069   
18.7519    23.6070   
6.5376     13.9804   
11.0800    36.3519   
6.3314     8.5024    

# Frame146

# x        y
12.1989    23.7980   
7.6131     29.8069   
18.7519    23.6070   
6.5376     13.9804   
11.0800    36.3519   
6.3314     8.5024    

# Frame147

# x        y
12.1709    23.8416   
7.6131     29.8069   
18.7519    23.6070   
6.5376     13.9804   
11.0800    36.3519   
6.3314     8.5024    

# Frame148

# x        y
12.1433    23.8844   
7.6131     29.8069   
18.7519    23.6070   
6.5376     13.9804   
11.0800    36.3519   
6.3314     8.5024    

# Frame149

# x        y
12.1162    23.9265   
7.6131     29.8069   
18.7519    23.6070   
6.5376     13.9804   
11.0800    36.3519   
6.3314     8.5024    

# Frame150

# x        y
12.0896    23.9679   
7.6131     29.8069   
18.7519    23.6070   
6.5376     13.9804   
11.0800    36.3519   
6.3314     8.5024    

# Frame151

# x        y
12.0634    24.0086   
7.6131     29.8069   
18.7519    23.6070   
6.5376     13.9804   
11.0800    36.3519   
6.3314     8.5024    

# Frame152

# x        y
12.0377    24.0487   
7.6131     29.8069   
18.7519    23.6070   
6.5376     13.9804   
11.0800    36.3519   
6.3314     8.5024    

# Frame153

# x        y
12.0123    24.0881   
7.6131     29.8069   
18.7519    23.6070   
6.5376     13.9804   
11.0800    36.3519   
6.3314     8.5024    

# Frame154

# x        y
11.9874    24.1268   
7.6131     29.8069   
18.7519    23.6070   
6.5376     13.9804   
11.0800    36.3519   
6.3314     8.5024    

# Frame155

# x        y
11.9630    24.1649   
7.6131     29.8069   
18.7519    23.6070   
6.5376     13.9804   
11.0800    36.3519   
6.3314     8.5024    

# Frame156

# x        y
11.9389    24.2023   
7.6131     29.8069   
18.7519    23.6070   
6.5376     13.9804   
11.0800    36.3519   
6.3314     8.5024    

# Frame157

# x        y
11.9152    24.2391   
7.6131     29.8069   
18.7519    23.6070   
6.5376     13.9804   
11.0800    36.3519   
6.3314     8.5024    

# Frame158

# x        y
11.8919    24.2753   
7.6131     29.8069   
18.7519    23.6070   
6.5376     13.9804   
11.0800    36.3519   
6.3314     8.5024    

# Frame159

# x        y
11.8690    24.3109   
7.6131     29.8069   
18.7519    23.6070   
6.5376     13.9804   
11.0800    36.3519   
6.3314     8.5024    

# Frame160

# x        y
11.8465    24.3459   
7.6131     29.8069   
18.7519    23.6070   
6.5376     13.9804   
11.0800    36.3519   
6.3314     8.5024    

# Frame161

# x        y
11.8244    24.3804   
7.6131     29.8069   
18.7519    23.6070   
6.5376     13.9804   
11.0800    36.3519   
6.3314     8.5024    

# Frame162

# x        y
11.8026    24.4142   
7.6131     29.8069   
18.7519    23.6070   
6.5376     13.9804   
11.0800    36.3519   
6.3314     8.5024    

# Frame163

# x        y
11.7812    24.4475   
7.6131     29.8069   
18.7519    23.6070   
6.5376     13.9804   
11.0800    36.3519   
6.3314     8.5024    

# Frame164

# x        y
11.7602    24.4802   
7.6131     29.8069   
18.7519    23.6070   
6.5376     13.9804   
11.0800    36.3519   
6.3314     8.5024    

# Frame165

# x        y
11.7395    24.5124   
7.6131     29.8069   
18.7519    23.6070   
6.5376     13.9804   
11.0800    36.3519   
6.3314     8.5024    

# Frame166

# x        y
11.7191    24.5441   
7.6131     29.8069   
18.7519    23.6070   
6.5376     13.9804   
11.0800    36.3519   
6.3314     8.5024    

# Frame167

# x        y
11.6991    24.5752   
7.6131     29.8069   
18.7519    23.6070   
6.5376     13.9804   
11.0800    36.3519   
6.3314     8.5024    

# Frame168

# x        y
11.6794    24.6058   
7.6131     29.8069   
18.7519    23.6070   
6.5376     13.9804   
11.0800    36.3519   
6.3314     8.5024    

# Frame169

# x        y
11.6601    24.6359   
7.6131     29.8069   
18.7519    23.6070   
6.5376     13.9804   
11.0800    36.3519   
6.3314     8.5024    

# Frame170

# x        y
11.6411    24.6655   
7.6131     29.8069   
18.7519    23.6070   
6.5376     13.9804   
11.0800    36.3519   
6.3314     8.5024    

# Frame171

# x        y
11.6224    24.6946   
7.6131     29.8069   
18.7519    23.6070   
6.5376     13.9804   
11.0800    36.3519   
6.3314     8.5024    

# Frame172

# x        y
11.6040    24.7232   
7.6131     29.8069   
18.7519    23.6070   
6.5376     13.9804   
11.0800    36.3519   
6.3314     8.5024    

# Frame173

# x        y
11.5859    24.7513   
7.6131     29.8069   
18.7519    23.6070   
6.5376     13.9804   
11.0800    36.3519   
6.3314     8.5024    

# Frame174

# x        y
11.5681    24.7790   
7.6131     29.8069   
18.7519    23.6070   
6.5376     13.9804   
11.0800    36.3519   
6.3314     8.5024    

# Frame175

# x        y
11.5506    24.8062   
7.6131     29.8069   
18.7519    23.6070   
6.5376     13.9804   
11.0800    36.3519   
6.3314     8.5024    

# Frame176

# x        y
11.5334    24.8330   
7.6131     29.8069   
18.7519    23.6070   
6.5376     13.9804   
11.0800    36.3519   
6.3314     8.5024    

# Frame177

# x        y
11.5165    24.8593   
7.6131     29.8069   
18.7519    23.6070   
6.5376     13.9804   
11.0800    36.3519   
6.3314     8.5024    

# Frame178

# x        y
11.4998    24.8851   
7.6131     29.8069   
18.7519    23.6070   
6.5376     13.9804   
11.0800    36.3519   
6.3314     8.5024    

# Frame179

# x        y
11.4835    24.9106   
7.6131     29.8069   
18.7519    23.6070   
6.5376     13.9804   
11.0800    36.3519   
6.3314     8.5024    

# Frame180

# x        y
11.4674    24.9356   
7.6131     29.8069   
18.7519    23.6070   
6.5376     13.9804   
11.0800    36.3519   
6.3314     8.5024    

# Frame181

# x        y
11.4516    24.9602   
7.6131     29.8069   
18.7519    23.6070   
6.5376     13.9804   
11.0800    36.3519   
6.3314     8.5024    

# Frame182

# x        y
11.4360    24.9844   
7.6131     29.8069   
18.7519    23.6070   
6.5376     13.9804   
11.0800    36.3519   
6.3314     8.5024    

# Frame183

# x        y
11.4207    25.0082   
7.6131     29.8069   
18.7519    23.6070   
6.5376     13.9804   
11.0800    36.3519   
6.3314     8.5024    

# Frame184

# x        y
11.4057    25.0315   
7.6131     29.8069   
18.7519    23.6070   
6.5376     13.9804   
11.0800    36.3519   
6.3314     8.5024    

# Frame185

# x        y
11.3909    25.0545   
7.6131     29.8069   
18.7519    23.6070   
6.5376     13.9804   
11.0800    36.3519   
6.3314     8.5024    

# Frame186

# x        y
11.3764    25.0771   
7.6131     29.8069   
18.7519    23.6070   
6.5376     13.9804   
11.0800    36.3519   
6.3314     8.5024    

# Frame187

# x        y
11.3621    25.0994   
7.6131     29.8069   
18.7519    23.6070   
6.5376     13.9804   
11.0800    36.3519   
6.3314     8.5024    

# Frame188

# x        y
11.3480    25.1213   
7.6131     29.8069   
18.7519    23.6070   
6.5376     13.9804   
11.0800    36.3519   
6.3314     8.5024    

# Frame189

# x        y
11.3342    25.1428   
7.6131     29.8069   
18.7519    23.6070   
6.5376     13.9804   
11.0800    36.3519   
6.3314     8.5024    

# Frame190

# x        y
11.3206    25.1639   
7.6131     29.8069   
18.7519    23.6070   
6.5376     13.9804   
11.0800    36.3519   
6.3314     8.5024    

# Frame191

# x        y
11.3072    25.1847   
7.6131     29.8069   
18.7519    23.6070   
6.5376     13.9804   
11.0800    36.3519   
6.3314     8.5024    

# Frame192

# x        y
11.2941    25.2051   
7.6131     29.8069   
18.7519    23.6070   
6.5376     13.9804   
11.0800    36.3519   
6.3314     8.5024    

# Frame193

# x        y
11.2811    25.2252   
7.6131     29.8069   
18.7519    23.6070   
6.5376     13.9804   
11.0800    36.3519   
6.3314     8.5024    

# Frame194

# x        y
11.2684    25.2450   
7.6131     29.8069   
18.7519    23.6070   
6.5376     13.9804   
11.0800    36.3519   
6.3314     8.5024    

# Frame195

# x        y
11.2559    25.2645   
7.6131     29.8069   
18.7519    23.6070   
6.5376     13.9804   
11.0800    36.3519   
6.3314     8.5024    

# Frame196

# x        y
11.2436    25.2836   
7.6131     29.8069   
18.7519    23.6070   
6.5376     13.9804   
11.0800    36.3519   
6.3314     8.5024    

# Frame197

# x        y
11.2315    25.3024   
7.6131     29.8069   
18.7519    23.6070   
6.5376     13.9804   
11.0800    36.3519   
6.3314     8.5024    

# Frame198

# x        y
11.2197    25.3208   
7.6131     29.8069   
18.7519    23.6070   
6.5376     13.9804   
11.0800    36.3519   
6.3314     8.5024    

# Frame199

# x        y
11.2080    25.3390   
7.6131     29.8069   
18.7519    23.6070   
6.5376     13.9804   
11.0800    36.3519   
6.3314     8.5024    

# Frame200

# x        y
11.1965    25.3569   
7.6131     29.8069   
18.7519    23.6070   
6.5376     13.9804   
11.0800    36.3519   
6.3314     8.5024    

# Frame201

# x        y
11.1852    25.3745   
7.6131     29.8069   
18.7519    23.6070   
6.5376     13.9804   
11.0800    36.3519   
6.3314     8.5024    

# Frame202

# x        y
11.1741    25.3918   
7.6131     29.8069   
18.7519    23.6070   
6.5376     13.9804   
11.0800    36.3519   
6.3314     8.5024    

# Frame203

# x        y
11.1631    25.4087   
7.6131     29.8069   
18.7519    23.6070   
6.5376     13.9804   
11.0800    36.3519   
6.3314     8.5024    

# Frame204

# x        y
11.1524    25.4255   
7.6131     29.8069   
18.7519    23.6070   
6.5376     13.9804   
11.0800    36.3519   
6.3314     8.5024    

# Frame205

# x        y
11.1418    25.4419   
7.6131     29.8069   
18.7519    23.6070   
6.5376     13.9804   
11.0800    36.3519   
6.3314     8.5024    

# Frame206

# x        y
11.1314    25.4580   
7.6131     29.8069   
18.7519    23.6070   
6.5376     13.9804   
11.0800    36.3519   
6.3314     8.5024    

# Frame207

# x        y
11.1212    25.4739   
7.6131     29.8069   
18.7519    23.6070   
6.5376     13.9804   
11.0800    36.3519   
6.3314     8.5024    

# Frame208

# x        y
11.1112    25.4896   
7.6131     29.8069   
18.7519    23.6070   
6.5376     13.9804   
11.0800    36.3519   
6.3314     8.5024    

# Frame209

# x        y
11.1013    25.5049   
7.6131     29.8069   
18.7519    23.6070   
6.5376     13.9804   
11.0800    36.3519   
6.3314     8.5024    

# Frame210

# x        y
11.0916    25.5200   
7.6131     29.8069   
18.7519    23.6070   
6.5376     13.9804   
11.0800    36.3519   
6.3314     8.5024    

# Frame211

# x        y
11.0820    25.5349   
7.6131     29.8069   
18.7519    23.6070   
6.5376     13.9804   
11.0800    36.3519   
6.3314     8.5024    

# Frame212

# x        y
11.0726    25.5495   
7.6131     29.8069   
18.7519    23.6070   
6.5376     13.9804   
11.0800    36.3519   
6.3314     8.5024    

# Frame213

# x        y
11.0634    25.5639   
7.6131     29.8069   
18.7519    23.6070   
6.5376     13.9804   
11.0800    36.3519   
6.3314     8.5024    

# Frame214

# x        y
11.0543    25.5780   
7.6131     29.8069   
18.7519    23.6070   
6.5376     13.9804   
11.0800    36.3519   
6.3314     8.5024    

# Frame215

# x        y
11.0454    25.5919   
7.6131     29.8069   
18.7519    23.6070   
6.5376     13.9804   
11.0800    36.3519   
6.3314     8.5024    

# Frame216

# x        y
11.0366    25.6055   
7.6131     29.8069   
18.7519    23.6070   
6.5376     13.9804   
11.0800    36.3519   
6.3314     8.5024    

# Frame217

# x        y
11.0280    25.6190   
7.6131     29.8069   
18.7519    23.6070   
6.5376     13.9804   
11.0800    36.3519   
6.3314     8.5024    

# Frame218

# x        y
11.0195    25.6322   
7.6131     29.8069   
18.7519    23.6070   
6.5376     13.9804   
11.0800    36.3519   
6.3314     8.5024    

# Frame219

# x        y
11.0111    25.6452   
7.6131     29.8069   
18.7519    23.6070   
6.5376     13.9804   
11.0800    36.3519   
6.3314     8.5024    

# Frame220

# x        y
11.0029    25.6579   
7.6131     29.8069   
18.7519    23.6070   
6.5376     13.9804   
11.0800    36.3519   
6.3314     8.5024    

# Frame221

# x        y
10.9948    25.6705   
7.6131     29.8069   
18.7519    23.6070   
6.5376     13.9804   
11.0800    36.3519   
6.3314     8.5024    

# Frame222

# x        y
10.9869    25.6828   
7.6131     29.8069   
18.7519    23.6070   
6.5376     13.9804   
11.0800    36.3519   
6.3314     8.5024    

# Frame223

# x        y
10.9791    25.6950   
7.6131     29.8069   
18.7519    23.6070   
6.5376     13.9804   
11.0800    36.3519   
6.3314     8.5024    

# Frame224

# x        y
10.9714    25.7069   
7.6131     29.8069   
18.7519    23.6070   
6.5376     13.9804   
11.0800    36.3519   
6.3314     8.5024    

# Frame225

# x        y
10.9639    25.7187   
7.6131     29.8069   
18.7519    23.6070   
6.5376     13.9804   
11.0800    36.3519   
6.3314     8.5024    

# Frame226

# x        y
10.9564    25.7302   
7.6131     29.8069   
18.7519    23.6070   
6.5376     13.9804   
11.0800    36.3519   
6.3314     8.5024    

# Frame227

# x        y
10.9491    25.7416   
7.6131     29.8069   
18.7519    23.6070   
6.5376     13.9804   
11.0800    36.3519   
6.3314     8.5024    

# Frame228

# x        y
10.9419    25.7527   
7.6131     29.8069   
18.7519    23.6070   
6.5376     13.9804   
11.0800    36.3519   
6.3314     8.5024    

# Frame229

# x        y
10.9349    25.7637   
7.6131     29.8069   
18.7519    23.6070   
6.5376     13.9804   
11.0800    36.3519   
6.3314     8.5024    

# Frame230

# x        y
10.9279    25.7745   
7.6131     29.8069   
18.7519    23.6070   
6.5376     13.9804   
11.0800    36.3519   
6.3314     8.5024    

# Frame231

# x        y
10.9211    25.7851   
7.6131     29.8069   
18.7519    23.6070   
6.5376     13.9804   
11.0800    36.3519   
6.3314     8.5024    

# Frame232

# x        y
10.9144    25.7955   
7.6131     29.8069   
18.7519    23.6070   
6.5376     13.9804   
11.0800    36.3519   
6.3314     8.5024    

# Frame233

# x        y
10.9078    25.8058   
7.6131     29.8069   
18.7519    23.6070   
6.5376     13.9804   
11.0800    36.3519   
6.3314     8.5024    

# Frame234

# x        y
10.9013    25.8159   
7.6131     29.8069   
18.7519    23.6070   
6.5376     13.9804   
11.0800    36.3519   
6.3314     8.5024    

# Frame235

# x        y
10.8949    25.8258   
7.6131     29.8069   
18.7519    23.6070   
6.5376     13.9804   
11.0800    36.3519   
6.3314     8.5024    

# Frame236

# x        y
10.8887    25.8356   
7.6131     29.8069   
18.7519    23.6070   
6.5376     13.9804   
11.0800    36.3519   
6.3314     8.5024    

# Frame237

# x        y
10.8825    25.8452   
7.6131     29.8069   
18.7519    23.6070   
6.5376     13.9804   
11.0800    36.3519   
6.3314     8.5024    

# Frame238

# x        y
10.8764    25.8546   
7.6131     29.8069   
18.7519    23.6070   
6.5376     13.9804   
11.0800    36.3519   
6.3314     8.5024    

# Frame239

# x        y
10.8705    25.8639   
7.6131     29.8069   
18.7519    23.6070   
6.5376     13.9804   
11.0800    36.3519   
6.3314     8.5024    

# Frame240

# x        y
10.8646    25.8730   
7.6131     29.8069   
18.7519    23.6070   
6.5376     13.9804   
11.0800    36.3519   
6.3314     8.5024    

# Frame241

# x        y
10.8588    25.8820   
7.6131     29.8069   
18.7519    23.6070   
6.5376     13.9804   
11.0800    36.3519   
6.3314     8.5024    

# Frame242

# x        y
10.8531    25.8908   
7.6131     29.8069   
18.7519    23.6070   
6.5376     13.9804   
11.0800    36.3519   
6.3314     8.5024    

# Frame243

# x        y
10.8476    25.8995   
7.6131     29.8069   
18.7519    23.6070   
6.5376     13.9804   
11.0800    36.3519   
6.3314     8.5024    

# Frame244

# x        y
10.8421    25.9080   
7.6131     29.8069   
18.7519    23.6070   
6.5376     13.9804   
11.0800    36.3519   
6.3314     8.5024    

# Frame245

# x        y
10.8367    25.9164   
7.6131     29.8069   
18.7519    23.6070   
6.5376     13.9804   
11.0800    36.3519   
6.3314     8.5024    

# Frame246

# x        y
10.8314    25.9247   
7.6131     29.8069   
18.7519    23.6070   
6.5376     13.9804   
11.0800    36.3519   
6.3314     8.5024    

# Frame247

# x        y
10.8262    25.9328   
7.6131     29.8069   
18.7519    23.6070   
6.5376     13.9804   
11.0800    36.3519   
6.3314     8.5024    

# Frame248

# x        y
10.8210    25.9408   
7.6131     29.8069   
18.7519    23.6070   
6.5376     13.9804   
11.0800    36.3519   
6.3314     8.5024    

# Frame249

# x        y
10.8160    25.9486   
7.6131     29.8069   
18.7519    23.6070   
6.5376     13.9804   
11.0800    36.3519   
6.3314     8.5024    

# Frame250

# x        y
10.8110    25.9563   
7.6131     29.8069   
18.7519    23.6070   
6.5376     13.9804   
11.0800    36.3519   
6.3314     8.5024    

# Frame251

# x        y
10.8062    25.9639   
7.6131     29.8069   
18.7519    23.6070   
6.5376     13.9804   
11.0800    36.3519   
6.3314     8.5024    

# Frame252

# x        y
10.8014    25.9714   
7.6131     29.8069   
18.7519    23.6070   
6.5376     13.9804   
11.0800    36.3519   
6.3314     8.5024    

# Frame253

# x        y
10.7966    25.9787   
7.6131     29.8069   
18.7519    23.6070   
6.5376     13.9804   
11.0800    36.3519   
6.3314     8.5024    

# Frame254

# x        y
10.7920    25.9859   
7.6131     29.8069   
18.7519    23.6070   
6.5376     13.9804   
11.0800    36.3519   
6.3314     8.5024    

# Frame255

# x        y
10.7874    25.9930   
7.6131     29.8069   
18.7519    23.6070   
6.5376     13.9804   
11.0800    36.3519   
6.3314     8.5024    

# Frame256

# x        y
10.7830    26.0000   
7.6131     29.8069   
18.7519    23.6070   
6.5376     13.9804   
11.0800    36.3519   
6.3314     8.5024    

# Frame257

# x        y
10.7786    26.0068   
7.6131     29.8069   
18.7519    23.6070   
6.5376     13.9804   
11.0800    36.3519   
6.3314     8.5024    

# Frame258

# x        y
10.7742    26.0136   
7.6131     29.8069   
18.7519    23.6070   
6.5376     13.9804   
11.0800    36.3519   
6.3314     8.5024    

# Frame259

# x        y
10.7700    26.0202   
7.6131     29.8069   
18.7519    23.6070   
6.5376     13.9804   
11.0800    36.3519   
6.3314     8.5024    

# Frame260

# x        y
10.7658    26.0267   
7.6131     29.8069   
18.7519    23.6070   
6.5376     13.9804   
11.0800    36.3519   
6.3314     8.5024    

# Frame261

# x        y
10.7616    26.0331   
7.6131     29.8069   
18.7519    23.6070   
6.5376     13.9804   
11.0800    36.3519   
6.3314     8.5024    

# Frame262

# x        y
10.7576    26.0394   
7.6131     29.8069   
18.7519    23.6070   
6.5376     13.9804   
11.0800    36.3519   
6.3314     8.5024    

# Frame263

# x        y
10.7536    26.0456   
7.6131     29.8069   
18.7519    23.6070   
6.5376     13.9804   
11.0800    36.3519   
6.3314     8.5024    

# Frame264

# x        y
10.7497    26.0517   
7.6131     29.8069   
18.7519    23.6070   
6.5376     13.9804   
11.0800    36.3519   
6.3314     8.5024    

# Frame265

# x        y
10.7458    26.0577   
7.6131     29.8069   
18.7519    23.6070   
6.5376     13.9804   
11.0800    36.3519   
6.3314     8.5024    

# Frame266

# x        y
10.7420    26.0636   
7.6131     29.8069   
18.7519    23.6070   
6.5376     13.9804   
11.0800    36.3519   
6.3314     8.5024    

# Frame267

# x        y
10.7383    26.0694   
7.6131     29.8069   
18.7519    23.6070   
6.5376     13.9804   
11.0800    36.3519   
6.3314     8.5024    

# Frame268

# x        y
10.7346    26.0751   
7.6131     29.8069   
18.7519    23.6070   
6.5376     13.9804   
11.0800    36.3519   
6.3314     8.5024    

# Frame269

# x        y
10.7310    26.0807   
7.6131     29.8069   
18.7519    23.6070   
6.5376     13.9804   
11.0800    36.3519   
6.3314     8.5024    

# Frame270

# x        y
10.7275    26.0862   
7.6131     29.8069   
18.7519    23.6070   
6.5376     13.9804   
11.0800    36.3519   
6.3314     8.5024    

# Frame271

# x        y
10.7240    26.0916   
7.6131     29.8069   
18.7519    23.6070   
6.5376     13.9804   
11.0800    36.3519   
6.3314     8.5024    

# Frame272

# x        y
10.7206    26.0970   
7.6131     29.8069   
18.7519    23.6070   
6.5376     13.9804   
11.0800    36.3519   
6.3314     8.5024    

# Frame273

# x        y
10.7172    26.1022   
7.6131     29.8069   
18.7519    23.6070   
6.5376     13.9804   
11.0800    36.3519   
6.3314     8.5024    

# Frame274

# x        y
10.7139    26.1074   
7.6131     29.8069   
18.7519    23.6070   
6.5376     13.9804   
11.0800    36.3519   
6.3314     8.5024    

# Frame275

# x        y
10.7106    26.1124   
7.6131     29.8069   
18.7519    23.6070   
6.5376     13.9804   
11.0800    36.3519   
6.3314     8.5024    

# Frame276

# x        y
10.7074    26.1174   
7.6131     29.8069   
18.7519    23.6070   
6.5376     13.9804   
11.0800    36.3519   
6.3314     8.5024    

# Frame277

# x        y
10.7043    26.1223   
7.6131     29.8069   
18.7519    23.6070   
6.5376     13.9804   
11.0800    36.3519   
6.3314     8.5024    

# Frame278

# x        y
10.7012    26.1271   
7.6131     29.8069   
18.7519    23.6070   
6.5376     13.9804   
11.0800    36.3519   
6.3314     8.5024    

# Frame279

# x        y
10.6981    26.1319   
7.6131     29.8069   
18.7519    23.6070   
6.5376     13.9804   
11.0800    36.3519   
6.3314     8.5024    

# Frame280

# x        y
10.6952    26.1365   
7.6131     29.8069   
18.7519    23.6070   
6.5376     13.9804   
11.0800    36.3519   
6.3314     8.5024    

# Frame281

# x        y
10.6922    26.1411   
7.6131     29.8069   
18.7519    23.6070   
6.5376     13.9804   
11.0800    36.3519   
6.3314     8.5024    

# Frame282

# x        y
10.6893    26.1456   
7.6131     29.8069   
18.7519    23.6070   
6.5376     13.9804   
11.0800    36.3519   
6.3314     8.5024    

# Frame283

# x        y
10.6865    26.1500   
7.6131     29.8069   
18.7519    23.6070   
6.5376     13.9804   
11.0800    36.3519   
6.3314     8.5024    

# Frame284

# x        y
10.6837    26.1544   
7.6131     29.8069   
18.7519    23.6070   
6.5376     13.9804   
11.0800    36.3519   
6.3314     8.5024    

# Frame285

# x        y
10.6809    26.1587   
7.6131     29.8069   
18.7519    23.6070   
6.5376     13.9804   
11.0800    36.3519   
6.3314     8.5024    

# Frame286

# x        y
10.6782    26.1629   
7.6131     29.8069   
18.7519    23.6070   
6.5376     13.9804   
11.0800    36.3519   
6.3314     8.5024    

# Frame287

# x        y
10.6755    26.1670   
7.6131     29.8069   
18.7519    23.6070   
6.5376     13.9804   
11.0800    36.3519   
6.3314     8.5024    

# Frame288

# x        y
10.6729    26.1711   
7.6131     29.8069   
18.7519    23.6070   
6.5376     13.9804   
11.0800    36.3519   
6.3314     8.5024    

# Frame289

# x        y
10.6703    26.1751   
7.6131     29.8069   
18.7519    23.6070   
6.5376     13.9804   
11.0800    36.3519   
6.3314     8.5024    

# Frame290

# x        y
10.6678    26.1791   
7.6131     29.8069   
18.7519    23.6070   
6.5376     13.9804   
11.0800    36.3519   
6.3314     8.5024    

# Frame291

# x        y
10.6653    26.1829   
7.6131     29.8069   
18.7519    23.6070   
6.5376     13.9804   
11.0800    36.3519   
6.3314     8.5024    

# Frame292

# x        y
10.6629    26.1867   
7.6131     29.8069   
18.7519    23.6070   
6.5376     13.9804   
11.0800    36.3519   
6.3314     8.5024    

# Frame293

# x        y
10.6605    26.1905   
7.6131     29.8069   
18.7519    23.6070   
6.5376     13.9804   
11.0800    36.3519   
6.3314     8.5024    

# Frame294

# x        y
10.6581    26.1942   
7.6131     29.8069   
18.7519    23.6070   
6.5376     13.9804   
11.0800    36.3519   
6.3314     8.5024    

# Frame295

# x        y
10.6558    26.1978   
7.6131     29.8069   
18.7519    23.6070   
6.5376     13.9804   
11.0800    36.3519   
6.3314     8.5024    

# Frame296

# x        y
10.6535    26.2013   
7.6131     29.8069   
18.7519    23.6070   
6.5376     13.9804   
11.0800    36.3519   
6.3314     8.5024    

# Frame297

# x        y
10.6512    26.2048   
7.6131     29.8069   
18.7519    23.6070   
6.5376     13.9804   
11.0800    36.3519   
6.3314     8.5024    

# Frame298

# x        y
10.6490    26.2083   
7.6131     29.8069   
18.7519    23.6070   
6.5376     13.9804   
11.0800    36.3519   
6.3314     8.5024    

# Frame299

# x        y
10.6468    26.2117   
7.6131     29.8069   
18.7519    23.6070   
6.5376     13.9804   
11.0800    36.3519   
6.3314     8.5024    

# Frame300

# x        y
10.6447    26.2150   
7.6131     29.8069   
18.7519    23.6070   
6.5376     13.9804   
11.0800    36.3519   
6.3314     8.5024    

# Frame301

# x        y
10.6426    26.2183   
7.6131     29.8069   
18.7519    23.6070   
6.5376     13.9804   
11.0800    36.3519   
6.3314     8.5024    

# Frame302

# x        y
10.6405    26.2215   
7.6131     29.8069   
18.7519    23.6070   
6.5376     13.9804   
11.0800    36.3519   
6.3314     8.5024    

# Frame303

# x        y
10.6385    26.2246   
7.6131     29.8069   
18.7519    23.6070   
6.5376     13.9804   
11.0800    36.3519   
6.3314     8.5024    

# Frame304

# x        y
10.6365    26.2278   
7.6131     29.8069   
18.7519    23.6070   
6.5376     13.9804   
11.0800    36.3519   
6.3314     8.5024    

# Frame305

# x        y
10.6345    26.2308   
7.6131     29.8069   
18.7519    23.6070   
6.5376     13.9804   
11.0800    36.3519   
6.3314     8.5024    

# Frame306

# x        y
10.6326    26.2338   
7.6131     29.8069   
18.7519    23.6070   
6.5376     13.9804   
11.0800    36.3519   
6.3314     8.5024    

# Frame307

# x        y
10.6307    26.2368   
7.6131     29.8069   
18.7519    23.6070   
6.5376     13.9804   
11.0800    36.3519   
6.3314     8.5024    

# Frame308

# x        y
10.6288    26.2397   
7.6131     29.8069   
18.7519    23.6070   
6.5376     13.9804   
11.0800    36.3519   
6.3314     8.5024    

# Frame309

# x        y
10.6270    26.2426   
7.6131     29.8069   
18.7519    23.6070   
6.5376     13.9804   
11.0800    36.3519   
6.3314     8.5024    

# Frame310

# x        y
10.6252    26.2454   
7.6131     29.8069   
18.7519    23.6070   
6.5376     13.9804   
11.0800    36.3519   
6.3314     8.5024    

# Frame311

# x        y
10.6234    26.2481   
7.6131     29.8069   
18.7519    23.6070   
6.5376     13.9804   
11.0800    36.3519   
6.3314     8.5024    

# Frame312

# x        y
10.6216    26.2509   
7.6131     29.8069   
18.7519    23.6070   
6.5376     13.9804   
11.0800    36.3519   
6.3314     8.5024    

# Frame313

# x        y
10.6199    26.2535   
7.6131     29.8069   
18.7519    23.6070   
6.5376     13.9804   
11.0800    36.3519   
6.3314     8.5024    

# Frame314

# x        y
10.6182    26.2562   
7.6131     29.8069   
18.7519    23.6070   
6.5376     13.9804   
11.0800    36.3519   
6.3314     8.5024    

# Frame315

# x        y
10.6166    26.2588   
7.6131     29.8069   
18.7519    23.6070   
6.5376     13.9804   
11.0800    36.3519   
6.3314     8.5024    

# Frame316

# x        y
10.6149    26.2613   
7.6131     29.8069   
18.7519    23.6070   
6.5376     13.9804   
11.0800    36.3519   
6.3314     8.5024    

# Frame317

# x        y
10.6133    26.2638   
7.6131     29.8069   
18.7519    23.6070   
6.5376     13.9804   
11.0800    36.3519   
6.3314     8.5024    

# Frame318

# x        y
10.6117    26.2663   
7.6131     29.8069   
18.7519    23.6070   
6.5376     13.9804   
11.0800    36.3519   
6.3314     8.5024    

# Frame319

# x        y
10.6102    26.2687   
7.6131     29.8069   
18.7519    23.6070   
6.5376     13.9804   
11.0800    36.3519   
6.3314     8.5024    

# Frame320

# x        y
10.6086    26.2711   
7.6131     29.8069   
18.7519    23.6070   
6.5376     13.9804   
11.0800    36.3519   
6.3314     8.5024    

# Frame321

# x        y
10.6071    26.2734   
7.6131     29.8069   
18.7519    23.6070   
6.5376     13.9804   
11.0800    36.3519   
6.3314     8.5024    

# Frame322

# x        y
10.6057    26.2757   
7.6131     29.8069   
18.7519    23.6070   
6.5376     13.9804   
11.0800    36.3519   
6.3314     8.5024    

# Frame323

# x        y
10.6042    26.2780   
7.6131     29.8069   
18.7519    23.6070   
6.5376     13.9804   
11.0800    36.3519   
6.3314     8.5024    

# Frame324

# x        y
10.6028    26.2802   
7.6131     29.8069   
18.7519    23.6070   
6.5376     13.9804   
11.0800    36.3519   
6.3314     8.5024    

# Frame325

# x        y
10.6014    26.2824   
7.6131     29.8069   
18.7519    23.6070   
6.5376     13.9804   
11.0800    36.3519   
6.3314     8.5024    

# Frame326

# x        y
10.6000    26.2845   
7.6131     29.8069   
18.7519    23.6070   
6.5376     13.9804   
11.0800    36.3519   
6.3314     8.5024    

# Frame327

# x        y
10.5986    26.2866   
7.6131     29.8069   
18.7519    23.6070   
6.5376     13.9804   
11.0800    36.3519   
6.3314     8.5024    

# Frame328

# x        y
10.5973    26.2887   
7.6131     29.8069   
18.7519    23.6070   
6.5376     13.9804   
11.0800    36.3519   
6.3314     8.5024    

# Frame329

# x        y
10.5960    26.2908   
7.6131     29.8069   
18.7519    23.6070   
6.5376     13.9804   
11.0800    36.3519   
6.3314     8.5024    

# Frame330

# x        y
10.5947    26.2928   
7.6131     29.8069   
18.7519    23.6070   
6.5376     13.9804   
11.0800    36.3519   
6.3314     8.5024    

# Frame331

# x        y
10.5934    26.2947   
7.6131     29.8069   
18.7519    23.6070   
6.5376     13.9804   
11.0800    36.3519   
6.3314     8.5024    

# Frame332

# x        y
10.5922    26.2967   
7.6131     29.8069   
18.7519    23.6070   
6.5376     13.9804   
11.0800    36.3519   
6.3314     8.5024    

# Frame333

# x        y
10.5909    26.2986   
7.6131     29.8069   
18.7519    23.6070   
6.5376     13.9804   
11.0800    36.3519   
6.3314     8.5024    

# Frame334

# x        y
10.5897    26.3005   
7.6131     29.8069   
18.7519    23.6070   
6.5376     13.9804   
11.0800    36.3519   
6.3314     8.5024    

# Frame335

# x        y
10.5885    26.3023   
7.6131     29.8069   
18.7519    23.6070   
6.5376     13.9804   
11.0800    36.3519   
6.3314     8.5024    

# Frame336

# x        y
10.5874    26.3041   
7.6131     29.8069   
18.7519    23.6070   
6.5376     13.9804   
11.0800    36.3519   
6.3314     8.5024    

# Frame337

# x        y
10.5862    26.3059   
7.6131     29.8069   
18.7519    23.6070   
6.5376     13.9804   
11.0800    36.3519   
6.3314     8.5024    

# Frame338

# x        y
10.5851    26.3077   
7.6131     29.8069   
18.7519    23.6070   
6.5376     13.9804   
11.0800    36.3519   
6.3314     8.5024    

# Frame339

# x        y
10.5840    26.3094   
7.6131     29.8069   
18.7519    23.6070   
6.5376     13.9804   
11.0800    36.3519   
6.3314     8.5024    

# Frame340

# x        y
10.5829    26.3111   
7.6131     29.8069   
18.7519    23.6070   
6.5376     13.9804   
11.0800    36.3519   
6.3314     8.5024    

# Frame341

# x        y
10.5818    26.3128   
7.6131     29.8069   
18.7519    23.6070   
6.5376     13.9804   
11.0800    36.3519   
6.3314     8.5024    

# Frame342

# x        y
10.5808    26.3144   
7.6131     29.8069   
18.7519    23.6070   
6.5376     13.9804   
11.0800    36.3519   
6.3314     8.5024    

# Frame343

# x        y
10.5797    26.3160   
7.6131     29.8069   
18.7519    23.6070   
6.5376     13.9804   
11.0800    36.3519   
6.3314     8.5024    

# Frame344

# x        y
10.5787    26.3176   
7.6131     29.8069   
18.7519    23.6070   
6.5376     13.9804   
11.0800    36.3519   
6.3314     8.5024    

# Frame345

# x        y
10.5777    26.3192   
7.6131     29.8069   
18.7519    23.6070   
6.5376     13.9804   
11.0800    36.3519   
6.3314     8.5024    

# Frame346

# x        y
10.5767    26.3207   
7.6131     29.8069   
18.7519    23.6070   
6.5376     13.9804   
11.0800    36.3519   
6.3314     8.5024    

# Frame347

# x        y
10.5757    26.3222   
7.6131     29.8069   
18.7519    23.6070   
6.5376     13.9804   
11.0800    36.3519   
6.3314     8.5024    

# Frame348

# x        y
10.5748    26.3237   
7.6131     29.8069   
18.7519    23.6070   
6.5376     13.9804   
11.0800    36.3519   
6.3314     8.5024    

# Frame349

# x        y
10.5738    26.3252   
7.6131     29.8069   
18.7519    23.6070   
6.5376     13.9804   
11.0800    36.3519   
6.3314     8.5024    

# Frame350

# x        y
10.5729    26.3266   
7.6131     29.8069   
18.7519    23.6070   
6.5376     13.9804   
11.0800    36.3519   
6.3314     8.5024    

# Frame351

# x        y
10.5720    26.3280   
7.6131     29.8069   
18.7519    23.6070   
6.5376     13.9804   
11.0800    36.3519   
6.3314     8.5024    

# Frame352

# x        y
10.5711    26.3294   
7.6131     29.8069   
18.7519    23.6070   
6.5376     13.9804   
11.0800    36.3519   
6.3314     8.5024    

# Frame353

# x        y
10.5702    26.3308   
7.6131     29.8069   
18.7519    23.6070   
6.5376     13.9804   
11.0800    36.3519   
6.3314     8.5024    

# Frame354

# x        y
10.5694    26.3321   
7.6131     29.8069   
18.7519    23.6070   
6.5376     13.9804   
11.0800    36.3519   
6.3314     8.5024    

# Frame355

# x        y
10.5685    26.3335   
7.6131     29.8069   
18.7519    23.6070   
6.5376     13.9804   
11.0800    36.3519   
6.3314     8.5024    

# Frame356

# x        y
10.5677    26.3348   
7.6131     29.8069   
18.7519    23.6070   
6.5376     13.9804   
11.0800    36.3519   
6.3314     8.5024    

# Frame357

# x        y
10.5669    26.3360   
7.6131     29.8069   
18.7519    23.6070   
6.5376     13.9804   
11.0800    36.3519   
6.3314     8.5024    

# Frame358

# x        y
10.5661    26.3373   
7.6131     29.8069   
18.7519    23.6070   
6.5376     13.9804   
11.0800    36.3519   
6.3314     8.5024    

# Frame359

# x        y
10.5653    26.3385   
7.6131     29.8069   
18.7519    23.6070   
6.5376     13.9804   
11.0800    36.3519   
6.3314     8.5024    

# Frame360

# x        y
10.5645    26.3397   
7.6131     29.8069   
18.7519    23.6070   
6.5376     13.9804   
11.0800    36.3519   
6.3314     8.5024    

# Frame361

# x        y
10.5637    26.3409   
7.6131     29.8069   
18.7519    23.6070   
6.5376     13.9804   
11.0800    36.3519   
6.3314     8.5024    

# Frame362

# x        y
10.5630    26.3421   
7.6131     29.8069   
18.7519    23.6070   
6.5376     13.9804   
11.0800    36.3519   
6.3314     8.5024    

# Frame363

# x        y
10.5622    26.3433   
7.6131     29.8069   
18.7519    23.6070   
6.5376     13.9804   
11.0800    36.3519   
6.3314     8.5024    

# Frame364

# x        y
10.5615    26.3444   
7.6131     29.8069   
18.7519    23.6070   
6.5376     13.9804   
11.0800    36.3519   
6.3314     8.5024    

# Frame365

# x        y
10.5608    26.3455   
7.6131     29.8069   
18.7519    23.6070   
6.5376     13.9804   
11.0800    36.3519   
6.3314     8.5024    

# Frame366

# x        y
10.5601    26.3466   
7.6131     29.8069   
18.7519    23.6070   
6.5376     13.9804   
11.0800    36.3519   
6.3314     8.5024    

# Frame367

# x        y
10.5594    26.3477   
7.6131     29.8069   
18.7519    23.6070   
6.5376     13.9804   
11.0800    36.3519   
6.3314     8.5024    

# Frame368

# x        y
10.5587    26.3488   
7.6131     29.8069   
18.7519    23.6070   
6.5376     13.9804   
11.0800    36.3519   
6.3314     8.5024    

# Frame369

# x        y
10.5580    26.3498   
7.6131     29.8069   
18.7519    23.6070   
6.5376     13.9804   
11.0800    36.3519   
6.3314     8.5024    

# Frame370

# x        y
10.5574    26.3508   
7.6131     29.8069   
18.7519    23.6070   
6.5376     13.9804   
11.0800    36.3519   
6.3314     8.5024    

# Frame371

# x        y
10.5567    26.3518   
7.6131     29.8069   
18.7519    23.6070   
6.5376     13.9804   
11.0800    36.3519   
6.3314     8.5024    

# Frame372

# x        y
10.5561    26.3528   
7.6131     29.8069   
18.7519    23.6070   
6.5376     13.9804   
11.0800    36.3519   
6.3314     8.5024    

# Frame373

# x        y
10.5554    26.3538   
7.6131     29.8069   
18.7519    23.6070   
6.5376     13.9804   
11.0800    36.3519   
6.3314     8.5024    

# Frame374

# x        y
10.5548    26.3548   
7.6131     29.8069   
18.7519    23.6070   
6.5376     13.9804   
11.0800    36.3519   
6.3314     8.5024    

# Frame375

# x        y
10.5542    26.3557   
7.6131     29.8069   
18.7519    23.6070   
6.5376     13.9804   
11.0800    36.3519   
6.3314     8.5024    

# Frame376

# x        y
10.5536    26.3566   
7.6131     29.8069   
18.7519    23.6070   
6.5376     13.9804   
11.0800    36.3519   
6.3314     8.5024    

# Frame377

# x        y
10.5530    26.3575   
7.6131     29.8069   
18.7519    23.6070   
6.5376     13.9804   
11.0800    36.3519   
6.3314     8.5024    

# Frame378

# x        y
10.5525    26.3584   
7.6131     29.8069   
18.7519    23.6070   
6.5376     13.9804   
11.0800    36.3519   
6.3314     8.5024    

# Frame379

# x        y
10.5519    26.3593   
7.6131     29.8069   
18.7519    23.6070   
6.5376     13.9804   
11.0800    36.3519   
6.3314     8.5024    

# Frame380

# x        y
10.5513    26.3602   
7.6131     29.8069   
18.7519    23.6070   
6.5376     13.9804   
11.0800    36.3519   
6.3314     8.5024    

# Frame381

# x        y
10.5508    26.3610   
7.6131     29.8069   
18.7519    23.6070   
6.5376     13.9804   
11.0800    36.3519   
6.3314     8.5024    

# Frame382

# x        y
10.5502    26.3619   
7.6131     29.8069   
18.7519    23.6070   
6.5376     13.9804   
11.0800    36.3519   
6.3314     8.5024    

# Frame383

# x        y
10.5497    26.3627   
7.6131     29.8069   
18.7519    23.6070   
6.5376     13.9804   
11.0800    36.3519   
6.3314     8.5024    

# Frame384

# x        y
10.5492    26.3635   
7.6131     29.8069   
18.7519    23.6070   
6.5376     13.9804   
11.0800    36.3519   
6.3314     8.5024    

# Frame385

# x        y
10.5487    26.3643   
7.6131     29.8069   
18.7519    23.6070   
6.5376     13.9804   
11.0800    36.3519   
6.3314     8.5024    

# Frame386

# x        y
10.5482    26.3651   
7.6131     29.8069   
18.7519    23.6070   
6.5376     13.9804   
11.0800    36.3519   
6.3314     8.5024    

# Frame387

# x        y
10.5477    26.3659   
7.6131     29.8069   
18.7519    23.6070   
6.5376     13.9804   
11.0800    36.3519   
6.3314     8.5024    

# Frame388

# x        y
10.5472    26.3666   
7.6131     29.8069   
18.7519    23.6070   
6.5376     13.9804   
11.0800    36.3519   
6.3314     8.5024    

# Frame389

# x        y
10.5467    26.3674   
7.6131     29.8069   
18.7519    23.6070   
6.5376     13.9804   
11.0800    36.3519   
6.3314     8.5024    

# Frame390

# x        y
10.5462    26.3681   
7.6131     29.8069   
18.7519    23.6070   
6.5376     13.9804   
11.0800    36.3519   
6.3314     8.5024    

# Frame391

# x        y
10.5458    26.3688   
7.6131     29.8069   
18.7519    23.6070   
6.5376     13.9804   
11.0800    36.3519   
6.3314     8.5024    

# Frame392

# x        y
10.5453    26.3695   
7.6131     29.8069   
18.7519    23.6070   
6.5376     13.9804   
11.0800    36.3519   
6.3314     8.5024    

# Frame393

# x        y
10.5449    26.3702   
7.6131     29.8069   
18.7519    23.6070   
6.5376     13.9804   
11.0800    36.3519   
6.3314     8.5024    

# Frame394

# x        y
10.5444    26.3709   
7.6131     29.8069   
18.7519    23.6070   
6.5376     13.9804   
11.0800    36.3519   
6.3314     8.5024    

# Frame395

# x        y
10.5440    26.3716   
7.6131     29.8069   
18.7519    23.6070   
6.5376     13.9804   
11.0800    36.3519   
6.3314     8.5024    

# Frame396

# x        y
10.5436    26.3723   
7.6131     29.8069   
18.7519    23.6070   
6.5376     13.9804   
11.0800    36.3519   
6.3314     8.5024    

# Frame397

# x        y
10.5431    26.3729   
7.6131     29.8069   
18.7519    23.6070   
6.5376     13.9804   
11.0800    36.3519   
6.3314     8.5024    

# Frame398

# x        y
10.5427    26.3736   
7.6131     29.8069   
18.7519    23.6070   
6.5376     13.9804   
11.0800    36.3519   
6.3314     8.5024    

# Frame399

# x        y
10.5423    26.3742   
7.6131     29.8069   
18.7519    23.6070   
6.5376     13.9804   
11.0800    36.3519   
6.3314     8.5024    

# Frame400

# x        y
10.5419    26.3748   
7.6131     29.8069   
18.7519    23.6070   
6.5376     13.9804   
11.0800    36.3519   
6.3314     8.5024    

# Frame401

# x        y
10.5415    26.3754   
7.6131     29.8069   
18.7519    23.6070   
6.5376     13.9804   
11.0800    36.3519   
6.3314     8.5024    

# Frame402

# x        y
10.5412    26.3760   
7.6131     29.8069   
18.7519    23.6070   
6.5376     13.9804   
11.0800    36.3519   
6.3314     8.5024    

# Frame403

# x        y
10.5408    26.3766   
7.6131     29.8069   
18.7519    23.6070   
6.5376     13.9804   
11.0800    36.3519   
6.3314     8.5024    

# Frame404

# x        y
10.5404    26.3772   
7.6131     29.8069   
18.7519    23.6070   
6.5376     13.9804   
11.0800    36.3519   
6.3314     8.5024    

# Frame405

# x        y
10.5400    26.3778   
7.6131     29.8069   
18.7519    23.6070   
6.5376     13.9804   
11.0800    36.3519   
6.3314     8.5024    

# Frame406

# x        y
10.5397    26.3783   
7.6131     29.8069   
18.7519    23.6070   
6.5376     13.9804   
11.0800    36.3519   
6.3314     8.5024    

# Frame407

# x        y
10.5393    26.3789   
7.6131     29.8069   
18.7519    23.6070   
6.5376     13.9804   
11.0800    36.3519   
6.3314     8.5024    

# Frame408

# x        y
10.5390    26.3794   
7.6131     29.8069   
18.7519    23.6070   
6.5376     13.9804   
11.0800    36.3519   
6.3314     8.5024    

# Frame409

# x        y
10.5386    26.3799   
7.6131     29.8069   
18.7519    23.6070   
6.5376     13.9804   
11.0800    36.3519   
6.3314     8.5024    

# Frame410

# x        y
10.5383    26.3805   
7.6131     29.8069   
18.7519    23.6070   
6.5376     13.9804   
11.0800    36.3519   
6.3314     8.5024    

# Frame411

# x        y
10.5380    26.3810   
7.6131     29.8069   
18.7519    23.6070   
6.5376     13.9804   
11.0800    36.3519   
6.3314     8.5024    

# Frame412

# x        y
10.5376    26.3815   
7.6131     29.8069   
18.7519    23.6070   
6.5376     13.9804   
11.0800    36.3519   
6.3314     8.5024    

# Frame413

# x        y
10.5373    26.3820   
7.6131     29.8069   
18.7519    23.6070   
6.5376     13.9804   
11.0800    36.3519   
6.3314     8.5024    

# Frame414

# x        y
10.5370    26.3825   
7.6131     29.8069   
18.7519    23.6070   
6.5376     13.9804   
11.0800    36.3519   
6.3314     8.5024    

# Frame415

# x        y
10.5367    26.3830   
7.6131     29.8069   
18.7519    23.6070   
6.5376     13.9804   
11.0800    36.3519   
6.3314     8.5024    

# Frame416

# x        y
10.5364    26.3834   
7.6131     29.8069   
18.7519    23.6070   
6.5376     13.9804   
11.0800    36.3519   
6.3314     8.5024    

# Frame417

# x        y
10.5361    26.3839   
7.6131     29.8069   
18.7519    23.6070   
6.5376     13.9804   
11.0800    36.3519   
6.3314     8.5024    

# Frame418

# x        y
10.5358    26.3844   
7.6131     29.8069   
18.7519    23.6070   
6.5376     13.9804   
11.0800    36.3519   
6.3314     8.5024    

# Frame419

# x        y
10.5355    26.3848   
7.6131     29.8069   
18.7519    23.6070   
6.5376     13.9804   
11.0800    36.3519   
6.3314     8.5024    

# Frame420

# x        y
10.5352    26.3853   
7.6131     29.8069   
18.7519    23.6070   
6.5376     13.9804   
11.0800    36.3519   
6.3314     8.5024    

# Frame421

# x        y
10.5349    26.3857   
7.6131     29.8069   
18.7519    23.6070   
6.5376     13.9804   
11.0800    36.3519   
6.3314     8.5024    

# Frame422

# x        y
10.5347    26.3861   
7.6131     29.8069   
18.7519    23.6070   
6.5376     13.9804   
11.0800    36.3519   
6.3314     8.5024    

# Frame423

# x        y
10.5344    26.3865   
7.6131     29.8069   
18.7519    23.6070   
6.5376     13.9804   
11.0800    36.3519   
6.3314     8.5024    

# Frame424

# x        y
10.5341    26.3870   
7.6131     29.8069   
18.7519    23.6070   
6.5376     13.9804   
11.0800    36.3519   
6.3314     8.5024    

# Frame425

# x        y
10.5339    26.3874   
7.6131     29.8069   
18.7519    23.6070   
6.5376     13.9804   
11.0800    36.3519   
6.3314     8.5024    

# Frame426

# x        y
10.5336    26.3878   
7.6131     29.8069   
18.7519    23.6070   
6.5376     13.9804   
11.0800    36.3519   
6.3314     8.5024    

# Frame427

# x        y
10.5334    26.3882   
7.6131     29.8069   
18.7519    23.6070   
6.5376     13.9804   
11.0800    36.3519   
6.3314     8.5024    

# Frame428

# x        y
10.5331    26.3885   
7.6131     29.8069   
18.7519    23.6070   
6.5376     13.9804   
11.0800    36.3519   
6.3314     8.5024    

# Frame429

# x        y
10.5329    26.3889   
7.6131     29.8069   
18.7519    23.6070   
6.5376     13.9804   
11.0800    36.3519   
6.3314     8.5024    

# Frame430

# x        y
10.5326    26.3893   
7.6131     29.8069   
18.7519    23.6070   
6.5376     13.9804   
11.0800    36.3519   
6.3314     8.5024    

# Frame431

# x        y
10.5324    26.3897   
7.6131     29.8069   
18.7519    23.6070   
6.5376     13.9804   
11.0800    36.3519   
6.3314     8.5024    

# Frame432

# x        y
10.5322    26.3900   
7.6131     29.8069   
18.7519    23.6070   
6.5376     13.9804   
11.0800    36.3519   
6.3314     8.5024    

# Frame433

# x        y
10.5319    26.3904   
7.6131     29.8069   
18.7519    23.6070   
6.5376     13.9804   
11.0800    36.3519   
6.3314     8.5024    

# Frame434

# x        y
10.5317    26.3907   
7.6131     29.8069   
18.7519    23.6070   
6.5376     13.9804   
11.0800    36.3519   
6.3314     8.5024    

# Frame435

# x        y
10.5315    26.3911   
7.6131     29.8069   
18.7519    23.6070   
6.5376     13.9804   
11.0800    36.3519   
6.3314     8.5024    

# Frame436

# x        y
10.5313    26.3914   
7.6131     29.8069   
18.7519    23.6070   
6.5376     13.9804   
11.0800    36.3519   
6.3314     8.5024    

# Frame437

# x        y
10.5310    26.3917   
7.6131     29.8069   
18.7519    23.6070   
6.5376     13.9804   
11.0800    36.3519   
6.3314     8.5024    

# Frame438

# x        y
10.5308    26.3921   
7.6131     29.8069   
18.7519    23.6070   
6.5376     13.9804   
11.0800    36.3519   
6.3314     8.5024    

# Frame439

# x        y
10.5306    26.3924   
7.6131     29.8069   
18.7519    23.6070   
6.5376     13.9804   
11.0800    36.3519   
6.3314     8.5024    

# Frame440

# x        y
10.5304    26.3927   
7.6131     29.8069   
18.7519    23.6070   
6.5376     13.9804   
11.0800    36.3519   
6.3314     8.5024    

# Frame441

# x        y
10.5302    26.3930   
7.6131     29.8069   
18.7519    23.6070   
6.5376     13.9804   
11.0800    36.3519   
6.3314     8.5024    

# Frame442

# x        y
10.5300    26.3933   
7.6131     29.8069   
18.7519    23.6070   
6.5376     13.9804   
11.0800    36.3519   
6.3314     8.5024    

# Frame443

# x        y
10.5298    26.3936   
7.6131     29.8069   
18.7519    23.6070   
6.5376     13.9804   
11.0800    36.3519   
6.3314     8.5024    

# Frame444

# x        y
10.5296    26.3939   
7.6131     29.8069   
18.7519    23.6070   
6.5376     13.9804   
11.0800    36.3519   
6.3314     8.5024    

# Frame445

# x        y
10.5295    26.3942   
7.6131     29.8069   
18.7519    23.6070   
6.5376     13.9804   
11.0800    36.3519   
6.3314     8.5024    

# Frame446

# x        y
10.5293    26.3945   
7.6131     29.8069   
18.7519    23.6070   
6.5376     13.9804   
11.0800    36.3519   
6.3314     8.5024    

# Frame447

# x        y
10.5291    26.3948   
7.6131     29.8069   
18.7519    23.6070   
6.5376     13.9804   
11.0800    36.3519   
6.3314     8.5024    

# Frame448

# x        y
10.5289    26.3951   
7.6131     29.8069   
18.7519    23.6070   
6.5376     13.9804   
11.0800    36.3519   
6.3314     8.5024    

# Frame449

# x        y
10.5287    26.3953   
7.6131     29.8069   
18.7519    23.6070   
6.5376     13.9804   
11.0800    36.3519   
6.3314     8.5024    

# Frame450

# x        y
10.5286    26.3956   
7.6131     29.8069   
18.7519    23.6070   
6.5376     13.9804   
11.0800    36.3519   
6.3314     8.5024    

# Frame451

# x        y
10.5284    26.3959   
7.6131     29.8069   
18.7519    23.6070   
6.5376     13.9804   
11.0800    36.3519   
6.3314     8.5024    

# Frame452

# x        y
10.5282    26.3961   
7.6131     29.8069   
18.7519    23.6070   
6.5376     13.9804   
11.0800    36.3519   
6.3314     8.5024    

# Frame453

# x        y
10.5281    26.3964   
7.6131     29.8069   
18.7519    23.6070   
6.5376     13.9804   
11.0800    36.3519   
6.3314     8.5024    

# Frame454

# x        y
10.5279    26.3966   
7.6131     29.8069   
18.7519    23.6070   
6.5376     13.9804   
11.0800    36.3519   
6.3314     8.5024    

# Frame455

# x        y
10.5277    26.3969   
7.6131     29.8069   
18.7519    23.6070   
6.5376     13.9804   
11.0800    36.3519   
6.3314     8.5024    

# Frame456

# x        y
10.5276    26.3971   
7.6131     29.8069   
18.7519    23.6070   
6.5376     13.9804   
11.0800    36.3519   
6.3314     8.5024    

# Frame457

# x        y
10.5274    26.3974   
7.6131     29.8069   
18.7519    23.6070   
6.5376     13.9804   
11.0800    36.3519   
6.3314     8.5024    

# Frame458

# x        y
10.5273    26.3976   
7.6131     29.8069   
18.7519    23.6070   
6.5376     13.9804   
11.0800    36.3519   
6.3314     8.5024    

# Frame459

# x        y
10.5271    26.3978   
7.6131     29.8069   
18.7519    23.6070   
6.5376     13.9804   
11.0800    36.3519   
6.3314     8.5024    

# Frame460

# x        y
10.5270    26.3981   
7.6131     29.8069   
18.7519    23.6070   
6.5376     13.9804   
11.0800    36.3519   
6.3314     8.5024    

# Frame461

# x        y
10.5269    26.3983   
7.6131     29.8069   
18.7519    23.6070   
6.5376     13.9804   
11.0800    36.3519   
6.3314     8.5024    

# Frame462

# x        y
10.5267    26.3985   
7.6131     29.8069   
18.7519    23.6070   
6.5376     13.9804   
11.0800    36.3519   
6.3314     8.5024    

# Frame463

# x        y
10.5266    26.3987   
7.6131     29.8069   
18.7519    23.6070   
6.5376     13.9804   
11.0800    36.3519   
6.3314     8.5024    

# Frame464

# x        y
10.5264    26.3989   
7.6131     29.8069   
18.7519    23.6070   
6.5376     13.9804   
11.0800    36.3519   
6.3314     8.5024    

# Frame465

# x        y
10.5263    26.3991   
7.6131     29.8069   
18.7519    23.6070   
6.5376     13.9804   
11.0800    36.3519   
6.3314     8.5024    

# Frame466

# x        y
10.5262    26.3993   
7.6131     29.8069   
18.7519    23.6070   
6.5376     13.9804   
11.0800    36.3519   
6.3314     8.5024    

# Frame467

# x        y
10.5260    26.3995   
7.6131     29.8069   
18.7519    23.6070   
6.5376     13.9804   
11.0800    36.3519   
6.3314     8.5024    

# Frame468

# x        y
10.5259    26.3997   
7.6131     29.8069   
18.7519    23.6070   
6.5376     13.9804   
11.0800    36.3519   
6.3314     8.5024    

# Frame469

# x        y
10.5258    26.3999   
7.6131     29.8069   
18.7519    23.6070   
6.5376     13.9804   
11.0800    36.3519   
6.3314     8.5024    

# Frame470

# x        y
10.5257    26.4001   
7.6131     29.8069   
18.7519    23.6070   
6.5376     13.9804   
11.0800    36.3519   
6.3314     8.5024    

# Frame471

# x        y
10.5255    26.4003   
7.6131     29.8069   
18.7519    23.6070   
6.5376     13.9804   
11.0800    36.3519   
6.3314     8.5024    

# Frame472

# x        y
10.5254    26.4005   
7.6131     29.8069   
18.7519    23.6070   
6.5376     13.9804   
11.0800    36.3519   
6.3314     8.5024    

# Frame473

# x        y
10.5253    26.4007   
7.6131     29.8069   
18.7519    23.6070   
6.5376     13.9804   
11.0800    36.3519   
6.3314     8.5024    

# Frame474

# x        y
10.5252    26.4009   
7.6131     29.8069   
18.7519    23.6070   
6.5376     13.9804   
11.0800    36.3519   
6.3314     8.5024    

# Frame475

# x        y
10.5251    26.4010   
7.6131     29.8069   
18.7519    23.6070   
6.5376     13.9804   
11.0800    36.3519   
6.3314     8.5024    

# Frame476

# x        y
10.5250    26.4012   
7.6131     29.8069   
18.7519    23.6070   
6.5376     13.9804   
11.0800    36.3519   
6.3314     8.5024    

# Frame477

# x        y
10.5249    26.4014   
7.6131     29.8069   
18.7519    23.6070   
6.5376     13.9804   
11.0800    36.3519   
6.3314     8.5024    

# Frame478

# x        y
10.5248    26.4015   
7.6131     29.8069   
18.7519    23.6070   
6.5376     13.9804   
11.0800    36.3519   
6.3314     8.5024    

# Frame479

# x        y
10.5246    26.4017   
7.6131     29.8069   
18.7519    23.6070   
6.5376     13.9804   
11.0800    36.3519   
6.3314     8.5024    

# Frame480

# x        y
10.5245    26.4019   
7.6131     29.8069   
18.7519    23.6070   
6.5376     13.9804   
11.0800    36.3519   
6.3314     8.5024    

# Frame481

# x        y
10.5244    26.4020   
7.6131     29.8069   
18.7519    23.6070   
6.5376     13.9804   
11.0800    36.3519   
6.3314     8.5024    

# Frame482

# x        y
10.5243    26.4022   
7.6131     29.8069   
18.7519    23.6070   
6.5376     13.9804   
11.0800    36.3519   
6.3314     8.5024    

# Frame483

# x        y
10.5242    26.4023   
7.6131     29.8069   
18.7519    23.6070   
6.5376     13.9804   
11.0800    36.3519   
6.3314     8.5024    

# Frame484

# x        y
10.5241    26.4025   
7.6131     29.8069   
18.7519    23.6070   
6.5376     13.9804   
11.0800    36.3519   
6.3314     8.5024    

# Frame485

# x        y
10.5240    26.4026   
7.6131     29.8069   
18.7519    23.6070   
6.5376     13.9804   
11.0800    36.3519   
6.3314     8.5024    

# Frame486

# x        y
10.5240    26.4028   
7.6131     29.8069   
18.7519    23.6070   
6.5376     13.9804   
11.0800    36.3519   
6.3314     8.5024    

# Frame487

# x        y
10.5239    26.4029   
7.6131     29.8069   
18.7519    23.6070   
6.5376     13.9804   
11.0800    36.3519   
6.3314     8.5024    

# Frame488

# x        y
10.5238    26.4031   
7.6131     29.8069   
18.7519    23.6070   
6.5376     13.9804   
11.0800    36.3519   
6.3314     8.5024    

# Frame489

# x        y
10.5237    26.4032   
7.6131     29.8069   
18.7519    23.6070   
6.5376     13.9804   
11.0800    36.3519   
6.3314     8.5024    

# Frame490

# x        y
10.5236    26.4033   
7.6131     29.8069   
18.7519    23.6070   
6.5376     13.9804   
11.0800    36.3519   
6.3314     8.5024    

# Frame491

# x        y
10.5235    26.4035   
7.6131     29.8069   
18.7519    23.6070   
6.5376     13.9804   
11.0800    36.3519   
6.3314     8.5024    

# Frame492

# x        y
10.5234    26.4036   
7.6131     29.8069   
18.7519    23.6070   
6.5376     13.9804   
11.0800    36.3519   
6.3314     8.5024    

# Frame493

# x        y
10.5233    26.4037   
7.6131     29.8069   
18.7519    23.6070   
6.5376     13.9804   
11.0800    36.3519   
6.3314     8.5024    

# Frame494

# x        y
10.5233    26.4039   
7.6131     29.8069   
18.7519    23.6070   
6.5376     13.9804   
11.0800    36.3519   
6.3314     8.5024    

# Frame495

# x        y
10.5232    26.4040   
7.6131     29.8069   
18.7519    23.6070   
6.5376     13.9804   
11.0800    36.3519   
6.3314     8.5024    

# Frame496

# x        y
10.5231    26.4041   
7.6131     29.8069   
18.7519    23.6070   
6.5376     13.9804   
11.0800    36.3519   
6.3314     8.5024    

# Frame497

# x        y
10.5230    26.4042   
7.6131     29.8069   
18.7519    23.6070   
6.5376     13.9804   
11.0800    36.3519   
6.3314     8.5024    

# Frame498

# x        y
10.5229    26.4044   
7.6131     29.8069   
18.7519    23.6070   
6.5376     13.9804   
11.0800    36.3519   
6.3314     8.5024    

# Frame499

# x        y
10.5229    26.4045   
7.6131     29.8069   
18.7519    23.6070   
6.5376     13.9804   
11.0800    36.3519   
6.3314     8.5024    

# Frame500

# x        y
10.5228    26.4046   
7.6131     29.8069   
18.7519    23.6070   
6.5376     13.9804   
11.0800    36.3519   
6.3314     8.5024    

# Frame501

# x        y
10.5227    26.4047   
7.6131     29.8069   
18.7519    23.6070   
6.5376     13.9804   
11.0800    36.3519   
6.3314     8.5024    

# Frame502

# x        y
10.5226    26.4048   
7.6131     29.8069   
18.7519    23.6070   
6.5376     13.9804   
11.0800    36.3519   
6.3314     8.5024    

# Frame503

# x        y
10.5226    26.4049   
7.6131     29.8069   
18.7519    23.6070   
6.5376     13.9804   
11.0800    36.3519   
6.3314     8.5024    

# Frame504

# x        y
10.5225    26.4050   
7.6131     29.8069   
18.7519    23.6070   
6.5376     13.9804   
11.0800    36.3519   
6.3314     8.5024    

# Frame505

# x        y
10.5224    26.4051   
7.6131     29.8069   
18.7519    23.6070   
6.5376     13.9804   
11.0800    36.3519   
6.3314     8.5024    

# Frame506

# x        y
10.5224    26.4052   
7.6131     29.8069   
18.7519    23.6070   
6.5376     13.9804   
11.0800    36.3519   
6.3314     8.5024    

# Frame507

# x        y
10.5223    26.4053   
7.6131     29.8069   
18.7519    23.6070   
6.5376     13.9804   
11.0800    36.3519   
6.3314     8.5024    

# Frame508

# x        y
10.5222    26.4055   
7.6131     29.8069   
18.7519    23.6070   
6.5376     13.9804   
11.0800    36.3519   
6.3314     8.5024    

# Frame509

# x        y
10.5222    26.4056   
7.6131     29.8069   
18.7519    23.6070   
6.5376     13.9804   
11.0800    36.3519   
6.3314     8.5024    

# Frame510

# x        y
10.5221    26.4056   
7.6131     29.8069   
18.7519    23.6070   
6.5376     13.9804   
11.0800    36.3519   
6.3314     8.5024    

# Frame511

# x        y
10.5221    26.4057   
7.6131     29.8069   
18.7519    23.6070   
6.5376     13.9804   
11.0800    36.3519   
6.3314     8.5024    

# Frame512

# x        y
10.5220    26.4058   
7.6131     29.8069   
18.7519    23.6070   
6.5376     13.9804   
11.0800    36.3519   
6.3314     8.5024    

# Frame513

# x        y
10.5219    26.4059   
7.6131     29.8069   
18.7519    23.6070   
6.5376     13.9804   
11.0800    36.3519   
6.3314     8.5024    

# Frame514

# x        y
10.5219    26.4060   
7.6131     29.8069   
18.7519    23.6070   
6.5376     13.9804   
11.0800    36.3519   
6.3314     8.5024    

# Frame515

# x        y
10.5218    26.4061   
7.6131     29.8069   
18.7519    23.6070   
6.5376     13.9804   
11.0800    36.3519   
6.3314     8.5024    

# Frame516

# x        y
10.5218    26.4062   
7.6131     29.8069   
18.7519    23.6070   
6.5376     13.9804   
11.0800    36.3519   
6.3314     8.5024    

# Frame517

# x        y
10.5217    26.4063   
7.6131     29.8069   
18.7519    23.6070   
6.5376     13.9804   
11.0800    36.3519   
6.3314     8.5024    

# Frame518

# x        y
10.5216    26.4064   
7.6131     29.8069   
18.7519    23.6070   
6.5376     13.9804   
11.0800    36.3519   
6.3314     8.5024    

# Frame519

