# x        y
14.3655    6.1615    
5.5516     24.2984   
1.0047     13.5275   
12.2022    24.1849   
5.9817     15.3969   
14.8817    1.2425    

# Frame1

# x        y
14.4485    4.1632    
5.5516     24.2984   
1.0048     13.5275   
12.2022    24.1849   
5.9817     15.3969   
14.8817    1.2425    

# Frame2

# x        y
14.3858    3.0949    
5.5516     24.2984   
1.0048     13.5275   
12.2022    24.1849   
5.9817     15.3969   
14.9878    1.0785    

# Frame3

# x        y
14.1175    3.4119    
5.5516     24.2984   
1.0049     13.5275   
12.2022    24.1849   
5.9817     15.3969   
15.1881    1.0271    

# Frame4

# x        y
13.8536    3.7236    
5.5516     24.2984   
1.0049     13.5275   
12.2022    24.1849   
5.9817     15.3969   
15.3181    1.0900    

# Frame5

# x        y
13.5942    4.0300    
5.5516     24.2984   
1.0049     13.5275   
12.2022    24.1849   
5.9817     15.3969   
15.4459    1.1519    

# Frame6

# x        y
13.3391    4.3314    
5.5516     24.2984   
1.0049     13.5275   
12.2022    24.1849   
5.9817     15.3969   
15.5716    1.2127    

# Frame7

# x        y
13.0882    4.6277    
5.5516     24.2984   
1.0049     13.5275   
12.2022    24.1849   
5.9817     15.3969   
15.6952    1.2725    

# Frame8

# x        y
12.8415    4.9191    
5.5516     24.2984   
1.0050     13.5275   
12.2022    24.1849   
5.9817     15.3969   
15.8167    1.3313    

# Frame9

# x        y
12.5990    5.2057    
5.5516     24.2984   
1.0050     13.5275   
12.2022    24.1849   
5.9817     15.3969   
15.9362    1.3892    

# Frame10

# x        y
12.3604    5.4875    
5.5516     24.2984   
1.0050     13.5275   
12.2022    24.1849   
5.9817     15.3969   
16.0537    1.4461    

# Frame11

# x        y
12.1259    5.7645    
5.5516     24.2984   
1.0050     13.5275   
12.2022    24.1849   
5.9817     15.3969   
16.1693    1.5020    

# Frame12

# x        y
11.8953    6.0370    
5.5516     24.2984   
1.0050     13.5275   
12.2022    24.1849   
5.9817     15.3969   
16.2829    1.5570    

# Frame13

# x        y
11.6685    6.3049    
5.5516     24.2984   
1.0050     13.5275   
12.2022    24.1849   
5.9817     15.3969   
16.3947    1.6111    

# Frame14

# x        y
11.4454    6.5684    
5.5516     24.2984   
1.0050     13.5275   
12.2022    24.1849   
5.9817     15.3969   
16.5046    1.6643    

# Frame15

# x        y
11.2261    6.8274    
5.5516     24.2984   
1.0050     13.5275   
12.2022    24.1849   
5.9817     15.3969   
16.6126    1.7166    

# Frame16

# x        y
11.0105    7.0822    
5.5516     24.2984   
1.0050     13.5275   
12.2022    24.1849   
5.9817     15.3969   
16.7189    1.7680    

# Frame17

# x        y
10.7984    7.3327    
5.5516     24.2984   
1.0050     13.5275   
12.2022    24.1849   
5.9817     15.3969   
16.8233    1.8185    

# Frame18

# x        y
10.5899    7.5790    
5.5516     24.2984   
1.0050     13.5275   
12.2022    24.1849   
5.9817     15.3969   
16.9261    1.8683    

# Frame19

# x        y
10.3849    7.8212    
5.5516     24.2984   
1.0050     13.5275   
12.2022    24.1849   
5.9817     15.3969   
17.0271    1.9172    

# Frame20

# x        y
10.1833    8.0594    
5.5516     24.2984   
1.0050     13.5275   
12.2022    24.1849   
5.9817     15.3969   
17.1264    1.9652    

# Frame21

# x        y
9.9850     8.2936    
5.5516     24.2984   
1.0050     13.5275   
12.2022    24.1849   
5.9817     15.3969   
17.2241    2.0125    

# Frame22

# x        y
9.7900     8.5239    
5.5516     24.2984   
1.0050     13.5275   
12.2022    24.1849   
5.9817     15.3969   
17.3202    2.0590    

# Frame23

# x        y
9.5983     8.7504    
5.5516     24.2984   
1.0050     13.5275   
12.2022    24.1849   
5.9817     15.3969   
17.4146    2.1047    

# Frame24

# x        y
9.4098     8.9731    
5.5516     24.2984   
1.0050     13.5275   
12.2022    24.1849   
5.9817     15.3969   
17.5075    2.1497    

# Frame25

# x        y
9.2244     9.1921    
5.5516     24.2984   
1.0050     13.5275   
12.2022    24.1849   
5.9817     15.3969   
17.5988    2.1939    

# Frame26

# x        y
9.0422     9.4074    
5.5516     24.2984   
1.0050     13.5275   
12.2022    24.1849   
5.9817     15.3969   
17.6886    2.2373    

# Frame27

# x        y
8.8629     9.6191    
5.5516     24.2984   
1.0050     13.5275   
12.2022    24.1849   
5.9817     15.3969   
17.7770    2.2801    

# Frame28

# x        y
8.6867     9.8273    
5.5516     24.2984   
1.0050     13.5275   
12.2022    24.1849   
5.9817     15.3969   
17.8638    2.3221    

# Frame29

# x        y
8.5133     10.0321   
5.5516     24.2984   
1.0050     13.5275   
12.2022    24.1849   
5.9817     15.3969   
17.9492    2.3634    

# Frame30

# x        y
8.3429     10.2334   
5.5516     24.2984   
1.0050     13.5275   
12.2022    24.1849   
5.9817     15.3969   
18.0332    2.4041    

# Frame31

# x        y
8.1753     10.4314   
5.5516     24.2984   
1.0050     13.5275   
12.2022    24.1849   
5.9817     15.3969   
18.1157    2.4441    

# Frame32

# x        y
8.0105     10.6261   
5.5516     24.2984   
1.0050     13.5275   
12.2022    24.1849   
5.9817     15.3969   
18.1969    2.4834    

# Frame33

# x        y
7.8485     10.8175   
5.5516     24.2984   
1.0050     13.5275   
12.2022    24.1849   
5.9817     15.3969   
18.2768    2.5220    

# Frame34

# x        y
7.6891     11.0058   
5.5516     24.2984   
1.0050     13.5275   
12.2022    24.1849   
5.9817     15.3969   
18.3553    2.5600    

# Frame35

# x        y
7.5324     11.1909   
5.5516     24.2984   
1.0050     13.5275   
12.2022    24.1849   
5.9817     15.3969   
18.4325    2.5974    

# Frame36

# x        y
7.3783     11.3729   
5.5516     24.2984   
1.0050     13.5275   
12.2022    24.1849   
5.9817     15.3969   
18.5084    2.6341    

# Frame37

# x        y
7.2268     11.5519   
5.5516     24.2984   
1.0050     13.5275   
12.2022    24.1849   
5.9817     15.3969   
18.5830    2.6702    

# Frame38

# x        y
7.0778     11.7279   
5.5516     24.2984   
1.0050     13.5275   
12.2022    24.1849   
5.9817     15.3969   
18.6565    2.7058    

# Frame39

# x        y
6.9313     11.9009   
5.5516     24.2984   
1.0050     13.5275   
12.2022    24.1849   
5.9817     15.3969   
18.7286    2.7407    

# Frame40

# x        y
6.7873     12.0711   
5.5516     24.2984   
1.0050     13.5275   
12.2022    24.1849   
5.9817     15.3969   
18.7996    2.7750    

# Frame41

# x        y
6.6456     12.2385   
5.5516     24.2984   
1.0050     13.5275   
12.2022    24.1849   
5.9817     15.3969   
18.8694    2.8088    

# Frame42

# x        y
6.5063     12.4030   
5.5516     24.2984   
1.0050     13.5275   
12.2022    24.1849   
5.9817     15.3969   
18.9380    2.8420    

# Frame43

# x        y
6.3693     12.5648   
5.5516     24.2984   
1.0050     13.5275   
12.2022    24.1849   
5.9817     15.3969   
19.0055    2.8747    

# Frame44

# x        y
6.2346     12.7240   
5.5516     24.2984   
1.0050     13.5275   
12.2022    24.1849   
5.9817     15.3969   
18.9620    2.9070    

# Frame45

# x        y
6.1022     12.8804   
5.5516     24.2984   
1.0050     13.5275   
12.2022    24.1849   
5.9817     15.3969   
18.9294    2.9388    

# Frame46

# x        y
5.9719     13.0343   
5.5516     24.2984   
1.0050     13.5275   
12.2022    24.1849   
5.9817     15.3969   
18.8973    2.9701    

# Frame47

# x        y
5.8439     13.1856   
5.5516     24.2984   
1.0050     13.5275   
12.2022    24.1849   
5.9817     15.3969   
18.8657    3.0009    

# Frame48

# x        y
5.7179     13.3344   
5.5516     24.2984   
1.0050     13.5275   
12.2022    24.1849   
5.9817     15.3969   
18.8347    3.0311    

# Frame49

# x        y
5.5978     13.4521   
5.5516     24.2984   
1.0050     13.5275   
12.2022    24.1849   
5.9781     15.4254   
18.8042    3.0608    

# Frame50

# x        y
5.4938     13.5015   
5.5516     24.2984   
1.0050     13.5275   
12.2022    24.1849   
5.9602     15.5199   
18.7742    3.0900    

# Frame51

# x        y
5.3917     13.5501   
5.5516     24.2984   
1.0050     13.5275   
12.2022    24.1849   
5.9426     15.6128   
18.7447    3.1188    

# Frame52

# x        y
5.2912     13.5978   
5.5516     24.2984   
1.0050     13.5275   
12.2022    24.1849   
5.9254     15.7041   
18.7157    3.1471    

# Frame53

# x        y
5.1924     13.6448   
5.5516     24.2984   
1.0050     13.5275   
12.2022    24.1849   
5.9084     15.7939   
18.6872    3.1748    

# Frame54

# x        y
5.0952     13.6909   
5.5516     24.2984   
1.0050     13.5275   
12.2022    24.1849   
5.8917     15.8823   
18.6591    3.2022    

# Frame55

# x        y
4.9997     13.7364   
5.5516     24.2984   
1.0050     13.5275   
12.2022    24.1849   
5.8753     15.9691   
18.6315    3.2291    

# Frame56

# x        y
4.9057     13.7810   
5.5516     24.2984   
1.0050     13.5275   
12.2022    24.1849   
5.8591     16.0545   
18.6044    3.2555    

# Frame57

# x        y
4.8133     13.8249   
5.5516     24.2984   
1.0050     13.5275   
12.2022    24.1849   
5.8433     16.1385   
18.5777    3.2815    

# Frame58

# x        y
4.7225     13.8681   
5.5516     24.2984   
1.0050     13.5275   
12.2022    24.1849   
5.8277     16.2211   
18.5515    3.3070    

# Frame59

# x        y
4.6331     13.9105   
5.5516     24.2984   
1.0050     13.5275   
12.2022    24.1849   
5.8123     16.3023   
18.5257    3.3322    

# Frame60

# x        y
4.5453     13.9523   
5.5516     24.2984   
1.0050     13.5275   
12.2022    24.1849   
5.7972     16.3821   
18.5004    3.3569    

# Frame61

# x        y
4.4589     13.9934   
5.5516     24.2984   
1.0050     13.5275   
12.2022    24.1849   
5.7824     16.4607   
18.4754    3.3812    

# Frame62

# x        y
4.3740     14.0337   
5.5516     24.2984   
1.0050     13.5275   
12.2022    24.1849   
5.7678     16.5379   
18.4509    3.4051    

# Frame63

# x        y
4.2905     14.0734   
5.5516     24.2984   
1.0050     13.5275   
12.2022    24.1849   
5.7534     16.6138   
18.4268    3.4286    

# Frame64

# x        y
4.2083     14.1124   
5.5516     24.2984   
1.0050     13.5275   
12.2022    24.1849   
5.7393     16.6885   
18.4031    3.4517    

# Frame65

# x        y
4.1276     14.1508   
5.5516     24.2984   
1.0050     13.5275   
12.2022    24.1849   
5.7254     16.7619   
18.3798    3.4744    

# Frame66

# x        y
4.0482     14.1886   
5.5516     24.2984   
1.0050     13.5275   
12.2022    24.1849   
5.7118     16.8341   
18.3568    3.4967    

# Frame67

# x        y
3.9701     14.2257   
5.5516     24.2984   
1.0050     13.5275   
12.2022    24.1849   
5.6984     16.9051   
18.3343    3.5187    

# Frame68

# x        y
3.8933     14.2622   
5.5516     24.2984   
1.0050     13.5275   
12.2022    24.1849   
5.6852     16.9749   
18.3121    3.5403    

# Frame69

# x        y
3.8178     14.2981   
5.5516     24.2984   
1.0050     13.5275   
12.2022    24.1849   
5.6722     17.0435   
18.2903    3.5615    

# Frame70

# x        y
3.7435     14.3334   
5.5516     24.2984   
1.0050     13.5275   
12.2022    24.1849   
5.6594     17.1110   
18.2689    3.5824    

# Frame71

# x        y
3.6705     14.3681   
5.5516     24.2984   
1.0050     13.5275   
12.2022    24.1849   
5.6469     17.1774   
18.2478    3.6030    

# Frame72

# x        y
3.5987     14.4022   
5.5516     24.2984   
1.0050     13.5275   
12.2022    24.1849   
5.6345     17.2427   
18.2271    3.6231    

# Frame73

# x        y
3.5281     14.4357   
5.5516     24.2984   
1.0050     13.5275   
12.2022    24.1849   
5.6224     17.3068   
18.2067    3.6430    

# Frame74

# x        y
3.4587     14.4687   
5.5516     24.2984   
1.0050     13.5275   
12.2022    24.1849   
5.6105     17.3699   
18.1867    3.6625    

# Frame75

# x        y
3.3904     14.5012   
5.5516     24.2984   
1.0050     13.5275   
12.2022    24.1849   
5.5987     17.4320   
18.1670    3.6817    

# Frame76

# x        y
3.3233     14.5331   
5.5516     24.2984   
1.0050     13.5275   
12.2022    24.1849   
5.5872     17.4930   
18.1476    3.7006    

# Frame77

# x        y
3.2573     14.5645   
5.5516     24.2984   
1.0050     13.5275   
12.2022    24.1849   
5.5759     17.5530   
18.1285    3.7192    

# Frame78

# x        y
3.1923     14.5953   
5.5516     24.2984   
1.0050     13.5275   
12.2022    24.1849   
5.5647     17.6120   
18.1098    3.7375    

# Frame79

# x        y
3.1285     14.6257   
5.5516     24.2984   
1.0050     13.5275   
12.2022    24.1849   
5.5537     17.6701   
18.0914    3.7554    

# Frame80

# x        y
3.0658     14.6555   
5.5516     24.2984   
1.0050     13.5275   
12.2022    24.1849   
5.5430     17.7271   
18.0732    3.7731    

# Frame81

# x        y
3.0040     14.6848   
5.5516     24.2984   
1.0050     13.5275   
12.2022    24.1849   
5.5324     17.7832   
18.0554    3.7904    

# Frame82

# x        y
2.9433     14.7137   
5.5516     24.2984   
1.0050     13.5275   
12.2022    24.1849   
5.5219     17.8384   
18.0379    3.8075    

# Frame83

# x        y
2.8837     14.7420   
5.5516     24.2984   
1.0050     13.5275   
12.2022    24.1849   
5.5117     17.8926   
18.0207    3.8243    

# Frame84

# x        y
2.8250     14.7699   
5.5516     24.2984   
1.0050     13.5275   
12.2022    24.1849   
5.5016     17.9460   
18.0037    3.8408    

# Frame85

# x        y
2.7673     14.7973   
5.5516     24.2984   
1.0050     13.5275   
12.2022    24.1849   
5.4917     17.9984   
17.9871    3.8570    

# Frame86

# x        y
2.7105     14.8243   
5.5516     24.2984   
1.0050     13.5275   
12.2022    24.1849   
5.4819     18.0500   
17.9707    3.8730    

# Frame87

# x        y
2.6547     14.8508   
5.5516     24.2984   
1.0050     13.5275   
12.2022    24.1849   
5.4723     18.1008   
17.9546    3.8887    

# Frame88

# x        y
2.5999     14.8769   
5.5516     24.2984   
1.0050     13.5275   
12.2022    24.1849   
5.4629     18.1506   
17.9388    3.9041    

# Frame89

# x        y
2.5459     14.9025   
5.5516     24.2984   
1.0050     13.5275   
12.2022    24.1849   
5.4536     18.1997   
17.9232    3.9193    

# Frame90

# x        y
2.4929     14.9278   
5.5516     24.2984   
1.0050     13.5275   
12.2022    24.1849   
5.4445     18.2479   
17.9079    3.9342    

# Frame91

# x        y
2.4407     14.9526   
5.5516     24.2984   
1.0050     13.5275   
12.2022    24.1849   
5.4355     18.2953   
17.8928    3.9489    

# Frame92

# x        y
2.3894     14.9769   
5.5516     24.2984   
1.0050     13.5275   
12.2022    24.1849   
5.4267     18.3420   
17.8780    3.9633    

# Frame93

# x        y
2.3389     15.0009   
5.5516     24.2984   
1.0050     13.5275   
12.2022    24.1849   
5.4181     18.3878   
17.8634    3.9775    

# Frame94

# x        y
2.3143     15.0302   
5.5516     24.2984   
1.0046     13.5332   
12.2022    24.1849   
5.4095     18.4329   
17.8491    3.9915    

# Frame95

# x        y
2.2900     15.0589   
5.5516     24.2984   
1.0044     13.5390   
12.2022    24.1849   
5.4012     18.4773   
17.8350    4.0052    

# Frame96

# x        y
2.2659     15.0870   
5.5516     24.2984   
1.0044     13.5448   
12.2022    24.1849   
5.3929     18.5209   
17.8212    4.0187    

# Frame97

# x        y
2.2420     15.1144   
5.5516     24.2984   
1.0045     13.5506   
12.2022    24.1849   
5.3848     18.5637   
17.8076    4.0320    

# Frame98

# x        y
2.2186     15.1413   
5.5516     24.2984   
1.0046     13.5565   
12.2022    24.1849   
5.3768     18.6059   
17.7942    4.0450    

# Frame99

# x        y
2.1955     15.1678   
5.5516     24.2984   
1.0047     13.5622   
12.2022    24.1849   
5.3690     18.6474   
17.7810    4.0578    

# Frame100

# x        y
2.1728     15.1938   
5.5516     24.2984   
1.0047     13.5678   
12.2022    24.1849   
5.3613     18.6881   
17.7681    4.0704    

# Frame101

# x        y
2.1505     15.2194   
5.5516     24.2984   
1.0048     13.5734   
12.2022    24.1849   
5.3537     18.7282   
17.7553    4.0829    

# Frame102

# x        y
2.1285     15.2445   
5.5516     24.2984   
1.0048     13.5788   
12.2022    24.1849   
5.3463     18.7676   
17.7428    4.0950    

# Frame103

# x        y
2.1069     15.2693   
5.5516     24.2984   
1.0049     13.5842   
12.2022    24.1849   
5.3389     18.8064   
17.7305    4.1070    

# Frame104

# x        y
2.0857     15.2936   
5.5516     24.2984   
1.0049     13.5894   
12.2022    24.1849   
5.3317     18.8445   
17.7184    4.1188    

# Frame105

# x        y
2.0648     15.3175   
5.5516     24.2984   
1.0049     13.5946   
12.2022    24.1849   
5.3246     18.8820   
17.7065    4.1304    

# Frame106

# x        y
2.0443     15.3410   
5.5516     24.2984   
1.0049     13.5997   
12.2022    24.1849   
5.3177     18.9189   
17.6948    4.1418    

# Frame107

# x        y
2.0241     15.3641   
5.5516     24.2984   
1.0049     13.6047   
12.2022    24.1849   
5.3108     18.9551   
17.6833    4.1531    

# Frame108

# x        y
2.0043     15.3869   
5.5516     24.2984   
1.0050     13.6097   
12.2022    24.1849   
5.3041     18.9907   
17.6720    4.1641    

# Frame109

# x        y
1.9848     15.4092   
5.5516     24.2984   
1.0050     13.6145   
12.2022    24.1849   
5.2975     19.0258   
17.6608    4.1749    

# Frame110

# x        y
1.9656     15.4312   
5.5516     24.2984   
1.0050     13.6193   
12.2022    24.1849   
5.2910     19.0602   
17.6499    4.1856    

# Frame111

# x        y
1.9467     15.4528   
5.5516     24.2984   
1.0050     13.6239   
12.2022    24.1849   
5.2845     19.0941   
17.6391    4.1961    

# Frame112

# x        y
1.9281     15.4741   
5.5516     24.2984   
1.0050     13.6286   
12.2022    24.1849   
5.2782     19.1275   
17.6285    4.2064    

# Frame113

# x        y
1.9099     15.4950   
5.5516     24.2984   
1.0050     13.6331   
12.2022    24.1849   
5.2721     19.1602   
17.6181    4.2165    

# Frame114

# x        y
1.8920     15.5156   
5.5516     24.2984   
1.0050     13.6375   
12.2022    24.1849   
5.2660     19.1924   
17.6079    4.2265    

# Frame115

# x        y
1.8743     15.5358   
5.5516     24.2984   
1.0050     13.6419   
12.2022    24.1849   
5.2600     19.2241   
17.5978    4.2363    

# Frame116

# x        y
1.8570     15.5557   
5.5516     24.2984   
1.0050     13.6462   
12.2022    24.1849   
5.2541     19.2553   
17.5879    4.2459    

# Frame117

# x        y
1.8399     15.5752   
5.5516     24.2984   
1.0050     13.6505   
12.2022    24.1849   
5.2483     19.2859   
17.5782    4.2554    

# Frame118

# x        y
1.8231     15.5944   
5.5516     24.2984   
1.0050     13.6546   
12.2022    24.1849   
5.2426     19.3160   
17.5687    4.2648    

# Frame119

# x        y
1.8066     15.6133   
5.5516     24.2984   
1.0050     13.6587   
12.2022    24.1849   
5.2370     19.3457   
17.5592    4.2739    

# Frame120

# x        y
1.7904     15.6319   
5.5516     24.2984   
1.0050     13.6627   
12.2022    24.1849   
5.2315     19.3748   
17.5500    4.2829    

# Frame121

# x        y
1.7745     15.6502   
5.5516     24.2984   
1.0050     13.6667   
12.2022    24.1849   
5.2261     19.4034   
17.5409    4.2918    

# Frame122

# x        y
1.7588     15.6682   
5.5516     24.2984   
1.0050     13.6706   
12.2022    24.1849   
5.2208     19.4316   
17.5320    4.3005    

# Frame123

# x        y
1.7434     15.6858   
5.5516     24.2984   
1.0050     13.6744   
12.2022    24.1849   
5.2155     19.4593   
17.5232    4.3091    

# Frame124

# x        y
1.7282     15.7032   
5.5516     24.2984   
1.0050     13.6782   
12.2022    24.1849   
5.2104     19.4865   
17.5145    4.3175    

# Frame125

# x        y
1.7133     15.7203   
5.5516     24.2984   
1.0050     13.6819   
12.2022    24.1849   
5.2053     19.5133   
17.5060    4.3258    

# Frame126

# x        y
1.6986     15.7371   
5.5516     24.2984   
1.0050     13.6855   
12.2022    24.1849   
5.2003     19.5396   
17.4976    4.3339    

# Frame127

# x        y
1.6842     15.7536   
5.5516     24.2984   
1.0050     13.6891   
12.2022    24.1849   
5.1954     19.5655   
17.4894    4.3420    

# Frame128

# x        y
1.6700     15.7699   
5.5516     24.2984   
1.0050     13.6926   
12.2022    24.1849   
5.1906     19.5910   
17.4813    4.3498    

# Frame129

# x        y
1.6561     15.7859   
5.5516     24.2984   
1.0050     13.6961   
12.2022    24.1849   
5.1859     19.6160   
17.4734    4.3576    

# Frame130

# x        y
1.6424     15.8016   
5.5516     24.2984   
1.0050     13.6995   
12.2022    24.1849   
5.1812     19.6407   
17.4656    4.3652    

# Frame131

# x        y
1.6289     15.8170   
5.5516     24.2984   
1.0050     13.7028   
12.2022    24.1849   
5.1767     19.6649   
17.4579    4.3727    

# Frame132

# x        y
1.6156     15.8322   
5.5516     24.2984   
1.0050     13.7061   
12.2022    24.1849   
5.1722     19.6887   
17.4503    4.3801    

# Frame133

# x        y
1.6026     15.8472   
5.5516     24.2984   
1.0050     13.7094   
12.2022    24.1849   
5.1677     19.7121   
17.4429    4.3873    

# Frame134

# x        y
1.5898     15.8618   
5.5516     24.2984   
1.0050     13.7126   
12.2022    24.1849   
5.1634     19.7351   
17.4356    4.3944    

# Frame135

# x        y
1.5772     15.8763   
5.5516     24.2984   
1.0050     13.7157   
12.2022    24.1849   
5.1591     19.7578   
17.4284    4.4014    

# Frame136

# x        y
1.5648     15.8905   
5.5516     24.2984   
1.0050     13.7188   
12.2022    24.1849   
5.1549     19.7800   
17.4213    4.4083    

# Frame137

# x        y
1.5526     15.9045   
5.5516     24.2984   
1.0050     13.7218   
12.2022    24.1849   
5.1508     19.8019   
17.4144    4.4151    

# Frame138

# x        y
1.5406     15.9182   
5.5516     24.2984   
1.0050     13.7248   
12.2022    24.1849   
5.1467     19.8234   
17.4075    4.4218    

# Frame139

# x        y
1.5288     15.9317   
5.5516     24.2984   
1.0050     13.7277   
12.2022    24.1849   
5.1427     19.8446   
17.4008    4.4283    

# Frame140

# x        y
1.5172     15.9450   
5.5516     24.2984   
1.0050     13.7306   
12.2022    24.1849   
5.1387     19.8654   
17.3942    4.4348    

# Frame141

# x        y
1.5058     15.9580   
5.5516     24.2984   
1.0050     13.7334   
12.2022    24.1849   
5.1349     19.8859   
17.3877    4.4411    

# Frame142

# x        y
1.4946     15.9709   
5.5516     24.2984   
1.0050     13.7362   
12.2022    24.1849   
5.1311     19.9060   
17.3813    4.4473    

# Frame143

# x        y
1.4836     15.9835   
5.5516     24.2984   
1.0050     13.7389   
12.2022    24.1849   
5.1273     19.9258   
17.3750    4.4534    

# Frame144

# x        y
1.4728     15.9959   
5.5516     24.2984   
1.0050     13.7416   
12.2022    24.1849   
5.1237     19.9453   
17.3688    4.4595    

# Frame145

# x        y
1.4621     16.0081   
5.5516     24.2984   
1.0050     13.7442   
12.2022    24.1849   
5.1200     19.9644   
17.3628    4.4654    

# Frame146

# x        y
1.4516     16.0201   
5.5516     24.2984   
1.0050     13.7468   
12.2022    24.1849   
5.1165     19.9832   
17.3568    4.4712    

# Frame147

# x        y
1.4413     16.0320   
5.5516     24.2984   
1.0050     13.7494   
12.2022    24.1849   
5.1130     20.0017   
17.3509    4.4769    

# Frame148

# x        y
1.4312     16.0436   
5.5516     24.2984   
1.0050     13.7519   
12.2022    24.1849   
5.1095     20.0199   
17.3451    4.4826    

# Frame149

# x        y
1.4212     16.0550   
5.5516     24.2984   
1.0050     13.7544   
12.2022    24.1849   
5.1062     20.0378   
17.3394    4.4881    

# Frame150

# x        y
1.4114     16.0662   
5.5516     24.2984   
1.0050     13.7568   
12.2022    24.1849   
5.1028     20.0554   
17.3339    4.4935    

# Frame151

# x        y
1.4018     16.0772   
5.5516     24.2984   
1.0050     13.7592   
12.2022    24.1849   
5.0996     20.0727   
17.3284    4.4989    

# Frame152

# x        y
1.3923     16.0881   
5.5516     24.2984   
1.0050     13.7616   
12.2022    24.1849   
5.0963     20.0897   
17.3230    4.5042    

# Frame153

# x        y
1.3830     16.0988   
5.5516     24.2984   
1.0050     13.7639   
12.2022    24.1849   
5.0932     20.1064   
17.3176    4.5093    

# Frame154

# x        y
1.3738     16.1093   
5.5516     24.2984   
1.0050     13.7662   
12.2022    24.1849   
5.0901     20.1229   
17.3124    4.5144    

# Frame155

# x        y
1.3648     16.1196   
5.5516     24.2984   
1.0050     13.7684   
12.2022    24.1849   
5.0870     20.1391   
17.3073    4.5194    

# Frame156

# x        y
1.3560     16.1297   
5.5516     24.2984   
1.0050     13.7706   
12.2022    24.1849   
5.0840     20.1550   
17.3022    4.5244    

# Frame157

# x        y
1.3473     16.1397   
5.5516     24.2984   
1.0050     13.7728   
12.2022    24.1849   
5.0811     20.1706   
17.2973    4.5292    

# Frame158

# x        y
1.3387     16.1495   
5.5516     24.2984   
1.0050     13.7749   
12.2022    24.1849   
5.0781     20.1860   
17.2924    4.5340    

# Frame159

# x        y
1.3303     16.1592   
5.5516     24.2984   
1.0050     13.7770   
12.2022    24.1849   
5.0753     20.2011   
17.2876    4.5386    

# Frame160

# x        y
1.3220     16.1687   
5.5516     24.2984   
1.0050     13.7790   
12.2022    24.1849   
5.0725     20.2160   
17.2829    4.5432    

# Frame161

# x        y
1.3139     16.1780   
5.5516     24.2984   
1.0050     13.7810   
12.2022    24.1849   
5.0697     20.2306   
17.2782    4.5478    

# Frame162

# x        y
1.3059     16.1872   
5.5516     24.2984   
1.0050     13.7830   
12.2022    24.1849   
5.0670     20.2450   
17.2736    4.5522    

# Frame163

# x        y
1.2980     16.1962   
5.5516     24.2984   
1.0050     13.7850   
12.2022    24.1849   
5.0643     20.2591   
17.2692    4.5566    

# Frame164

# x        y
1.2902     16.2051   
5.5516     24.2984   
1.0050     13.7869   
12.2022    24.1849   
5.0617     20.2730   
17.2647    4.5609    

# Frame165

# x        y
1.2826     16.2138   
5.5516     24.2984   
1.0050     13.7888   
12.2022    24.1849   
5.0591     20.2867   
17.2604    4.5651    

# Frame166

# x        y
1.2751     16.2224   
5.5516     24.2984   
1.0050     13.7907   
12.2022    24.1849   
5.0566     20.3002   
17.2561    4.5693    

# Frame167

# x        y
1.2678     16.2308   
5.5516     24.2984   
1.0050     13.7925   
12.2022    24.1849   
5.0541     20.3134   
17.2519    4.5734    

# Frame168

# x        y
1.2605     16.2391   
5.5516     24.2984   
1.0050     13.7943   
12.2022    24.1849   
5.0516     20.3264   
17.2478    4.5774    

# Frame169

# x        y
1.2534     16.2473   
5.5516     24.2984   
1.0050     13.7960   
12.2022    24.1849   
5.0492     20.3392   
17.2437    4.5814    

# Frame170

# x        y
1.2464     16.2553   
5.5516     24.2984   
1.0050     13.7978   
12.2022    24.1849   
5.0468     20.3517   
17.2397    4.5852    

# Frame171

# x        y
1.2395     16.2632   
5.5516     24.2984   
1.0050     13.7995   
12.2022    24.1849   
5.0445     20.3641   
17.2358    4.5891    

# Frame172

# x        y
1.2328     16.2709   
5.5516     24.2984   
1.0050     13.8012   
12.2022    24.1849   
5.0422     20.3762   
17.2320    4.5928    

# Frame173

# x        y
1.2261     16.2786   
5.5516     24.2984   
1.0050     13.8028   
12.2022    24.1849   
5.0399     20.3882   
17.2282    4.5965    

# Frame174

# x        y
1.2196     16.2861   
5.5516     24.2984   
1.0050     13.8045   
12.2022    24.1849   
5.0377     20.4000   
17.2244    4.6002    

# Frame175

# x        y
1.2131     16.2934   
5.5516     24.2984   
1.0050     13.8061   
12.2022    24.1849   
5.0355     20.4115   
17.2208    4.6037    

# Frame176

# x        y
1.2068     16.3007   
5.5516     24.2984   
1.0050     13.8076   
12.2022    24.1849   
5.0334     20.4229   
17.2172    4.6073    

# Frame177

# x        y
1.2006     16.3078   
5.5516     24.2984   
1.0050     13.8092   
12.2022    24.1849   
5.0313     20.4341   
17.2136    4.6107    

# Frame178

# x        y
1.1945     16.3148   
5.5516     24.2984   
1.0050     13.8107   
12.2022    24.1849   
5.0292     20.4450   
17.2101    4.6141    

# Frame179

# x        y
1.1884     16.3217   
5.5516     24.2984   
1.0050     13.8122   
12.2022    24.1849   
5.0271     20.4559   
17.2067    4.6175    

# Frame180

# x        y
1.1825     16.3285   
5.5516     24.2984   
1.0050     13.8136   
12.2022    24.1849   
5.0251     20.4665   
17.2033    4.6208    

# Frame181

# x        y
1.1767     16.3352   
5.5516     24.2984   
1.0050     13.8151   
12.2022    24.1849   
5.0231     20.4769   
17.2000    4.6240    

# Frame182

# x        y
1.1710     16.3417   
5.5516     24.2984   
1.0050     13.8165   
12.2022    24.1849   
5.0212     20.4872   
17.1967    4.6272    

# Frame183

# x        y
1.1654     16.3482   
5.5516     24.2984   
1.0050     13.8179   
12.2022    24.1849   
5.0193     20.4973   
17.1935    4.6303    

# Frame184

# x        y
1.1598     16.3545   
5.5516     24.2984   
1.0050     13.8193   
12.2022    24.1849   
5.0174     20.5072   
17.1904    4.6334    

# Frame185

# x        y
1.1544     16.3607   
5.5516     24.2984   
1.0050     13.8206   
12.2022    24.1849   
5.0156     20.5170   
17.1873    4.6364    

# Frame186

# x        y
1.1490     16.3669   
5.5516     24.2984   
1.0050     13.8220   
12.2022    24.1849   
5.0138     20.5266   
17.1842    4.6394    

# Frame187

# x        y
1.1438     16.3729   
5.5516     24.2984   
1.0050     13.8233   
12.2022    24.1849   
5.0120     20.5361   
17.1812    4.6423    

# Frame188

# x        y
1.1386     16.3788   
5.5516     24.2984   
1.0050     13.8245   
12.2022    24.1849   
5.0102     20.5454   
17.1783    4.6452    

# Frame189

# x        y
1.1335     16.3847   
5.5516     24.2984   
1.0050     13.8258   
12.2022    24.1849   
5.0085     20.5545   
17.1754    4.6480    

# Frame190

# x        y
1.1285     16.3904   
5.5516     24.2984   
1.0050     13.8271   
12.2022    24.1849   
5.0068     20.5635   
17.1725    4.6508    

# Frame191

# x        y
1.1236     16.3960   
5.5516     24.2984   
1.0050     13.8283   
12.2022    24.1849   
5.0051     20.5723   
17.1697    4.6535    

# Frame192

# x        y
1.1188     16.4016   
5.5516     24.2984   
1.0050     13.8295   
12.2022    24.1849   
5.0035     20.5810   
17.1669    4.6562    

# Frame193

# x        y
1.1140     16.4070   
5.5516     24.2984   
1.0050     13.8307   
12.2022    24.1849   
5.0019     20.5895   
17.1642    4.6588    

# Frame194

# x        y
1.1093     16.4124   
5.5516     24.2984   
1.0050     13.8318   
12.2022    24.1849   
5.0003     20.5979   
17.1616    4.6614    

# Frame195

# x        y
1.1047     16.4176   
5.5516     24.2984   
1.0050     13.8330   
12.2022    24.1849   
4.9987     20.6062   
17.1589    4.6640    

# Frame196

# x        y
1.1002     16.4228   
5.5516     24.2984   
1.0050     13.8341   
12.2022    24.1849   
4.9972     20.6143   
17.1564    4.6665    

# Frame197

# x        y
1.0958     16.4279   
5.5516     24.2984   
1.0050     13.8352   
12.2022    24.1849   
4.9957     20.6223   
17.1538    4.6690    

# Frame198

# x        y
1.0914     16.4329   
5.5516     24.2984   
1.0050     13.8363   
12.2022    24.1849   
4.9942     20.6301   
17.1513    4.6714    

# Frame199

# x        y
1.0871     16.4379   
5.5516     24.2984   
1.0050     13.8373   
12.2022    24.1849   
4.9927     20.6379   
17.1489    4.6738    

# Frame200

# x        y
1.0829     16.4427   
5.5516     24.2984   
1.0050     13.8384   
12.2022    24.1849   
4.9913     20.6455   
17.1465    4.6761    

# Frame201

# x        y
1.0787     16.4475   
5.5516     24.2984   
1.0050     13.8394   
12.2022    24.1849   
4.9899     20.6529   
17.1441    4.6784    

# Frame202

# x        y
1.0746     16.4522   
5.5516     24.2984   
1.0050     13.8404   
12.2022    24.1849   
4.9885     20.6603   
17.1418    4.6807    

# Frame203

# x        y
1.0706     16.4568   
5.5516     24.2984   
1.0050     13.8414   
12.2022    24.1849   
4.9871     20.6675   
17.1395    4.6830    

# Frame204

# x        y
1.0666     16.4613   
5.5516     24.2984   
1.0050     13.8424   
12.2022    24.1849   
4.9858     20.6746   
17.1372    4.6851    

# Frame205

# x        y
1.0627     16.4657   
5.5516     24.2984   
1.0050     13.8434   
12.2022    24.1849   
4.9845     20.6816   
17.1350    4.6873    

# Frame206

# x        y
1.0589     16.4701   
5.5516     24.2984   
1.0050     13.8443   
12.2022    24.1849   
4.9832     20.6884   
17.1328    4.6894    

# Frame207

# x        y
1.0552     16.4744   
5.5516     24.2984   
1.0050     13.8453   
12.2022    24.1849   
4.9819     20.6952   
17.1307    4.6915    

# Frame208

# x        y
1.0515     16.4787   
5.5516     24.2984   
1.0050     13.8462   
12.2022    24.1849   
4.9806     20.7018   
17.1286    4.6936    

# Frame209

# x        y
1.0478     16.4828   
5.5516     24.2984   
1.0050     13.8471   
12.2022    24.1849   
4.9794     20.7083   
17.1265    4.6956    

# Frame210

# x        y
1.0443     16.4869   
5.5516     24.2984   
1.0050     13.8480   
12.2022    24.1849   
4.9782     20.7148   
17.1245    4.6976    

# Frame211

# x        y
1.0408     16.4909   
5.5516     24.2984   
1.0050     13.8488   
12.2022    24.1849   
4.9770     20.7211   
17.1225    4.6995    

# Frame212

# x        y
1.0373     16.4949   
5.5516     24.2984   
1.0050     13.8497   
12.2022    24.1849   
4.9758     20.7273   
17.1205    4.7015    

# Frame213

# x        y
1.0339     16.4988   
5.5516     24.2984   
1.0050     13.8505   
12.2022    24.1849   
4.9747     20.7334   
17.1185    4.7033    

# Frame214

# x        y
1.0306     16.5026   
5.5516     24.2984   
1.0050     13.8514   
12.2022    24.1849   
4.9735     20.7394   
17.1166    4.7052    

# Frame215

# x        y
1.0273     16.5064   
5.5516     24.2984   
1.0050     13.8522   
12.2022    24.1849   
4.9724     20.7453   
17.1148    4.7070    

# Frame216

# x        y
1.0240     16.5101   
5.5516     24.2984   
1.0050     13.8530   
12.2022    24.1849   
4.9713     20.7511   
17.1129    4.7088    

# Frame217

# x        y
1.0209     16.5137   
5.5516     24.2984   
1.0050     13.8538   
12.2022    24.1849   
4.9702     20.7568   
17.1111    4.7106    

# Frame218

# x        y
1.0177     16.5173   
5.5516     24.2984   
1.0050     13.8546   
12.2022    24.1849   
4.9692     20.7624   
17.1093    4.7123    

# Frame219

# x        y
1.0147     16.5208   
5.5516     24.2984   
1.0050     13.8553   
12.2022    24.1849   
4.9681     20.7679   
17.1076    4.7140    

# Frame220

# x        y
1.0116     16.5243   
5.5516     24.2984   
1.0050     13.8561   
12.2022    24.1849   
4.9671     20.7733   
17.1059    4.7157    

# Frame221

# x        y
1.0087     16.5277   
5.5516     24.2984   
1.0050     13.8568   
12.2022    24.1849   
4.9661     20.7787   
17.1042    4.7174    

# Frame222

# x        y
1.0087     16.5301   
5.5516     24.2984   
1.0050     13.8575   
12.2022    24.1849   
4.9651     20.7839   
17.1025    4.7190    

# Frame223

# x        y
1.0087     16.5324   
5.5516     24.2984   
1.0050     13.8582   
12.2022    24.1849   
4.9641     20.7891   
17.1009    4.7206    

# Frame224

# x        y
1.0087     16.5346   
5.5516     24.2984   
1.0050     13.8589   
12.2022    24.1849   
4.9632     20.7942   
17.0992    4.7221    

# Frame225

# x        y
1.0087     16.5369   
5.5516     24.2984   
1.0050     13.8596   
12.2022    24.1849   
4.9622     20.7991   
17.0977    4.7237    

# Frame226

# x        y
1.0087     16.5391   
5.5516     24.2984   
1.0050     13.8603   
12.2022    24.1849   
4.9613     20.8040   
17.0961    4.7252    

# Frame227

# x        y
1.0087     16.5412   
5.5516     24.2984   
1.0050     13.8610   
12.2022    24.1849   
4.9604     20.8089   
17.0946    4.7267    

# Frame228

# x        y
1.0087     16.5434   
5.5516     24.2984   
1.0050     13.8616   
12.2022    24.1849   
4.9595     20.8136   
17.0931    4.7282    

# Frame229

# x        y
1.0087     16.5454   
5.5516     24.2984   
1.0050     13.8623   
12.2022    24.1849   
4.9586     20.8183   
17.0916    4.7296    

# Frame230

# x        y
1.0087     16.5475   
5.5516     24.2984   
1.0050     13.8629   
12.2022    24.1849   
4.9578     20.8229   
17.0901    4.7310    

# Frame231

# x        y
1.0087     16.5495   
5.5516     24.2984   
1.0050     13.8635   
12.2022    24.1849   
4.9569     20.8274   
17.0887    4.7324    

# Frame232

# x        y
1.0087     16.5515   
5.5516     24.2984   
1.0050     13.8641   
12.2022    24.1849   
4.9561     20.8318   
17.0873    4.7338    

# Frame233

# x        y
1.0087     16.5535   
5.5516     24.2984   
1.0050     13.8647   
12.2022    24.1849   
4.9552     20.8362   
17.0859    4.7352    

# Frame234

# x        y
1.0087     16.5554   
5.5516     24.2984   
1.0050     13.8653   
12.2022    24.1849   
4.9544     20.8405   
17.0845    4.7365    

# Frame235

# x        y
1.0087     16.5573   
5.5516     24.2984   
1.0050     13.8659   
12.2022    24.1849   
4.9536     20.8447   
17.0832    4.7378    

# Frame236

# x        y
1.0087     16.5591   
5.5516     24.2984   
1.0050     13.8665   
12.2022    24.1849   
4.9528     20.8488   
17.0819    4.7391    

# Frame237

# x        y
1.0087     16.5609   
5.5516     24.2984   
1.0050     13.8671   
12.2022    24.1849   
4.9521     20.8529   
17.0806    4.7403    

# Frame238

# x        y
1.0087     16.5627   
5.5516     24.2984   
1.0050     13.8676   
12.2022    24.1849   
4.9513     20.8569   
17.0793    4.7416    

# Frame239

# x        y
1.0087     16.5645   
5.5516     24.2984   
1.0050     13.8682   
12.2022    24.1849   
4.9506     20.8608   
17.0781    4.7428    

# Frame240

# x        y
1.0087     16.5662   
5.5516     24.2984   
1.0050     13.8687   
12.2022    24.1849   
4.9498     20.8647   
17.0768    4.7440    

# Frame241

# x        y
1.0087     16.5679   
5.5516     24.2984   
1.0050     13.8692   
12.2022    24.1849   
4.9491     20.8685   
17.0756    4.7452    

# Frame242

# x        y
1.0087     16.5696   
5.5516     24.2984   
1.0050     13.8697   
12.2022    24.1849   
4.9484     20.8723   
17.0744    4.7463    

# Frame243

# x        y
1.0087     16.5713   
5.5516     24.2984   
1.0050     13.8702   
12.2022    24.1849   
4.9477     20.8760   
17.0733    4.7475    

# Frame244

# x        y
1.0087     16.5729   
5.5516     24.2984   
1.0050     13.8707   
12.2022    24.1849   
4.9470     20.8796   
17.0721    4.7486    

# Frame245

# x        y
1.0087     16.5745   
5.5516     24.2984   
1.0050     13.8712   
12.2022    24.1849   
4.9464     20.8832   
17.0710    4.7497    

# Frame246

# x        y
1.0087     16.5761   
5.5516     24.2984   
1.0050     13.8717   
12.2022    24.1849   
4.9457     20.8867   
17.0699    4.7508    

# Frame247

# x        y
1.0087     16.5776   
5.5516     24.2984   
1.0050     13.8722   
12.2022    24.1849   
4.9450     20.8901   
17.0688    4.7518    

# Frame248

# x        y
1.0087     16.5791   
5.5516     24.2984   
1.0050     13.8727   
12.2022    24.1849   
4.9444     20.8935   
17.0677    4.7529    

# Frame249

# x        y
1.0087     16.5806   
5.5516     24.2984   
1.0050     13.8731   
12.2022    24.1849   
4.9438     20.8968   
17.0666    4.7539    

# Frame250

# x        y
1.0087     16.5821   
5.5516     24.2984   
1.0050     13.8736   
12.2022    24.1849   
4.9432     20.9001   
17.0656    4.7549    

# Frame251

# x        y
1.0087     16.5835   
5.5516     24.2984   
1.0050     13.8740   
12.2022    24.1849   
4.9425     20.9033   
17.0646    4.7559    

# Frame252

# x        y
1.0087     16.5850   
5.5516     24.2984   
1.0050     13.8745   
12.2022    24.1849   
4.9419     20.9065   
17.0636    4.7569    

# Frame253

# x        y
1.0087     16.5863   
5.5516     24.2984   
1.0050     13.8749   
12.2022    24.1849   
4.9414     20.9096   
17.0626    4.7579    

# Frame254

# x        y
1.0087     16.5877   
5.5516     24.2984   
1.0050     13.8753   
12.2022    24.1849   
4.9408     20.9127   
17.0616    4.7588    

# Frame255

# x        y
1.0087     16.5891   
5.5516     24.2984   
1.0050     13.8757   
12.2022    24.1849   
4.9402     20.9157   
17.0607    4.7598    

# Frame256

# x        y
1.0087     16.5904   
5.5516     24.2984   
1.0050     13.8761   
12.2022    24.1849   
4.9396     20.9186   
17.0597    4.7607    

# Frame257

# x        y
1.0087     16.5917   
5.5516     24.2984   
1.0050     13.8765   
12.2022    24.1849   
4.9391     20.9216   
17.0588    4.7616    

# Frame258

# x        y
1.0087     16.5930   
5.5516     24.2984   
1.0050     13.8769   
12.2022    24.1849   
4.9386     20.9244   
17.0579    4.7625    

# Frame259

# x        y
1.0087     16.5942   
5.5516     24.2984   
1.0050     13.8773   
12.2022    24.1849   
4.9380     20.9272   
17.0570    4.7633    

# Frame260

# x        y
1.0087     16.5955   
5.5516     24.2984   
1.0050     13.8777   
12.2022    24.1849   
4.9375     20.9300   
17.0561    4.7642    

# Frame261

# x        y
1.0087     16.5967   
5.5516     24.2984   
1.0050     13.8781   
12.2022    24.1849   
4.9370     20.9327   
17.0552    4.7650    

# Frame262

# x        y
1.0087     16.5979   
5.5516     24.2984   
1.0050     13.8785   
12.2022    24.1849   
4.9365     20.9354   
17.0544    4.7659    

# Frame263

# x        y
1.0087     16.5991   
5.5516     24.2984   
1.0050     13.8788   
12.2022    24.1849   
4.9360     20.9380   
17.0536    4.7667    

# Frame264

# x        y
1.0087     16.6002   
5.5516     24.2984   
1.0050     13.8792   
12.2022    24.1849   
4.9355     20.9406   
17.0527    4.7675    

# Frame265

# x        y
1.0087     16.6014   
5.5516     24.2984   
1.0050     13.8795   
12.2022    24.1849   
4.9350     20.9432   
17.0519    4.7683    

# Frame266

# x        y
1.0087     16.6025   
5.5516     24.2984   
1.0050     13.8799   
12.2022    24.1849   
4.9345     20.9457   
17.0511    4.7690    

# Frame267

# x        y
1.0087     16.6036   
5.5516     24.2984   
1.0050     13.8802   
12.2022    24.1849   
4.9341     20.9481   
17.0503    4.7698    

# Frame268

# x        y
1.0087     16.6047   
5.5516     24.2984   
1.0050     13.8806   
12.2022    24.1849   
4.9336     20.9506   
17.0496    4.7706    

# Frame269

# x        y
1.0087     16.6058   
5.5516     24.2984   
1.0050     13.8809   
12.2022    24.1849   
4.9332     20.9529   
17.0488    4.7713    

# Frame270

# x        y
1.0087     16.6068   
5.5516     24.2984   
1.0050     13.8812   
12.2022    24.1849   
4.9327     20.9553   
17.0481    4.7720    

# Frame271

# x        y
1.0087     16.6078   
5.5516     24.2984   
1.0050     13.8815   
12.2022    24.1849   
4.9323     20.9576   
17.0473    4.7727    

# Frame272

# x        y
1.0087     16.6089   
5.5516     24.2984   
1.0050     13.8818   
12.2022    24.1849   
4.9319     20.9599   
17.0466    4.7734    

# Frame273

# x        y
1.0087     16.6099   
5.5516     24.2984   
1.0050     13.8822   
12.2022    24.1849   
4.9314     20.9621   
17.0459    4.7741    

# Frame274

# x        y
1.0087     16.6108   
5.5516     24.2984   
1.0050     13.8825   
12.2022    24.1849   
4.9310     20.9643   
17.0452    4.7748    

# Frame275

# x        y
1.0087     16.6118   
5.5516     24.2984   
1.0050     13.8828   
12.2022    24.1849   
4.9306     20.9664   
17.0445    4.7755    

# Frame276

# x        y
1.0087     16.6127   
5.5516     24.2984   
1.0050     13.8830   
12.2022    24.1849   
4.9302     20.9685   
17.0439    4.7761    

# Frame277

# x        y
1.0087     16.6137   
5.5516     24.2984   
1.0050     13.8833   
12.2022    24.1849   
4.9298     20.9706   
17.0432    4.7768    

# Frame278

# x        y
1.0087     16.6146   
5.5516     24.2984   
1.0050     13.8836   
12.2022    24.1849   
4.9294     20.9727   
17.0426    4.7774    

# Frame279

# x        y
1.0087     16.6155   
5.5516     24.2984   
1.0050     13.8839   
12.2022    24.1849   
4.9291     20.9747   
17.0419    4.7780    

# Frame280

# x        y
1.0087     16.6164   
5.5516     24.2984   
1.0050     13.8842   
12.2022    24.1849   
4.9287     20.9767   
17.0413    4.7786    

# Frame281

# x        y
1.0087     16.6173   
5.5516     24.2984   
1.0050     13.8844   
12.2022    24.1849   
4.9283     20.9786   
17.0407    4.7792    

# Frame282

# x        y
1.0087     16.6181   
5.5516     24.2984   
1.0050     13.8847   
12.2022    24.1849   
4.9280     20.9805   
17.0401    4.7798    

# Frame283

# x        y
1.0087     16.6190   
5.5516     24.2984   
1.0050     13.8850   
12.2022    24.1849   
4.9276     20.9824   
17.0395    4.7804    

# Frame284

# x        y
1.0087     16.6198   
5.5516     24.2984   
1.0050     13.8852   
12.2022    24.1849   
4.9272     20.9842   
17.0389    4.7810    

# Frame285

# x        y
1.0087     16.6206   
5.5516     24.2984   
1.0050     13.8855   
12.2022    24.1849   
4.9269     20.9861   
17.0383    4.7815    

# Frame286

# x        y
1.0087     16.6214   
5.5516     24.2984   
1.0050     13.8857   
12.2022    24.1849   
4.9266     20.9879   
17.0377    4.7821    

# Frame287

# x        y
1.0087     16.6222   
5.5516     24.2984   
1.0050     13.8860   
12.2022    24.1849   
4.9262     20.9896   
17.0372    4.7826    

# Frame288

# x        y
1.0087     16.6230   
5.5516     24.2984   
1.0050     13.8862   
12.2022    24.1849   
4.9259     20.9913   
17.0366    4.7832    

# Frame289

# x        y
1.0087     16.6237   
5.5516     24.2984   
1.0050     13.8864   
12.2022    24.1849   
4.9256     20.9930   
17.0361    4.7837    

# Frame290

# x        y
1.0087     16.6245   
5.5516     24.2984   
1.0050     13.8867   
12.2022    24.1849   
4.9253     20.9947   
17.0356    4.7842    

# Frame291

# x        y
1.0087     16.6252   
5.5516     24.2984   
1.0050     13.8869   
12.2022    24.1849   
4.9250     20.9964   
17.0350    4.7847    

# Frame292

# x        y
1.0087     16.6259   
5.5516     24.2984   
1.0050     13.8871   
12.2022    24.1849   
4.9246     20.9980   
17.0345    4.7852    

# Frame293

# x        y
1.0087     16.6266   
5.5516     24.2984   
1.0050     13.8873   
12.2022    24.1849   
4.9243     20.9996   
17.0340    4.7857    

# Frame294

# x        y
1.0087     16.6273   
5.5516     24.2984   
1.0050     13.8876   
12.2022    24.1849   
4.9241     21.0011   
17.0335    4.7862    

# Frame295

# x        y
1.0087     16.6280   
5.5516     24.2984   
1.0050     13.8878   
12.2022    24.1849   
4.9238     21.0027   
17.0330    4.7867    

# Frame296

# x        y
1.0087     16.6287   
5.5516     24.2984   
1.0050     13.8880   
12.2022    24.1849   
4.9235     21.0042   
17.0326    4.7871    

# Frame297

# x        y
1.0087     16.6294   
5.5516     24.2984   
1.0050     13.8882   
12.2022    24.1849   
4.9232     21.0057   
17.0321    4.7876    

# Frame298

# x        y
1.0087     16.6300   
5.5516     24.2984   
1.0050     13.8884   
12.2022    24.1849   
4.9229     21.0071   
17.0316    4.7881    

# Frame299

# x        y
1.0087     16.6307   
5.5516     24.2984   
1.0050     13.8886   
12.2022    24.1849   
4.9226     21.0086   
17.0312    4.7885    

# Frame300

# x        y
1.0087     16.6313   
5.5516     24.2984   
1.0050     13.8888   
12.2022    24.1849   
4.9224     21.0100   
17.0307    4.7889    

# Frame301

# x        y
1.0087     16.6319   
5.5516     24.2984   
1.0050     13.8890   
12.2022    24.1849   
4.9221     21.0114   
17.0303    4.7894    

# Frame302

# x        y
1.0087     16.6325   
5.5516     24.2984   
1.0050     13.8892   
12.2022    24.1849   
4.9219     21.0127   
17.0298    4.7898    

# Frame303

# x        y
1.0087     16.6332   
5.5516     24.2984   
1.0050     13.8893   
12.2022    24.1849   
4.9216     21.0141   
17.0294    4.7902    

# Frame304

# x        y
1.0087     16.6337   
5.5516     24.2984   
1.0050     13.8895   
12.2022    24.1849   
4.9214     21.0154   
17.0290    4.7906    

# Frame305

# x        y
1.0087     16.6343   
5.5516     24.2984   
1.0050     13.8897   
12.2022    24.1849   
4.9211     21.0167   
17.0286    4.7910    

# Frame306

# x        y
1.0087     16.6349   
5.5516     24.2984   
1.0050     13.8899   
12.2022    24.1849   
4.9209     21.0180   
17.0282    4.7914    

# Frame307

# x        y
1.0087     16.6355   
5.5516     24.2984   
1.0050     13.8901   
12.2022    24.1849   
4.9206     21.0192   
17.0278    4.7918    

# Frame308

# x        y
1.0087     16.6360   
5.5516     24.2984   
1.0050     13.8902   
12.2022    24.1849   
4.9204     21.0205   
17.0274    4.7922    

# Frame309

# x        y
1.0087     16.6366   
5.5516     24.2984   
1.0050     13.8904   
12.2022    24.1849   
4.9202     21.0217   
17.0270    4.7926    

# Frame310

# x        y
1.0087     16.6371   
5.5516     24.2984   
1.0050     13.8906   
12.2022    24.1849   
4.9199     21.0229   
17.0266    4.7929    

# Frame311

# x        y
1.0087     16.6376   
5.5516     24.2984   
1.0050     13.8907   
12.2022    24.1849   
4.9197     21.0241   
17.0262    4.7933    

# Frame312

# x        y
1.0087     16.6381   
5.5516     24.2984   
1.0050     13.8909   
12.2022    24.1849   
4.9195     21.0252   
17.0259    4.7937    

# Frame313

# x        y
1.0087     16.6386   
5.5516     24.2984   
1.0050     13.8910   
12.2022    24.1849   
4.9193     21.0264   
17.0255    4.7940    

# Frame314

# x        y
1.0087     16.6391   
5.5516     24.2984   
1.0050     13.8912   
12.2022    24.1849   
4.9191     21.0275   
17.0252    4.7944    

# Frame315

# x        y
1.0087     16.6396   
5.5516     24.2984   
1.0050     13.8913   
12.2022    24.1849   
4.9189     21.0286   
17.0248    4.7947    

# Frame316

# x        y
1.0087     16.6401   
5.5516     24.2984   
1.0050     13.8915   
12.2022    24.1849   
4.9187     21.0297   
17.0245    4.7950    

# Frame317

# x        y
1.0087     16.6406   
5.5516     24.2984   
1.0050     13.8916   
12.2022    24.1849   
4.9185     21.0307   
17.0241    4.7954    

# Frame318

# x        y
1.0087     16.6411   
5.5516     24.2984   
1.0050     13.8918   
12.2022    24.1849   
4.9183     21.0318   
17.0238    4.7957    

# Frame319

# x        y
1.0087     16.6415   
5.5516     24.2984   
1.0050     13.8919   
12.2022    24.1849   
4.9181     21.0328   
17.0235    4.7960    

# Frame320

# x        y
1.0087     16.6420   
5.5516     24.2984   
1.0050     13.8921   
12.2022    24.1849   
4.9179     21.0338   
17.0231    4.7963    

# Frame321

# x        y
1.0087     16.6424   
5.5516     24.2984   
1.0050     13.8922   
12.2022    24.1849   
4.9177     21.0348   
17.0228    4.7966    

# Frame322

# x        y
1.0087     16.6429   
5.5516     24.2984   
1.0050     13.8923   
12.2022    24.1849   
4.9175     21.0358   
17.0225    4.7969    

# Frame323

# x        y
1.0087     16.6433   
5.5516     24.2984   
1.0050     13.8925   
12.2022    24.1849   
4.9173     21.0367   
17.0222    4.7972    

# Frame324

# x        y
1.0087     16.6437   
5.5516     24.2984   
1.0050     13.8926   
12.2022    24.1849   
4.9171     21.0377   
17.0219    4.7975    

# Frame325

# x        y
1.0087     16.6441   
5.5516     24.2984   
1.0050     13.8927   
12.2022    24.1849   
4.9170     21.0386   
17.0216    4.7978    

# Frame326

# x        y
1.0087     16.6445   
5.5516     24.2984   
1.0050     13.8929   
12.2022    24.1849   
4.9168     21.0395   
17.0213    4.7981    

# Frame327

# x        y
1.0087     16.6449   
5.5516     24.2984   
1.0050     13.8930   
12.2022    24.1849   
4.9166     21.0404   
17.0210    4.7984    

# Frame328

# x        y
1.0087     16.6453   
5.5516     24.2984   
1.0050     13.8931   
12.2022    24.1849   
4.9165     21.0413   
17.0208    4.7986    

# Frame329

# x        y
1.0087     16.6457   
5.5516     24.2984   
1.0050     13.8932   
12.2022    24.1849   
4.9163     21.0422   
17.0205    4.7989    

# Frame330

# x        y
1.0087     16.6461   
5.5516     24.2984   
1.0050     13.8933   
12.2022    24.1849   
4.9161     21.0430   
17.0202    4.7992    

# Frame331

# x        y
1.0087     16.6465   
5.5516     24.2984   
1.0050     13.8935   
12.2022    24.1849   
4.9160     21.0439   
17.0200    4.7994    

# Frame332

# x        y
1.0087     16.6469   
5.5516     24.2984   
1.0050     13.8936   
12.2022    24.1849   
4.9158     21.0447   
17.0197    4.7997    

# Frame333

# x        y
1.0087     16.6472   
5.5516     24.2984   
1.0050     13.8937   
12.2022    24.1849   
4.9157     21.0455   
17.0194    4.7999    

# Frame334

# x        y
1.0087     16.6476   
5.5516     24.2984   
1.0050     13.8938   
12.2022    24.1849   
4.9155     21.0463   
17.0192    4.8002    

# Frame335

# x        y
1.0087     16.6479   
5.5516     24.2984   
1.0050     13.8939   
12.2022    24.1849   
4.9154     21.0471   
17.0189    4.8004    

# Frame336

# x        y
1.0087     16.6483   
5.5516     24.2984   
1.0050     13.8940   
12.2022    24.1849   
4.9152     21.0479   
17.0187    4.8007    

# Frame337

# x        y
1.0087     16.6486   
5.5516     24.2984   
1.0050     13.8941   
12.2022    24.1849   
4.9151     21.0486   
17.0184    4.8009    

# Frame338

# x        y
1.0087     16.6489   
5.5516     24.2984   
1.0050     13.8942   
12.2022    24.1849   
4.9149     21.0494   
17.0182    4.8011    

# Frame339

# x        y
1.0087     16.6493   
5.5516     24.2984   
1.0050     13.8943   
12.2022    24.1849   
4.9148     21.0501   
17.0180    4.8014    

# Frame340

# x        y
1.0087     16.6496   
5.5516     24.2984   
1.0050     13.8943   
12.2022    24.1849   
4.9147     21.0508   
17.0177    4.8016    

# Frame341

# x        y
1.0087     16.6499   
5.5516     24.2984   
1.0050     13.8943   
12.2022    24.1849   
4.9145     21.0515   
17.0175    4.8018    

# Frame342

# x        y
1.0087     16.6502   
5.5516     24.2984   
1.0050     13.8943   
12.2022    24.1849   
4.9144     21.0522   
17.0173    4.8020    

# Frame343

# x        y
1.0087     16.6505   
5.5516     24.2984   
1.0050     13.8943   
12.2022    24.1849   
4.9143     21.0529   
17.0171    4.8022    

# Frame344

# x        y
1.0087     16.6508   
5.5516     24.2984   
1.0050     13.8943   
12.2022    24.1849   
4.9141     21.0536   
17.0169    4.8024    

# Frame345

# x        y
1.0087     16.6511   
5.5516     24.2984   
1.0050     13.8943   
12.2022    24.1849   
4.9140     21.0543   
17.0167    4.8026    

# Frame346

# x        y
1.0087     16.6514   
5.5516     24.2984   
1.0050     13.8943   
12.2022    24.1849   
4.9139     21.0549   
17.0164    4.8028    

# Frame347

# x        y
1.0087     16.6517   
5.5516     24.2984   
1.0050     13.8943   
12.2022    24.1849   
4.9138     21.0556   
17.0162    4.8030    

# Frame348

# x        y
1.0087     16.6520   
5.5516     24.2984   
1.0050     13.8943   
12.2022    24.1849   
4.9136     21.0562   
17.0160    4.8032    

# Frame349

# x        y
1.0087     16.6523   
5.5516     24.2984   
1.0050     13.8943   
12.2022    24.1849   
4.9135     21.0568   
17.0158    4.8034    

# Frame350

# x        y
1.0087     16.6526   
5.5516     24.2984   
1.0050     13.8943   
12.2022    24.1849   
4.9134     21.0574   
17.0157    4.8036    

# Frame351

# x        y
1.0087     16.6528   
5.5516     24.2984   
1.0050     13.8943   
12.2022    24.1849   
4.9133     21.0580   
17.0155    4.8038    

# Frame352

# x        y
1.0087     16.6531   
5.5516     24.2984   
1.0050     13.8943   
12.2022    24.1849   
4.9132     21.0586   
17.0153    4.8040    

# Frame353

# x        y
1.0087     16.6533   
5.5516     24.2984   
1.0050     13.8943   
12.2022    24.1849   
4.9131     21.0592   
17.0151    4.8042    

# Frame354

# x        y
1.0087     16.6536   
5.5516     24.2984   
1.0050     13.8943   
12.2022    24.1849   
4.9130     21.0598   
17.0149    4.8043    

# Frame355

# x        y
1.0087     16.6539   
5.5516     24.2984   
1.0050     13.8943   
12.2022    24.1849   
4.9129     21.0603   
17.0147    4.8045    

# Frame356

# x        y
1.0087     16.6541   
5.5516     24.2984   
1.0050     13.8943   
12.2022    24.1849   
4.9128     21.0609   
17.0146    4.8047    

# Frame357

# x        y
1.0087     16.6543   
5.5516     24.2984   
1.0050     13.8943   
12.2022    24.1849   
4.9127     21.0614   
17.0144    4.8049    

# Frame358

# x        y
1.0087     16.6546   
5.5516     24.2984   
1.0050     13.8943   
12.2022    24.1849   
4.9126     21.0619   
17.0142    4.8050    

# Frame359

# x        y
1.0087     16.6548   
5.5516     24.2984   
1.0050     13.8943   
12.2022    24.1849   
4.9125     21.0625   
17.0140    4.8052    

# Frame360

# x        y
1.0087     16.6550   
5.5516     24.2984   
1.0050     13.8943   
12.2022    24.1849   
4.9124     21.0630   
17.0139    4.8053    

# Frame361

# x        y
1.0087     16.6553   
5.5516     24.2984   
1.0050     13.8943   
12.2022    24.1849   
4.9123     21.0635   
17.0137    4.8055    

# Frame362

# x        y
1.0087     16.6555   
5.5516     24.2984   
1.0050     13.8943   
12.2022    24.1849   
4.9122     21.0640   
17.0136    4.8057    

# Frame363

# x        y
1.0087     16.6557   
5.5516     24.2984   
1.0050     13.8943   
12.2022    24.1849   
4.9121     21.0645   
17.0134    4.8058    

# Frame364

# x        y
1.0087     16.6559   
5.5516     24.2984   
1.0050     13.8943   
12.2022    24.1849   
4.9120     21.0650   
17.0133    4.8060    

# Frame365

# x        y
1.0087     16.6561   
5.5516     24.2984   
1.0050     13.8943   
12.2022    24.1849   
4.9119     21.0654   
17.0131    4.8061    

# Frame366

# x        y
1.0087     16.6564   
5.5516     24.2984   
1.0050     13.8943   
12.2022    24.1849   
4.9118     21.0659   
17.0130    4.8062    

# Frame367

# x        y
1.0087     16.6566   
5.5516     24.2984   
1.0050     13.8943   
12.2022    24.1849   
4.9117     21.0664   
17.0128    4.8064    

# Frame368

# x        y
1.0087     16.6568   
5.5516     24.2984   
1.0050     13.8943   
12.2022    24.1849   
4.9116     21.0668   
17.0127    4.8065    

# Frame369

# x        y
1.0087     16.6570   
5.5516     24.2984   
1.0050     13.8943   
12.2022    24.1849   
4.9116     21.0673   
17.0125    4.8067    

# Frame370

# x        y
1.0087     16.6572   
5.5516     24.2984   
1.0050     13.8943   
12.2022    24.1849   
4.9115     21.0677   
17.0124    4.8068    

# Frame371

# x        y
1.0087     16.6573   
5.5516     24.2984   
1.0050     13.8943   
12.2022    24.1849   
4.9114     21.0681   
17.0123    4.8069    

# Frame372

# x        y
1.0087     16.6575   
5.5516     24.2984   
1.0050     13.8943   
12.2022    24.1849   
4.9113     21.0685   
17.0121    4.8071    

# Frame373

# x        y
1.0087     16.6577   
5.5516     24.2984   
1.0050     13.8943   
12.2022    24.1849   
4.9112     21.0690   
17.0120    4.8072    

# Frame374

# x        y
1.0087     16.6579   
5.5516     24.2984   
1.0050     13.8943   
12.2022    24.1849   
4.9112     21.0694   
17.0119    4.8073    

# Frame375

# x        y
1.0087     16.6581   
5.5516     24.2984   
1.0050     13.8943   
12.2022    24.1849   
4.9111     21.0698   
17.0117    4.8074    

# Frame376

# x        y
1.0087     16.6583   
5.5516     24.2984   
1.0050     13.8943   
12.2022    24.1849   
4.9110     21.0702   
17.0116    4.8076    

# Frame377

# x        y
1.0087     16.6584   
5.5516     24.2984   
1.0050     13.8943   
12.2022    24.1849   
4.9109     21.0705   
17.0115    4.8077    

# Frame378

# x        y
1.0087     16.6586   
5.5516     24.2984   
1.0050     13.8943   
12.2022    24.1849   
4.9109     21.0709   
17.0114    4.8078    

# Frame379

# x        y
1.0087     16.6588   
5.5516     24.2984   
1.0050     13.8943   
12.2022    24.1849   
4.9108     21.0713   
17.0112    4.8079    

# Frame380

# x        y
1.0087     16.6589   
5.5516     24.2984   
1.0050     13.8943   
12.2022    24.1849   
4.9107     21.0717   
17.0111    4.8080    

# Frame381

# x        y
1.0087     16.6591   
5.5516     24.2984   
1.0050     13.8943   
12.2022    24.1849   
4.9107     21.0720   
17.0110    4.8081    

# Frame382

# x        y
1.0087     16.6593   
5.5516     24.2984   
1.0050     13.8943   
12.2022    24.1849   
4.9106     21.0724   
17.0109    4.8083    

# Frame383

# x        y
1.0087     16.6594   
5.5516     24.2984   
1.0050     13.8943   
12.2022    24.1849   
4.9105     21.0727   
17.0108    4.8084    

# Frame384

# x        y
1.0087     16.6596   
5.5516     24.2984   
1.0050     13.8943   
12.2022    24.1849   
4.9105     21.0731   
17.0107    4.8085    

# Frame385

# x        y
1.0087     16.6597   
5.5516     24.2984   
1.0050     13.8943   
12.2022    24.1849   
4.9104     21.0734   
17.0106    4.8086    

# Frame386

# x        y
1.0087     16.6599   
5.5516     24.2984   
1.0050     13.8943   
12.2022    24.1849   
4.9103     21.0738   
17.0105    4.8087    

# Frame387

# x        y
1.0087     16.6600   
5.5516     24.2984   
1.0050     13.8943   
12.2022    24.1849   
4.9103     21.0741   
17.0104    4.8088    

# Frame388

# x        y
1.0087     16.6602   
5.5516     24.2984   
1.0050     13.8943   
12.2022    24.1849   
4.9102     21.0744   
17.0103    4.8089    

# Frame389

# x        y
1.0087     16.6603   
5.5516     24.2984   
1.0050     13.8943   
12.2022    24.1849   
4.9101     21.0747   
17.0102    4.8090    

# Frame390

# x        y
1.0087     16.6604   
5.5516     24.2984   
1.0050     13.8943   
12.2022    24.1849   
4.9101     21.0750   
17.0101    4.8091    

# Frame391

# x        y
1.0087     16.6606   
5.5516     24.2984   
1.0050     13.8943   
12.2022    24.1849   
4.9100     21.0753   
17.0100    4.8092    

# Frame392

# x        y
1.0087     16.6607   
5.5516     24.2984   
1.0050     13.8943   
12.2022    24.1849   
4.9100     21.0756   
17.0099    4.8093    

# Frame393

# x        y
1.0087     16.6609   
5.5516     24.2984   
1.0050     13.8943   
12.2022    24.1849   
4.9099     21.0759   
17.0098    4.8094    

# Frame394

# x        y
1.0087     16.6610   
5.5516     24.2984   
1.0050     13.8943   
12.2022    24.1849   
4.9099     21.0762   
17.0097    4.8094    

# Frame395

# x        y
1.0087     16.6611   
5.5516     24.2984   
1.0050     13.8943   
12.2022    24.1849   
4.9098     21.0765   
17.0096    4.8095    

# Frame396

# x        y
1.0087     16.6612   
5.5516     24.2984   
1.0050     13.8943   
12.2022    24.1849   
4.9098     21.0768   
17.0095    4.8096    

# Frame397

# x        y
1.0087     16.6614   
5.5516     24.2984   
1.0050     13.8943   
12.2022    24.1849   
4.9097     21.0771   
17.0094    4.8097    

# Frame398

# x        y
1.0087     16.6615   
5.5516     24.2984   
1.0050     13.8943   
12.2022    24.1849   
4.9096     21.0774   
17.0093    4.8098    

# Frame399

# x        y
1.0087     16.6616   
5.5516     24.2984   
1.0050     13.8943   
12.2022    24.1849   
4.9096     21.0776   
17.0092    4.8099    

# Frame400

# x        y
1.0087     16.6617   
5.5516     24.2984   
1.0050     13.8943   
12.2022    24.1849   
4.9095     21.0779   
17.0092    4.8100    

# Frame401

# x        y
1.0087     16.6618   
5.5516     24.2984   
1.0050     13.8943   
12.2022    24.1849   
4.9095     21.0781   
17.0091    4.8100    

# Frame402

# x        y
1.0087     16.6620   
5.5516     24.2984   
1.0050     13.8943   
12.2022    24.1849   
4.9094     21.0784   
17.0090    4.8101    

# Frame403

# x        y
1.0087     16.6621   
5.5516     24.2984   
1.0050     13.8943   
12.2022    24.1849   
4.9094     21.0786   
17.0089    4.8102    

# Frame404

# x        y
1.0087     16.6622   
5.5516     24.2984   
1.0050     13.8943   
12.2022    24.1849   
4.9094     21.0789   
17.0088    4.8103    

# Frame405

# x        y
1.0087     16.6623   
5.5516     24.2984   
1.0050     13.8943   
12.2022    24.1849   
4.9093     21.0791   
17.0088    4.8103    

# Frame406

# x        y
1.0087     16.6624   
5.5516     24.2984   
1.0050     13.8943   
12.2022    24.1849   
4.9093     21.0794   
17.0087    4.8104    

# Frame407

# x        y
1.0087     16.6625   
5.5516     24.2984   
1.0050     13.8943   
12.2022    24.1849   
4.9092     21.0796   
17.0086    4.8105    

# Frame408

# x        y
1.0087     16.6626   
5.5516     24.2984   
1.0050     13.8943   
12.2022    24.1849   
4.9092     21.0798   
17.0085    4.8106    

# Frame409

# x        y
1.0087     16.6627   
5.5516     24.2984   
1.0050     13.8943   
12.2022    24.1849   
4.9091     21.0801   
17.0085    4.8106    

# Frame410

# x        y
1.0087     16.6627   
5.5516     24.2984   
1.0050     13.8943   
12.2022    24.1849   
4.9091     21.0803   
17.0085    4.8106    

# Frame411

# x        y
1.0087     16.6627   
5.5516     24.2984   
1.0050     13.8943   
12.2022    24.1849   
4.9091     21.0805   
17.0085    4.8106    

# Frame412

# x        y
1.0087     16.6627   
5.5516     24.2984   
1.0050     13.8943   
12.2022    24.1849   
4.9090     21.0807   
17.0085    4.8106    

# Frame413

# x        y
1.0087     16.6627   
5.5516     24.2984   
1.0050     13.8943   
12.2022    24.1849   
4.9090     21.0809   
17.0085    4.8106    

# Frame414

# x        y
1.0087     16.6627   
5.5516     24.2984   
1.0050     13.8943   
12.2022    24.1849   
4.9089     21.0811   
17.0085    4.8106    

# Frame415

# x        y
1.0087     16.6627   
5.5516     24.2984   
1.0050     13.8943   
12.2022    24.1849   
4.9089     21.0813   
17.0085    4.8106    

# Frame416

# x        y
1.0087     16.6627   
5.5516     24.2984   
1.0050     13.8943   
12.2022    24.1849   
4.9089     21.0816   
17.0085    4.8106    

# Frame417

# x        y
1.0087     16.6627   
5.5516     24.2984   
1.0050     13.8943   
12.2022    24.1849   
4.9088     21.0817   
17.0085    4.8106    

# Frame418

# x        y
1.0087     16.6627   
5.5516     24.2984   
1.0050     13.8943   
12.2022    24.1849   
4.9088     21.0819   
17.0085    4.8106    

# Frame419

# x        y
1.0087     16.6627   
5.5516     24.2984   
1.0050     13.8943   
12.2022    24.1849   
4.9087     21.0821   
17.0085    4.8106    

# Frame420

# x        y
1.0087     16.6627   
5.5516     24.2984   
1.0050     13.8943   
12.2022    24.1849   
4.9087     21.0823   
17.0085    4.8106    

# Frame421

# x        y
1.0087     16.6627   
5.5516     24.2984   
1.0050     13.8943   
12.2022    24.1849   
4.9087     21.0825   
17.0085    4.8106    

# Frame422

# x        y
1.0087     16.6627   
5.5516     24.2984   
1.0050     13.8943   
12.2022    24.1849   
4.9086     21.0827   
17.0085    4.8106    

# Frame423

# x        y
1.0087     16.6627   
5.5516     24.2984   
1.0050     13.8943   
12.2022    24.1849   
4.9086     21.0829   
17.0085    4.8106    

# Frame424

# x        y
1.0087     16.6627   
5.5516     24.2984   
1.0050     13.8943   
12.2022    24.1849   
4.9086     21.0830   
17.0085    4.8106    

# Frame425

# x        y
1.0087     16.6627   
5.5516     24.2984   
1.0050     13.8943   
12.2022    24.1849   
4.9085     21.0832   
17.0085    4.8106    

# Frame426

# x        y
1.0087     16.6627   
5.5516     24.2984   
1.0050     13.8943   
12.2022    24.1849   
4.9085     21.0834   
17.0085    4.8106    

# Frame427

# x        y
1.0087     16.6627   
5.5516     24.2984   
1.0050     13.8943   
12.2022    24.1849   
4.9085     21.0836   
17.0085    4.8106    

# Frame428

# x        y
1.0087     16.6627   
5.5516     24.2984   
1.0050     13.8943   
12.2022    24.1849   
4.9084     21.0837   
17.0085    4.8106    

# Frame429

# x        y
1.0087     16.6627   
5.5516     24.2984   
1.0050     13.8943   
12.2022    24.1849   
4.9084     21.0839   
17.0085    4.8106    

# Frame430

# x        y
1.0087     16.6627   
5.5516     24.2984   
1.0050     13.8943   
12.2022    24.1849   
4.9084     21.0840   
17.0085    4.8106    

# Frame431

# x        y
1.0087     16.6627   
5.5516     24.2984   
1.0050     13.8943   
12.2022    24.1849   
4.9084     21.0842   
17.0085    4.8106    

# Frame432

# x        y
1.0087     16.6627   
5.5516     24.2984   
1.0050     13.8943   
12.2022    24.1849   
4.9083     21.0844   
17.0085    4.8106    

# Frame433

# x        y
1.0087     16.6627   
5.5516     24.2984   
1.0050     13.8943   
12.2022    24.1849   
4.9083     21.0845   
17.0085    4.8106    

# Frame434

# x        y
1.0087     16.6627   
5.5516     24.2984   
1.0050     13.8943   
12.2022    24.1849   
4.9083     21.0847   
17.0085    4.8106    

# Frame435

# x        y
1.0087     16.6627   
5.5516     24.2984   
1.0050     13.8943   
12.2022    24.1849   
4.9082     21.0848   
17.0085    4.8106    

# Frame436

# x        y
1.0087     16.6627   
5.5516     24.2984   
1.0050     13.8943   
12.2022    24.1849   
4.9082     21.0849   
17.0085    4.8106    

# Frame437

# x        y
1.0087     16.6627   
5.5516     24.2984   
1.0050     13.8943   
12.2022    24.1849   
4.9082     21.0851   
17.0085    4.8106    

# Frame438

# x        y
1.0087     16.6627   
5.5516     24.2984   
1.0050     13.8943   
12.2022    24.1849   
4.9082     21.0852   
17.0085    4.8106    

# Frame439

# x        y
1.0087     16.6627   
5.5516     24.2984   
1.0050     13.8943   
12.2022    24.1849   
4.9081     21.0854   
17.0085    4.8106    

# Frame440

# x        y
1.0087     16.6627   
5.5516     24.2984   
1.0050     13.8943   
12.2022    24.1849   
4.9081     21.0855   
17.0085    4.8106    

# Frame441

# x        y
1.0087     16.6627   
5.5516     24.2984   
1.0050     13.8943   
12.2022    24.1849   
4.9081     21.0856   
17.0085    4.8106    

# Frame442

# x        y
1.0087     16.6627   
5.5516     24.2984   
1.0050     13.8943   
12.2022    24.1849   
4.9081     21.0858   
17.0085    4.8106    

# Frame443

# x        y
1.0087     16.6627   
5.5516     24.2984   
1.0050     13.8943   
12.2022    24.1849   
4.9080     21.0859   
17.0085    4.8106    

# Frame444

# x        y
1.0087     16.6627   
5.5516     24.2984   
1.0050     13.8943   
12.2022    24.1849   
4.9080     21.0860   
17.0085    4.8106    

# Frame445

# x        y
1.0087     16.6627   
5.5516     24.2984   
1.0050     13.8943   
12.2022    24.1849   
4.9080     21.0861   
17.0085    4.8106    

# Frame446

# x        y
1.0087     16.6627   
5.5516     24.2984   
1.0050     13.8943   
12.2022    24.1849   
4.9080     21.0863   
17.0085    4.8106    

# Frame447

# x        y
1.0087     16.6627   
5.5516     24.2984   
1.0050     13.8943   
12.2022    24.1849   
4.9079     21.0864   
17.0085    4.8106    

# Frame448

# x        y
1.0087     16.6627   
5.5516     24.2984   
1.0050     13.8943   
12.2022    24.1849   
4.9079     21.0865   
17.0085    4.8106    

# Frame449

# x        y
1.0087     16.6627   
5.5516     24.2984   
1.0050     13.8943   
12.2022    24.1849   
4.9079     21.0866   
17.0085    4.8106    

# Frame450

# x        y
1.0087     16.6627   
5.5516     24.2984   
1.0050     13.8943   
12.2022    24.1849   
4.9079     21.0867   
17.0085    4.8106    

# Frame451

# x        y
1.0087     16.6627   
5.5516     24.2984   
1.0050     13.8943   
12.2022    24.1849   
4.9079     21.0868   
17.0085    4.8106    

# Frame452

# x        y
1.0087     16.6627   
5.5516     24.2984   
1.0050     13.8943   
12.2022    24.1849   
4.9078     21.0869   
17.0085    4.8106    

# Frame453

# x        y
1.0087     16.6627   
5.5516     24.2984   
1.0050     13.8943   
12.2022    24.1849   
4.9078     21.0871   
17.0085    4.8106    

# Frame454

# x        y
1.0087     16.6627   
5.5516     24.2984   
1.0050     13.8943   
12.2022    24.1849   
4.9078     21.0872   
17.0085    4.8106    

# Frame455

# x        y
1.0087     16.6627   
5.5516     24.2984   
1.0050     13.8943   
12.2022    24.1849   
4.9078     21.0873   
17.0085    4.8106    

# Frame456

# x        y
1.0087     16.6627   
5.5516     24.2984   
1.0050     13.8943   
12.2022    24.1849   
4.9078     21.0874   
17.0085    4.8106    

# Frame457

# x        y
1.0087     16.6627   
5.5516     24.2984   
1.0050     13.8943   
12.2022    24.1849   
4.9077     21.0875   
17.0085    4.8106    

# Frame458

# x        y
1.0087     16.6627   
5.5516     24.2984   
1.0050     13.8943   
12.2022    24.1849   
4.9077     21.0876   
17.0085    4.8106    

# Frame459

