# x        y
7.0819     31.8609   
1.0044     31.1175   
9.1477     32.4628   
1.3852     35.9236   
6.5820     15.4606   
6.1065     6.0621    

# Frame1

# x        y
7.1683     33.4935   
1.0045     31.1175   
9.5604     32.7669   
1.3852     35.9236   
6.5820     15.4606   
6.1065     6.0621    

# Frame2

# x        y
7.1641     35.0299   
1.0046     31.1175   
10.0554    33.1349   
1.3852     35.9236   
6.5820     15.4606   
6.1065     6.0621    

# Frame3

# x        y
7.1599     36.5407   
1.0047     31.1175   
10.5422    33.4968   
1.3852     35.9236   
6.5820     15.4606   
6.1065     6.0621    

# Frame4

# x        y
7.1558     38.0264   
1.0048     31.1175   
11.0209    33.8527   
1.3852     35.9236   
6.5820     15.4606   
6.1065     6.0621    

# Frame5

# x        y
7.0924     38.7540   
1.0048     31.1175   
11.4916    34.2026   
1.3852     35.9236   
6.5820     15.4606   
6.1065     6.0621    

# Frame6

# x        y
6.9117     38.0358   
1.0049     31.1175   
11.9545    34.5467   
1.3852     35.9236   
6.5820     15.4606   
6.1065     6.0621    

# Frame7

# x        y
6.7339     37.3295   
1.0049     31.1175   
12.4096    34.8851   
1.3852     35.9236   
6.5820     15.4606   
6.1065     6.0621    

# Frame8

# x        y
6.5592     36.6350   
1.0049     31.1175   
12.8572    35.2178   
1.3852     35.9236   
6.5820     15.4606   
6.1065     6.0621    

# Frame9

# x        y
6.3873     35.9520   
1.0049     31.1175   
13.2973    35.5450   
1.3852     35.9236   
6.5820     15.4606   
6.1065     6.0621    

# Frame10

# x        y
6.2183     35.2805   
1.0049     31.1175   
13.7300    35.8667   
1.3852     35.9236   
6.5820     15.4606   
6.1065     6.0621    

# Frame11

# x        y
6.0521     34.6201   
1.0050     31.1175   
14.1556    36.1831   
1.3852     35.9236   
6.5820     15.4606   
6.1065     6.0621    

# Frame12

# x        y
5.8887     33.9708   
1.0050     31.1175   
14.5740    36.4942   
1.3852     35.9236   
6.5820     15.4606   
6.1065     6.0621    

# Frame13

# x        y
5.7280     33.3322   
1.0050     31.1175   
14.9855    36.8001   
1.3852     35.9236   
6.5820     15.4606   
6.1065     6.0621    

# Frame14

# x        y
5.5700     32.7043   
1.0050     31.1175   
15.3901    37.1009   
1.3852     35.9236   
6.5820     15.4606   
6.1065     6.0621    

# Frame15

# x        y
5.4146     32.0869   
1.0050     31.1175   
15.7880    37.3967   
1.3852     35.9236   
6.5820     15.4606   
6.1065     6.0621    

# Frame16

# x        y
5.2618     31.4798   
1.0050     31.1175   
16.1793    37.6875   
1.3852     35.9236   
6.5820     15.4606   
6.1065     6.0621    

# Frame17

# x        y
5.1116     30.8827   
1.0050     31.1175   
16.5640    37.9736   
1.3852     35.9236   
6.5820     15.4606   
6.1065     6.0621    

# Frame18

# x        y
4.9638     30.2957   
1.0050     31.1175   
16.9423    38.2548   
1.3852     35.9236   
6.5820     15.4606   
6.1065     6.0621    

# Frame19

# x        y
4.8186     29.7184   
1.0050     31.1175   
17.3143    38.5314   
1.3852     35.9236   
6.5820     15.4606   
6.1065     6.0621    

# Frame20

# x        y
4.6757     29.1507   
1.0050     31.1175   
17.6801    38.8033   
1.3852     35.9236   
6.5820     15.4606   
6.1065     6.0621    

# Frame21

# x        y
4.5352     28.5925   
1.0050     31.1175   
17.9844    38.9623   
1.3852     35.9236   
6.5820     15.4606   
6.1065     6.0621    

# Frame22

# x        y
4.3971     28.0436   
1.0050     31.1175   
18.1163    38.8308   
1.3852     35.9236   
6.5820     15.4606   
6.1065     6.0621    

# Frame23

# x        y
4.2613     27.5039   
1.0050     31.1175   
18.2459    38.7015   
1.3852     35.9236   
6.5820     15.4606   
6.1065     6.0621    

# Frame24

# x        y
4.1277     26.9731   
1.0050     31.1175   
18.3734    38.5744   
1.3852     35.9236   
6.5820     15.4606   
6.1065     6.0621    

# Frame25

# x        y
3.9964     26.4512   
1.0050     31.1175   
18.4988    38.4494   
1.3852     35.9236   
6.5820     15.4606   
6.1065     6.0621    

# Frame26

# x        y
3.8672     25.9380   
1.0050     31.1175   
18.6221    38.3264   
1.3852     35.9236   
6.5820     15.4606   
6.1065     6.0621    

# Frame27

# x        y
3.7402     25.4333   
1.0050     31.1175   
18.7433    38.2055   
1.3852     35.9236   
6.5820     15.4606   
6.1065     6.0621    

# Frame28

# x        y
3.6153     24.9371   
1.0050     31.1175   
18.8625    38.0867   
1.3852     35.9236   
6.5820     15.4606   
6.1065     6.0621    

# Frame29

# x        y
3.4925     24.4491   
1.0050     31.1175   
18.9798    37.9698   
1.3852     35.9236   
6.5820     15.4606   
6.1065     6.0621    

# Frame30

# x        y
3.3718     23.9693   
1.0050     31.1175   
18.9506    37.8591   
1.3852     35.9236   
6.5820     15.4606   
6.1065     6.0621    

# Frame31

# x        y
3.2530     23.4974   
1.0050     31.1175   
18.8939    37.7513   
1.3852     35.9236   
6.5820     15.4606   
6.1065     6.0621    

# Frame32

# x        y
3.1363     23.0334   
1.0050     31.1175   
18.8382    37.6454   
1.3852     35.9236   
6.5820     15.4606   
6.1065     6.0621    

# Frame33

# x        y
3.0214     22.5772   
1.0050     31.1175   
18.7834    37.5413   
1.3852     35.9236   
6.5820     15.4606   
6.1065     6.0621    

# Frame34

# x        y
2.9085     22.1286   
1.0050     31.1175   
18.7295    37.4388   
1.3852     35.9236   
6.5820     15.4606   
6.1065     6.0621    

# Frame35

# x        y
2.7975     21.6874   
1.0050     31.1175   
18.6765    37.3381   
1.3852     35.9236   
6.5820     15.4606   
6.1065     6.0621    

# Frame36

# x        y
2.6883     21.2536   
1.0050     31.1175   
18.6244    37.2391   
1.3852     35.9236   
6.5820     15.4606   
6.1065     6.0621    

# Frame37

# x        y
2.5810     20.8270   
1.0050     31.1175   
18.5732    37.1417   
1.3852     35.9236   
6.5820     15.4606   
6.1065     6.0621    

# Frame38

# x        y
2.4754     20.4075   
1.0050     31.1175   
18.5228    37.0459   
1.3852     35.9236   
6.5820     15.4606   
6.1065     6.0621    

# Frame39

# x        y
2.3716     19.9950   
1.0050     31.1175   
18.4733    36.9518   
1.3852     35.9236   
6.5820     15.4606   
6.1065     6.0621    

# Frame40

# x        y
2.2695     19.5894   
1.0050     31.1175   
18.4245    36.8592   
1.3852     35.9236   
6.5820     15.4606   
6.1065     6.0621    

# Frame41

# x        y
2.1692     19.1906   
1.0050     31.1175   
18.3766    36.7681   
1.3852     35.9236   
6.5820     15.4606   
6.1065     6.0621    

# Frame42

# x        y
2.0705     18.7984   
1.0050     31.1175   
18.3295    36.6786   
1.3852     35.9236   
6.5820     15.4606   
6.1065     6.0621    

# Frame43

# x        y
1.9734     18.4127   
1.0050     31.1175   
18.2832    36.5905   
1.3852     35.9236   
6.5820     15.4606   
6.1065     6.0621    

# Frame44

# x        y
1.8780     18.0335   
1.0050     31.1175   
18.2376    36.5040   
1.3852     35.9236   
6.5820     15.4606   
6.1065     6.0621    

# Frame45

# x        y
1.7841     17.6606   
1.0050     31.1175   
18.1928    36.4188   
1.3852     35.9236   
6.5820     15.4606   
6.1065     6.0621    

# Frame46

# x        y
1.6919     17.2939   
1.0050     31.1175   
18.1488    36.3351   
1.3852     35.9236   
6.5820     15.4606   
6.1065     6.0621    

# Frame47

# x        y
1.6011     16.9333   
1.0050     31.1175   
18.1055    36.2528   
1.3852     35.9236   
6.5820     15.4606   
6.1065     6.0621    

# Frame48

# x        y
1.5119     16.5787   
1.0050     31.1175   
18.0629    36.1719   
1.3852     35.9236   
6.5820     15.4606   
6.1065     6.0621    

# Frame49

# x        y
1.4241     16.2300   
1.0050     31.1175   
18.0210    36.0923   
1.3852     35.9236   
6.5820     15.4606   
6.1065     6.0621    

# Frame50

# x        y
1.3379     15.8872   
1.0050     31.1175   
17.9798    36.0140   
1.3852     35.9236   
6.5820     15.4606   
6.1065     6.0621    

# Frame51

# x        y
1.2530     15.5500   
1.0050     31.1175   
17.9393    35.9370   
1.3852     35.9236   
6.5820     15.4606   
6.1065     6.0621    

# Frame52

# x        y
1.1696     15.2185   
1.0050     31.1175   
17.8995    35.8613   
1.3852     35.9236   
6.5820     15.4606   
6.1065     6.0621    

# Frame53

# x        y
1.0875     14.8925   
1.0050     31.1175   
17.8604    35.7869   
1.3852     35.9236   
6.5820     15.4606   
6.1065     6.0621    

# Frame54

# x        y
1.0069     14.5719   
1.0050     31.1175   
17.8219    35.7137   
1.3852     35.9236   
6.5820     15.4606   
6.1065     6.0621    

# Frame55

# x        y
1.0465     14.3507   
1.0050     31.1175   
17.7840    35.6418   
1.3852     35.9236   
6.5820     15.4606   
6.1065     6.0621    

# Frame56

# x        y
1.0855     14.1332   
1.0050     31.1175   
17.7468    35.5710   
1.3852     35.9236   
6.5820     15.4606   
6.1065     6.0621    

# Frame57

# x        y
1.1239     13.9193   
1.0050     31.1175   
17.7102    35.5014   
1.3852     35.9236   
6.5820     15.4606   
6.1065     6.0621    

# Frame58

# x        y
1.1616     13.7090   
1.0050     31.1175   
17.6742    35.4330   
1.3852     35.9236   
6.5820     15.4606   
6.1065     6.0621    

# Frame59

# x        y
1.1987     13.5021   
1.0050     31.1175   
17.6388    35.3657   
1.3852     35.9236   
6.5820     15.4606   
6.1065     6.0621    

# Frame60

# x        y
1.2352     13.2987   
1.0050     31.1175   
17.6039    35.2996   
1.3852     35.9236   
6.5820     15.4606   
6.1065     6.0621    

# Frame61

# x        y
1.2710     13.0988   
1.0050     31.1175   
17.5697    35.2345   
1.3852     35.9236   
6.5820     15.4606   
6.1065     6.0621    

# Frame62

# x        y
1.3063     12.9021   
1.0050     31.1175   
17.5361    35.1705   
1.3852     35.9236   
6.5820     15.4606   
6.1065     6.0621    

# Frame63

# x        y
1.3409     12.7087   
1.0050     31.1175   
17.5030    35.1076   
1.3852     35.9236   
6.5820     15.4606   
6.1065     6.0621    

# Frame64

# x        y
1.3750     12.5186   
1.0050     31.1175   
17.4704    35.0458   
1.3852     35.9236   
6.5820     15.4606   
6.1065     6.0621    

# Frame65

# x        y
1.4086     12.3316   
1.0050     31.1175   
17.4384    34.9849   
1.3852     35.9236   
6.5820     15.4606   
6.1065     6.0621    

# Frame66

# x        y
1.4415     12.1477   
1.0050     31.1175   
17.4069    34.9251   
1.3852     35.9236   
6.5820     15.4606   
6.1065     6.0621    

# Frame67

# x        y
1.4740     11.9669   
1.0050     31.1175   
17.3760    34.8663   
1.3852     35.9236   
6.5820     15.4606   
6.1065     6.0621    

# Frame68

# x        y
1.5058     11.7891   
1.0050     31.1175   
17.3456    34.8085   
1.3852     35.9236   
6.5820     15.4606   
6.1065     6.0621    

# Frame69

# x        y
1.5372     11.6143   
1.0050     31.1175   
17.3156    34.7516   
1.3852     35.9236   
6.5820     15.4606   
6.1065     6.0621    

# Frame70

# x        y
1.5680     11.4423   
1.0050     31.1175   
17.2862    34.6957   
1.3852     35.9236   
6.5820     15.4606   
6.1065     6.0621    

# Frame71

# x        y
1.5983     11.2733   
1.0050     31.1175   
17.2573    34.6407   
1.3852     35.9236   
6.5820     15.4606   
6.1065     6.0621    

# Frame72

# x        y
1.6281     11.1070   
1.0050     31.1175   
17.2288    34.5866   
1.3852     35.9236   
6.5820     15.4606   
6.1065     6.0621    

# Frame73

# x        y
1.6574     10.9436   
1.0050     31.1175   
17.2008    34.5334   
1.3852     35.9236   
6.5820     15.4606   
6.1065     6.0621    

# Frame74

# x        y
1.6863     10.7828   
1.0050     31.1175   
17.1733    34.4811   
1.3852     35.9236   
6.5820     15.4606   
6.1065     6.0621    

# Frame75

# x        y
1.7146     10.6248   
1.0050     31.1175   
17.1463    34.4297   
1.3852     35.9236   
6.5820     15.4606   
6.1065     6.0621    

# Frame76

# x        y
1.7425     10.4694   
1.0050     31.1175   
17.1197    34.3791   
1.3852     35.9236   
6.5820     15.4606   
6.1065     6.0621    

# Frame77

# x        y
1.7699     10.3165   
1.0050     31.1175   
17.0935    34.3294   
1.3852     35.9236   
6.5820     15.4606   
6.1065     6.0621    

# Frame78

# x        y
1.7968     10.1662   
1.0050     31.1175   
17.0678    34.2805   
1.3852     35.9236   
6.5820     15.4606   
6.1065     6.0621    

# Frame79

# x        y
1.8233     10.0184   
1.0050     31.1175   
17.0425    34.2325   
1.3852     35.9236   
6.5820     15.4606   
6.1065     6.0621    

# Frame80

# x        y
1.8494     9.8731    
1.0050     31.1175   
17.0176    34.1852   
1.3852     35.9236   
6.5820     15.4606   
6.1065     6.0621    

# Frame81

# x        y
1.8750     9.7302    
1.0050     31.1175   
16.9932    34.1387   
1.3852     35.9236   
6.5820     15.4606   
6.1065     6.0621    

# Frame82

# x        y
1.9002     9.5897    
1.0050     31.1175   
16.9691    34.0930   
1.3852     35.9236   
6.5820     15.4606   
6.1065     6.0621    

# Frame83

# x        y
1.9250     9.4515    
1.0050     31.1175   
16.9455    34.0480   
1.3852     35.9236   
6.5820     15.4606   
6.1065     6.0621    

# Frame84

# x        y
1.9493     9.3157    
1.0050     31.1175   
16.9222    34.0038   
1.3852     35.9236   
6.5820     15.4606   
6.1065     6.0621    

# Frame85

# x        y
1.9733     9.1820    
1.0050     31.1175   
16.8993    33.9604   
1.3852     35.9236   
6.5820     15.4606   
6.1065     6.0621    

# Frame86

# x        y
1.9968     9.0507    
1.0050     31.1175   
16.8768    33.9176   
1.3852     35.9236   
6.5820     15.4606   
6.1065     6.0621    

# Frame87

# x        y
2.0200     8.9215    
1.0050     31.1175   
16.8547    33.8756   
1.3852     35.9236   
6.5820     15.4606   
6.1065     6.0621    

# Frame88

# x        y
2.0428     8.7944    
1.0050     31.1175   
16.8330    33.8343   
1.3852     35.9236   
6.5820     15.4606   
6.1065     6.0621    

# Frame89

# x        y
2.0652     8.6695    
1.0050     31.1175   
16.8116    33.7936   
1.3852     35.9236   
6.5820     15.4606   
6.1065     6.0621    

# Frame90

# x        y
2.0872     8.5467    
1.0050     31.1175   
16.7906    33.7537   
1.3852     35.9236   
6.5820     15.4606   
6.1065     6.0621    

# Frame91

# x        y
2.1089     8.4259    
1.0050     31.1175   
16.7699    33.7144   
1.3852     35.9236   
6.5820     15.4606   
6.1065     6.0621    

# Frame92

# x        y
2.1302     8.3071    
1.0050     31.1175   
16.7496    33.6757   
1.3852     35.9236   
6.5820     15.4606   
6.1065     6.0621    

# Frame93

# x        y
2.1511     8.1903    
1.0050     31.1175   
16.7296    33.6377   
1.3852     35.9236   
6.5820     15.4606   
6.1065     6.0621    

# Frame94

# x        y
2.1717     8.0755    
1.0050     31.1175   
16.7099    33.6004   
1.3852     35.9236   
6.5820     15.4606   
6.1065     6.0621    

# Frame95

# x        y
2.1919     7.9625    
1.0050     31.1175   
16.6906    33.5636   
1.3852     35.9236   
6.5820     15.4606   
6.1065     6.0621    

# Frame96

# x        y
2.2119     7.8515    
1.0050     31.1175   
16.6716    33.5275   
1.3852     35.9236   
6.5820     15.4606   
6.1065     6.0621    

# Frame97

# x        y
2.2314     7.7423    
1.0050     31.1175   
16.6529    33.4920   
1.3852     35.9236   
6.5820     15.4606   
6.1065     6.0621    

# Frame98

# x        y
2.2507     7.6349    
1.0050     31.1175   
16.6345    33.4571   
1.3852     35.9236   
6.5820     15.4606   
6.1065     6.0621    

# Frame99

# x        y
2.2696     7.5293    
1.0050     31.1175   
16.6164    33.4227   
1.3852     35.9236   
6.5820     15.4606   
6.1065     6.0621    

# Frame100

# x        y
2.2882     7.4254    
1.0050     31.1175   
16.5987    33.3889   
1.3852     35.9236   
6.5820     15.4606   
6.1065     6.0621    

# Frame101

# x        y
2.3066     7.3233    
1.0050     31.1175   
16.5812    33.3557   
1.3852     35.9236   
6.5820     15.4606   
6.1065     6.0621    

# Frame102

# x        y
2.3246     7.2229    
1.0050     31.1175   
16.5640    33.3231   
1.3852     35.9236   
6.5820     15.4606   
6.1065     6.0621    

# Frame103

# x        y
2.3423     7.1242    
1.0050     31.1175   
16.5471    33.2909   
1.3852     35.9236   
6.5820     15.4606   
6.1065     6.0621    

# Frame104

# x        y
2.3597     7.0271    
1.0050     31.1175   
16.5305    33.2594   
1.3852     35.9236   
6.5820     15.4606   
6.1065     6.0621    

# Frame105

# x        y
2.3768     6.9317    
1.0050     31.1175   
16.5142    33.2283   
1.3852     35.9236   
6.5820     15.4606   
6.1065     6.0621    

# Frame106

# x        y
2.3936     6.8378    
1.0050     31.1175   
16.4981    33.1978   
1.3852     35.9236   
6.5820     15.4606   
6.1065     6.0621    

# Frame107

# x        y
2.4102     6.7455    
1.0050     31.1175   
16.4823    33.1677   
1.3852     35.9236   
6.5820     15.4606   
6.1065     6.0621    

# Frame108

# x        y
2.4264     6.6547    
1.0050     31.1175   
16.4668    33.1382   
1.3852     35.9236   
6.5820     15.4606   
6.1065     6.0621    

# Frame109

# x        y
2.4424     6.5654    
1.0050     31.1175   
16.4515    33.1092   
1.3852     35.9236   
6.5820     15.4606   
6.1065     6.0621    

# Frame110

# x        y
2.4582     6.4777    
1.0050     31.1175   
16.4365    33.0806   
1.3852     35.9236   
6.5820     15.4606   
6.1065     6.0621    

# Frame111

# x        y
2.4737     6.3914    
1.0050     31.1175   
16.4217    33.0525   
1.3852     35.9236   
6.5820     15.4606   
6.1065     6.0621    

# Frame112

# x        y
2.4889     6.3065    
1.0050     31.1175   
16.4072    33.0249   
1.3852     35.9236   
6.5820     15.4606   
6.1065     6.0621    

# Frame113

# x        y
2.5038     6.2230    
1.0050     31.1175   
16.3929    32.9978   
1.3852     35.9236   
6.5820     15.4606   
6.1065     6.0621    

# Frame114

# x        y
2.5186     6.1410    
1.0050     31.1175   
16.3788    32.9711   
1.3852     35.9236   
6.5820     15.4606   
6.1065     6.0621    

# Frame115

# x        y
2.5330     6.0603    
1.0050     31.1175   
16.3650    32.9448   
1.3852     35.9236   
6.5820     15.4606   
6.1065     6.0621    

# Frame116

# x        y
2.5473     5.9809    
1.0050     31.1175   
16.3514    32.9190   
1.3852     35.9236   
6.5820     15.4606   
6.1065     6.0621    

# Frame117

# x        y
2.5612     5.9029    
1.0050     31.1175   
16.3381    32.8936   
1.3852     35.9236   
6.5820     15.4606   
6.1065     6.0621    

# Frame118

# x        y
2.5750     5.8262    
1.0050     31.1175   
16.3249    32.8687   
1.3852     35.9236   
6.5820     15.4606   
6.1065     6.0621    

# Frame119

# x        y
2.5885     5.7507    
1.0050     31.1175   
16.3120    32.8441   
1.3852     35.9236   
6.5820     15.4606   
6.1065     6.0621    

# Frame120

# x        y
2.6018     5.6765    
1.0050     31.1175   
16.2993    32.8200   
1.3852     35.9236   
6.5820     15.4606   
6.1065     6.0621    

# Frame121

# x        y
2.6149     5.6036    
1.0050     31.1175   
16.2868    32.7963   
1.3852     35.9236   
6.5820     15.4606   
6.1065     6.0621    

# Frame122

# x        y
2.6278     5.5318    
1.0050     31.1175   
16.2746    32.7729   
1.3852     35.9236   
6.5820     15.4606   
6.1065     6.0621    

# Frame123

# x        y
2.6404     5.4613    
1.0050     31.1175   
16.2625    32.7500   
1.3852     35.9236   
6.5820     15.4606   
6.1065     6.0621    

# Frame124

# x        y
2.6529     5.3919    
1.0050     31.1175   
16.2506    32.7274   
1.3852     35.9236   
6.5820     15.4606   
6.1065     6.0621    

# Frame125

# x        y
2.6651     5.3237    
1.0050     31.1175   
16.2389    32.7052   
1.3852     35.9236   
6.5820     15.4606   
6.1065     6.0621    

# Frame126

# x        y
2.6771     5.2566    
1.0050     31.1175   
16.2275    32.6834   
1.3852     35.9236   
6.5820     15.4606   
6.1065     6.0621    

# Frame127

# x        y
2.6889     5.1907    
1.0050     31.1175   
16.2162    32.6619   
1.3852     35.9236   
6.5820     15.4606   
6.1065     6.0621    

# Frame128

# x        y
2.7006     5.1258    
1.0050     31.1175   
16.2051    32.6408   
1.3852     35.9236   
6.5820     15.4606   
6.1065     6.0621    

# Frame129

# x        y
2.7120     5.0620    
1.0050     31.1175   
16.1942    32.6201   
1.3852     35.9236   
6.5820     15.4606   
6.1065     6.0621    

# Frame130

# x        y
2.7233     4.9993    
1.0050     31.1175   
16.1834    32.5997   
1.3852     35.9236   
6.5820     15.4606   
6.1065     6.0621    

# Frame131

# x        y
2.7343     4.9376    
1.0050     31.1175   
16.1729    32.5796   
1.3852     35.9236   
6.5820     15.4606   
6.1065     6.0621    

# Frame132

# x        y
2.7452     4.8770    
1.0050     31.1175   
16.1625    32.5599   
1.3852     35.9236   
6.5820     15.4606   
6.1065     6.0621    

# Frame133

# x        y
2.7559     4.8174    
1.0050     31.1175   
16.1523    32.5405   
1.3852     35.9236   
6.5820     15.4606   
6.1065     6.0621    

# Frame134

# x        y
2.7664     4.7587    
1.0050     31.1175   
16.1422    32.5214   
1.3852     35.9236   
6.5820     15.4606   
6.1065     6.0621    

# Frame135

# x        y
2.7767     4.7011    
1.0050     31.1175   
16.1324    32.5027   
1.3852     35.9236   
6.5820     15.4606   
6.1065     6.0621    

# Frame136

# x        y
2.7869     4.6444    
1.0050     31.1175   
16.1227    32.4842   
1.3852     35.9236   
6.5820     15.4606   
6.1065     6.0621    

# Frame137

# x        y
2.7969     4.5886    
1.0050     31.1175   
16.1131    32.4661   
1.3852     35.9236   
6.5820     15.4606   
6.1065     6.0621    

# Frame138

# x        y
2.8067     4.5338    
1.0050     31.1175   
16.1037    32.4483   
1.3852     35.9236   
6.5820     15.4606   
6.1065     6.0621    

# Frame139

# x        y
2.8164     4.4799    
1.0050     31.1175   
16.0945    32.4307   
1.3852     35.9236   
6.5820     15.4606   
6.1065     6.0621    

# Frame140

# x        y
2.8259     4.4269    
1.0050     31.1175   
16.0854    32.4135   
1.3852     35.9236   
6.5820     15.4606   
6.1065     6.0621    

# Frame141

# x        y
2.8352     4.3747    
1.0050     31.1175   
16.0765    32.3965   
1.3852     35.9236   
6.5820     15.4606   
6.1065     6.0621    

# Frame142

# x        y
2.8444     4.3235    
1.0050     31.1175   
16.0677    32.3798   
1.3852     35.9236   
6.5820     15.4606   
6.1065     6.0621    

# Frame143

# x        y
2.8535     4.2731    
1.0050     31.1175   
16.0591    32.3634   
1.3852     35.9236   
6.5820     15.4606   
6.1065     6.0621    

# Frame144

# x        y
2.8624     4.2235    
1.0050     31.1175   
16.0506    32.3473   
1.3852     35.9236   
6.5820     15.4606   
6.1065     6.0621    

# Frame145

# x        y
2.8711     4.1748    
1.0050     31.1175   
16.0423    32.3315   
1.3852     35.9236   
6.5820     15.4606   
6.1065     6.0621    

# Frame146

# x        y
2.8797     4.1268    
1.0050     31.1175   
16.0341    32.3159   
1.3852     35.9236   
6.5820     15.4606   
6.1065     6.0621    

# Frame147

# x        y
2.8881     4.0797    
1.0050     31.1175   
16.0260    32.3005   
1.3852     35.9236   
6.5820     15.4606   
6.1065     6.0621    

# Frame148

# x        y
2.8964     4.0334    
1.0050     31.1175   
16.0181    32.2855   
1.3852     35.9236   
6.5820     15.4606   
6.1065     6.0621    

# Frame149

# x        y
2.9046     3.9878    
1.0050     31.1175   
16.0103    32.2706   
1.3852     35.9236   
6.5820     15.4606   
6.1065     6.0621    

# Frame150

# x        y
2.9127     3.9430    
1.0050     31.1175   
16.0026    32.2561   
1.3852     35.9236   
6.5820     15.4606   
6.1065     6.0621    

# Frame151

# x        y
2.9206     3.8989    
1.0050     31.1175   
15.9951    32.2417   
1.3852     35.9236   
6.5820     15.4606   
6.1065     6.0621    

# Frame152

# x        y
2.9283     3.8556    
1.0050     31.1175   
15.9877    32.2276   
1.3852     35.9236   
6.5820     15.4606   
6.1065     6.0621    

# Frame153

# x        y
2.9360     3.8130    
1.0050     31.1175   
15.9804    32.2138   
1.3852     35.9236   
6.5820     15.4606   
6.1065     6.0621    

# Frame154

# x        y
2.9435     3.7711    
1.0050     31.1175   
15.9732    32.2001   
1.3852     35.9236   
6.5820     15.4606   
6.1065     6.0621    

# Frame155

# x        y
2.9509     3.7299    
1.0050     31.1175   
15.9661    32.1867   
1.3852     35.9236   
6.5820     15.4606   
6.1065     6.0621    

# Frame156

# x        y
2.9581     3.6894    
1.0050     31.1175   
15.9592    32.1736   
1.3852     35.9236   
6.5820     15.4606   
6.1065     6.0621    

# Frame157

# x        y
2.9653     3.6495    
1.0050     31.1175   
15.9524    32.1606   
1.3852     35.9236   
6.5820     15.4606   
6.1065     6.0621    

# Frame158

# x        y
2.9723     3.6104    
1.0050     31.1175   
15.9457    32.1479   
1.3852     35.9236   
6.5820     15.4606   
6.1065     6.0621    

# Frame159

# x        y
2.9792     3.5719    
1.0050     31.1175   
15.9391    32.1353   
1.3852     35.9236   
6.5820     15.4606   
6.1065     6.0621    

# Frame160

# x        y
2.9860     3.5340    
1.0050     31.1175   
15.9326    32.1230   
1.3852     35.9236   
6.5820     15.4606   
6.1065     6.0621    

# Frame161

# x        y
2.9927     3.4967    
1.0050     31.1175   
15.9262    32.1109   
1.3852     35.9236   
6.5820     15.4606   
6.1065     6.0621    

# Frame162

# x        y
2.9992     3.4601    
1.0050     31.1175   
15.9200    32.0990   
1.3852     35.9236   
6.5820     15.4606   
6.1065     6.0621    

# Frame163

# x        y
3.0057     3.4241    
1.0050     31.1175   
15.9138    32.0873   
1.3852     35.9236   
6.5820     15.4606   
6.1065     6.0621    

# Frame164

# x        y
3.0120     3.3887    
1.0050     31.1175   
15.9077    32.0757   
1.3852     35.9236   
6.5820     15.4606   
6.1065     6.0621    

# Frame165

# x        y
3.0183     3.3538    
1.0050     31.1175   
15.9018    32.0644   
1.3852     35.9236   
6.5820     15.4606   
6.1065     6.0621    

# Frame166

# x        y
3.0244     3.3196    
1.0050     31.1175   
15.8959    32.0533   
1.3852     35.9236   
6.5820     15.4606   
6.1065     6.0621    

# Frame167

# x        y
3.0305     3.2859    
1.0050     31.1175   
15.8902    32.0423   
1.3852     35.9236   
6.5820     15.4606   
6.1065     6.0621    

# Frame168

# x        y
3.0364     3.2528    
1.0050     31.1175   
15.8845    32.0316   
1.3852     35.9236   
6.5820     15.4606   
6.1065     6.0621    

# Frame169

# x        y
3.0422     3.2203    
1.0050     31.1175   
15.8789    32.0210   
1.3852     35.9236   
6.5820     15.4606   
6.1065     6.0621    

# Frame170

# x        y
3.0480     3.1882    
1.0050     31.1175   
15.8734    32.0105   
1.3852     35.9236   
6.5820     15.4606   
6.1065     6.0621    

# Frame171

# x        y
3.0536     3.1567    
1.0050     31.1175   
15.8680    32.0003   
1.3852     35.9236   
6.5820     15.4606   
6.1065     6.0621    

# Frame172

# x        y
3.0592     3.1258    
1.0050     31.1175   
15.8627    31.9902   
1.3852     35.9236   
6.5820     15.4606   
6.1065     6.0621    

# Frame173

# x        y
3.0646     3.0953    
1.0050     31.1175   
15.8575    31.9803   
1.3852     35.9236   
6.5820     15.4606   
6.1065     6.0621    

# Frame174

# x        y
3.0700     3.0654    
1.0050     31.1175   
15.8524    31.9706   
1.3852     35.9236   
6.5820     15.4606   
6.1065     6.0621    

# Frame175

# x        y
3.0753     3.0360    
1.0050     31.1175   
15.8474    31.9610   
1.3852     35.9236   
6.5820     15.4606   
6.1065     6.0621    

# Frame176

# x        y
3.0805     3.0070    
1.0050     31.1175   
15.8424    31.9516   
1.3852     35.9236   
6.5820     15.4606   
6.1065     6.0621    

# Frame177

# x        y
3.0856     2.9786    
1.0050     31.1175   
15.8375    31.9423   
1.3852     35.9236   
6.5820     15.4606   
6.1065     6.0621    

# Frame178

# x        y
3.0906     2.9506    
1.0050     31.1175   
15.8328    31.9332   
1.3852     35.9236   
6.5820     15.4606   
6.1065     6.0621    

# Frame179

# x        y
3.0955     2.9230    
1.0050     31.1175   
15.8280    31.9243   
1.3852     35.9236   
6.5820     15.4606   
6.1065     6.0621    

# Frame180

# x        y
3.1004     2.8960    
1.0050     31.1175   
15.8234    31.9155   
1.3852     35.9236   
6.5820     15.4606   
6.1065     6.0621    

# Frame181

# x        y
3.1052     2.8694    
1.0050     31.1175   
15.8189    31.9068   
1.3852     35.9236   
6.5820     15.4606   
6.1065     6.0621    

# Frame182

# x        y
3.1098     2.8432    
1.0050     31.1175   
15.8144    31.8983   
1.3852     35.9236   
6.5820     15.4606   
6.1065     6.0621    

# Frame183

# x        y
3.1145     2.8175    
1.0050     31.1175   
15.8100    31.8899   
1.3852     35.9236   
6.5820     15.4606   
6.1065     6.0621    

# Frame184

# x        y
3.1190     2.7922    
1.0050     31.1175   
15.8056    31.8817   
1.3852     35.9236   
6.5820     15.4606   
6.1065     6.0621    

# Frame185

# x        y
3.1235     2.7673    
1.0050     31.1175   
15.8014    31.8736   
1.3852     35.9236   
6.5820     15.4606   
6.1065     6.0621    

# Frame186

# x        y
3.1279     2.7428    
1.0050     31.1175   
15.7972    31.8656   
1.3852     35.9236   
6.5820     15.4606   
6.1065     6.0621    

# Frame187

# x        y
3.1322     2.7187    
1.0050     31.1175   
15.7931    31.8578   
1.3852     35.9236   
6.5820     15.4606   
6.1065     6.0621    

# Frame188

# x        y
3.1364     2.6951    
1.0050     31.1175   
15.7890    31.8501   
1.3852     35.9236   
6.5820     15.4606   
6.1065     6.0621    

# Frame189

# x        y
3.1406     2.6718    
1.0050     31.1175   
15.7850    31.8426   
1.3852     35.9236   
6.5820     15.4606   
6.1065     6.0621    

# Frame190

# x        y
3.1447     2.6489    
1.0050     31.1175   
15.7811    31.8351   
1.3852     35.9236   
6.5820     15.4606   
6.1065     6.0621    

# Frame191

# x        y
3.1487     2.6264    
1.0050     31.1175   
15.7773    31.8278   
1.3852     35.9236   
6.5820     15.4606   
6.1065     6.0621    

# Frame192

# x        y
3.1527     2.6043    
1.0050     31.1175   
15.7735    31.8206   
1.3852     35.9236   
6.5820     15.4606   
6.1065     6.0621    

# Frame193

# x        y
3.1566     2.5826    
1.0050     31.1175   
15.7698    31.8135   
1.3852     35.9236   
6.5820     15.4606   
6.1065     6.0621    

# Frame194

# x        y
3.1604     2.5612    
1.0050     31.1175   
15.7661    31.8066   
1.3852     35.9236   
6.5820     15.4606   
6.1065     6.0621    

# Frame195

# x        y
3.1642     2.5401    
1.0050     31.1175   
15.7625    31.7997   
1.3852     35.9236   
6.5820     15.4606   
6.1065     6.0621    

# Frame196

# x        y
3.1679     2.5195    
1.0050     31.1175   
15.7590    31.7930   
1.3852     35.9236   
6.5820     15.4606   
6.1065     6.0621    

# Frame197

# x        y
3.1715     2.4991    
1.0050     31.1175   
15.7555    31.7864   
1.3852     35.9236   
6.5820     15.4606   
6.1065     6.0621    

# Frame198

# x        y
3.1751     2.4791    
1.0050     31.1175   
15.7521    31.7799   
1.3852     35.9236   
6.5820     15.4606   
6.1065     6.0621    

# Frame199

# x        y
3.1787     2.4595    
1.0050     31.1175   
15.7487    31.7735   
1.3852     35.9236   
6.5820     15.4606   
6.1065     6.0621    

# Frame200

# x        y
3.1821     2.4401    
1.0050     31.1175   
15.7454    31.7672   
1.3852     35.9236   
6.5820     15.4606   
6.1065     6.0621    

# Frame201

# x        y
3.1855     2.4211    
1.0050     31.1175   
15.7421    31.7610   
1.3852     35.9236   
6.5820     15.4606   
6.1065     6.0621    

# Frame202

# x        y
3.1889     2.4024    
1.0050     31.1175   
15.7389    31.7549   
1.3852     35.9236   
6.5820     15.4606   
6.1065     6.0621    

# Frame203

# x        y
3.1922     2.3840    
1.0050     31.1175   
15.7358    31.7489   
1.3852     35.9236   
6.5820     15.4606   
6.1065     6.0621    

# Frame204

# x        y
3.1954     2.3659    
1.0050     31.1175   
15.7327    31.7430   
1.3852     35.9236   
6.5820     15.4606   
6.1065     6.0621    

# Frame205

# x        y
3.1986     2.3482    
1.0050     31.1175   
15.7296    31.7373   
1.3852     35.9236   
6.5820     15.4606   
6.1065     6.0621    

# Frame206

# x        y
3.2017     2.3307    
1.0050     31.1175   
15.7267    31.7316   
1.3852     35.9236   
6.5820     15.4606   
6.1065     6.0621    

# Frame207

# x        y
3.2048     2.3135    
1.0050     31.1175   
15.7237    31.7260   
1.3852     35.9236   
6.5820     15.4606   
6.1065     6.0621    

# Frame208

# x        y
3.2079     2.2966    
1.0050     31.1175   
15.7208    31.7205   
1.3852     35.9236   
6.5820     15.4606   
6.1065     6.0621    

# Frame209

# x        y
3.2108     2.2800    
1.0050     31.1175   
15.7180    31.7151   
1.3852     35.9236   
6.5820     15.4606   
6.1065     6.0621    

# Frame210

# x        y
3.2138     2.2636    
1.0050     31.1175   
15.7152    31.7098   
1.3852     35.9236   
6.5820     15.4606   
6.1065     6.0621    

# Frame211

# x        y
3.2167     2.2475    
1.0050     31.1175   
15.7124    31.7045   
1.3852     35.9236   
6.5820     15.4606   
6.1065     6.0621    

# Frame212

# x        y
3.2195     2.2317    
1.0050     31.1175   
15.7097    31.6994   
1.3852     35.9236   
6.5820     15.4606   
6.1065     6.0621    

# Frame213

# x        y
3.2223     2.2162    
1.0050     31.1175   
15.7071    31.6943   
1.3852     35.9236   
6.5820     15.4606   
6.1065     6.0621    

# Frame214

# x        y
3.2250     2.2009    
1.0050     31.1175   
15.7044    31.6894   
1.3852     35.9236   
6.5820     15.4606   
6.1065     6.0621    

# Frame215

# x        y
3.2277     2.1859    
1.0050     31.1175   
15.7019    31.6845   
1.3852     35.9236   
6.5820     15.4606   
6.1065     6.0621    

# Frame216

# x        y
3.2304     2.1711    
1.0050     31.1175   
15.6993    31.6797   
1.3852     35.9236   
6.5820     15.4606   
6.1065     6.0621    

# Frame217

# x        y
3.2330     2.1566    
1.0050     31.1175   
15.6969    31.6749   
1.3852     35.9236   
6.5820     15.4606   
6.1065     6.0621    

# Frame218

# x        y
3.2355     2.1423    
1.0050     31.1175   
15.6944    31.6703   
1.3852     35.9236   
6.5820     15.4606   
6.1065     6.0621    

# Frame219

# x        y
3.2380     2.1282    
1.0050     31.1175   
15.6920    31.6657   
1.3852     35.9236   
6.5820     15.4606   
6.1065     6.0621    

# Frame220

# x        y
3.2405     2.1144    
1.0050     31.1175   
15.6896    31.6612   
1.3852     35.9236   
6.5820     15.4606   
6.1065     6.0621    

# Frame221

# x        y
3.2430     2.1008    
1.0050     31.1175   
15.6873    31.6568   
1.3852     35.9236   
6.5820     15.4606   
6.1065     6.0621    

# Frame222

# x        y
3.2454     2.0874    
1.0050     31.1175   
15.6850    31.6525   
1.3852     35.9236   
6.5820     15.4606   
6.1065     6.0621    

# Frame223

# x        y
3.2477     2.0743    
1.0050     31.1175   
15.6828    31.6482   
1.3852     35.9236   
6.5820     15.4606   
6.1065     6.0621    

# Frame224

# x        y
3.2500     2.0614    
1.0050     31.1175   
15.6806    31.6440   
1.3852     35.9236   
6.5820     15.4606   
6.1065     6.0621    

# Frame225

# x        y
3.2523     2.0487    
1.0050     31.1175   
15.6784    31.6398   
1.3852     35.9236   
6.5820     15.4606   
6.1065     6.0621    

# Frame226

# x        y
3.2545     2.0362    
1.0050     31.1175   
15.6763    31.6358   
1.3852     35.9236   
6.5820     15.4606   
6.1065     6.0621    

# Frame227

# x        y
3.2567     2.0239    
1.0050     31.1175   
15.6741    31.6318   
1.3852     35.9236   
6.5820     15.4606   
6.1065     6.0621    

# Frame228

# x        y
3.2589     2.0118    
1.0050     31.1175   
15.6721    31.6279   
1.3852     35.9236   
6.5820     15.4606   
6.1065     6.0621    

# Frame229

# x        y
3.2610     2.0000    
1.0050     31.1175   
15.6700    31.6240   
1.3852     35.9236   
6.5820     15.4606   
6.1065     6.0621    

# Frame230

# x        y
3.2631     1.9883    
1.0050     31.1175   
15.6680    31.6202   
1.3852     35.9236   
6.5820     15.4606   
6.1065     6.0621    

# Frame231

# x        y
3.2652     1.9768    
1.0050     31.1175   
15.6661    31.6165   
1.3852     35.9236   
6.5820     15.4606   
6.1065     6.0621    

# Frame232

# x        y
3.2672     1.9655    
1.0050     31.1175   
15.6642    31.6128   
1.3852     35.9236   
6.5820     15.4606   
6.1065     6.0621    

# Frame233

# x        y
3.2692     1.9544    
1.0050     31.1175   
15.6622    31.6092   
1.3852     35.9236   
6.5820     15.4606   
6.1065     6.0621    

# Frame234

# x        y
3.2712     1.9435    
1.0050     31.1175   
15.6604    31.6056   
1.3852     35.9236   
6.5820     15.4606   
6.1065     6.0621    

# Frame235

# x        y
3.2731     1.9327    
1.0050     31.1175   
15.6585    31.6021   
1.3852     35.9236   
6.5820     15.4606   
6.1065     6.0621    

# Frame236

# x        y
3.2750     1.9222    
1.0050     31.1175   
15.6567    31.5987   
1.3852     35.9236   
6.5820     15.4606   
6.1065     6.0621    

# Frame237

# x        y
3.2769     1.9118    
1.0050     31.1175   
15.6550    31.5953   
1.3852     35.9236   
6.5820     15.4606   
6.1065     6.0621    

# Frame238

# x        y
3.2787     1.9016    
1.0050     31.1175   
15.6532    31.5920   
1.3852     35.9236   
6.5820     15.4606   
6.1065     6.0621    

# Frame239

# x        y
3.2805     1.8915    
1.0050     31.1175   
15.6515    31.5887   
1.3852     35.9236   
6.5820     15.4606   
6.1065     6.0621    

# Frame240

# x        y
3.2823     1.8817    
1.0050     31.1175   
15.6498    31.5855   
1.3852     35.9236   
6.5820     15.4606   
6.1065     6.0621    

# Frame241

# x        y
3.2840     1.8720    
1.0050     31.1175   
15.6481    31.5823   
1.3852     35.9236   
6.5820     15.4606   
6.1065     6.0621    

# Frame242

# x        y
3.2857     1.8624    
1.0050     31.1175   
15.6465    31.5792   
1.3852     35.9236   
6.5820     15.4606   
6.1065     6.0621    

# Frame243

# x        y
3.2874     1.8530    
1.0050     31.1175   
15.6449    31.5762   
1.3852     35.9236   
6.5820     15.4606   
6.1065     6.0621    

# Frame244

# x        y
3.2890     1.8438    
1.0050     31.1175   
15.6433    31.5732   
1.3852     35.9236   
6.5820     15.4606   
6.1065     6.0621    

# Frame245

# x        y
3.2907     1.8347    
1.0050     31.1175   
15.6418    31.5702   
1.3852     35.9236   
6.5820     15.4606   
6.1065     6.0621    

# Frame246

# x        y
3.2923     1.8258    
1.0050     31.1175   
15.6402    31.5673   
1.3852     35.9236   
6.5820     15.4606   
6.1065     6.0621    

# Frame247

# x        y
3.2938     1.8170    
1.0050     31.1175   
15.6387    31.5645   
1.3852     35.9236   
6.5820     15.4606   
6.1065     6.0621    

# Frame248

# x        y
3.2954     1.8084    
1.0050     31.1175   
15.6373    31.5617   
1.3852     35.9236   
6.5820     15.4606   
6.1065     6.0621    

# Frame249

# x        y
3.2969     1.7999    
1.0050     31.1175   
15.6358    31.5589   
1.3852     35.9236   
6.5820     15.4606   
6.1065     6.0621    

# Frame250

# x        y
3.2984     1.7915    
1.0050     31.1175   
15.6344    31.5562   
1.3852     35.9236   
6.5820     15.4606   
6.1065     6.0621    

# Frame251

# x        y
3.2999     1.7833    
1.0050     31.1175   
15.6330    31.5535   
1.3852     35.9236   
6.5820     15.4606   
6.1065     6.0621    

# Frame252

# x        y
3.3013     1.7753    
1.0050     31.1175   
15.6316    31.5509   
1.3852     35.9236   
6.5820     15.4606   
6.1065     6.0621    

# Frame253

# x        y
3.3028     1.7673    
1.0050     31.1175   
15.6302    31.5483   
1.3852     35.9236   
6.5820     15.4606   
6.1065     6.0621    

# Frame254

# x        y
3.3042     1.7595    
1.0050     31.1175   
15.6289    31.5458   
1.3852     35.9236   
6.5820     15.4606   
6.1065     6.0621    

# Frame255

# x        y
3.3055     1.7519    
1.0050     31.1175   
15.6276    31.5433   
1.3852     35.9236   
6.5820     15.4606   
6.1065     6.0621    

# Frame256

# x        y
3.3069     1.7443    
1.0050     31.1175   
15.6263    31.5408   
1.3852     35.9236   
6.5820     15.4606   
6.1065     6.0621    

# Frame257

# x        y
3.3082     1.7369    
1.0050     31.1175   
15.6250    31.5384   
1.3852     35.9236   
6.5820     15.4606   
6.1065     6.0621    

# Frame258

# x        y
3.3095     1.7296    
1.0050     31.1175   
15.6238    31.5360   
1.3852     35.9236   
6.5820     15.4606   
6.1065     6.0621    

# Frame259

# x        y
3.3108     1.7224    
1.0050     31.1175   
15.6225    31.5337   
1.3852     35.9236   
6.5820     15.4606   
6.1065     6.0621    

# Frame260

# x        y
3.3121     1.7154    
1.0050     31.1175   
15.6213    31.5314   
1.3852     35.9236   
6.5820     15.4606   
6.1065     6.0621    

# Frame261

# x        y
3.3133     1.7084    
1.0050     31.1175   
15.6202    31.5292   
1.3852     35.9236   
6.5820     15.4606   
6.1065     6.0621    

# Frame262

# x        y
3.3145     1.7016    
1.0050     31.1175   
15.6190    31.5269   
1.3852     35.9236   
6.5820     15.4606   
6.1065     6.0621    

# Frame263

# x        y
3.3157     1.6949    
1.0050     31.1175   
15.6178    31.5248   
1.3852     35.9236   
6.5820     15.4606   
6.1065     6.0621    

# Frame264

# x        y
3.3169     1.6883    
1.0050     31.1175   
15.6167    31.5226   
1.3852     35.9236   
6.5820     15.4606   
6.1065     6.0621    

# Frame265

# x        y
3.3181     1.6818    
1.0050     31.1175   
15.6156    31.5205   
1.3852     35.9236   
6.5820     15.4606   
6.1065     6.0621    

# Frame266

# x        y
3.3192     1.6754    
1.0050     31.1175   
15.6145    31.5184   
1.3852     35.9236   
6.5820     15.4606   
6.1065     6.0621    

# Frame267

# x        y
3.3204     1.6692    
1.0050     31.1175   
15.6134    31.5164   
1.3852     35.9236   
6.5820     15.4606   
6.1065     6.0621    

# Frame268

# x        y
3.3215     1.6630    
1.0050     31.1175   
15.6124    31.5144   
1.3852     35.9236   
6.5820     15.4606   
6.1065     6.0621    

# Frame269

# x        y
3.3225     1.6569    
1.0050     31.1175   
15.6113    31.5124   
1.3852     35.9236   
6.5820     15.4606   
6.1065     6.0621    

# Frame270

# x        y
3.3236     1.6510    
1.0050     31.1175   
15.6103    31.5105   
1.3852     35.9236   
6.5820     15.4606   
6.1065     6.0621    

# Frame271

# x        y
3.3247     1.6451    
1.0050     31.1175   
15.6093    31.5086   
1.3852     35.9236   
6.5820     15.4606   
6.1065     6.0621    

# Frame272

# x        y
3.3257     1.6393    
1.0050     31.1175   
15.6083    31.5067   
1.3852     35.9236   
6.5820     15.4606   
6.1065     6.0621    

# Frame273

# x        y
3.3267     1.6337    
1.0050     31.1175   
15.6074    31.5048   
1.3852     35.9236   
6.5820     15.4606   
6.1065     6.0621    

# Frame274

# x        y
3.3277     1.6281    
1.0050     31.1175   
15.6064    31.5030   
1.3852     35.9236   
6.5820     15.4606   
6.1065     6.0621    

# Frame275

# x        y
3.3287     1.6226    
1.0050     31.1175   
15.6055    31.5012   
1.3852     35.9236   
6.5820     15.4606   
6.1065     6.0621    

# Frame276

# x        y
3.3297     1.6172    
1.0050     31.1175   
15.6045    31.4995   
1.3852     35.9236   
6.5820     15.4606   
6.1065     6.0621    

# Frame277

# x        y
3.3306     1.6119    
1.0050     31.1175   
15.6036    31.4978   
1.3852     35.9236   
6.5820     15.4606   
6.1065     6.0621    

# Frame278

# x        y
3.3316     1.6067    
1.0050     31.1175   
15.6027    31.4961   
1.3852     35.9236   
6.5820     15.4606   
6.1065     6.0621    

# Frame279

# x        y
3.3325     1.6016    
1.0050     31.1175   
15.6019    31.4944   
1.3852     35.9236   
6.5820     15.4606   
6.1065     6.0621    

# Frame280

# x        y
3.3334     1.5965    
1.0050     31.1175   
15.6010    31.4928   
1.3852     35.9236   
6.5820     15.4606   
6.1065     6.0621    

# Frame281

# x        y
3.3343     1.5916    
1.0050     31.1175   
15.6002    31.4912   
1.3852     35.9236   
6.5820     15.4606   
6.1065     6.0621    

# Frame282

# x        y
3.3351     1.5867    
1.0050     31.1175   
15.5993    31.4896   
1.3852     35.9236   
6.5820     15.4606   
6.1065     6.0621    

# Frame283

# x        y
3.3360     1.5819    
1.0050     31.1175   
15.5985    31.4880   
1.3852     35.9236   
6.5820     15.4606   
6.1065     6.0621    

# Frame284

# x        y
3.3368     1.5772    
1.0050     31.1175   
15.5977    31.4865   
1.3852     35.9236   
6.5820     15.4606   
6.1065     6.0621    

# Frame285

# x        y
3.3377     1.5726    
1.0050     31.1175   
15.5969    31.4850   
1.3852     35.9236   
6.5820     15.4606   
6.1065     6.0621    

# Frame286

# x        y
3.3385     1.5680    
1.0050     31.1175   
15.5961    31.4835   
1.3852     35.9236   
6.5820     15.4606   
6.1065     6.0621    

# Frame287

# x        y
3.3393     1.5635    
1.0050     31.1175   
15.5954    31.4820   
1.3852     35.9236   
6.5820     15.4606   
6.1065     6.0621    

# Frame288

# x        y
3.3401     1.5591    
1.0050     31.1175   
15.5946    31.4806   
1.3852     35.9236   
6.5820     15.4606   
6.1065     6.0621    

# Frame289

# x        y
3.3409     1.5548    
1.0050     31.1175   
15.5939    31.4792   
1.3852     35.9236   
6.5820     15.4606   
6.1065     6.0621    

# Frame290

# x        y
3.3416     1.5505    
1.0050     31.1175   
15.5931    31.4778   
1.3852     35.9236   
6.5820     15.4606   
6.1065     6.0621    

# Frame291

# x        y
3.3424     1.5463    
1.0050     31.1175   
15.5924    31.4764   
1.3852     35.9236   
6.5820     15.4606   
6.1065     6.0621    

# Frame292

# x        y
3.3431     1.5422    
1.0050     31.1175   
15.5917    31.4751   
1.3852     35.9236   
6.5820     15.4606   
6.1065     6.0621    

# Frame293

# x        y
3.3438     1.5382    
1.0050     31.1175   
15.5910    31.4738   
1.3852     35.9236   
6.5820     15.4606   
6.1065     6.0621    

# Frame294

# x        y
3.3446     1.5342    
1.0050     31.1175   
15.5903    31.4725   
1.3852     35.9236   
6.5820     15.4606   
6.1065     6.0621    

# Frame295

# x        y
3.3453     1.5303    
1.0050     31.1175   
15.5897    31.4712   
1.3852     35.9236   
6.5820     15.4606   
6.1065     6.0621    

# Frame296

# x        y
3.3459     1.5264    
1.0050     31.1175   
15.5890    31.4700   
1.3852     35.9236   
6.5820     15.4606   
6.1065     6.0621    

# Frame297

# x        y
3.3466     1.5226    
1.0050     31.1175   
15.5883    31.4687   
1.3852     35.9236   
6.5820     15.4606   
6.1065     6.0621    

# Frame298

# x        y
3.3473     1.5189    
1.0050     31.1175   
15.5877    31.4675   
1.3852     35.9236   
6.5820     15.4606   
6.1065     6.0621    

# Frame299

# x        y
3.3480     1.5152    
1.0050     31.1175   
15.5871    31.4663   
1.3852     35.9236   
6.5820     15.4606   
6.1065     6.0621    

# Frame300

# x        y
3.3486     1.5116    
1.0050     31.1175   
15.5865    31.4651   
1.3852     35.9236   
6.5820     15.4606   
6.1065     6.0621    

# Frame301

# x        y
3.3492     1.5081    
1.0050     31.1175   
15.5859    31.4640   
1.3852     35.9236   
6.5820     15.4606   
6.1065     6.0621    

# Frame302

# x        y
3.3499     1.5046    
1.0050     31.1175   
15.5853    31.4629   
1.3852     35.9236   
6.5820     15.4606   
6.1065     6.0621    

# Frame303

# x        y
3.3505     1.5012    
1.0050     31.1175   
15.5847    31.4617   
1.3852     35.9236   
6.5820     15.4606   
6.1065     6.0621    

# Frame304

# x        y
3.3511     1.4978    
1.0050     31.1175   
15.5841    31.4607   
1.3852     35.9236   
6.5820     15.4606   
6.1065     6.0621    

# Frame305

# x        y
3.3517     1.4945    
1.0050     31.1175   
15.5835    31.4596   
1.3852     35.9236   
6.5820     15.4606   
6.1065     6.0621    

# Frame306

# x        y
3.3523     1.4913    
1.0050     31.1175   
15.5830    31.4585   
1.3852     35.9236   
6.5820     15.4606   
6.1065     6.0621    

# Frame307

# x        y
3.3528     1.4881    
1.0050     31.1175   
15.5824    31.4575   
1.3852     35.9236   
6.5820     15.4606   
6.1065     6.0621    

# Frame308

# x        y
3.3534     1.4849    
1.0050     31.1175   
15.5819    31.4565   
1.3852     35.9236   
6.5820     15.4606   
6.1065     6.0621    

# Frame309

# x        y
3.3539     1.4818    
1.0050     31.1175   
15.5814    31.4554   
1.3852     35.9236   
6.5820     15.4606   
6.1065     6.0621    

# Frame310

# x        y
3.3545     1.4788    
1.0050     31.1175   
15.5808    31.4545   
1.3852     35.9236   
6.5820     15.4606   
6.1065     6.0621    

# Frame311

# x        y
3.3550     1.4758    
1.0050     31.1175   
15.5803    31.4535   
1.3852     35.9236   
6.5820     15.4606   
6.1065     6.0621    

# Frame312

# x        y
3.3556     1.4728    
1.0050     31.1175   
15.5798    31.4525   
1.3852     35.9236   
6.5820     15.4606   
6.1065     6.0621    

# Frame313

# x        y
3.3561     1.4699    
1.0050     31.1175   
15.5793    31.4516   
1.3852     35.9236   
6.5820     15.4606   
6.1065     6.0621    

# Frame314

# x        y
3.3566     1.4671    
1.0050     31.1175   
15.5788    31.4507   
1.3852     35.9236   
6.5820     15.4606   
6.1065     6.0621    

# Frame315

# x        y
3.3571     1.4643    
1.0050     31.1175   
15.5784    31.4497   
1.3852     35.9236   
6.5820     15.4606   
6.1065     6.0621    

# Frame316

# x        y
3.3576     1.4615    
1.0050     31.1175   
15.5779    31.4489   
1.3852     35.9236   
6.5820     15.4606   
6.1065     6.0621    

# Frame317

# x        y
3.3581     1.4588    
1.0050     31.1175   
15.5774    31.4480   
1.3852     35.9236   
6.5820     15.4606   
6.1065     6.0621    

# Frame318

# x        y
3.3585     1.4562    
1.0050     31.1175   
15.5770    31.4471   
1.3852     35.9236   
6.5820     15.4606   
6.1065     6.0621    

# Frame319

# x        y
3.3590     1.4536    
1.0050     31.1175   
15.5765    31.4463   
1.3852     35.9236   
6.5820     15.4606   
6.1065     6.0621    

# Frame320

# x        y
3.3595     1.4510    
1.0050     31.1175   
15.5761    31.4454   
1.3852     35.9236   
6.5820     15.4606   
6.1065     6.0621    

# Frame321

# x        y
3.3599     1.4485    
1.0050     31.1175   
15.5757    31.4446   
1.3852     35.9236   
6.5820     15.4606   
6.1065     6.0621    

# Frame322

# x        y
3.3604     1.4460    
1.0050     31.1175   
15.5752    31.4438   
1.3852     35.9236   
6.5820     15.4606   
6.1065     6.0621    

# Frame323

# x        y
3.3608     1.4435    
1.0050     31.1175   
15.5748    31.4430   
1.3852     35.9236   
6.5820     15.4606   
6.1065     6.0621    

# Frame324

# x        y
3.3612     1.4411    
1.0050     31.1175   
15.5744    31.4422   
1.3852     35.9236   
6.5820     15.4606   
6.1065     6.0621    

# Frame325

# x        y
3.3617     1.4387    
1.0050     31.1175   
15.5740    31.4414   
1.3852     35.9236   
6.5820     15.4606   
6.1065     6.0621    

# Frame326

# x        y
3.3621     1.4364    
1.0050     31.1175   
15.5736    31.4407   
1.3852     35.9236   
6.5820     15.4606   
6.1065     6.0621    

# Frame327

# x        y
3.3625     1.4341    
1.0050     31.1175   
15.5732    31.4399   
1.3852     35.9236   
6.5820     15.4606   
6.1065     6.0621    

# Frame328

# x        y
3.3629     1.4319    
1.0050     31.1175   
15.5728    31.4392   
1.3852     35.9236   
6.5820     15.4606   
6.1065     6.0621    

# Frame329

# x        y
3.3633     1.4297    
1.0050     31.1175   
15.5724    31.4385   
1.3852     35.9236   
6.5820     15.4606   
6.1065     6.0621    

# Frame330

# x        y
3.3637     1.4275    
1.0050     31.1175   
15.5721    31.4378   
1.3852     35.9236   
6.5820     15.4606   
6.1065     6.0621    

# Frame331

# x        y
3.3641     1.4254    
1.0050     31.1175   
15.5717    31.4371   
1.3852     35.9236   
6.5820     15.4606   
6.1065     6.0621    

# Frame332

# x        y
3.3644     1.4233    
1.0050     31.1175   
15.5713    31.4364   
1.3852     35.9236   
6.5820     15.4606   
6.1065     6.0621    

# Frame333

# x        y
3.3648     1.4212    
1.0050     31.1175   
15.5710    31.4357   
1.3852     35.9236   
6.5820     15.4606   
6.1065     6.0621    

# Frame334

# x        y
3.3652     1.4191    
1.0050     31.1175   
15.5706    31.4351   
1.3852     35.9236   
6.5820     15.4606   
6.1065     6.0621    

# Frame335

# x        y
3.3655     1.4171    
1.0050     31.1175   
15.5703    31.4344   
1.3852     35.9236   
6.5820     15.4606   
6.1065     6.0621    

# Frame336

# x        y
3.3659     1.4152    
1.0050     31.1175   
15.5700    31.4338   
1.3852     35.9236   
6.5820     15.4606   
6.1065     6.0621    

# Frame337

# x        y
3.3662     1.4132    
1.0050     31.1175   
15.5696    31.4331   
1.3852     35.9236   
6.5820     15.4606   
6.1065     6.0621    

# Frame338

# x        y
3.3666     1.4113    
1.0050     31.1175   
15.5693    31.4325   
1.3852     35.9236   
6.5820     15.4606   
6.1065     6.0621    

# Frame339

# x        y
3.3669     1.4095    
1.0050     31.1175   
15.5690    31.4319   
1.3852     35.9236   
6.5820     15.4606   
6.1065     6.0621    

# Frame340

# x        y
3.3672     1.4076    
1.0050     31.1175   
15.5687    31.4313   
1.3852     35.9236   
6.5820     15.4606   
6.1065     6.0621    

# Frame341

# x        y
3.3676     1.4058    
1.0050     31.1175   
15.5684    31.4307   
1.3852     35.9236   
6.5820     15.4606   
6.1065     6.0621    

# Frame342

# x        y
3.3679     1.4041    
1.0050     31.1175   
15.5681    31.4301   
1.3852     35.9236   
6.5820     15.4606   
6.1065     6.0621    

# Frame343

# x        y
3.3682     1.4023    
1.0050     31.1175   
15.5678    31.4296   
1.3852     35.9236   
6.5820     15.4606   
6.1065     6.0621    

# Frame344

# x        y
3.3685     1.4006    
1.0050     31.1175   
15.5675    31.4290   
1.3852     35.9236   
6.5820     15.4606   
6.1065     6.0621    

# Frame345

# x        y
3.3688     1.3989    
1.0050     31.1175   
15.5672    31.4285   
1.3852     35.9236   
6.5820     15.4606   
6.1065     6.0621    

# Frame346

# x        y
3.3691     1.3972    
1.0050     31.1175   
15.5669    31.4279   
1.3852     35.9236   
6.5820     15.4606   
6.1065     6.0621    

# Frame347

# x        y
3.3694     1.3956    
1.0050     31.1175   
15.5666    31.4274   
1.3852     35.9236   
6.5820     15.4606   
6.1065     6.0621    

# Frame348

# x        y
3.3697     1.3940    
1.0050     31.1175   
15.5663    31.4269   
1.3852     35.9236   
6.5820     15.4606   
6.1065     6.0621    

# Frame349

# x        y
3.3700     1.3924    
1.0050     31.1175   
15.5661    31.4264   
1.3852     35.9236   
6.5820     15.4606   
6.1065     6.0621    

# Frame350

# x        y
3.3703     1.3909    
1.0050     31.1175   
15.5658    31.4259   
1.3852     35.9236   
6.5820     15.4606   
6.1065     6.0621    

# Frame351

# x        y
3.3705     1.3893    
1.0050     31.1175   
15.5655    31.4254   
1.3852     35.9236   
6.5820     15.4606   
6.1065     6.0621    

# Frame352

# x        y
3.3708     1.3878    
1.0050     31.1175   
15.5653    31.4249   
1.3852     35.9236   
6.5820     15.4606   
6.1065     6.0621    

# Frame353

# x        y
3.3711     1.3863    
1.0050     31.1175   
15.5650    31.4244   
1.3852     35.9236   
6.5820     15.4606   
6.1065     6.0621    

# Frame354

# x        y
3.3713     1.3849    
1.0050     31.1175   
15.5648    31.4239   
1.3852     35.9236   
6.5820     15.4606   
6.1065     6.0621    

# Frame355

# x        y
3.3716     1.3835    
1.0050     31.1175   
15.5645    31.4235   
1.3852     35.9236   
6.5820     15.4606   
6.1065     6.0621    

# Frame356

# x        y
3.3718     1.3821    
1.0050     31.1175   
15.5643    31.4230   
1.3852     35.9236   
6.5820     15.4606   
6.1065     6.0621    

# Frame357

# x        y
3.3721     1.3807    
1.0050     31.1175   
15.5641    31.4225   
1.3852     35.9236   
6.5820     15.4606   
6.1065     6.0621    

# Frame358

# x        y
3.3723     1.3793    
1.0050     31.1175   
15.5638    31.4221   
1.3852     35.9236   
6.5820     15.4606   
6.1065     6.0621    

# Frame359

# x        y
3.3726     1.3780    
1.0050     31.1175   
15.5636    31.4217   
1.3852     35.9236   
6.5820     15.4606   
6.1065     6.0621    

# Frame360

# x        y
3.3728     1.3767    
1.0050     31.1175   
15.5634    31.4212   
1.3852     35.9236   
6.5820     15.4606   
6.1065     6.0621    

# Frame361

# x        y
3.3730     1.3754    
1.0050     31.1175   
15.5631    31.4208   
1.3852     35.9236   
6.5820     15.4606   
6.1065     6.0621    

# Frame362

# x        y
3.3733     1.3741    
1.0050     31.1175   
15.5629    31.4204   
1.3852     35.9236   
6.5820     15.4606   
6.1065     6.0621    

# Frame363

# x        y
3.3735     1.3729    
1.0050     31.1175   
15.5627    31.4200   
1.3852     35.9236   
6.5820     15.4606   
6.1065     6.0621    

# Frame364

# x        y
3.3737     1.3716    
1.0050     31.1175   
15.5625    31.4196   
1.3852     35.9236   
6.5820     15.4606   
6.1065     6.0621    

# Frame365

# x        y
3.3739     1.3704    
1.0050     31.1175   
15.5623    31.4192   
1.3852     35.9236   
6.5820     15.4606   
6.1065     6.0621    

# Frame366

# x        y
3.3741     1.3692    
1.0050     31.1175   
15.5621    31.4188   
1.3852     35.9236   
6.5820     15.4606   
6.1065     6.0621    

# Frame367

# x        y
3.3743     1.3681    
1.0050     31.1175   
15.5619    31.4184   
1.3852     35.9236   
6.5820     15.4606   
6.1065     6.0621    

# Frame368

# x        y
3.3745     1.3669    
1.0050     31.1175   
15.5617    31.4181   
1.3852     35.9236   
6.5820     15.4606   
6.1065     6.0621    

# Frame369

# x        y
3.3748     1.3658    
1.0050     31.1175   
15.5615    31.4177   
1.3852     35.9236   
6.5820     15.4606   
6.1065     6.0621    

# Frame370

# x        y
3.3750     1.3647    
1.0050     31.1175   
15.5613    31.4173   
1.3852     35.9236   
6.5820     15.4606   
6.1065     6.0621    

# Frame371

# x        y
3.3751     1.3636    
1.0050     31.1175   
15.5611    31.4170   
1.3852     35.9236   
6.5820     15.4606   
6.1065     6.0621    

# Frame372

# x        y
3.3753     1.3625    
1.0050     31.1175   
15.5609    31.4166   
1.3852     35.9236   
6.5820     15.4606   
6.1065     6.0621    

# Frame373

# x        y
3.3755     1.3615    
1.0050     31.1175   
15.5608    31.4163   
1.3852     35.9236   
6.5820     15.4606   
6.1065     6.0621    

# Frame374

# x        y
3.3757     1.3604    
1.0050     31.1175   
15.5606    31.4160   
1.3852     35.9236   
6.5820     15.4606   
6.1065     6.0621    

# Frame375

# x        y
3.3759     1.3594    
1.0050     31.1175   
15.5604    31.4156   
1.3852     35.9236   
6.5820     15.4606   
6.1065     6.0621    

# Frame376

# x        y
3.3761     1.3584    
1.0050     31.1175   
15.5602    31.4153   
1.3852     35.9236   
6.5820     15.4606   
6.1065     6.0621    

# Frame377

# x        y
3.3763     1.3574    
1.0050     31.1175   
15.5601    31.4150   
1.3852     35.9236   
6.5820     15.4606   
6.1065     6.0621    

# Frame378

# x        y
3.3764     1.3564    
1.0050     31.1175   
15.5599    31.4147   
1.3852     35.9236   
6.5820     15.4606   
6.1065     6.0621    

# Frame379

# x        y
3.3766     1.3555    
1.0050     31.1175   
15.5597    31.4143   
1.3852     35.9236   
6.5820     15.4606   
6.1065     6.0621    

# Frame380

# x        y
3.3768     1.3545    
1.0050     31.1175   
15.5596    31.4140   
1.3852     35.9236   
6.5820     15.4606   
6.1065     6.0621    

# Frame381

# x        y
3.3769     1.3536    
1.0050     31.1175   
15.5594    31.4137   
1.3852     35.9236   
6.5820     15.4606   
6.1065     6.0621    

# Frame382

# x        y
3.3771     1.3527    
1.0050     31.1175   
15.5593    31.4134   
1.3852     35.9236   
6.5820     15.4606   
6.1065     6.0621    

# Frame383

# x        y
3.3773     1.3518    
1.0050     31.1175   
15.5591    31.4132   
1.3852     35.9236   
6.5820     15.4606   
6.1065     6.0621    

# Frame384

# x        y
3.3774     1.3509    
1.0050     31.1175   
15.5590    31.4129   
1.3852     35.9236   
6.5820     15.4606   
6.1065     6.0621    

# Frame385

# x        y
3.3776     1.3501    
1.0050     31.1175   
15.5588    31.4126   
1.3852     35.9236   
6.5820     15.4606   
6.1065     6.0621    

# Frame386

# x        y
3.3777     1.3492    
1.0050     31.1175   
15.5587    31.4123   
1.3852     35.9236   
6.5820     15.4606   
6.1065     6.0621    

# Frame387

# x        y
3.3779     1.3484    
1.0050     31.1175   
15.5585    31.4120   
1.3852     35.9236   
6.5820     15.4606   
6.1065     6.0621    

# Frame388

# x        y
3.3780     1.3476    
1.0050     31.1175   
15.5584    31.4118   
1.3852     35.9236   
6.5820     15.4606   
6.1065     6.0621    

# Frame389

# x        y
3.3782     1.3468    
1.0050     31.1175   
15.5582    31.4115   
1.3852     35.9236   
6.5820     15.4606   
6.1065     6.0621    

# Frame390

# x        y
3.3783     1.3460    
1.0050     31.1175   
15.5581    31.4113   
1.3852     35.9236   
6.5820     15.4606   
6.1065     6.0621    

# Frame391

# x        y
3.3784     1.3452    
1.0050     31.1175   
15.5580    31.4110   
1.3852     35.9236   
6.5820     15.4606   
6.1065     6.0621    

# Frame392

# x        y
3.3786     1.3444    
1.0050     31.1175   
15.5578    31.4107   
1.3852     35.9236   
6.5820     15.4606   
6.1065     6.0621    

# Frame393

# x        y
3.3787     1.3437    
1.0050     31.1175   
15.5577    31.4105   
1.3852     35.9236   
6.5820     15.4606   
6.1065     6.0621    

# Frame394

# x        y
3.3788     1.3429    
1.0050     31.1175   
15.5576    31.4103   
1.3852     35.9236   
6.5820     15.4606   
6.1065     6.0621    

# Frame395

# x        y
3.3790     1.3422    
1.0050     31.1175   
15.5575    31.4100   
1.3852     35.9236   
6.5820     15.4606   
6.1065     6.0621    

# Frame396

# x        y
3.3791     1.3415    
1.0050     31.1175   
15.5573    31.4098   
1.3852     35.9236   
6.5820     15.4606   
6.1065     6.0621    

# Frame397

# x        y
3.3792     1.3408    
1.0050     31.1175   
15.5572    31.4096   
1.3852     35.9236   
6.5820     15.4606   
6.1065     6.0621    

# Frame398

# x        y
3.3794     1.3401    
1.0050     31.1175   
15.5571    31.4093   
1.3852     35.9236   
6.5820     15.4606   
6.1065     6.0621    

# Frame399

# x        y
3.3795     1.3394    
1.0050     31.1175   
15.5570    31.4091   
1.3852     35.9236   
6.5820     15.4606   
6.1065     6.0621    

# Frame400

# x        y
3.3796     1.3387    
1.0050     31.1175   
15.5569    31.4089   
1.3852     35.9236   
6.5820     15.4606   
6.1065     6.0621    

# Frame401

# x        y
3.3797     1.3381    
1.0050     31.1175   
15.5568    31.4087   
1.3852     35.9236   
6.5820     15.4606   
6.1065     6.0621    

# Frame402

# x        y
3.3798     1.3374    
1.0050     31.1175   
15.5566    31.4085   
1.3852     35.9236   
6.5820     15.4606   
6.1065     6.0621    

# Frame403

# x        y
3.3800     1.3368    
1.0050     31.1175   
15.5565    31.4083   
1.3852     35.9236   
6.5820     15.4606   
6.1065     6.0621    

# Frame404

# x        y
3.3801     1.3362    
1.0050     31.1175   
15.5564    31.4081   
1.3852     35.9236   
6.5820     15.4606   
6.1065     6.0621    

# Frame405

# x        y
3.3802     1.3355    
1.0050     31.1175   
15.5563    31.4079   
1.3852     35.9236   
6.5820     15.4606   
6.1065     6.0621    

# Frame406

# x        y
3.3803     1.3349    
1.0050     31.1175   
15.5562    31.4077   
1.3852     35.9236   
6.5820     15.4606   
6.1065     6.0621    

# Frame407

# x        y
3.3804     1.3343    
1.0050     31.1175   
15.5561    31.4075   
1.3852     35.9236   
6.5820     15.4606   
6.1065     6.0621    

# Frame408

# x        y
3.3805     1.3337    
1.0050     31.1175   
15.5560    31.4073   
1.3852     35.9236   
6.5820     15.4606   
6.1065     6.0621    

# Frame409

# x        y
3.3806     1.3332    
1.0050     31.1175   
15.5559    31.4071   
1.3852     35.9236   
6.5820     15.4606   
6.1065     6.0621    

# Frame410

# x        y
3.3807     1.3326    
1.0050     31.1175   
15.5558    31.4069   
1.3852     35.9236   
6.5820     15.4606   
6.1065     6.0621    

# Frame411

# x        y
3.3808     1.3320    
1.0050     31.1175   
15.5557    31.4067   
1.3852     35.9236   
6.5820     15.4606   
6.1065     6.0621    

# Frame412

# x        y
3.3809     1.3315    
1.0050     31.1175   
15.5556    31.4065   
1.3852     35.9236   
6.5820     15.4606   
6.1065     6.0621    

# Frame413

# x        y
3.3810     1.3310    
1.0050     31.1175   
15.5555    31.4064   
1.3852     35.9236   
6.5820     15.4606   
6.1065     6.0621    

# Frame414

# x        y
3.3811     1.3304    
1.0050     31.1175   
15.5555    31.4062   
1.3852     35.9236   
6.5820     15.4606   
6.1065     6.0621    

# Frame415

# x        y
3.3812     1.3299    
1.0050     31.1175   
15.5554    31.4060   
1.3852     35.9236   
6.5820     15.4606   
6.1065     6.0621    

# Frame416

# x        y
3.3813     1.3294    
1.0050     31.1175   
15.5553    31.4059   
1.3852     35.9236   
6.5820     15.4606   
6.1065     6.0621    

# Frame417

# x        y
3.3814     1.3289    
1.0050     31.1175   
15.5552    31.4057   
1.3852     35.9236   
6.5820     15.4606   
6.1065     6.0621    

# Frame418

# x        y
3.3815     1.3284    
1.0050     31.1175   
15.5551    31.4055   
1.3852     35.9236   
6.5820     15.4606   
6.1065     6.0621    

# Frame419

# x        y
3.3815     1.3279    
1.0050     31.1175   
15.5550    31.4054   
1.3852     35.9236   
6.5820     15.4606   
6.1065     6.0621    

# Frame420

# x        y
3.3816     1.3274    
1.0050     31.1175   
15.5549    31.4052   
1.3852     35.9236   
6.5820     15.4606   
6.1065     6.0621    

# Frame421

# x        y
3.3817     1.3270    
1.0050     31.1175   
15.5549    31.4051   
1.3852     35.9236   
6.5820     15.4606   
6.1065     6.0621    

# Frame422

# x        y
3.3818     1.3265    
1.0050     31.1175   
15.5548    31.4049   
1.3852     35.9236   
6.5820     15.4606   
6.1065     6.0621    

# Frame423

# x        y
3.3819     1.3260    
1.0050     31.1175   
15.5547    31.4048   
1.3852     35.9236   
6.5820     15.4606   
6.1065     6.0621    

# Frame424

# x        y
3.3820     1.3256    
1.0050     31.1175   
15.5546    31.4046   
1.3852     35.9236   
6.5820     15.4606   
6.1065     6.0621    

# Frame425

# x        y
3.3820     1.3251    
1.0050     31.1175   
15.5546    31.4045   
1.3852     35.9236   
6.5820     15.4606   
6.1065     6.0621    

# Frame426

# x        y
3.3821     1.3247    
1.0050     31.1175   
15.5545    31.4043   
1.3852     35.9236   
6.5820     15.4606   
6.1065     6.0621    

# Frame427

# x        y
3.3822     1.3243    
1.0050     31.1175   
15.5544    31.4042   
1.3852     35.9236   
6.5820     15.4606   
6.1065     6.0621    

# Frame428

# x        y
3.3823     1.3239    
1.0050     31.1175   
15.5543    31.4041   
1.3852     35.9236   
6.5820     15.4606   
6.1065     6.0621    

# Frame429

# x        y
3.3823     1.3235    
1.0050     31.1175   
15.5543    31.4039   
1.3852     35.9236   
6.5820     15.4606   
6.1065     6.0621    

# Frame430

# x        y
3.3824     1.3231    
1.0050     31.1175   
15.5542    31.4038   
1.3852     35.9236   
6.5820     15.4606   
6.1065     6.0621    

# Frame431

# x        y
3.3825     1.3227    
1.0050     31.1175   
15.5541    31.4037   
1.3852     35.9236   
6.5820     15.4606   
6.1065     6.0621    

# Frame432

# x        y
3.3826     1.3223    
1.0050     31.1175   
15.5541    31.4035   
1.3852     35.9236   
6.5820     15.4606   
6.1065     6.0621    

# Frame433

# x        y
3.3826     1.3219    
1.0050     31.1175   
15.5540    31.4034   
1.3852     35.9236   
6.5820     15.4606   
6.1065     6.0621    

# Frame434

# x        y
3.3827     1.3215    
1.0050     31.1175   
15.5539    31.4033   
1.3852     35.9236   
6.5820     15.4606   
6.1065     6.0621    

# Frame435

# x        y
3.3828     1.3211    
1.0050     31.1175   
15.5539    31.4032   
1.3852     35.9236   
6.5820     15.4606   
6.1065     6.0621    

# Frame436

# x        y
3.3828     1.3208    
1.0050     31.1175   
15.5538    31.4031   
1.3852     35.9236   
6.5820     15.4606   
6.1065     6.0621    

# Frame437

# x        y
3.3829     1.3204    
1.0050     31.1175   
15.5537    31.4029   
1.3852     35.9236   
6.5820     15.4606   
6.1065     6.0621    

# Frame438

# x        y
3.3830     1.3200    
1.0050     31.1175   
15.5537    31.4028   
1.3852     35.9236   
6.5820     15.4606   
6.1065     6.0621    

# Frame439

# x        y
3.3830     1.3197    
1.0050     31.1175   
15.5536    31.4027   
1.3852     35.9236   
6.5820     15.4606   
6.1065     6.0621    

# Frame440

# x        y
3.3831     1.3194    
1.0050     31.1175   
15.5536    31.4026   
1.3852     35.9236   
6.5820     15.4606   
6.1065     6.0621    

# Frame441

# x        y
3.3831     1.3190    
1.0050     31.1175   
15.5535    31.4025   
1.3852     35.9236   
6.5820     15.4606   
6.1065     6.0621    

# Frame442

# x        y
3.3832     1.3187    
1.0050     31.1175   
15.5534    31.4024   
1.3852     35.9236   
6.5820     15.4606   
6.1065     6.0621    

# Frame443

# x        y
3.3833     1.3184    
1.0050     31.1175   
15.5534    31.4023   
1.3852     35.9236   
6.5820     15.4606   
6.1065     6.0621    

# Frame444

# x        y
3.3833     1.3180    
1.0050     31.1175   
15.5533    31.4022   
1.3852     35.9236   
6.5820     15.4606   
6.1065     6.0621    

# Frame445

# x        y
3.3834     1.3177    
1.0050     31.1175   
15.5533    31.4021   
1.3852     35.9236   
6.5820     15.4606   
6.1065     6.0621    

# Frame446

# x        y
3.3834     1.3174    
1.0050     31.1175   
15.5532    31.4020   
1.3852     35.9236   
6.5820     15.4606   
6.1065     6.0621    

# Frame447

# x        y
3.3835     1.3171    
1.0050     31.1175   
15.5532    31.4019   
1.3852     35.9236   
6.5820     15.4606   
6.1065     6.0621    

# Frame448

# x        y
3.3835     1.3168    
1.0050     31.1175   
15.5531    31.4018   
1.3852     35.9236   
6.5820     15.4606   
6.1065     6.0621    

# Frame449

# x        y
3.3836     1.3165    
1.0050     31.1175   
15.5531    31.4017   
1.3852     35.9236   
6.5820     15.4606   
6.1065     6.0621    

# Frame450

# x        y
3.3836     1.3162    
1.0050     31.1175   
15.5530    31.4016   
1.3852     35.9236   
6.5820     15.4606   
6.1065     6.0621    

# Frame451

# x        y
3.3837     1.3159    
1.0050     31.1175   
15.5530    31.4015   
1.3852     35.9236   
6.5820     15.4606   
6.1065     6.0621    

# Frame452

# x        y
3.3837     1.3157    
1.0050     31.1175   
15.5529    31.4014   
1.3852     35.9236   
6.5820     15.4606   
6.1065     6.0621    

# Frame453

# x        y
3.3838     1.3154    
1.0050     31.1175   
15.5529    31.4013   
1.3852     35.9236   
6.5820     15.4606   
6.1065     6.0621    

# Frame454

# x        y
3.3838     1.3151    
1.0050     31.1175   
15.5529    31.4013   
1.3852     35.9236   
6.5820     15.4606   
6.1065     6.0621    

# Frame455

# x        y
3.3839     1.3149    
1.0050     31.1175   
15.5529    31.4013   
1.3852     35.9236   
6.5820     15.4606   
6.1065     6.0621    

# Frame456

# x        y
3.3839     1.3146    
1.0050     31.1175   
15.5529    31.4013   
1.3852     35.9236   
6.5820     15.4606   
6.1065     6.0621    

# Frame457

# x        y
3.3840     1.3143    
1.0050     31.1175   
15.5529    31.4013   
1.3852     35.9236   
6.5820     15.4606   
6.1065     6.0621    

# Frame458

# x        y
3.3840     1.3141    
1.0050     31.1175   
15.5529    31.4013   
1.3852     35.9236   
6.5820     15.4606   
6.1065     6.0621    

# Frame459

# x        y
3.3841     1.3138    
1.0050     31.1175   
15.5529    31.4013   
1.3852     35.9236   
6.5820     15.4606   
6.1065     6.0621    

# Frame460

# x        y
3.3841     1.3136    
1.0050     31.1175   
15.5529    31.4013   
1.3852     35.9236   
6.5820     15.4606   
6.1065     6.0621    

# Frame461

# x        y
3.3842     1.3133    
1.0050     31.1175   
15.5529    31.4013   
1.3852     35.9236   
6.5820     15.4606   
6.1065     6.0621    

# Frame462

# x        y
3.3842     1.3131    
1.0050     31.1175   
15.5529    31.4013   
1.3852     35.9236   
6.5820     15.4606   
6.1065     6.0621    

# Frame463

# x        y
3.3842     1.3129    
1.0050     31.1175   
15.5529    31.4013   
1.3852     35.9236   
6.5820     15.4606   
6.1065     6.0621    

# Frame464

# x        y
3.3843     1.3126    
1.0050     31.1175   
15.5529    31.4013   
1.3852     35.9236   
6.5820     15.4606   
6.1065     6.0621    

# Frame465

# x        y
3.3843     1.3124    
1.0050     31.1175   
15.5529    31.4013   
1.3852     35.9236   
6.5820     15.4606   
6.1065     6.0621    

# Frame466

# x        y
3.3844     1.3122    
1.0050     31.1175   
15.5529    31.4013   
1.3852     35.9236   
6.5820     15.4606   
6.1065     6.0621    

# Frame467

# x        y
3.3844     1.3120    
1.0050     31.1175   
15.5529    31.4013   
1.3852     35.9236   
6.5820     15.4606   
6.1065     6.0621    

# Frame468

# x        y
3.3844     1.3118    
1.0050     31.1175   
15.5529    31.4013   
1.3852     35.9236   
6.5820     15.4606   
6.1065     6.0621    

# Frame469

# x        y
3.3845     1.3116    
1.0050     31.1175   
15.5529    31.4013   
1.3852     35.9236   
6.5820     15.4606   
6.1065     6.0621    

# Frame470

# x        y
3.3845     1.3114    
1.0050     31.1175   
15.5529    31.4013   
1.3852     35.9236   
6.5820     15.4606   
6.1065     6.0621    

# Frame471

# x        y
3.3845     1.3112    
1.0050     31.1175   
15.5529    31.4013   
1.3852     35.9236   
6.5820     15.4606   
6.1065     6.0621    

# Frame472

# x        y
3.3846     1.3110    
1.0050     31.1175   
15.5529    31.4013   
1.3852     35.9236   
6.5820     15.4606   
6.1065     6.0621    

# Frame473

# x        y
3.3846     1.3108    
1.0050     31.1175   
15.5529    31.4013   
1.3852     35.9236   
6.5820     15.4606   
6.1065     6.0621    

# Frame474

# x        y
3.3847     1.3106    
1.0050     31.1175   
15.5529    31.4013   
1.3852     35.9236   
6.5820     15.4606   
6.1065     6.0621    

# Frame475

# x        y
3.3847     1.3104    
1.0050     31.1175   
15.5529    31.4013   
1.3852     35.9236   
6.5820     15.4606   
6.1065     6.0621    

# Frame476

# x        y
3.3847     1.3102    
1.0050     31.1175   
15.5529    31.4013   
1.3852     35.9236   
6.5820     15.4606   
6.1065     6.0621    

# Frame477

# x        y
3.3848     1.3100    
1.0050     31.1175   
15.5529    31.4013   
1.3852     35.9236   
6.5820     15.4606   
6.1065     6.0621    

# Frame478

# x        y
3.3848     1.3098    
1.0050     31.1175   
15.5529    31.4013   
1.3852     35.9236   
6.5820     15.4606   
6.1065     6.0621    

# Frame479

# x        y
3.3848     1.3096    
1.0050     31.1175   
15.5529    31.4013   
1.3852     35.9236   
6.5820     15.4606   
6.1065     6.0621    

# Frame480

# x        y
3.3849     1.3095    
1.0050     31.1175   
15.5529    31.4013   
1.3852     35.9236   
6.5820     15.4606   
6.1065     6.0621    

# Frame481

# x        y
3.3849     1.3093    
1.0050     31.1175   
15.5529    31.4013   
1.3852     35.9236   
6.5820     15.4606   
6.1065     6.0621    

# Frame482

# x        y
3.3849     1.3091    
1.0050     31.1175   
15.5529    31.4013   
1.3852     35.9236   
6.5820     15.4606   
6.1065     6.0621    

# Frame483

# x        y
3.3849     1.3090    
1.0050     31.1175   
15.5529    31.4013   
1.3852     35.9236   
6.5820     15.4606   
6.1065     6.0621    

# Frame484

# x        y
3.3850     1.3088    
1.0050     31.1175   
15.5529    31.4013   
1.3852     35.9236   
6.5820     15.4606   
6.1065     6.0621    

# Frame485

# x        y
3.3850     1.3086    
1.0050     31.1175   
15.5529    31.4013   
1.3852     35.9236   
6.5820     15.4606   
6.1065     6.0621    

# Frame486

# x        y
3.3850     1.3085    
1.0050     31.1175   
15.5529    31.4013   
1.3852     35.9236   
6.5820     15.4606   
6.1065     6.0621    

# Frame487

# x        y
3.3851     1.3083    
1.0050     31.1175   
15.5529    31.4013   
1.3852     35.9236   
6.5820     15.4606   
6.1065     6.0621    

# Frame488

# x        y
3.3851     1.3082    
1.0050     31.1175   
15.5529    31.4013   
1.3852     35.9236   
6.5820     15.4606   
6.1065     6.0621    

# Frame489

# x        y
3.3851     1.3080    
1.0050     31.1175   
15.5529    31.4013   
1.3852     35.9236   
6.5820     15.4606   
6.1065     6.0621    

# Frame490

# x        y
3.3851     1.3079    
1.0050     31.1175   
15.5529    31.4013   
1.3852     35.9236   
6.5820     15.4606   
6.1065     6.0621    

# Frame491

# x        y
3.3852     1.3077    
1.0050     31.1175   
15.5529    31.4013   
1.3852     35.9236   
6.5820     15.4606   
6.1065     6.0621    

# Frame492

# x        y
3.3852     1.3076    
1.0050     31.1175   
15.5529    31.4013   
1.3852     35.9236   
6.5820     15.4606   
6.1065     6.0621    

# Frame493

# x        y
3.3852     1.3074    
1.0050     31.1175   
15.5529    31.4013   
1.3852     35.9236   
6.5820     15.4606   
6.1065     6.0621    

# Frame494

# x        y
3.3852     1.3073    
1.0050     31.1175   
15.5529    31.4013   
1.3852     35.9236   
6.5820     15.4606   
6.1065     6.0621    

# Frame495

# x        y
3.3853     1.3072    
1.0050     31.1175   
15.5529    31.4013   
1.3852     35.9236   
6.5820     15.4606   
6.1065     6.0621    

# Frame496

# x        y
3.3853     1.3070    
1.0050     31.1175   
15.5529    31.4013   
1.3852     35.9236   
6.5820     15.4606   
6.1065     6.0621    

# Frame497

# x        y
3.3853     1.3069    
1.0050     31.1175   
15.5529    31.4013   
1.3852     35.9236   
6.5820     15.4606   
6.1065     6.0621    

# Frame498

# x        y
3.3853     1.3068    
1.0050     31.1175   
15.5529    31.4013   
1.3852     35.9236   
6.5820     15.4606   
6.1065     6.0621    

# Frame499

# x        y
3.3854     1.3066    
1.0050     31.1175   
15.5529    31.4013   
1.3852     35.9236   
6.5820     15.4606   
6.1065     6.0621    

# Frame500

# x        y
3.3854     1.3065    
1.0050     31.1175   
15.5529    31.4013   
1.3852     35.9236   
6.5820     15.4606   
6.1065     6.0621    

# Frame501

# x        y
3.3854     1.3064    
1.0050     31.1175   
15.5529    31.4013   
1.3852     35.9236   
6.5820     15.4606   
6.1065     6.0621    

# Frame502

# x        y
3.3854     1.3063    
1.0050     31.1175   
15.5529    31.4013   
1.3852     35.9236   
6.5820     15.4606   
6.1065     6.0621    

# Frame503

# x        y
3.3854     1.3062    
1.0050     31.1175   
15.5529    31.4013   
1.3852     35.9236   
6.5820     15.4606   
6.1065     6.0621    

# Frame504

# x        y
3.3855     1.3060    
1.0050     31.1175   
15.5529    31.4013   
1.3852     35.9236   
6.5820     15.4606   
6.1065     6.0621    

# Frame505

# x        y
3.3855     1.3059    
1.0050     31.1175   
15.5529    31.4013   
1.3852     35.9236   
6.5820     15.4606   
6.1065     6.0621    

# Frame506

# x        y
3.3855     1.3058    
1.0050     31.1175   
15.5529    31.4013   
1.3852     35.9236   
6.5820     15.4606   
6.1065     6.0621    

# Frame507

# x        y
3.3855     1.3057    
1.0050     31.1175   
15.5529    31.4013   
1.3852     35.9236   
6.5820     15.4606   
6.1065     6.0621    

# Frame508

# x        y
3.3855     1.3056    
1.0050     31.1175   
15.5529    31.4013   
1.3852     35.9236   
6.5820     15.4606   
6.1065     6.0621    

# Frame509

# x        y
3.3856     1.3055    
1.0050     31.1175   
15.5529    31.4013   
1.3852     35.9236   
6.5820     15.4606   
6.1065     6.0621    

# Frame510

# x        y
3.3856     1.3054    
1.0050     31.1175   
15.5529    31.4013   
1.3852     35.9236   
6.5820     15.4606   
6.1065     6.0621    

# Frame511

# x        y
3.3856     1.3053    
1.0050     31.1175   
15.5529    31.4013   
1.3852     35.9236   
6.5820     15.4606   
6.1065     6.0621    

# Frame512

# x        y
3.3856     1.3052    
1.0050     31.1175   
15.5529    31.4013   
1.3852     35.9236   
6.5820     15.4606   
6.1065     6.0621    

# Frame513

# x        y
3.3856     1.3051    
1.0050     31.1175   
15.5529    31.4013   
1.3852     35.9236   
6.5820     15.4606   
6.1065     6.0621    

# Frame514

