# x        y
6.6280     25.8348   
9.8408     13.8658   
16.0152    10.1195   
10.5009    1.8795    
1.0533     16.6368   
3.4646     33.6742   

# Frame1

# x        y
6.9007     27.8162   
9.8408     13.8658   
16.0152    10.1195   
10.5009    1.8795    
1.0533     16.6368   
3.4646     33.6742   

# Frame2

# x        y
7.1688     29.7645   
9.8408     13.8658   
16.0152    10.1195   
10.5009    1.8795    
1.0533     16.6368   
3.4646     33.6742   

# Frame3

# x        y
7.4324     31.6803   
9.8408     13.8658   
16.0152    10.1195   
10.5009    1.8795    
1.0533     16.6368   
3.4646     33.6742   

# Frame4

# x        y
7.6917     33.5642   
9.8408     13.8658   
16.0152    10.1195   
10.5009    1.8795    
1.0533     16.6368   
3.4646     33.6742   

# Frame5

# x        y
7.9466     35.4167   
9.8408     13.8658   
16.0152    10.1195   
10.5009    1.8795    
1.0533     16.6368   
3.4646     33.6742   

# Frame6

# x        y
8.1973     37.2383   
9.8408     13.8658   
16.0152    10.1195   
10.5009    1.8795    
1.0533     16.6368   
3.4646     33.6742   

# Frame7

# x        y
8.4427     38.9829   
9.8408     13.8658   
16.0152    10.1195   
10.5009    1.8795    
1.0533     16.6368   
3.4646     33.6742   

# Frame8

# x        y
8.6040     38.1021   
9.8408     13.8658   
16.0152    10.1195   
10.5009    1.8795    
1.0533     16.6368   
3.4646     33.6742   

# Frame9

# x        y
8.7626     37.2361   
9.8408     13.8658   
16.0152    10.1195   
10.5009    1.8795    
1.0533     16.6368   
3.4646     33.6742   

# Frame10

# x        y
8.9186     36.3845   
9.8408     13.8658   
16.0152    10.1195   
10.5009    1.8795    
1.0533     16.6368   
3.4646     33.6742   

# Frame11

# x        y
9.0720     35.5471   
9.8408     13.8658   
16.0152    10.1195   
10.5009    1.8795    
1.0533     16.6368   
3.4646     33.6742   

# Frame12

# x        y
9.2228     34.7237   
9.8408     13.8658   
16.0152    10.1195   
10.5009    1.8795    
1.0533     16.6368   
3.4646     33.6742   

# Frame13

# x        y
9.3711     33.9140   
9.8408     13.8658   
16.0152    10.1195   
10.5009    1.8795    
1.0533     16.6368   
3.4646     33.6742   

# Frame14

# x        y
9.5170     33.1177   
9.8408     13.8658   
16.0152    10.1195   
10.5009    1.8795    
1.0533     16.6368   
3.4646     33.6742   

# Frame15

# x        y
9.6604     32.3348   
9.8408     13.8658   
16.0152    10.1195   
10.5009    1.8795    
1.0533     16.6368   
3.4646     33.6742   

# Frame16

# x        y
9.8014     31.5649   
9.8408     13.8658   
16.0152    10.1195   
10.5009    1.8795    
1.0533     16.6368   
3.4646     33.6742   

# Frame17

# x        y
9.9401     30.8078   
9.8408     13.8658   
16.0152    10.1195   
10.5009    1.8795    
1.0533     16.6368   
3.4646     33.6742   

# Frame18

# x        y
10.0764    30.0633   
9.8408     13.8658   
16.0152    10.1195   
10.5009    1.8795    
1.0533     16.6368   
3.4646     33.6742   

# Frame19

# x        y
10.2105    29.3313   
9.8408     13.8658   
16.0152    10.1195   
10.5009    1.8795    
1.0533     16.6368   
3.4646     33.6742   

# Frame20

# x        y
10.3424    28.6114   
9.8408     13.8658   
16.0152    10.1195   
10.5009    1.8795    
1.0533     16.6368   
3.4646     33.6742   

# Frame21

# x        y
10.4720    27.9036   
9.8408     13.8658   
16.0152    10.1195   
10.5009    1.8795    
1.0533     16.6368   
3.4646     33.6742   

# Frame22

# x        y
10.5995    27.2075   
9.8408     13.8658   
16.0152    10.1195   
10.5009    1.8795    
1.0533     16.6368   
3.4646     33.6742   

# Frame23

# x        y
10.7249    26.5231   
9.8408     13.8658   
16.0152    10.1195   
10.5009    1.8795    
1.0533     16.6368   
3.4646     33.6742   

# Frame24

# x        y
10.8482    25.8500   
9.8408     13.8658   
16.0152    10.1195   
10.5009    1.8795    
1.0533     16.6368   
3.4646     33.6742   

# Frame25

# x        y
10.9694    25.1882   
9.8408     13.8658   
16.0152    10.1195   
10.5009    1.8795    
1.0533     16.6368   
3.4646     33.6742   

# Frame26

# x        y
11.0886    24.5374   
9.8408     13.8658   
16.0152    10.1195   
10.5009    1.8795    
1.0533     16.6368   
3.4646     33.6742   

# Frame27

# x        y
11.2059    23.8975   
9.8408     13.8658   
16.0152    10.1195   
10.5009    1.8795    
1.0533     16.6368   
3.4646     33.6742   

# Frame28

# x        y
11.3211    23.2682   
9.8408     13.8658   
16.0152    10.1195   
10.5009    1.8795    
1.0533     16.6368   
3.4646     33.6742   

# Frame29

# x        y
11.4345    22.6494   
9.8408     13.8658   
16.0152    10.1195   
10.5009    1.8795    
1.0533     16.6368   
3.4646     33.6742   

# Frame30

# x        y
11.5459    22.0409   
9.8408     13.8658   
16.0152    10.1195   
10.5009    1.8795    
1.0533     16.6368   
3.4646     33.6742   

# Frame31

# x        y
11.6555    21.4426   
9.8408     13.8658   
16.0152    10.1195   
10.5009    1.8795    
1.0533     16.6368   
3.4646     33.6742   

# Frame32

# x        y
11.7633    20.8542   
9.8408     13.8658   
16.0152    10.1195   
10.5009    1.8795    
1.0533     16.6368   
3.4646     33.6742   

# Frame33

# x        y
11.8693    20.2756   
9.8408     13.8658   
16.0152    10.1195   
10.5009    1.8795    
1.0533     16.6368   
3.4646     33.6742   

# Frame34

# x        y
11.9735    19.7067   
9.8408     13.8658   
16.0152    10.1195   
10.5009    1.8795    
1.0533     16.6368   
3.4646     33.6742   

# Frame35

# x        y
12.0759    19.1473   
9.8408     13.8658   
16.0152    10.1195   
10.5009    1.8795    
1.0533     16.6368   
3.4646     33.6742   

# Frame36

# x        y
12.1767    18.5972   
9.8408     13.8658   
16.0152    10.1195   
10.5009    1.8795    
1.0533     16.6368   
3.4646     33.6742   

# Frame37

# x        y
12.2758    18.0562   
9.8408     13.8658   
16.0152    10.1195   
10.5009    1.8795    
1.0533     16.6368   
3.4646     33.6742   

# Frame38

# x        y
12.3732    17.5243   
9.8408     13.8658   
16.0152    10.1195   
10.5009    1.8795    
1.0533     16.6368   
3.4646     33.6742   

# Frame39

# x        y
12.4690    17.0012   
9.8408     13.8658   
16.0152    10.1195   
10.5009    1.8795    
1.0533     16.6368   
3.4646     33.6742   

# Frame40

# x        y
12.5632    16.4869   
9.8408     13.8658   
16.0152    10.1195   
10.5009    1.8795    
1.0533     16.6368   
3.4646     33.6742   

# Frame41

# x        y
12.6559    15.9811   
9.8408     13.8658   
16.0152    10.1195   
10.5009    1.8795    
1.0533     16.6368   
3.4646     33.6742   

# Frame42

# x        y
12.7470    15.4838   
9.8408     13.8658   
16.0152    10.1195   
10.5009    1.8795    
1.0533     16.6368   
3.4646     33.6742   

# Frame43

# x        y
12.8366    14.9947   
9.8408     13.8658   
16.0152    10.1195   
10.5009    1.8795    
1.0533     16.6368   
3.4646     33.6742   

# Frame44

# x        y
12.9247    14.5138   
9.8408     13.8658   
16.0152    10.1195   
10.5009    1.8795    
1.0533     16.6368   
3.4646     33.6742   

# Frame45

# x        y
13.0113    14.0409   
9.8408     13.8658   
16.0152    10.1195   
10.5009    1.8795    
1.0533     16.6368   
3.4646     33.6742   

# Frame46

# x        y
13.0965    13.5759   
9.8408     13.8658   
16.0152    10.1195   
10.5009    1.8795    
1.0533     16.6368   
3.4646     33.6742   

# Frame47

# x        y
13.1802    13.1186   
9.8408     13.8658   
16.0152    10.1195   
10.5009    1.8795    
1.0533     16.6368   
3.4646     33.6742   

# Frame48

# x        y
13.2626    12.6690   
9.8408     13.8658   
16.0152    10.1195   
10.5009    1.8795    
1.0533     16.6368   
3.4646     33.6742   

# Frame49

# x        y
13.3436    12.2269   
9.8408     13.8658   
16.0152    10.1195   
10.5009    1.8795    
1.0533     16.6368   
3.4646     33.6742   

# Frame50

# x        y
13.4232    11.7921   
9.8408     13.8658   
16.0152    10.1195   
10.5009    1.8795    
1.0533     16.6368   
3.4646     33.6742   

# Frame51

# x        y
13.5015    11.3646   
9.8408     13.8658   
16.0152    10.1195   
10.5009    1.8795    
1.0533     16.6368   
3.4646     33.6742   

# Frame52

# x        y
13.5785    10.9442   
9.8408     13.8658   
16.0152    10.1195   
10.5009    1.8795    
1.0533     16.6368   
3.4646     33.6742   

# Frame53

# x        y
13.6542    10.5308   
9.8408     13.8658   
16.0152    10.1195   
10.5009    1.8795    
1.0533     16.6368   
3.4646     33.6742   

# Frame54

# x        y
13.7287    10.1243   
9.8408     13.8658   
16.0152    10.1195   
10.5009    1.8795    
1.0533     16.6368   
3.4646     33.6742   

# Frame55

# x        y
13.8019    9.7245    
9.8408     13.8658   
16.0152    10.1195   
10.5009    1.8795    
1.0533     16.6368   
3.4646     33.6742   

# Frame56

# x        y
13.8739    9.3315    
9.8408     13.8658   
16.0152    10.1195   
10.5009    1.8795    
1.0533     16.6368   
3.4646     33.6742   

# Frame57

# x        y
13.9447    8.9449    
9.8408     13.8658   
16.0152    10.1195   
10.5009    1.8795    
1.0533     16.6368   
3.4646     33.6742   

# Frame58

# x        y
14.0143    8.5649    
9.8408     13.8658   
16.0152    10.1195   
10.5009    1.8795    
1.0533     16.6368   
3.4646     33.6742   

# Frame59

# x        y
14.0828    8.1911    
9.8408     13.8658   
16.0152    10.1195   
10.5009    1.8795    
1.0533     16.6368   
3.4646     33.6742   

# Frame60

# x        y
14.1501    7.8236    
9.8408     13.8658   
16.0152    10.1195   
10.5009    1.8795    
1.0533     16.6368   
3.4646     33.6742   

# Frame61

# x        y
14.2163    7.4622    
9.8408     13.8658   
16.0152    10.1195   
10.5009    1.8795    
1.0533     16.6368   
3.4646     33.6742   

# Frame62

# x        y
14.2814    7.1069    
9.8408     13.8658   
16.0152    10.1195   
10.5009    1.8795    
1.0533     16.6368   
3.4646     33.6742   

# Frame63

# x        y
14.3454    6.7574    
9.8408     13.8658   
16.0152    10.1195   
10.5009    1.8795    
1.0533     16.6368   
3.4646     33.6742   

# Frame64

# x        y
14.4083    6.4138    
9.8408     13.8658   
16.0152    10.1195   
10.5009    1.8795    
1.0533     16.6368   
3.4646     33.6742   

# Frame65

# x        y
14.4702    6.0759    
9.8408     13.8658   
16.0152    10.1195   
10.5009    1.8795    
1.0533     16.6368   
3.4646     33.6742   

# Frame66

# x        y
14.5311    5.7437    
9.8408     13.8658   
16.0152    10.1195   
10.5009    1.8795    
1.0533     16.6368   
3.4646     33.6742   

# Frame67

# x        y
14.5909    5.4169    
9.8408     13.8658   
16.0152    10.1195   
10.5009    1.8795    
1.0533     16.6368   
3.4646     33.6742   

# Frame68

# x        y
14.6498    5.0957    
9.8408     13.8658   
16.0152    10.1195   
10.5009    1.8795    
1.0533     16.6368   
3.4646     33.6742   

# Frame69

# x        y
14.7076    4.7797    
9.8408     13.8658   
16.0152    10.1195   
10.5009    1.8795    
1.0533     16.6368   
3.4646     33.6742   

# Frame70

# x        y
14.7646    4.4691    
9.8408     13.8658   
16.0152    10.1195   
10.5009    1.8795    
1.0533     16.6368   
3.4646     33.6742   

# Frame71

# x        y
14.8205    4.1636    
9.8408     13.8658   
16.0152    10.1195   
10.5009    1.8795    
1.0533     16.6368   
3.4646     33.6742   

# Frame72

# x        y
14.8755    3.8632    
9.8408     13.8658   
16.0152    10.1195   
10.5009    1.8795    
1.0533     16.6368   
3.4646     33.6742   

# Frame73

# x        y
14.9296    3.5678    
9.8408     13.8658   
16.0152    10.1195   
10.5009    1.8795    
1.0533     16.6368   
3.4646     33.6742   

# Frame74

# x        y
14.9828    3.2774    
9.8408     13.8658   
16.0152    10.1195   
10.5009    1.8795    
1.0533     16.6368   
3.4646     33.6742   

# Frame75

# x        y
15.0352    2.9918    
9.8408     13.8658   
16.0152    10.1195   
10.5009    1.8795    
1.0533     16.6368   
3.4646     33.6742   

# Frame76

# x        y
15.0866    2.7109    
9.8408     13.8658   
16.0152    10.1195   
10.5009    1.8795    
1.0533     16.6368   
3.4646     33.6742   

# Frame77

# x        y
15.1372    2.4347    
9.8408     13.8658   
16.0152    10.1195   
10.5009    1.8795    
1.0533     16.6368   
3.4646     33.6742   

# Frame78

# x        y
15.1869    2.1632    
9.8408     13.8658   
16.0152    10.1195   
10.5009    1.8795    
1.0533     16.6368   
3.4646     33.6742   

# Frame79

# x        y
15.2358    1.8961    
9.8408     13.8658   
16.0152    10.1195   
10.5009    1.8795    
1.0533     16.6368   
3.4646     33.6742   

# Frame80

# x        y
15.2839    1.6335    
9.8408     13.8658   
16.0152    10.1195   
10.5009    1.8795    
1.0533     16.6368   
3.4646     33.6742   

# Frame81

# x        y
15.3312    1.3753    
9.8408     13.8658   
16.0152    10.1195   
10.5009    1.8795    
1.0533     16.6368   
3.4646     33.6742   

# Frame82

# x        y
15.3777    1.1214    
9.8408     13.8658   
16.0152    10.1195   
10.5009    1.8795    
1.0533     16.6368   
3.4646     33.6742   

# Frame83

# x        y
15.4139    1.0665    
9.8408     13.8658   
16.0152    10.1195   
10.5009    1.8795    
1.0533     16.6368   
3.4646     33.6742   

# Frame84

# x        y
15.4397    1.1893    
9.8408     13.8658   
16.0152    10.1195   
10.5009    1.8795    
1.0533     16.6368   
3.4646     33.6742   

# Frame85

# x        y
15.4651    1.3100    
9.8408     13.8658   
16.0152    10.1195   
10.5009    1.8795    
1.0533     16.6368   
3.4646     33.6742   

# Frame86

# x        y
15.4901    1.4287    
9.8408     13.8658   
16.0152    10.1195   
10.5009    1.8795    
1.0533     16.6368   
3.4646     33.6742   

# Frame87

# x        y
15.5146    1.5454    
9.8408     13.8658   
16.0152    10.1195   
10.5009    1.8795    
1.0533     16.6368   
3.4646     33.6742   

# Frame88

# x        y
15.5388    1.6602    
9.8408     13.8658   
16.0152    10.1195   
10.5009    1.8795    
1.0533     16.6368   
3.4646     33.6742   

# Frame89

# x        y
15.5625    1.7730    
9.8408     13.8658   
16.0152    10.1195   
10.5009    1.8795    
1.0533     16.6368   
3.4646     33.6742   

# Frame90

# x        y
15.5859    1.8840    
9.8408     13.8658   
16.0152    10.1195   
10.5009    1.8795    
1.0533     16.6368   
3.4646     33.6742   

# Frame91

# x        y
15.6088    1.9932    
9.8408     13.8658   
16.0152    10.1195   
10.5009    1.8795    
1.0533     16.6368   
3.4646     33.6742   

# Frame92

# x        y
15.6314    2.1005    
9.8408     13.8658   
16.0152    10.1195   
10.5009    1.8795    
1.0533     16.6368   
3.4646     33.6742   

# Frame93

# x        y
15.6536    2.2060    
9.8408     13.8658   
16.0152    10.1195   
10.5009    1.8795    
1.0533     16.6368   
3.4646     33.6742   

# Frame94

# x        y
15.6754    2.3098    
9.8408     13.8658   
16.0152    10.1195   
10.5009    1.8795    
1.0533     16.6368   
3.4646     33.6742   

# Frame95

# x        y
15.6969    2.4118    
9.8408     13.8658   
16.0152    10.1195   
10.5009    1.8795    
1.0533     16.6368   
3.4646     33.6742   

# Frame96

# x        y
15.7180    2.5122    
9.8408     13.8658   
16.0152    10.1195   
10.5009    1.8795    
1.0533     16.6368   
3.4646     33.6742   

# Frame97

# x        y
15.7388    2.6108    
9.8408     13.8658   
16.0152    10.1195   
10.5009    1.8795    
1.0533     16.6368   
3.4646     33.6742   

# Frame98

# x        y
15.7592    2.7078    
9.8408     13.8658   
16.0152    10.1195   
10.5009    1.8795    
1.0533     16.6368   
3.4646     33.6742   

# Frame99

# x        y
15.7793    2.8032    
9.8408     13.8658   
16.0152    10.1195   
10.5009    1.8795    
1.0533     16.6368   
3.4646     33.6742   

# Frame100

# x        y
15.7990    2.8971    
9.8408     13.8658   
16.0152    10.1195   
10.5009    1.8795    
1.0533     16.6368   
3.4646     33.6742   

# Frame101

# x        y
15.8184    2.9893    
9.8408     13.8658   
16.0152    10.1195   
10.5009    1.8795    
1.0533     16.6368   
3.4646     33.6742   

# Frame102

# x        y
15.8375    3.0800    
9.8408     13.8658   
16.0152    10.1195   
10.5009    1.8795    
1.0533     16.6368   
3.4646     33.6742   

# Frame103

# x        y
15.8563    3.1692    
9.8408     13.8658   
16.0152    10.1195   
10.5009    1.8795    
1.0533     16.6368   
3.4646     33.6742   

# Frame104

# x        y
15.8747    3.2569    
9.8408     13.8658   
16.0152    10.1195   
10.5009    1.8795    
1.0533     16.6368   
3.4646     33.6742   

# Frame105

# x        y
15.8929    3.3432    
9.8408     13.8658   
16.0152    10.1195   
10.5009    1.8795    
1.0533     16.6368   
3.4646     33.6742   

# Frame106

# x        y
15.9107    3.4280    
9.8408     13.8658   
16.0152    10.1195   
10.5009    1.8795    
1.0533     16.6368   
3.4646     33.6742   

# Frame107

# x        y
15.9282    3.5114    
9.8408     13.8658   
16.0152    10.1195   
10.5009    1.8795    
1.0533     16.6368   
3.4646     33.6742   

# Frame108

# x        y
15.9455    3.5934    
9.8408     13.8658   
16.0152    10.1195   
10.5009    1.8795    
1.0533     16.6368   
3.4646     33.6742   

# Frame109

# x        y
15.9625    3.6741    
9.8408     13.8658   
16.0152    10.1195   
10.5009    1.8795    
1.0533     16.6368   
3.4646     33.6742   

# Frame110

# x        y
15.9791    3.7534    
9.8408     13.8658   
16.0152    10.1195   
10.5009    1.8795    
1.0533     16.6368   
3.4646     33.6742   

# Frame111

# x        y
15.9956    3.8314    
9.8408     13.8658   
16.0152    10.1195   
10.5009    1.8795    
1.0533     16.6368   
3.4646     33.6742   

# Frame112

# x        y
16.0117    3.9080    
9.8408     13.8658   
16.0152    10.1195   
10.5009    1.8795    
1.0533     16.6368   
3.4646     33.6742   

# Frame113

# x        y
16.0275    3.9834    
9.8408     13.8658   
16.0152    10.1195   
10.5009    1.8795    
1.0533     16.6368   
3.4646     33.6742   

# Frame114

# x        y
16.0431    4.0576    
9.8408     13.8658   
16.0152    10.1195   
10.5009    1.8795    
1.0533     16.6368   
3.4646     33.6742   

# Frame115

# x        y
16.0585    4.1305    
9.8408     13.8658   
16.0152    10.1195   
10.5009    1.8795    
1.0533     16.6368   
3.4646     33.6742   

# Frame116

# x        y
16.0736    4.2022    
9.8408     13.8658   
16.0152    10.1195   
10.5009    1.8795    
1.0533     16.6368   
3.4646     33.6742   

# Frame117

# x        y
16.0884    4.2727    
9.8408     13.8658   
16.0152    10.1195   
10.5009    1.8795    
1.0533     16.6368   
3.4646     33.6742   

# Frame118

# x        y
16.1030    4.3420    
9.8408     13.8658   
16.0152    10.1195   
10.5009    1.8795    
1.0533     16.6368   
3.4646     33.6742   

# Frame119

# x        y
16.1173    4.4102    
9.8408     13.8658   
16.0152    10.1195   
10.5009    1.8795    
1.0533     16.6368   
3.4646     33.6742   

# Frame120

# x        y
16.1314    4.4772    
9.8408     13.8658   
16.0152    10.1195   
10.5009    1.8795    
1.0533     16.6368   
3.4646     33.6742   

# Frame121

# x        y
16.1453    4.5431    
9.8408     13.8658   
16.0152    10.1195   
10.5009    1.8795    
1.0533     16.6368   
3.4646     33.6742   

# Frame122

# x        y
16.1589    4.6079    
9.8408     13.8658   
16.0152    10.1195   
10.5009    1.8795    
1.0533     16.6368   
3.4646     33.6742   

# Frame123

# x        y
16.1723    4.6717    
9.8408     13.8658   
16.0152    10.1195   
10.5009    1.8795    
1.0533     16.6368   
3.4646     33.6742   

# Frame124

# x        y
16.1855    4.7344    
9.8408     13.8658   
16.0152    10.1195   
10.5009    1.8795    
1.0533     16.6368   
3.4646     33.6742   

# Frame125

# x        y
16.1985    4.7960    
9.8408     13.8658   
16.0152    10.1195   
10.5009    1.8795    
1.0533     16.6368   
3.4646     33.6742   

# Frame126

# x        y
16.2112    4.8566    
9.8408     13.8658   
16.0152    10.1195   
10.5009    1.8795    
1.0533     16.6368   
3.4646     33.6742   

# Frame127

# x        y
16.2238    4.9162    
9.8408     13.8658   
16.0152    10.1195   
10.5009    1.8795    
1.0533     16.6368   
3.4646     33.6742   

# Frame128

# x        y
16.2361    4.9748    
9.8408     13.8658   
16.0152    10.1195   
10.5009    1.8795    
1.0533     16.6368   
3.4646     33.6742   

# Frame129

# x        y
16.2482    5.0324    
9.8408     13.8658   
16.0152    10.1195   
10.5009    1.8795    
1.0533     16.6368   
3.4646     33.6742   

# Frame130

# x        y
16.2602    5.0891    
9.8408     13.8658   
16.0152    10.1195   
10.5009    1.8795    
1.0533     16.6368   
3.4646     33.6742   

# Frame131

# x        y
16.2719    5.1448    
9.8408     13.8658   
16.0152    10.1195   
10.5009    1.8795    
1.0533     16.6368   
3.4646     33.6742   

# Frame132

# x        y
16.2834    5.1996    
9.8408     13.8658   
16.0152    10.1195   
10.5009    1.8795    
1.0533     16.6368   
3.4646     33.6742   

# Frame133

# x        y
16.2947    5.2534    
9.8408     13.8658   
16.0152    10.1195   
10.5009    1.8795    
1.0533     16.6368   
3.4646     33.6742   

# Frame134

# x        y
16.3059    5.3064    
9.8408     13.8658   
16.0152    10.1195   
10.5009    1.8795    
1.0533     16.6368   
3.4646     33.6742   

# Frame135

# x        y
16.3168    5.3585    
9.8408     13.8658   
16.0152    10.1195   
10.5009    1.8795    
1.0533     16.6368   
3.4646     33.6742   

# Frame136

# x        y
16.3276    5.4097    
9.8408     13.8658   
16.0152    10.1195   
10.5009    1.8795    
1.0533     16.6368   
3.4646     33.6742   

# Frame137

# x        y
16.3382    5.4601    
9.8408     13.8658   
16.0152    10.1195   
10.5009    1.8795    
1.0533     16.6368   
3.4646     33.6742   

# Frame138

# x        y
16.3486    5.5097    
9.8408     13.8658   
16.0152    10.1195   
10.5009    1.8795    
1.0533     16.6368   
3.4646     33.6742   

# Frame139

# x        y
16.3589    5.5584    
9.8408     13.8658   
16.0152    10.1195   
10.5009    1.8795    
1.0533     16.6368   
3.4646     33.6742   

# Frame140

# x        y
16.3690    5.6063    
9.8408     13.8658   
16.0152    10.1195   
10.5009    1.8795    
1.0533     16.6368   
3.4646     33.6742   

# Frame141

# x        y
16.3789    5.6534    
9.8408     13.8658   
16.0152    10.1195   
10.5009    1.8795    
1.0533     16.6368   
3.4646     33.6742   

# Frame142

# x        y
16.3886    5.6997    
9.8408     13.8658   
16.0152    10.1195   
10.5009    1.8795    
1.0533     16.6368   
3.4646     33.6742   

# Frame143

# x        y
16.3982    5.7452    
9.8408     13.8658   
16.0152    10.1195   
10.5009    1.8795    
1.0533     16.6368   
3.4646     33.6742   

# Frame144

# x        y
16.4076    5.7900    
9.8408     13.8658   
16.0152    10.1195   
10.5009    1.8795    
1.0533     16.6368   
3.4646     33.6742   

# Frame145

# x        y
16.4169    5.8340    
9.8408     13.8658   
16.0152    10.1195   
10.5009    1.8795    
1.0533     16.6368   
3.4646     33.6742   

# Frame146

# x        y
16.4260    5.8773    
9.8408     13.8658   
16.0152    10.1195   
10.5009    1.8795    
1.0533     16.6368   
3.4646     33.6742   

# Frame147

# x        y
16.4350    5.9199    
9.8408     13.8658   
16.0152    10.1195   
10.5009    1.8795    
1.0533     16.6368   
3.4646     33.6742   

# Frame148

# x        y
16.4438    5.9618    
9.8408     13.8658   
16.0152    10.1195   
10.5009    1.8795    
1.0533     16.6368   
3.4646     33.6742   

# Frame149

# x        y
16.4524    6.0030    
9.8408     13.8658   
16.0152    10.1195   
10.5009    1.8795    
1.0533     16.6368   
3.4646     33.6742   

# Frame150

# x        y
16.4609    6.0434    
9.8408     13.8658   
16.0152    10.1195   
10.5009    1.8795    
1.0533     16.6368   
3.4646     33.6742   

# Frame151

# x        y
16.4693    6.0833    
9.8408     13.8658   
16.0152    10.1195   
10.5009    1.8795    
1.0533     16.6368   
3.4646     33.6742   

# Frame152

# x        y
16.4776    6.1224    
9.8408     13.8658   
16.0152    10.1195   
10.5009    1.8795    
1.0533     16.6368   
3.4646     33.6742   

# Frame153

# x        y
16.4856    6.1609    
9.8408     13.8658   
16.0152    10.1195   
10.5009    1.8795    
1.0533     16.6368   
3.4646     33.6742   

# Frame154

# x        y
16.4936    6.1988    
9.8408     13.8658   
16.0152    10.1195   
10.5009    1.8795    
1.0533     16.6368   
3.4646     33.6742   

# Frame155

# x        y
16.5014    6.2360    
9.8408     13.8658   
16.0152    10.1195   
10.5009    1.8795    
1.0533     16.6368   
3.4646     33.6742   

# Frame156

# x        y
16.5091    6.2726    
9.8408     13.8658   
16.0152    10.1195   
10.5009    1.8795    
1.0533     16.6368   
3.4646     33.6742   

# Frame157

# x        y
16.5167    6.3086    
9.8408     13.8658   
16.0152    10.1195   
10.5009    1.8795    
1.0533     16.6368   
3.4646     33.6742   

# Frame158

# x        y
16.5242    6.3440    
9.8408     13.8658   
16.0152    10.1195   
10.5009    1.8795    
1.0533     16.6368   
3.4646     33.6742   

# Frame159

# x        y
16.5315    6.3788    
9.8408     13.8658   
16.0152    10.1195   
10.5009    1.8795    
1.0533     16.6368   
3.4646     33.6742   

# Frame160

# x        y
16.5387    6.4130    
9.8408     13.8658   
16.0152    10.1195   
10.5009    1.8795    
1.0533     16.6368   
3.4646     33.6742   

# Frame161

# x        y
16.5458    6.4466    
9.8408     13.8658   
16.0152    10.1195   
10.5009    1.8795    
1.0533     16.6368   
3.4646     33.6742   

# Frame162

# x        y
16.5527    6.4797    
9.8408     13.8658   
16.0152    10.1195   
10.5009    1.8795    
1.0533     16.6368   
3.4646     33.6742   

# Frame163

# x        y
16.5596    6.5123    
9.8408     13.8658   
16.0152    10.1195   
10.5009    1.8795    
1.0533     16.6368   
3.4646     33.6742   

# Frame164

# x        y
16.5663    6.5443    
9.8408     13.8658   
16.0152    10.1195   
10.5009    1.8795    
1.0533     16.6368   
3.4646     33.6742   

# Frame165

# x        y
16.5729    6.5757    
9.8408     13.8658   
16.0152    10.1195   
10.5009    1.8795    
1.0533     16.6368   
3.4646     33.6742   

# Frame166

# x        y
16.5794    6.6067    
9.8408     13.8658   
16.0152    10.1195   
10.5009    1.8795    
1.0533     16.6368   
3.4646     33.6742   

# Frame167

# x        y
16.5858    6.6371    
9.8408     13.8658   
16.0152    10.1195   
10.5009    1.8795    
1.0533     16.6368   
3.4646     33.6742   

# Frame168

# x        y
16.5921    6.6670    
9.8408     13.8658   
16.0152    10.1195   
10.5009    1.8795    
1.0533     16.6368   
3.4646     33.6742   

# Frame169

# x        y
16.5983    6.6964    
9.8408     13.8658   
16.0152    10.1195   
10.5009    1.8795    
1.0533     16.6368   
3.4646     33.6742   

# Frame170

# x        y
16.6044    6.7254    
9.8408     13.8658   
16.0152    10.1195   
10.5009    1.8795    
1.0533     16.6368   
3.4646     33.6742   

# Frame171

# x        y
16.6104    6.7538    
9.8408     13.8658   
16.0152    10.1195   
10.5009    1.8795    
1.0533     16.6368   
3.4646     33.6742   

# Frame172

# x        y
16.6163    6.7818    
9.8408     13.8658   
16.0152    10.1195   
10.5009    1.8795    
1.0533     16.6368   
3.4646     33.6742   

# Frame173

# x        y
16.6221    6.8093    
9.8408     13.8658   
16.0152    10.1195   
10.5009    1.8795    
1.0533     16.6368   
3.4646     33.6742   

# Frame174

# x        y
16.6278    6.8363    
9.8408     13.8658   
16.0152    10.1195   
10.5009    1.8795    
1.0533     16.6368   
3.4646     33.6742   

# Frame175

# x        y
16.6333    6.8629    
9.8408     13.8658   
16.0152    10.1195   
10.5009    1.8795    
1.0533     16.6368   
3.4646     33.6742   

# Frame176

# x        y
16.6388    6.8891    
9.8408     13.8658   
16.0152    10.1195   
10.5009    1.8795    
1.0533     16.6368   
3.4646     33.6742   

# Frame177

# x        y
16.6443    6.9148    
9.8408     13.8658   
16.0152    10.1195   
10.5009    1.8795    
1.0533     16.6368   
3.4646     33.6742   

# Frame178

# x        y
16.6496    6.9401    
9.8408     13.8658   
16.0152    10.1195   
10.5009    1.8795    
1.0533     16.6368   
3.4646     33.6742   

# Frame179

# x        y
16.6548    6.9650    
9.8408     13.8658   
16.0152    10.1195   
10.5009    1.8795    
1.0533     16.6368   
3.4646     33.6742   

# Frame180

# x        y
16.6600    6.9894    
9.8408     13.8658   
16.0152    10.1195   
10.5009    1.8795    
1.0533     16.6368   
3.4646     33.6742   

# Frame181

# x        y
16.6650    7.0135    
9.8408     13.8658   
16.0152    10.1195   
10.5009    1.8795    
1.0533     16.6368   
3.4646     33.6742   

# Frame182

# x        y
16.6700    7.0371    
9.8408     13.8658   
16.0152    10.1195   
10.5009    1.8795    
1.0533     16.6368   
3.4646     33.6742   

# Frame183

# x        y
16.6749    7.0604    
9.8408     13.8658   
16.0152    10.1195   
10.5009    1.8795    
1.0533     16.6368   
3.4646     33.6742   

# Frame184

# x        y
16.6797    7.0832    
9.8408     13.8658   
16.0152    10.1195   
10.5009    1.8795    
1.0533     16.6368   
3.4646     33.6742   

# Frame185

# x        y
16.6844    7.1057    
9.8408     13.8658   
16.0152    10.1195   
10.5009    1.8795    
1.0533     16.6368   
3.4646     33.6742   

# Frame186

# x        y
16.6891    7.1278    
9.8408     13.8658   
16.0152    10.1195   
10.5009    1.8795    
1.0533     16.6368   
3.4646     33.6742   

# Frame187

# x        y
16.6936    7.1495    
9.8408     13.8658   
16.0152    10.1195   
10.5009    1.8795    
1.0533     16.6368   
3.4646     33.6742   

# Frame188

# x        y
16.6981    7.1709    
9.8408     13.8658   
16.0152    10.1195   
10.5009    1.8795    
1.0533     16.6368   
3.4646     33.6742   

# Frame189

# x        y
16.7026    7.1919    
9.8408     13.8658   
16.0152    10.1195   
10.5009    1.8795    
1.0533     16.6368   
3.4646     33.6742   

# Frame190

# x        y
16.7069    7.2126    
9.8408     13.8658   
16.0152    10.1195   
10.5009    1.8795    
1.0533     16.6368   
3.4646     33.6742   

# Frame191

# x        y
16.7112    7.2329    
9.8408     13.8658   
16.0152    10.1195   
10.5009    1.8795    
1.0533     16.6368   
3.4646     33.6742   

# Frame192

# x        y
16.7154    7.2529    
9.8408     13.8658   
16.0152    10.1195   
10.5009    1.8795    
1.0533     16.6368   
3.4646     33.6742   

# Frame193

# x        y
16.7195    7.2726    
9.8408     13.8658   
16.0152    10.1195   
10.5009    1.8795    
1.0533     16.6368   
3.4646     33.6742   

# Frame194

# x        y
16.7236    7.2919    
9.8408     13.8658   
16.0152    10.1195   
10.5009    1.8795    
1.0533     16.6368   
3.4646     33.6742   

# Frame195

# x        y
16.7276    7.3109    
9.8408     13.8658   
16.0152    10.1195   
10.5009    1.8795    
1.0533     16.6368   
3.4646     33.6742   

# Frame196

# x        y
16.7315    7.3296    
9.8408     13.8658   
16.0152    10.1195   
10.5009    1.8795    
1.0533     16.6368   
3.4646     33.6742   

# Frame197

# x        y
16.7354    7.3480    
9.8408     13.8658   
16.0152    10.1195   
10.5009    1.8795    
1.0533     16.6368   
3.4646     33.6742   

# Frame198

# x        y
16.7392    7.3660    
9.8408     13.8658   
16.0152    10.1195   
10.5009    1.8795    
1.0533     16.6368   
3.4646     33.6742   

# Frame199

# x        y
16.7429    7.3838    
9.8408     13.8658   
16.0152    10.1195   
10.5009    1.8795    
1.0533     16.6368   
3.4646     33.6742   

# Frame200

# x        y
16.7466    7.4013    
9.8408     13.8658   
16.0152    10.1195   
10.5009    1.8795    
1.0533     16.6368   
3.4646     33.6742   

# Frame201

# x        y
16.7502    7.4185    
9.8408     13.8658   
16.0152    10.1195   
10.5009    1.8795    
1.0533     16.6368   
3.4646     33.6742   

# Frame202

# x        y
16.7538    7.4354    
9.8408     13.8658   
16.0152    10.1195   
10.5009    1.8795    
1.0533     16.6368   
3.4646     33.6742   

# Frame203

# x        y
16.7573    7.4520    
9.8408     13.8658   
16.0152    10.1195   
10.5009    1.8795    
1.0533     16.6368   
3.4646     33.6742   

# Frame204

# x        y
16.7607    7.4683    
9.8408     13.8658   
16.0152    10.1195   
10.5009    1.8795    
1.0533     16.6368   
3.4646     33.6742   

# Frame205

# x        y
16.7641    7.4844    
9.8408     13.8658   
16.0152    10.1195   
10.5009    1.8795    
1.0533     16.6368   
3.4646     33.6742   

# Frame206

# x        y
16.7674    7.5002    
9.8408     13.8658   
16.0152    10.1195   
10.5009    1.8795    
1.0533     16.6368   
3.4646     33.6742   

# Frame207

# x        y
16.7707    7.5157    
9.8408     13.8658   
16.0152    10.1195   
10.5009    1.8795    
1.0533     16.6368   
3.4646     33.6742   

# Frame208

# x        y
16.7739    7.5310    
9.8408     13.8658   
16.0152    10.1195   
10.5009    1.8795    
1.0533     16.6368   
3.4646     33.6742   

# Frame209

# x        y
16.7771    7.5460    
9.8408     13.8658   
16.0152    10.1195   
10.5009    1.8795    
1.0533     16.6368   
3.4646     33.6742   

# Frame210

# x        y
16.7802    7.5608    
9.8408     13.8658   
16.0152    10.1195   
10.5009    1.8795    
1.0533     16.6368   
3.4646     33.6742   

# Frame211

# x        y
16.7832    7.5753    
9.8408     13.8658   
16.0152    10.1195   
10.5009    1.8795    
1.0533     16.6368   
3.4646     33.6742   

# Frame212

# x        y
16.7862    7.5896    
9.8408     13.8658   
16.0152    10.1195   
10.5009    1.8795    
1.0533     16.6368   
3.4646     33.6742   

# Frame213

# x        y
16.7892    7.6036    
9.8408     13.8658   
16.0152    10.1195   
10.5009    1.8795    
1.0533     16.6368   
3.4646     33.6742   

# Frame214

# x        y
16.7921    7.6174    
9.8408     13.8658   
16.0152    10.1195   
10.5009    1.8795    
1.0533     16.6368   
3.4646     33.6742   

# Frame215

# x        y
16.7949    7.6310    
9.8408     13.8658   
16.0152    10.1195   
10.5009    1.8795    
1.0533     16.6368   
3.4646     33.6742   

# Frame216

# x        y
16.7977    7.6444    
9.8408     13.8658   
16.0152    10.1195   
10.5009    1.8795    
1.0533     16.6368   
3.4646     33.6742   

# Frame217

# x        y
16.8005    7.6575    
9.8408     13.8658   
16.0152    10.1195   
10.5009    1.8795    
1.0533     16.6368   
3.4646     33.6742   

# Frame218

# x        y
16.8032    7.6704    
9.8408     13.8658   
16.0152    10.1195   
10.5009    1.8795    
1.0533     16.6368   
3.4646     33.6742   

# Frame219

# x        y
16.8059    7.6831    
9.8408     13.8658   
16.0152    10.1195   
10.5009    1.8795    
1.0533     16.6368   
3.4646     33.6742   

# Frame220

# x        y
16.8085    7.6956    
9.8408     13.8658   
16.0152    10.1195   
10.5009    1.8795    
1.0533     16.6368   
3.4646     33.6742   

# Frame221

# x        y
16.8111    7.7079    
9.8408     13.8658   
16.0152    10.1195   
10.5009    1.8795    
1.0533     16.6368   
3.4646     33.6742   

# Frame222

# x        y
16.8136    7.7199    
9.8408     13.8658   
16.0152    10.1195   
10.5009    1.8795    
1.0533     16.6368   
3.4646     33.6742   

# Frame223

# x        y
16.8161    7.7318    
9.8408     13.8658   
16.0152    10.1195   
10.5009    1.8795    
1.0533     16.6368   
3.4646     33.6742   

# Frame224

# x        y
16.8186    7.7435    
9.8408     13.8658   
16.0152    10.1195   
10.5009    1.8795    
1.0533     16.6368   
3.4646     33.6742   

# Frame225

# x        y
16.8210    7.7549    
9.8408     13.8658   
16.0152    10.1195   
10.5009    1.8795    
1.0533     16.6368   
3.4646     33.6742   

# Frame226

# x        y
16.8234    7.7662    
9.8408     13.8658   
16.0152    10.1195   
10.5009    1.8795    
1.0533     16.6368   
3.4646     33.6742   

# Frame227

# x        y
16.8257    7.7773    
9.8408     13.8658   
16.0152    10.1195   
10.5009    1.8795    
1.0533     16.6368   
3.4646     33.6742   

# Frame228

# x        y
16.8280    7.7882    
9.8408     13.8658   
16.0152    10.1195   
10.5009    1.8795    
1.0533     16.6368   
3.4646     33.6742   

# Frame229

# x        y
16.8303    7.7990    
9.8408     13.8658   
16.0152    10.1195   
10.5009    1.8795    
1.0533     16.6368   
3.4646     33.6742   

# Frame230

# x        y
16.8325    7.8095    
9.8408     13.8658   
16.0152    10.1195   
10.5009    1.8795    
1.0533     16.6368   
3.4646     33.6742   

# Frame231

# x        y
16.8347    7.8199    
9.8408     13.8658   
16.0152    10.1195   
10.5009    1.8795    
1.0533     16.6368   
3.4646     33.6742   

# Frame232

# x        y
16.8368    7.8301    
9.8408     13.8658   
16.0152    10.1195   
10.5009    1.8795    
1.0533     16.6368   
3.4646     33.6742   

# Frame233

# x        y
16.8389    7.8401    
9.8408     13.8658   
16.0152    10.1195   
10.5009    1.8795    
1.0533     16.6368   
3.4646     33.6742   

# Frame234

# x        y
16.8410    7.8500    
9.8408     13.8658   
16.0152    10.1195   
10.5009    1.8795    
1.0533     16.6368   
3.4646     33.6742   

# Frame235

# x        y
16.8431    7.8597    
9.8408     13.8658   
16.0152    10.1195   
10.5009    1.8795    
1.0533     16.6368   
3.4646     33.6742   

# Frame236

# x        y
16.8451    7.8693    
9.8408     13.8658   
16.0152    10.1195   
10.5009    1.8795    
1.0533     16.6368   
3.4646     33.6742   

# Frame237

# x        y
16.8470    7.8786    
9.8408     13.8658   
16.0152    10.1195   
10.5009    1.8795    
1.0533     16.6368   
3.4646     33.6742   

# Frame238

# x        y
16.8490    7.8879    
9.8408     13.8658   
16.0152    10.1195   
10.5009    1.8795    
1.0533     16.6368   
3.4646     33.6742   

# Frame239

# x        y
16.8509    7.8969    
9.8408     13.8658   
16.0152    10.1195   
10.5009    1.8795    
1.0533     16.6368   
3.4646     33.6742   

# Frame240

# x        y
16.8528    7.9058    
9.8408     13.8658   
16.0152    10.1195   
10.5009    1.8795    
1.0533     16.6368   
3.4646     33.6742   

# Frame241

# x        y
16.8546    7.9146    
9.8408     13.8658   
16.0152    10.1195   
10.5009    1.8795    
1.0533     16.6368   
3.4646     33.6742   

# Frame242

# x        y
16.8564    7.9232    
9.8408     13.8658   
16.0152    10.1195   
10.5009    1.8795    
1.0533     16.6368   
3.4646     33.6742   

# Frame243

# x        y
16.8582    7.9317    
9.8408     13.8658   
16.0152    10.1195   
10.5009    1.8795    
1.0533     16.6368   
3.4646     33.6742   

# Frame244

# x        y
16.8600    7.9401    
9.8408     13.8658   
16.0152    10.1195   
10.5009    1.8795    
1.0533     16.6368   
3.4646     33.6742   

# Frame245

# x        y
16.8617    7.9483    
9.8408     13.8658   
16.0152    10.1195   
10.5009    1.8795    
1.0533     16.6368   
3.4646     33.6742   

# Frame246

# x        y
16.8634    7.9563    
9.8408     13.8658   
16.0152    10.1195   
10.5009    1.8795    
1.0533     16.6368   
3.4646     33.6742   

# Frame247

# x        y
16.8651    7.9643    
9.8408     13.8658   
16.0152    10.1195   
10.5009    1.8795    
1.0533     16.6368   
3.4646     33.6742   

# Frame248

# x        y
16.8667    7.9721    
9.8408     13.8658   
16.0152    10.1195   
10.5009    1.8795    
1.0533     16.6368   
3.4646     33.6742   

# Frame249

# x        y
16.8683    7.9797    
9.8408     13.8658   
16.0152    10.1195   
10.5009    1.8795    
1.0533     16.6368   
3.4646     33.6742   

# Frame250

# x        y
16.8699    7.9873    
9.8408     13.8658   
16.0152    10.1195   
10.5009    1.8795    
1.0533     16.6368   
3.4646     33.6742   

# Frame251

# x        y
16.8715    7.9947    
9.8408     13.8658   
16.0152    10.1195   
10.5009    1.8795    
1.0533     16.6368   
3.4646     33.6742   

# Frame252

# x        y
16.8730    8.0020    
9.8408     13.8658   
16.0152    10.1195   
10.5009    1.8795    
1.0533     16.6368   
3.4646     33.6742   

# Frame253

# x        y
16.8745    8.0091    
9.8408     13.8658   
16.0152    10.1195   
10.5009    1.8795    
1.0533     16.6368   
3.4646     33.6742   

# Frame254

# x        y
16.8760    8.0162    
9.8408     13.8658   
16.0152    10.1195   
10.5009    1.8795    
1.0533     16.6368   
3.4646     33.6742   

# Frame255

# x        y
16.8774    8.0231    
9.8408     13.8658   
16.0152    10.1195   
10.5009    1.8795    
1.0533     16.6368   
3.4646     33.6742   

# Frame256

# x        y
16.8789    8.0299    
9.8408     13.8658   
16.0152    10.1195   
10.5009    1.8795    
1.0533     16.6368   
3.4646     33.6742   

# Frame257

# x        y
16.8803    8.0366    
9.8408     13.8658   
16.0152    10.1195   
10.5009    1.8795    
1.0533     16.6368   
3.4646     33.6742   

# Frame258

# x        y
16.8817    8.0432    
9.8408     13.8658   
16.0152    10.1195   
10.5009    1.8795    
1.0533     16.6368   
3.4646     33.6742   

# Frame259

# x        y
16.8830    8.0497    
9.8408     13.8658   
16.0152    10.1195   
10.5009    1.8795    
1.0533     16.6368   
3.4646     33.6742   

# Frame260

# x        y
16.8844    8.0561    
9.8408     13.8658   
16.0152    10.1195   
10.5009    1.8795    
1.0533     16.6368   
3.4646     33.6742   

# Frame261

# x        y
16.8857    8.0624    
9.8408     13.8658   
16.0152    10.1195   
10.5009    1.8795    
1.0533     16.6368   
3.4646     33.6742   

# Frame262

# x        y
16.8870    8.0685    
9.8408     13.8658   
16.0152    10.1195   
10.5009    1.8795    
1.0533     16.6368   
3.4646     33.6742   

# Frame263

# x        y
16.8883    8.0746    
9.8408     13.8658   
16.0152    10.1195   
10.5009    1.8795    
1.0533     16.6368   
3.4646     33.6742   

# Frame264

# x        y
16.8895    8.0805    
9.8408     13.8658   
16.0152    10.1195   
10.5009    1.8795    
1.0533     16.6368   
3.4646     33.6742   

# Frame265

# x        y
16.8908    8.0864    
9.8408     13.8658   
16.0152    10.1195   
10.5009    1.8795    
1.0533     16.6368   
3.4646     33.6742   

# Frame266

# x        y
16.8920    8.0922    
9.8408     13.8658   
16.0152    10.1195   
10.5009    1.8795    
1.0533     16.6368   
3.4646     33.6742   

# Frame267

# x        y
16.8932    8.0978    
9.8408     13.8658   
16.0152    10.1195   
10.5009    1.8795    
1.0533     16.6368   
3.4646     33.6742   

# Frame268

# x        y
16.8943    8.1034    
9.8408     13.8658   
16.0152    10.1195   
10.5009    1.8795    
1.0533     16.6368   
3.4646     33.6742   

# Frame269

# x        y
16.8955    8.1089    
9.8408     13.8658   
16.0152    10.1195   
10.5009    1.8795    
1.0533     16.6368   
3.4646     33.6742   

# Frame270

# x        y
16.8966    8.1143    
9.8408     13.8658   
16.0152    10.1195   
10.5009    1.8795    
1.0533     16.6368   
3.4646     33.6742   

# Frame271

# x        y
16.8977    8.1196    
9.8408     13.8658   
16.0152    10.1195   
10.5009    1.8795    
1.0533     16.6368   
3.4646     33.6742   

# Frame272

# x        y
16.8988    8.1248    
9.8408     13.8658   
16.0152    10.1195   
10.5009    1.8795    
1.0533     16.6368   
3.4646     33.6742   

# Frame273

# x        y
16.8999    8.1299    
9.8408     13.8658   
16.0152    10.1195   
10.5009    1.8795    
1.0533     16.6368   
3.4646     33.6742   

# Frame274

# x        y
16.9010    8.1349    
9.8408     13.8658   
16.0152    10.1195   
10.5009    1.8795    
1.0533     16.6368   
3.4646     33.6742   

# Frame275

# x        y
16.9020    8.1399    
9.8408     13.8658   
16.0152    10.1195   
10.5009    1.8795    
1.0533     16.6368   
3.4646     33.6742   

# Frame276

# x        y
16.9030    8.1448    
9.8408     13.8658   
16.0152    10.1195   
10.5009    1.8795    
1.0533     16.6368   
3.4646     33.6742   

# Frame277

# x        y
16.9040    8.1496    
9.8408     13.8658   
16.0152    10.1195   
10.5009    1.8795    
1.0533     16.6368   
3.4646     33.6742   

# Frame278

# x        y
16.9050    8.1543    
9.8408     13.8658   
16.0152    10.1195   
10.5009    1.8795    
1.0533     16.6368   
3.4646     33.6742   

# Frame279

# x        y
16.9060    8.1589    
9.8408     13.8658   
16.0152    10.1195   
10.5009    1.8795    
1.0533     16.6368   
3.4646     33.6742   

# Frame280

# x        y
16.9070    8.1635    
9.8408     13.8658   
16.0152    10.1195   
10.5009    1.8795    
1.0533     16.6368   
3.4646     33.6742   

# Frame281

# x        y
16.9079    8.1679    
9.8408     13.8658   
16.0152    10.1195   
10.5009    1.8795    
1.0533     16.6368   
3.4646     33.6742   

# Frame282

# x        y
16.9088    8.1723    
9.8408     13.8658   
16.0152    10.1195   
10.5009    1.8795    
1.0533     16.6368   
3.4646     33.6742   

# Frame283

# x        y
16.9097    8.1767    
9.8408     13.8658   
16.0152    10.1195   
10.5009    1.8795    
1.0533     16.6368   
3.4646     33.6742   

# Frame284

# x        y
16.9106    8.1809    
9.8408     13.8658   
16.0152    10.1195   
10.5009    1.8795    
1.0533     16.6368   
3.4646     33.6742   

# Frame285

# x        y
16.9115    8.1851    
9.8408     13.8658   
16.0152    10.1195   
10.5009    1.8795    
1.0533     16.6368   
3.4646     33.6742   

# Frame286

# x        y
16.9124    8.1892    
9.8408     13.8658   
16.0152    10.1195   
10.5009    1.8795    
1.0533     16.6368   
3.4646     33.6742   

# Frame287

# x        y
16.9132    8.1933    
9.8408     13.8658   
16.0152    10.1195   
10.5009    1.8795    
1.0533     16.6368   
3.4646     33.6742   

# Frame288

# x        y
16.9141    8.1973    
9.8408     13.8658   
16.0152    10.1195   
10.5009    1.8795    
1.0533     16.6368   
3.4646     33.6742   

# Frame289

# x        y
16.9149    8.2012    
9.8408     13.8658   
16.0152    10.1195   
10.5009    1.8795    
1.0533     16.6368   
3.4646     33.6742   

# Frame290

# x        y
16.9157    8.2050    
9.8408     13.8658   
16.0152    10.1195   
10.5009    1.8795    
1.0533     16.6368   
3.4646     33.6742   

# Frame291

# x        y
16.9165    8.2088    
9.8408     13.8658   
16.0152    10.1195   
10.5009    1.8795    
1.0533     16.6368   
3.4646     33.6742   

# Frame292

# x        y
16.9173    8.2125    
9.8408     13.8658   
16.0152    10.1195   
10.5009    1.8795    
1.0533     16.6368   
3.4646     33.6742   

# Frame293

# x        y
16.9181    8.2162    
9.8408     13.8658   
16.0152    10.1195   
10.5009    1.8795    
1.0533     16.6368   
3.4646     33.6742   

# Frame294

# x        y
16.9188    8.2198    
9.8408     13.8658   
16.0152    10.1195   
10.5009    1.8795    
1.0533     16.6368   
3.4646     33.6742   

# Frame295

# x        y
16.9196    8.2233    
9.8408     13.8658   
16.0152    10.1195   
10.5009    1.8795    
1.0533     16.6368   
3.4646     33.6742   

# Frame296

# x        y
16.9203    8.2268    
9.8408     13.8658   
16.0152    10.1195   
10.5009    1.8795    
1.0533     16.6368   
3.4646     33.6742   

# Frame297

# x        y
16.9210    8.2302    
9.8408     13.8658   
16.0152    10.1195   
10.5009    1.8795    
1.0533     16.6368   
3.4646     33.6742   

# Frame298

# x        y
16.9217    8.2336    
9.8408     13.8658   
16.0152    10.1195   
10.5009    1.8795    
1.0533     16.6368   
3.4646     33.6742   

# Frame299

# x        y
16.9224    8.2369    
9.8408     13.8658   
16.0152    10.1195   
10.5009    1.8795    
1.0533     16.6368   
3.4646     33.6742   

# Frame300

# x        y
16.9231    8.2402    
9.8408     13.8658   
16.0152    10.1195   
10.5009    1.8795    
1.0533     16.6368   
3.4646     33.6742   

# Frame301

# x        y
16.9238    8.2434    
9.8408     13.8658   
16.0152    10.1195   
10.5009    1.8795    
1.0533     16.6368   
3.4646     33.6742   

# Frame302

# x        y
16.9244    8.2465    
9.8408     13.8658   
16.0152    10.1195   
10.5009    1.8795    
1.0533     16.6368   
3.4646     33.6742   

# Frame303

# x        y
16.9251    8.2496    
9.8408     13.8658   
16.0152    10.1195   
10.5009    1.8795    
1.0533     16.6368   
3.4646     33.6742   

# Frame304

# x        y
16.9257    8.2526    
9.8408     13.8658   
16.0152    10.1195   
10.5009    1.8795    
1.0533     16.6368   
3.4646     33.6742   

# Frame305

# x        y
16.9264    8.2556    
9.8408     13.8658   
16.0152    10.1195   
10.5009    1.8795    
1.0533     16.6368   
3.4646     33.6742   

# Frame306

# x        y
16.9270    8.2586    
9.8408     13.8658   
16.0152    10.1195   
10.5009    1.8795    
1.0533     16.6368   
3.4646     33.6742   

# Frame307

# x        y
16.9276    8.2615    
9.8408     13.8658   
16.0152    10.1195   
10.5009    1.8795    
1.0533     16.6368   
3.4646     33.6742   

# Frame308

# x        y
16.9282    8.2643    
9.8408     13.8658   
16.0152    10.1195   
10.5009    1.8795    
1.0533     16.6368   
3.4646     33.6742   

# Frame309

# x        y
16.9288    8.2671    
9.8408     13.8658   
16.0152    10.1195   
10.5009    1.8795    
1.0533     16.6368   
3.4646     33.6742   

# Frame310

# x        y
16.9294    8.2699    
9.8408     13.8658   
16.0152    10.1195   
10.5009    1.8795    
1.0533     16.6368   
3.4646     33.6742   

# Frame311

# x        y
16.9299    8.2726    
9.8408     13.8658   
16.0152    10.1195   
10.5009    1.8795    
1.0533     16.6368   
3.4646     33.6742   

# Frame312

# x        y
16.9305    8.2752    
9.8408     13.8658   
16.0152    10.1195   
10.5009    1.8795    
1.0533     16.6368   
3.4646     33.6742   

# Frame313

# x        y
16.9310    8.2778    
9.8408     13.8658   
16.0152    10.1195   
10.5009    1.8795    
1.0533     16.6368   
3.4646     33.6742   

# Frame314

# x        y
16.9316    8.2804    
9.8408     13.8658   
16.0152    10.1195   
10.5009    1.8795    
1.0533     16.6368   
3.4646     33.6742   

# Frame315

# x        y
16.9321    8.2829    
9.8408     13.8658   
16.0152    10.1195   
10.5009    1.8795    
1.0533     16.6368   
3.4646     33.6742   

# Frame316

# x        y
16.9326    8.2854    
9.8408     13.8658   
16.0152    10.1195   
10.5009    1.8795    
1.0533     16.6368   
3.4646     33.6742   

# Frame317

# x        y
16.9331    8.2879    
9.8408     13.8658   
16.0152    10.1195   
10.5009    1.8795    
1.0533     16.6368   
3.4646     33.6742   

# Frame318

# x        y
16.9336    8.2903    
9.8408     13.8658   
16.0152    10.1195   
10.5009    1.8795    
1.0533     16.6368   
3.4646     33.6742   

# Frame319

# x        y
16.9341    8.2926    
9.8408     13.8658   
16.0152    10.1195   
10.5009    1.8795    
1.0533     16.6368   
3.4646     33.6742   

# Frame320

# x        y
16.9346    8.2950    
9.8408     13.8658   
16.0152    10.1195   
10.5009    1.8795    
1.0533     16.6368   
3.4646     33.6742   

# Frame321

# x        y
16.9351    8.2972    
9.8408     13.8658   
16.0152    10.1195   
10.5009    1.8795    
1.0533     16.6368   
3.4646     33.6742   

# Frame322

# x        y
16.9356    8.2995    
9.8408     13.8658   
16.0152    10.1195   
10.5009    1.8795    
1.0533     16.6368   
3.4646     33.6742   

# Frame323

# x        y
16.9361    8.3017    
9.8408     13.8658   
16.0152    10.1195   
10.5009    1.8795    
1.0533     16.6368   
3.4646     33.6742   

# Frame324

# x        y
16.9365    8.3039    
9.8408     13.8658   
16.0152    10.1195   
10.5009    1.8795    
1.0533     16.6368   
3.4646     33.6742   

# Frame325

# x        y
16.9370    8.3060    
9.8408     13.8658   
16.0152    10.1195   
10.5009    1.8795    
1.0533     16.6368   
3.4646     33.6742   

# Frame326

# x        y
16.9374    8.3081    
9.8408     13.8658   
16.0152    10.1195   
10.5009    1.8795    
1.0533     16.6368   
3.4646     33.6742   

# Frame327

# x        y
16.9378    8.3102    
9.8408     13.8658   
16.0152    10.1195   
10.5009    1.8795    
1.0533     16.6368   
3.4646     33.6742   

# Frame328

# x        y
16.9383    8.3122    
9.8408     13.8658   
16.0152    10.1195   
10.5009    1.8795    
1.0533     16.6368   
3.4646     33.6742   

# Frame329

# x        y
16.9387    8.3142    
9.8408     13.8658   
16.0152    10.1195   
10.5009    1.8795    
1.0533     16.6368   
3.4646     33.6742   

# Frame330

# x        y
16.9391    8.3162    
9.8408     13.8658   
16.0152    10.1195   
10.5009    1.8795    
1.0533     16.6368   
3.4646     33.6742   

# Frame331

# x        y
16.9395    8.3181    
9.8408     13.8658   
16.0152    10.1195   
10.5009    1.8795    
1.0533     16.6368   
3.4646     33.6742   

# Frame332

# x        y
16.9399    8.3200    
9.8408     13.8658   
16.0152    10.1195   
10.5009    1.8795    
1.0533     16.6368   
3.4646     33.6742   

# Frame333

# x        y
16.9403    8.3219    
9.8408     13.8658   
16.0152    10.1195   
10.5009    1.8795    
1.0533     16.6368   
3.4646     33.6742   

# Frame334

# x        y
16.9407    8.3237    
9.8408     13.8658   
16.0152    10.1195   
10.5009    1.8795    
1.0533     16.6368   
3.4646     33.6742   

# Frame335

# x        y
16.9411    8.3255    
9.8408     13.8658   
16.0152    10.1195   
10.5009    1.8795    
1.0533     16.6368   
3.4646     33.6742   

# Frame336

# x        y
16.9414    8.3273    
9.8408     13.8658   
16.0152    10.1195   
10.5009    1.8795    
1.0533     16.6368   
3.4646     33.6742   

# Frame337

# x        y
16.9418    8.3291    
9.8408     13.8658   
16.0152    10.1195   
10.5009    1.8795    
1.0533     16.6368   
3.4646     33.6742   

# Frame338

# x        y
16.9422    8.3308    
9.8408     13.8658   
16.0152    10.1195   
10.5009    1.8795    
1.0533     16.6368   
3.4646     33.6742   

# Frame339

# x        y
16.9425    8.3325    
9.8408     13.8658   
16.0152    10.1195   
10.5009    1.8795    
1.0533     16.6368   
3.4646     33.6742   

# Frame340

# x        y
16.9429    8.3341    
9.8408     13.8658   
16.0152    10.1195   
10.5009    1.8795    
1.0533     16.6368   
3.4646     33.6742   

# Frame341

# x        y
16.9432    8.3358    
9.8408     13.8658   
16.0152    10.1195   
10.5009    1.8795    
1.0533     16.6368   
3.4646     33.6742   

# Frame342

# x        y
16.9436    8.3374    
9.8408     13.8658   
16.0152    10.1195   
10.5009    1.8795    
1.0533     16.6368   
3.4646     33.6742   

# Frame343

# x        y
16.9439    8.3389    
9.8408     13.8658   
16.0152    10.1195   
10.5009    1.8795    
1.0533     16.6368   
3.4646     33.6742   

# Frame344

# x        y
16.9442    8.3405    
9.8408     13.8658   
16.0152    10.1195   
10.5009    1.8795    
1.0533     16.6368   
3.4646     33.6742   

# Frame345

# x        y
16.9445    8.3420    
9.8408     13.8658   
16.0152    10.1195   
10.5009    1.8795    
1.0533     16.6368   
3.4646     33.6742   

# Frame346

# x        y
16.9448    8.3435    
9.8408     13.8658   
16.0152    10.1195   
10.5009    1.8795    
1.0533     16.6368   
3.4646     33.6742   

# Frame347

# x        y
16.9452    8.3450    
9.8408     13.8658   
16.0152    10.1195   
10.5009    1.8795    
1.0533     16.6368   
3.4646     33.6742   

# Frame348

# x        y
16.9455    8.3465    
9.8408     13.8658   
16.0152    10.1195   
10.5009    1.8795    
1.0533     16.6368   
3.4646     33.6742   

# Frame349

# x        y
16.9458    8.3479    
9.8408     13.8658   
16.0152    10.1195   
10.5009    1.8795    
1.0533     16.6368   
3.4646     33.6742   

# Frame350

# x        y
16.9461    8.3493    
9.8408     13.8658   
16.0152    10.1195   
10.5009    1.8795    
1.0533     16.6368   
3.4646     33.6742   

# Frame351

# x        y
16.9465    8.3501    
9.8408     13.8658   
16.0151    10.1200   
10.5009    1.8795    
1.0533     16.6368   
3.4646     33.6742   

# Frame352

# x        y
16.9469    8.3509    
9.8408     13.8658   
16.0150    10.1206   
10.5009    1.8795    
1.0533     16.6368   
3.4646     33.6742   

# Frame353

# x        y
16.9473    8.3517    
9.8408     13.8658   
16.0149    10.1211   
10.5009    1.8795    
1.0533     16.6368   
3.4646     33.6742   

# Frame354

# x        y
16.9477    8.3525    
9.8408     13.8658   
16.0147    10.1216   
10.5009    1.8795    
1.0533     16.6368   
3.4646     33.6742   

# Frame355

# x        y
16.9480    8.3533    
9.8408     13.8658   
16.0146    10.1221   
10.5009    1.8795    
1.0533     16.6368   
3.4646     33.6742   

# Frame356

# x        y
16.9484    8.3541    
9.8408     13.8658   
16.0145    10.1226   
10.5009    1.8795    
1.0533     16.6368   
3.4646     33.6742   

# Frame357

# x        y
16.9488    8.3548    
9.8408     13.8658   
16.0144    10.1231   
10.5009    1.8795    
1.0533     16.6368   
3.4646     33.6742   

# Frame358

# x        y
16.9492    8.3556    
9.8408     13.8658   
16.0143    10.1236   
10.5009    1.8795    
1.0533     16.6368   
3.4646     33.6742   

# Frame359

# x        y
16.9495    8.3563    
9.8408     13.8658   
16.0142    10.1241   
10.5009    1.8795    
1.0533     16.6368   
3.4646     33.6742   

# Frame360

# x        y
16.9499    8.3570    
9.8408     13.8658   
16.0141    10.1246   
10.5009    1.8795    
1.0533     16.6368   
3.4646     33.6742   

# Frame361

# x        y
16.9502    8.3577    
9.8408     13.8658   
16.0140    10.1250   
10.5009    1.8795    
1.0533     16.6368   
3.4646     33.6742   

# Frame362

# x        y
16.9506    8.3584    
9.8408     13.8658   
16.0139    10.1255   
10.5009    1.8795    
1.0533     16.6368   
3.4646     33.6742   

# Frame363

# x        y
16.9509    8.3591    
9.8408     13.8658   
16.0138    10.1259   
10.5009    1.8795    
1.0533     16.6368   
3.4646     33.6742   

# Frame364

# x        y
16.9512    8.3597    
9.8408     13.8658   
16.0137    10.1264   
10.5009    1.8795    
1.0533     16.6368   
3.4646     33.6742   

# Frame365

# x        y
16.9515    8.3604    
9.8408     13.8658   
16.0136    10.1268   
10.5009    1.8795    
1.0533     16.6368   
3.4646     33.6742   

# Frame366

# x        y
16.9519    8.3610    
9.8408     13.8658   
16.0135    10.1273   
10.5009    1.8795    
1.0533     16.6368   
3.4646     33.6742   

# Frame367

# x        y
16.9522    8.3617    
9.8408     13.8658   
16.0134    10.1277   
10.5009    1.8795    
1.0533     16.6368   
3.4646     33.6742   

# Frame368

# x        y
16.9525    8.3623    
9.8408     13.8658   
16.0133    10.1281   
10.5009    1.8795    
1.0533     16.6368   
3.4646     33.6742   

# Frame369

# x        y
16.9528    8.3629    
9.8408     13.8658   
16.0132    10.1285   
10.5009    1.8795    
1.0533     16.6368   
3.4646     33.6742   

# Frame370

# x        y
16.9531    8.3635    
9.8408     13.8658   
16.0132    10.1289   
10.5009    1.8795    
1.0533     16.6368   
3.4646     33.6742   

# Frame371

# x        y
16.9534    8.3641    
9.8408     13.8658   
16.0131    10.1293   
10.5009    1.8795    
1.0533     16.6368   
3.4646     33.6742   

# Frame372

# x        y
16.9537    8.3647    
9.8408     13.8658   
16.0130    10.1297   
10.5009    1.8795    
1.0533     16.6368   
3.4646     33.6742   

# Frame373

# x        y
16.9540    8.3653    
9.8408     13.8658   
16.0129    10.1301   
10.5009    1.8795    
1.0533     16.6368   
3.4646     33.6742   

# Frame374

# x        y
16.9542    8.3658    
9.8408     13.8658   
16.0128    10.1304   
10.5009    1.8795    
1.0533     16.6368   
3.4646     33.6742   

# Frame375

# x        y
16.9545    8.3664    
9.8408     13.8658   
16.0127    10.1308   
10.5009    1.8795    
1.0533     16.6368   
3.4646     33.6742   

# Frame376

# x        y
16.9548    8.3669    
9.8408     13.8658   
16.0127    10.1312   
10.5009    1.8795    
1.0533     16.6368   
3.4646     33.6742   

# Frame377

# x        y
16.9550    8.3675    
9.8408     13.8658   
16.0126    10.1315   
10.5009    1.8795    
1.0533     16.6368   
3.4646     33.6742   

# Frame378

# x        y
16.9553    8.3680    
9.8408     13.8658   
16.0125    10.1319   
10.5009    1.8795    
1.0533     16.6368   
3.4646     33.6742   

# Frame379

# x        y
16.9556    8.3685    
9.8408     13.8658   
16.0124    10.1322   
10.5009    1.8795    
1.0533     16.6368   
3.4646     33.6742   

# Frame380

# x        y
16.9558    8.3690    
9.8408     13.8658   
16.0124    10.1326   
10.5009    1.8795    
1.0533     16.6368   
3.4646     33.6742   

# Frame381

# x        y
16.9561    8.3695    
9.8408     13.8658   
16.0123    10.1329   
10.5009    1.8795    
1.0533     16.6368   
3.4646     33.6742   

# Frame382

# x        y
16.9563    8.3700    
9.8408     13.8658   
16.0122    10.1332   
10.5009    1.8795    
1.0533     16.6368   
3.4646     33.6742   

# Frame383

# x        y
16.9565    8.3705    
9.8408     13.8658   
16.0122    10.1335   
10.5009    1.8795    
1.0533     16.6368   
3.4646     33.6742   

# Frame384

# x        y
16.9568    8.3710    
9.8408     13.8658   
16.0121    10.1338   
10.5009    1.8795    
1.0533     16.6368   
3.4646     33.6742   

# Frame385

# x        y
16.9570    8.3714    
9.8408     13.8658   
16.0120    10.1342   
10.5009    1.8795    
1.0533     16.6368   
3.4646     33.6742   

# Frame386

# x        y
16.9572    8.3719    
9.8408     13.8658   
16.0119    10.1345   
10.5009    1.8795    
1.0533     16.6368   
3.4646     33.6742   

# Frame387

# x        y
16.9575    8.3723    
9.8408     13.8658   
16.0119    10.1348   
10.5009    1.8795    
1.0533     16.6368   
3.4646     33.6742   

# Frame388

# x        y
16.9577    8.3728    
9.8408     13.8658   
16.0118    10.1351   
10.5009    1.8795    
1.0533     16.6368   
3.4646     33.6742   

# Frame389

# x        y
16.9579    8.3732    
9.8408     13.8658   
16.0118    10.1354   
10.5009    1.8795    
1.0533     16.6368   
3.4646     33.6742   

# Frame390

# x        y
16.9581    8.3737    
9.8408     13.8658   
16.0117    10.1356   
10.5009    1.8795    
1.0533     16.6368   
3.4646     33.6742   

# Frame391

# x        y
16.9583    8.3741    
9.8408     13.8658   
16.0116    10.1359   
10.5009    1.8795    
1.0533     16.6368   
3.4646     33.6742   

# Frame392

# x        y
16.9585    8.3745    
9.8408     13.8658   
16.0116    10.1362   
10.5009    1.8795    
1.0533     16.6368   
3.4646     33.6742   

# Frame393

# x        y
16.9587    8.3749    
9.8408     13.8658   
16.0115    10.1365   
10.5009    1.8795    
1.0533     16.6368   
3.4646     33.6742   

# Frame394

# x        y
16.9589    8.3753    
9.8408     13.8658   
16.0115    10.1367   
10.5009    1.8795    
1.0533     16.6368   
3.4646     33.6742   

# Frame395

# x        y
16.9591    8.3757    
9.8408     13.8658   
16.0114    10.1370   
10.5009    1.8795    
1.0533     16.6368   
3.4646     33.6742   

# Frame396

# x        y
16.9593    8.3761    
9.8408     13.8658   
16.0113    10.1373   
10.5009    1.8795    
1.0533     16.6368   
3.4646     33.6742   

# Frame397

# x        y
16.9595    8.3765    
9.8408     13.8658   
16.0113    10.1375   
10.5009    1.8795    
1.0533     16.6368   
3.4646     33.6742   

# Frame398

# x        y
16.9597    8.3769    
9.8408     13.8658   
16.0112    10.1378   
10.5009    1.8795    
1.0533     16.6368   
3.4646     33.6742   

# Frame399

# x        y
16.9599    8.3772    
9.8408     13.8658   
16.0112    10.1380   
10.5009    1.8795    
1.0533     16.6368   
3.4646     33.6742   

# Frame400

# x        y
16.9601    8.3776    
9.8408     13.8658   
16.0111    10.1383   
10.5009    1.8795    
1.0533     16.6368   
3.4646     33.6742   

# Frame401

# x        y
16.9602    8.3780    
9.8408     13.8658   
16.0111    10.1385   
10.5009    1.8795    
1.0533     16.6368   
3.4646     33.6742   

# Frame402

# x        y
16.9604    8.3783    
9.8408     13.8658   
16.0110    10.1387   
10.5009    1.8795    
1.0533     16.6368   
3.4646     33.6742   

# Frame403

# x        y
16.9606    8.3787    
9.8408     13.8658   
16.0110    10.1390   
10.5009    1.8795    
1.0533     16.6368   
3.4646     33.6742   

# Frame404

# x        y
16.9607    8.3790    
9.8408     13.8658   
16.0109    10.1392   
10.5009    1.8795    
1.0533     16.6368   
3.4646     33.6742   

# Frame405

# x        y
16.9609    8.3793    
9.8408     13.8658   
16.0109    10.1394   
10.5009    1.8795    
1.0533     16.6368   
3.4646     33.6742   

# Frame406

# x        y
16.9611    8.3797    
9.8408     13.8658   
16.0108    10.1396   
10.5009    1.8795    
1.0533     16.6368   
3.4646     33.6742   

# Frame407

# x        y
16.9612    8.3800    
9.8408     13.8658   
16.0108    10.1398   
10.5009    1.8795    
1.0533     16.6368   
3.4646     33.6742   

# Frame408

# x        y
16.9614    8.3803    
9.8408     13.8658   
16.0107    10.1400   
10.5009    1.8795    
1.0533     16.6368   
3.4646     33.6742   

# Frame409

# x        y
16.9615    8.3806    
9.8408     13.8658   
16.0107    10.1403   
10.5009    1.8795    
1.0533     16.6368   
3.4646     33.6742   

# Frame410

# x        y
16.9617    8.3809    
9.8408     13.8658   
16.0106    10.1405   
10.5009    1.8795    
1.0533     16.6368   
3.4646     33.6742   

# Frame411

# x        y
16.9618    8.3812    
9.8408     13.8658   
16.0106    10.1407   
10.5009    1.8795    
1.0533     16.6368   
3.4646     33.6742   

# Frame412

# x        y
16.9620    8.3815    
9.8408     13.8658   
16.0106    10.1409   
10.5009    1.8795    
1.0533     16.6368   
3.4646     33.6742   

# Frame413

# x        y
16.9621    8.3818    
9.8408     13.8658   
16.0105    10.1411   
10.5009    1.8795    
1.0533     16.6368   
3.4646     33.6742   

# Frame414

# x        y
16.9623    8.3821    
9.8408     13.8658   
16.0105    10.1412   
10.5009    1.8795    
1.0533     16.6368   
3.4646     33.6742   

# Frame415

# x        y
16.9624    8.3824    
9.8408     13.8658   
16.0104    10.1414   
10.5009    1.8795    
1.0533     16.6368   
3.4646     33.6742   

# Frame416

# x        y
16.9626    8.3827    
9.8408     13.8658   
16.0104    10.1416   
10.5009    1.8795    
1.0533     16.6368   
3.4646     33.6742   

# Frame417

# x        y
16.9627    8.3829    
9.8408     13.8658   
16.0104    10.1418   
10.5009    1.8795    
1.0533     16.6368   
3.4646     33.6742   

# Frame418

# x        y
16.9628    8.3832    
9.8408     13.8658   
16.0103    10.1420   
10.5009    1.8795    
1.0533     16.6368   
3.4646     33.6742   

# Frame419

# x        y
16.9630    8.3835    
9.8408     13.8658   
16.0103    10.1421   
10.5009    1.8795    
1.0533     16.6368   
3.4646     33.6742   

# Frame420

# x        y
16.9631    8.3837    
9.8408     13.8658   
16.0102    10.1423   
10.5009    1.8795    
1.0533     16.6368   
3.4646     33.6742   

# Frame421

# x        y
16.9632    8.3840    
9.8408     13.8658   
16.0102    10.1425   
10.5009    1.8795    
1.0533     16.6368   
3.4646     33.6742   

# Frame422

# x        y
16.9633    8.3842    
9.8408     13.8658   
16.0102    10.1427   
10.5009    1.8795    
1.0533     16.6368   
3.4646     33.6742   

# Frame423

# x        y
16.9635    8.3845    
9.8408     13.8658   
16.0101    10.1428   
10.5009    1.8795    
1.0533     16.6368   
3.4646     33.6742   

# Frame424

# x        y
16.9636    8.3847    
9.8408     13.8658   
16.0101    10.1430   
10.5009    1.8795    
1.0533     16.6368   
3.4646     33.6742   

# Frame425

# x        y
16.9637    8.3850    
9.8408     13.8658   
16.0101    10.1431   
10.5009    1.8795    
1.0533     16.6368   
3.4646     33.6742   

# Frame426

# x        y
16.9638    8.3852    
9.8408     13.8658   
16.0100    10.1433   
10.5009    1.8795    
1.0533     16.6368   
3.4646     33.6742   

# Frame427

# x        y
16.9639    8.3854    
9.8408     13.8658   
16.0100    10.1435   
10.5009    1.8795    
1.0533     16.6368   
3.4646     33.6742   

# Frame428

# x        y
16.9640    8.3857    
9.8408     13.8658   
16.0100    10.1436   
10.5009    1.8795    
1.0533     16.6368   
3.4646     33.6742   

# Frame429

# x        y
16.9642    8.3859    
9.8408     13.8658   
16.0099    10.1438   
10.5009    1.8795    
1.0533     16.6368   
3.4646     33.6742   

# Frame430

# x        y
16.9643    8.3861    
9.8408     13.8658   
16.0099    10.1439   
10.5009    1.8795    
1.0533     16.6368   
3.4646     33.6742   

# Frame431

# x        y
16.9644    8.3863    
9.8408     13.8658   
16.0099    10.1440   
10.5009    1.8795    
1.0533     16.6368   
3.4646     33.6742   

# Frame432

# x        y
16.9645    8.3865    
9.8408     13.8658   
16.0098    10.1442   
10.5009    1.8795    
1.0533     16.6368   
3.4646     33.6742   

# Frame433

# x        y
16.9646    8.3867    
9.8408     13.8658   
16.0098    10.1443   
10.5009    1.8795    
1.0533     16.6368   
3.4646     33.6742   

# Frame434

# x        y
16.9647    8.3869    
9.8408     13.8658   
16.0098    10.1445   
10.5009    1.8795    
1.0533     16.6368   
3.4646     33.6742   

# Frame435

# x        y
16.9648    8.3871    
9.8408     13.8658   
16.0097    10.1446   
10.5009    1.8795    
1.0533     16.6368   
3.4646     33.6742   

# Frame436

# x        y
16.9649    8.3873    
9.8408     13.8658   
16.0097    10.1447   
10.5009    1.8795    
1.0533     16.6368   
3.4646     33.6742   

# Frame437

# x        y
16.9650    8.3875    
9.8408     13.8658   
16.0097    10.1449   
10.5009    1.8795    
1.0533     16.6368   
3.4646     33.6742   

# Frame438

# x        y
16.9651    8.3877    
9.8408     13.8658   
16.0097    10.1450   
10.5009    1.8795    
1.0533     16.6368   
3.4646     33.6742   

# Frame439

# x        y
16.9652    8.3879    
9.8408     13.8658   
16.0096    10.1451   
10.5009    1.8795    
1.0533     16.6368   
3.4646     33.6742   

# Frame440

# x        y
16.9653    8.3881    
9.8408     13.8658   
16.0096    10.1452   
10.5009    1.8795    
1.0533     16.6368   
3.4646     33.6742   

# Frame441

# x        y
16.9653    8.3883    
9.8408     13.8658   
16.0096    10.1454   
10.5009    1.8795    
1.0533     16.6368   
3.4646     33.6742   

# Frame442

# x        y
16.9654    8.3885    
9.8408     13.8658   
16.0096    10.1455   
10.5009    1.8795    
1.0533     16.6368   
3.4646     33.6742   

# Frame443

# x        y
16.9655    8.3887    
9.8408     13.8658   
16.0095    10.1456   
10.5009    1.8795    
1.0533     16.6368   
3.4646     33.6742   

# Frame444

# x        y
16.9656    8.3888    
9.8408     13.8658   
16.0095    10.1457   
10.5009    1.8795    
1.0533     16.6368   
3.4646     33.6742   

# Frame445

# x        y
16.9657    8.3890    
9.8408     13.8658   
16.0095    10.1458   
10.5009    1.8795    
1.0533     16.6368   
3.4646     33.6742   

# Frame446

# x        y
16.9658    8.3892    
9.8408     13.8658   
16.0095    10.1459   
10.5009    1.8795    
1.0533     16.6368   
3.4646     33.6742   

# Frame447

# x        y
16.9659    8.3893    
9.8408     13.8658   
16.0094    10.1460   
10.5009    1.8795    
1.0533     16.6368   
3.4646     33.6742   

# Frame448

# x        y
16.9659    8.3895    
9.8408     13.8658   
16.0094    10.1461   
10.5009    1.8795    
1.0533     16.6368   
3.4646     33.6742   

# Frame449

# x        y
16.9660    8.3897    
9.8408     13.8658   
16.0094    10.1463   
10.5009    1.8795    
1.0533     16.6368   
3.4646     33.6742   

# Frame450

# x        y
16.9661    8.3898    
9.8408     13.8658   
16.0094    10.1464   
10.5009    1.8795    
1.0533     16.6368   
3.4646     33.6742   

# Frame451

# x        y
16.9662    8.3900    
9.8408     13.8658   
16.0093    10.1465   
10.5009    1.8795    
1.0533     16.6368   
3.4646     33.6742   

# Frame452

# x        y
16.9662    8.3901    
9.8408     13.8658   
16.0093    10.1466   
10.5009    1.8795    
1.0533     16.6368   
3.4646     33.6742   

# Frame453

# x        y
16.9663    8.3903    
9.8408     13.8658   
16.0093    10.1467   
10.5009    1.8795    
1.0533     16.6368   
3.4646     33.6742   

# Frame454

# x        y
16.9664    8.3904    
9.8408     13.8658   
16.0093    10.1467   
10.5009    1.8795    
1.0533     16.6368   
3.4646     33.6742   

# Frame455

# x        y
16.9665    8.3906    
9.8408     13.8658   
16.0093    10.1467   
10.5009    1.8795    
1.0533     16.6368   
3.4646     33.6742   

# Frame456

# x        y
16.9665    8.3907    
9.8408     13.8658   
16.0093    10.1467   
10.5009    1.8795    
1.0533     16.6368   
3.4646     33.6742   

# Frame457

# x        y
16.9666    8.3908    
9.8408     13.8658   
16.0093    10.1467   
10.5009    1.8795    
1.0533     16.6368   
3.4646     33.6742   

# Frame458

# x        y
16.9667    8.3909    
9.8408     13.8658   
16.0093    10.1468   
10.5009    1.8795    
1.0533     16.6368   
3.4646     33.6742   

# Frame459

# x        y
16.9667    8.3910    
9.8408     13.8658   
16.0093    10.1468   
10.5009    1.8795    
1.0533     16.6368   
3.4646     33.6742   

# Frame460

# x        y
16.9668    8.3911    
9.8408     13.8658   
16.0093    10.1469   
10.5009    1.8795    
1.0533     16.6368   
3.4646     33.6742   

# Frame461

# x        y
16.9669    8.3911    
9.8408     13.8658   
16.0093    10.1469   
10.5009    1.8795    
1.0533     16.6368   
3.4646     33.6742   

# Frame462

# x        y
16.9670    8.3912    
9.8408     13.8658   
16.0093    10.1469   
10.5009    1.8795    
1.0533     16.6368   
3.4646     33.6742   

# Frame463

# x        y
16.9670    8.3913    
9.8408     13.8658   
16.0093    10.1470   
10.5009    1.8795    
1.0533     16.6368   
3.4646     33.6742   

# Frame464

# x        y
16.9671    8.3914    
9.8408     13.8658   
16.0093    10.1470   
10.5009    1.8795    
1.0533     16.6368   
3.4646     33.6742   

# Frame465

# x        y
16.9671    8.3915    
9.8408     13.8658   
16.0093    10.1471   
10.5009    1.8795    
1.0533     16.6368   
3.4646     33.6742   

# Frame466

# x        y
16.9672    8.3915    
9.8408     13.8658   
16.0093    10.1471   
10.5009    1.8795    
1.0533     16.6368   
3.4646     33.6742   

# Frame467

# x        y
16.9673    8.3916    
9.8408     13.8658   
16.0093    10.1472   
10.5009    1.8795    
1.0533     16.6368   
3.4646     33.6742   

# Frame468

# x        y
16.9673    8.3917    
9.8408     13.8658   
16.0092    10.1472   
10.5009    1.8795    
1.0533     16.6368   
3.4646     33.6742   

# Frame469

# x        y
16.9674    8.3918    
9.8408     13.8658   
16.0092    10.1472   
10.5009    1.8795    
1.0533     16.6368   
3.4646     33.6742   

# Frame470

# x        y
16.9674    8.3918    
9.8408     13.8658   
16.0092    10.1473   
10.5009    1.8795    
1.0533     16.6368   
3.4646     33.6742   

# Frame471

# x        y
16.9675    8.3919    
9.8408     13.8658   
16.0092    10.1473   
10.5009    1.8795    
1.0533     16.6368   
3.4646     33.6742   

# Frame472

# x        y
16.9676    8.3920    
9.8408     13.8658   
16.0092    10.1474   
10.5009    1.8795    
1.0533     16.6368   
3.4646     33.6742   

# Frame473

# x        y
16.9676    8.3921    
9.8408     13.8658   
16.0092    10.1474   
10.5009    1.8795    
1.0533     16.6368   
3.4646     33.6742   

# Frame474

# x        y
16.9677    8.3921    
9.8408     13.8658   
16.0092    10.1474   
10.5009    1.8795    
1.0533     16.6368   
3.4646     33.6742   

# Frame475

# x        y
16.9677    8.3922    
9.8408     13.8658   
16.0092    10.1475   
10.5009    1.8795    
1.0533     16.6368   
3.4646     33.6742   

# Frame476

# x        y
16.9678    8.3923    
9.8408     13.8658   
16.0092    10.1475   
10.5009    1.8795    
1.0533     16.6368   
3.4646     33.6742   

# Frame477

# x        y
16.9678    8.3923    
9.8408     13.8658   
16.0092    10.1475   
10.5009    1.8795    
1.0533     16.6368   
3.4646     33.6742   

# Frame478

# x        y
16.9679    8.3924    
9.8408     13.8658   
16.0092    10.1476   
10.5009    1.8795    
1.0533     16.6368   
3.4646     33.6742   

# Frame479

# x        y
16.9679    8.3924    
9.8408     13.8658   
16.0092    10.1476   
10.5009    1.8795    
1.0533     16.6368   
3.4646     33.6742   

# Frame480

# x        y
16.9680    8.3925    
9.8408     13.8658   
16.0092    10.1476   
10.5009    1.8795    
1.0533     16.6368   
3.4646     33.6742   

# Frame481

# x        y
16.9680    8.3926    
9.8408     13.8658   
16.0092    10.1477   
10.5009    1.8795    
1.0533     16.6368   
3.4646     33.6742   

# Frame482

# x        y
16.9681    8.3926    
9.8408     13.8658   
16.0092    10.1477   
10.5009    1.8795    
1.0533     16.6368   
3.4646     33.6742   

# Frame483

# x        y
16.9681    8.3927    
9.8408     13.8658   
16.0092    10.1477   
10.5009    1.8795    
1.0533     16.6368   
3.4646     33.6742   

# Frame484

# x        y
16.9682    8.3927    
9.8408     13.8658   
16.0092    10.1478   
10.5009    1.8795    
1.0533     16.6368   
3.4646     33.6742   

# Frame485

# x        y
16.9682    8.3928    
9.8408     13.8658   
16.0092    10.1478   
10.5009    1.8795    
1.0533     16.6368   
3.4646     33.6742   

# Frame486

# x        y
16.9683    8.3929    
9.8408     13.8658   
16.0092    10.1478   
10.5009    1.8795    
1.0533     16.6368   
3.4646     33.6742   

# Frame487

