# x        y
18.9952    34.6591   
4.0903     1.8008    
9.6612     11.4228   
8.3530     12.9283   
19.2039    25.0902   
11.9660    6.6394    

# Frame1

# x        y
17.5632    35.0098   
4.0903     1.8008    
9.6613     11.4227   
8.3530     12.9284   
19.2039    25.0902   
11.9660    6.6394    

# Frame2

# x        y
16.1551    35.3546   
4.0903     1.8008    
9.6613     11.4227   
8.3530     12.9284   
19.2039    25.0902   
11.9660    6.6394    

# Frame3

# x        y
14.7704    35.6936   
4.0903     1.8008    
9.6613     11.4227   
8.3529     12.9284   
19.2039    25.0902   
11.9660    6.6394    

# Frame4

# x        y
13.4088    36.0270   
4.0903     1.8008    
9.6613     11.4227   
8.3529     12.9284   
19.2039    25.0902   
11.9660    6.6394    

# Frame5

# x        y
12.0699    36.3549   
4.0903     1.8008    
9.6613     11.4226   
8.3529     12.9284   
19.2039    25.0902   
11.9660    6.6394    

# Frame6

# x        y
10.7533    36.6773   
4.0903     1.8008    
9.6614     11.4226   
8.3529     12.9285   
19.2039    25.0902   
11.9660    6.6394    

# Frame7

# x        y
9.4587     36.9943   
4.0903     1.8008    
9.6614     11.4226   
8.3529     12.9285   
19.2039    25.0902   
11.9660    6.6394    

# Frame8

# x        y
8.1857     37.3060   
4.0903     1.8008    
9.6614     11.4226   
8.3529     12.9285   
19.2039    25.0902   
11.9660    6.6394    

# Frame9

# x        y
6.9338     37.6126   
4.0903     1.8008    
9.6614     11.4226   
8.3529     12.9285   
19.2039    25.0902   
11.9660    6.6394    

# Frame10

# x        y
5.7028     37.9140   
4.0903     1.8008    
9.6614     11.4226   
8.3529     12.9285   
19.2039    25.0902   
11.9660    6.6394    

# Frame11

# x        y
4.4924     38.2104   
4.0903     1.8008    
9.6614     11.4226   
8.3529     12.9285   
19.2039    25.0902   
11.9660    6.6394    

# Frame12

# x        y
3.3021     38.5019   
4.0903     1.8008    
9.6614     11.4226   
8.3529     12.9285   
19.2039    25.0902   
11.9660    6.6394    

# Frame13

# x        y
2.1317     38.7885   
4.0903     1.8008    
9.6614     11.4226   
8.3529     12.9285   
19.2039    25.0902   
11.9660    6.6394    

# Frame14

# x        y
1.0524     38.9625   
4.0903     1.8008    
9.6614     11.4226   
8.3529     12.9285   
19.2039    25.0902   
11.9660    6.6394    

# Frame15

# x        y
1.3898     38.6139   
4.0903     1.8008    
9.6614     11.4226   
8.3529     12.9285   
19.2039    25.0902   
11.9660    6.6394    

# Frame16

# x        y
1.7967     38.2557   
4.0903     1.8008    
9.6614     11.4226   
8.3529     12.9285   
19.2039    25.0902   
11.9660    6.6394    

# Frame17

# x        y
2.1967     37.9034   
4.0903     1.8008    
9.6614     11.4226   
8.3529     12.9285   
19.2039    25.0902   
11.9660    6.6394    

# Frame18

# x        y
2.5901     37.5570   
4.0903     1.8008    
9.6614     11.4226   
8.3529     12.9285   
19.2039    25.0902   
11.9660    6.6394    

# Frame19

# x        y
2.9769     37.2164   
4.0903     1.8008    
9.6614     11.4226   
8.3529     12.9285   
19.2039    25.0902   
11.9660    6.6394    

# Frame20

# x        y
3.3573     36.8815   
4.0903     1.8008    
9.6614     11.4226   
8.3529     12.9285   
19.2039    25.0902   
11.9660    6.6394    

# Frame21

# x        y
3.7313     36.5522   
4.0903     1.8008    
9.6614     11.4226   
8.3529     12.9285   
19.2039    25.0902   
11.9660    6.6394    

# Frame22

# x        y
4.0991     36.2283   
4.0903     1.8008    
9.6614     11.4226   
8.3529     12.9285   
19.2039    25.0902   
11.9660    6.6394    

# Frame23

# x        y
4.4608     35.9099   
4.0903     1.8008    
9.6614     11.4226   
8.3529     12.9285   
19.2039    25.0902   
11.9660    6.6394    

# Frame24

# x        y
4.8164     35.5967   
4.0903     1.8008    
9.6614     11.4226   
8.3529     12.9285   
19.2039    25.0902   
11.9660    6.6394    

# Frame25

# x        y
5.1661     35.2888   
4.0903     1.8008    
9.6614     11.4226   
8.3529     12.9285   
19.2039    25.0902   
11.9660    6.6394    

# Frame26

# x        y
5.5100     34.9860   
4.0903     1.8008    
9.6614     11.4226   
8.3529     12.9285   
19.2039    25.0902   
11.9660    6.6394    

# Frame27

# x        y
5.8481     34.6882   
4.0903     1.8008    
9.6614     11.4226   
8.3529     12.9285   
19.2039    25.0902   
11.9660    6.6394    

# Frame28

# x        y
6.1806     34.3954   
4.0903     1.8008    
9.6614     11.4226   
8.3529     12.9285   
19.2039    25.0902   
11.9660    6.6394    

# Frame29

# x        y
6.5076     34.1075   
4.0903     1.8008    
9.6614     11.4226   
8.3529     12.9285   
19.2039    25.0902   
11.9660    6.6394    

# Frame30

# x        y
6.8291     33.8244   
4.0903     1.8008    
9.6614     11.4226   
8.3529     12.9285   
19.2039    25.0902   
11.9660    6.6394    

# Frame31

# x        y
7.1453     33.5460   
4.0903     1.8008    
9.6614     11.4226   
8.3529     12.9285   
19.2039    25.0902   
11.9660    6.6394    

# Frame32

# x        y
7.4562     33.2723   
4.0903     1.8008    
9.6614     11.4226   
8.3529     12.9285   
19.2039    25.0902   
11.9660    6.6394    

# Frame33

# x        y
7.7619     33.0031   
4.0903     1.8008    
9.6614     11.4226   
8.3529     12.9285   
19.2039    25.0902   
11.9660    6.6394    

# Frame34

# x        y
8.0625     32.7384   
4.0903     1.8008    
9.6614     11.4226   
8.3529     12.9285   
19.2039    25.0902   
11.9660    6.6394    

# Frame35

# x        y
8.3581     32.4781   
4.0903     1.8008    
9.6614     11.4226   
8.3529     12.9285   
19.2039    25.0902   
11.9660    6.6394    

# Frame36

# x        y
8.6488     32.2221   
4.0903     1.8008    
9.6614     11.4226   
8.3529     12.9285   
19.2039    25.0902   
11.9660    6.6394    

# Frame37

# x        y
8.9347     31.9705   
4.0903     1.8008    
9.6614     11.4226   
8.3529     12.9285   
19.2039    25.0902   
11.9660    6.6394    

# Frame38

# x        y
9.2157     31.7230   
4.0903     1.8008    
9.6614     11.4226   
8.3529     12.9285   
19.2039    25.0902   
11.9660    6.6394    

# Frame39

# x        y
9.4921     31.4796   
4.0903     1.8008    
9.6614     11.4226   
8.3529     12.9285   
19.2039    25.0902   
11.9660    6.6394    

# Frame40

# x        y
9.7639     31.2403   
4.0903     1.8008    
9.6614     11.4226   
8.3529     12.9285   
19.2039    25.0902   
11.9660    6.6394    

# Frame41

# x        y
10.0312    31.0050   
4.0903     1.8008    
9.6614     11.4226   
8.3529     12.9285   
19.2039    25.0902   
11.9660    6.6394    

# Frame42

# x        y
10.2940    30.7736   
4.0903     1.8008    
9.6614     11.4226   
8.3529     12.9285   
19.2039    25.0902   
11.9660    6.6394    

# Frame43

# x        y
10.5524    30.5460   
4.0903     1.8008    
9.6614     11.4226   
8.3529     12.9285   
19.2039    25.0902   
11.9660    6.6394    

# Frame44

# x        y
10.8065    30.3223   
4.0903     1.8008    
9.6614     11.4226   
8.3529     12.9285   
19.2039    25.0902   
11.9660    6.6394    

# Frame45

# x        y
11.0564    30.1022   
4.0903     1.8008    
9.6614     11.4226   
8.3529     12.9285   
19.2039    25.0902   
11.9660    6.6394    

# Frame46

# x        y
11.3021    29.8859   
4.0903     1.8008    
9.6614     11.4226   
8.3529     12.9285   
19.2039    25.0902   
11.9660    6.6394    

# Frame47

# x        y
11.5437    29.6731   
4.0903     1.8008    
9.6614     11.4226   
8.3529     12.9285   
19.2039    25.0902   
11.9660    6.6394    

# Frame48

# x        y
11.7813    29.4639   
4.0903     1.8008    
9.6614     11.4226   
8.3529     12.9285   
19.2039    25.0902   
11.9660    6.6394    

# Frame49

# x        y
12.0149    29.2582   
4.0903     1.8008    
9.6614     11.4226   
8.3529     12.9285   
19.2039    25.0902   
11.9660    6.6394    

# Frame50

# x        y
12.2446    29.0559   
4.0903     1.8008    
9.6614     11.4226   
8.3529     12.9285   
19.2039    25.0902   
11.9660    6.6394    

# Frame51

# x        y
12.4705    28.8570   
4.0903     1.8008    
9.6614     11.4226   
8.3529     12.9285   
19.2039    25.0902   
11.9660    6.6394    

# Frame52

# x        y
12.6927    28.6614   
4.0903     1.8008    
9.6614     11.4226   
8.3529     12.9285   
19.2039    25.0902   
11.9660    6.6394    

# Frame53

# x        y
12.9111    28.4691   
4.0903     1.8008    
9.6614     11.4226   
8.3529     12.9285   
19.2039    25.0902   
11.9660    6.6394    

# Frame54

# x        y
13.1259    28.2799   
4.0903     1.8008    
9.6614     11.4226   
8.3529     12.9285   
19.2039    25.0902   
11.9660    6.6394    

# Frame55

# x        y
13.3371    28.0939   
4.0903     1.8008    
9.6614     11.4226   
8.3529     12.9285   
19.2039    25.0902   
11.9660    6.6394    

# Frame56

# x        y
13.5448    27.9111   
4.0903     1.8008    
9.6614     11.4226   
8.3529     12.9285   
19.2039    25.0902   
11.9660    6.6394    

# Frame57

# x        y
13.7491    27.7312   
4.0903     1.8008    
9.6614     11.4226   
8.3529     12.9285   
19.2039    25.0902   
11.9660    6.6394    

# Frame58

# x        y
13.9499    27.5544   
4.0903     1.8008    
9.6614     11.4226   
8.3529     12.9285   
19.2039    25.0902   
11.9660    6.6394    

# Frame59

# x        y
14.1474    27.3805   
4.0903     1.8008    
9.6614     11.4226   
8.3529     12.9285   
19.2039    25.0902   
11.9660    6.6394    

# Frame60

# x        y
14.3416    27.2095   
4.0903     1.8008    
9.6614     11.4226   
8.3529     12.9285   
19.2039    25.0902   
11.9660    6.6394    

# Frame61

# x        y
14.5325    27.0414   
4.0903     1.8008    
9.6614     11.4226   
8.3529     12.9285   
19.2039    25.0902   
11.9660    6.6394    

# Frame62

# x        y
14.7203    26.8760   
4.0903     1.8008    
9.6614     11.4226   
8.3529     12.9285   
19.2039    25.0902   
11.9660    6.6394    

# Frame63

# x        y
14.9050    26.7134   
4.0903     1.8008    
9.6614     11.4226   
8.3529     12.9285   
19.2039    25.0902   
11.9660    6.6394    

# Frame64

# x        y
15.0865    26.5536   
4.0903     1.8008    
9.6614     11.4226   
8.3529     12.9285   
19.2039    25.0902   
11.9660    6.6394    

# Frame65

# x        y
15.2651    26.3963   
4.0903     1.8008    
9.6614     11.4226   
8.3529     12.9285   
19.2039    25.0902   
11.9660    6.6394    

# Frame66

# x        y
15.4406    26.2418   
4.0903     1.8008    
9.6614     11.4226   
8.3529     12.9285   
19.2039    25.0902   
11.9660    6.6394    

# Frame67

# x        y
15.6133    26.0897   
4.0903     1.8008    
9.6614     11.4226   
8.3529     12.9285   
19.2039    25.0902   
11.9660    6.6394    

# Frame68

# x        y
15.7830    25.9403   
4.0903     1.8008    
9.6614     11.4226   
8.3529     12.9285   
19.2039    25.0902   
11.9660    6.6394    

# Frame69

# x        y
15.9500    25.7933   
4.0903     1.8008    
9.6614     11.4226   
8.3529     12.9285   
19.2039    25.0902   
11.9660    6.6394    

# Frame70

# x        y
16.1141    25.6487   
4.0903     1.8008    
9.6614     11.4226   
8.3529     12.9285   
19.2039    25.0902   
11.9660    6.6394    

# Frame71

# x        y
16.2755    25.5066   
4.0903     1.8008    
9.6614     11.4226   
8.3529     12.9285   
19.2039    25.0902   
11.9660    6.6394    

# Frame72

# x        y
16.4343    25.3668   
4.0903     1.8008    
9.6614     11.4226   
8.3529     12.9285   
19.2039    25.0902   
11.9660    6.6394    

# Frame73

# x        y
16.5903    25.2294   
4.0903     1.8008    
9.6614     11.4226   
8.3529     12.9285   
19.2039    25.0902   
11.9660    6.6394    

# Frame74

# x        y
16.7438    25.0943   
4.0903     1.8008    
9.6614     11.4226   
8.3529     12.9285   
19.2039    25.0902   
11.9660    6.6394    

# Frame75

# x        y
16.8947    24.9614   
4.0903     1.8008    
9.6614     11.4226   
8.3529     12.9285   
19.2039    25.0902   
11.9660    6.6394    

# Frame76

# x        y
17.0105    24.8316   
4.0903     1.8008    
9.6614     11.4226   
8.3529     12.9285   
18.9954    25.0867   
11.9660    6.6394    

# Frame77

# x        y
16.9560    24.7181   
4.0903     1.8008    
9.6614     11.4226   
8.3529     12.9285   
18.9953    25.0504   
11.9660    6.6394    

# Frame78

# x        y
16.9023    24.6065   
4.0903     1.8008    
9.6614     11.4226   
8.3529     12.9285   
18.9952    25.0147   
11.9660    6.6394    

# Frame79

# x        y
16.8496    24.4967   
4.0903     1.8008    
9.6614     11.4226   
8.3529     12.9285   
18.9952    24.9796   
11.9660    6.6394    

# Frame80

# x        y
16.7977    24.3888   
4.0903     1.8008    
9.6614     11.4226   
8.3529     12.9285   
18.9951    24.9450   
11.9660    6.6394    

# Frame81

# x        y
16.7467    24.2827   
4.0903     1.8008    
9.6614     11.4226   
8.3529     12.9285   
18.9951    24.9111   
11.9660    6.6394    

# Frame82

# x        y
16.6966    24.1784   
4.0903     1.8008    
9.6614     11.4226   
8.3529     12.9285   
18.9951    24.8777   
11.9660    6.6394    

# Frame83

# x        y
16.6472    24.0757   
4.0903     1.8008    
9.6614     11.4226   
8.3529     12.9285   
18.9951    24.8448   
11.9660    6.6394    

# Frame84

# x        y
16.5987    23.9749   
4.0903     1.8008    
9.6614     11.4226   
8.3529     12.9285   
18.9951    24.8125   
11.9660    6.6394    

# Frame85

# x        y
16.5510    23.8756   
4.0903     1.8008    
9.6614     11.4226   
8.3529     12.9285   
18.9951    24.7808   
11.9660    6.6394    

# Frame86

# x        y
16.5042    23.7781   
4.0903     1.8008    
9.6614     11.4226   
8.3529     12.9285   
18.9950    24.7496   
11.9660    6.6394    

# Frame87

# x        y
16.4580    23.6821   
4.0903     1.8008    
9.6614     11.4226   
8.3529     12.9285   
18.9950    24.7189   
11.9660    6.6394    

# Frame88

# x        y
16.4127    23.5878   
4.0903     1.8008    
9.6614     11.4226   
8.3529     12.9285   
18.9950    24.6887   
11.9660    6.6394    

# Frame89

# x        y
16.3681    23.4950   
4.0903     1.8008    
9.6614     11.4226   
8.3529     12.9285   
18.9950    24.6590   
11.9660    6.6394    

# Frame90

# x        y
16.3243    23.4038   
4.0903     1.8008    
9.6614     11.4226   
8.3529     12.9285   
18.9950    24.6298   
11.9660    6.6394    

# Frame91

# x        y
16.2811    23.3141   
4.0903     1.8008    
9.6614     11.4226   
8.3529     12.9285   
18.9950    24.6011   
11.9660    6.6394    

# Frame92

# x        y
16.2388    23.2259   
4.0903     1.8008    
9.6614     11.4226   
8.3529     12.9285   
18.9950    24.5729   
11.9660    6.6394    

# Frame93

# x        y
16.1971    23.1392   
4.0903     1.8008    
9.6614     11.4226   
8.3529     12.9285   
18.9950    24.5451   
11.9660    6.6394    

# Frame94

# x        y
16.1561    23.0539   
4.0903     1.8008    
9.6614     11.4226   
8.3529     12.9285   
18.9950    24.5178   
11.9660    6.6394    

# Frame95

# x        y
16.1158    22.9700   
4.0903     1.8008    
9.6614     11.4226   
8.3529     12.9285   
18.9950    24.4910   
11.9660    6.6394    

# Frame96

# x        y
16.0761    22.8876   
4.0903     1.8008    
9.6614     11.4226   
8.3529     12.9285   
18.9950    24.4646   
11.9660    6.6394    

# Frame97

# x        y
16.0371    22.8065   
4.0903     1.8008    
9.6614     11.4226   
8.3529     12.9285   
18.9950    24.4387   
11.9660    6.6394    

# Frame98

# x        y
15.9988    22.7267   
4.0903     1.8008    
9.6614     11.4226   
8.3529     12.9285   
18.9950    24.4131   
11.9660    6.6394    

# Frame99

# x        y
15.9611    22.6483   
4.0903     1.8008    
9.6614     11.4226   
8.3529     12.9285   
18.9950    24.3880   
11.9660    6.6394    

# Frame100

# x        y
15.9241    22.5712   
4.0903     1.8008    
9.6614     11.4226   
8.3529     12.9285   
18.9950    24.3634   
11.9660    6.6394    

# Frame101

# x        y
15.8876    22.4954   
4.0903     1.8008    
9.6614     11.4226   
8.3529     12.9285   
18.9950    24.3391   
11.9660    6.6394    

# Frame102

# x        y
15.8518    22.4209   
4.0903     1.8008    
9.6614     11.4226   
8.3529     12.9285   
18.9950    24.3152   
11.9660    6.6394    

# Frame103

# x        y
15.8165    22.3475   
4.0903     1.8008    
9.6614     11.4226   
8.3529     12.9285   
18.9950    24.2918   
11.9660    6.6394    

# Frame104

# x        y
15.7819    22.2754   
4.0903     1.8008    
9.6614     11.4226   
8.3529     12.9285   
18.9950    24.2687   
11.9660    6.6394    

# Frame105

# x        y
15.7478    22.2046   
4.0903     1.8008    
9.6614     11.4226   
8.3529     12.9285   
18.9950    24.2460   
11.9660    6.6394    

# Frame106

# x        y
15.7143    22.1348   
4.0903     1.8008    
9.6614     11.4226   
8.3529     12.9285   
18.9950    24.2237   
11.9660    6.6394    

# Frame107

# x        y
15.6814    22.0663   
4.0903     1.8008    
9.6614     11.4226   
8.3529     12.9285   
18.9950    24.2018   
11.9660    6.6394    

# Frame108

# x        y
15.6490    21.9989   
4.0903     1.8008    
9.6614     11.4226   
8.3529     12.9285   
18.9950    24.1802   
11.9660    6.6394    

# Frame109

# x        y
15.6171    21.9326   
4.0903     1.8008    
9.6614     11.4226   
8.3529     12.9285   
18.9950    24.1590   
11.9660    6.6394    

# Frame110

# x        y
15.5858    21.8674   
4.0903     1.8008    
9.6614     11.4226   
8.3529     12.9285   
18.9950    24.1381   
11.9660    6.6394    

# Frame111

# x        y
15.5550    21.8033   
4.0903     1.8008    
9.6614     11.4226   
8.3529     12.9285   
18.9950    24.1176   
11.9660    6.6394    

# Frame112

# x        y
15.5247    21.7403   
4.0903     1.8008    
9.6614     11.4226   
8.3529     12.9285   
18.9950    24.0975   
11.9660    6.6394    

# Frame113

# x        y
15.4949    21.6784   
4.0903     1.8008    
9.6614     11.4226   
8.3529     12.9285   
18.9950    24.0776   
11.9660    6.6394    

# Frame114

# x        y
15.4656    21.6174   
4.0903     1.8008    
9.6614     11.4226   
8.3529     12.9285   
18.9950    24.0581   
11.9660    6.6394    

# Frame115

# x        y
15.4368    21.5575   
4.0903     1.8008    
9.6614     11.4226   
8.3529     12.9285   
18.9950    24.0390   
11.9660    6.6394    

# Frame116

# x        y
15.4085    21.4986   
4.0903     1.8008    
9.6614     11.4226   
8.3529     12.9285   
18.9950    24.0201   
11.9660    6.6394    

# Frame117

# x        y
15.3806    21.4406   
4.0903     1.8008    
9.6614     11.4226   
8.3529     12.9285   
18.9950    24.0016   
11.9660    6.6394    

# Frame118

# x        y
15.3532    21.3836   
4.0903     1.8008    
9.6614     11.4226   
8.3529     12.9285   
18.9950    23.9833   
11.9660    6.6394    

# Frame119

# x        y
15.3263    21.3276   
4.0903     1.8008    
9.6614     11.4226   
8.3529     12.9285   
18.9950    23.9654   
11.9660    6.6394    

# Frame120

# x        y
15.2998    21.2725   
4.0903     1.8008    
9.6614     11.4226   
8.3529     12.9285   
18.9950    23.9478   
11.9660    6.6394    

# Frame121

# x        y
15.2738    21.2184   
4.0903     1.8008    
9.6614     11.4226   
8.3529     12.9285   
18.9950    23.9304   
11.9660    6.6394    

# Frame122

# x        y
15.2482    21.1651   
4.0903     1.8008    
9.6614     11.4226   
8.3529     12.9285   
18.9950    23.9134   
11.9660    6.6394    

# Frame123

# x        y
15.2230    21.1127   
4.0903     1.8008    
9.6614     11.4226   
8.3529     12.9285   
18.9950    23.8966   
11.9660    6.6394    

# Frame124

# x        y
15.1982    21.0612   
4.0903     1.8008    
9.6614     11.4226   
8.3529     12.9285   
18.9950    23.8801   
11.9660    6.6394    

# Frame125

# x        y
15.1739    21.0105   
4.0903     1.8008    
9.6614     11.4226   
8.3529     12.9285   
18.9950    23.8639   
11.9660    6.6394    

# Frame126

# x        y
15.1499    20.9607   
4.0903     1.8008    
9.6614     11.4226   
8.3529     12.9285   
18.9950    23.8480   
11.9660    6.6394    

# Frame127

# x        y
15.1264    20.9117   
4.0903     1.8008    
9.6614     11.4226   
8.3529     12.9285   
18.9950    23.8323   
11.9660    6.6394    

# Frame128

# x        y
15.1032    20.8636   
4.0903     1.8008    
9.6614     11.4226   
8.3529     12.9285   
18.9950    23.8169   
11.9660    6.6394    

# Frame129

# x        y
15.0805    20.8162   
4.0903     1.8008    
9.6614     11.4226   
8.3529     12.9285   
18.9950    23.8017   
11.9660    6.6394    

# Frame130

# x        y
15.0581    20.7697   
4.0903     1.8008    
9.6614     11.4226   
8.3529     12.9285   
18.9950    23.7868   
11.9660    6.6394    

# Frame131

# x        y
15.0361    20.7239   
4.0903     1.8008    
9.6614     11.4226   
8.3529     12.9285   
18.9950    23.7722   
11.9660    6.6394    

# Frame132

# x        y
15.0144    20.6788   
4.0903     1.8008    
9.6614     11.4226   
8.3529     12.9285   
18.9950    23.7578   
11.9660    6.6394    

# Frame133

# x        y
14.9932    20.6345   
4.0903     1.8008    
9.6614     11.4226   
8.3529     12.9285   
18.9950    23.7436   
11.9660    6.6394    

# Frame134

# x        y
14.9722    20.5910   
4.0903     1.8008    
9.6614     11.4226   
8.3529     12.9285   
18.9950    23.7297   
11.9660    6.6394    

# Frame135

# x        y
14.9516    20.5482   
4.0903     1.8008    
9.6614     11.4226   
8.3529     12.9285   
18.9950    23.7160   
11.9660    6.6394    

# Frame136

# x        y
14.9314    20.5061   
4.0903     1.8008    
9.6614     11.4226   
8.3529     12.9285   
18.9950    23.7025   
11.9660    6.6394    

# Frame137

# x        y
14.9115    20.4647   
4.0903     1.8008    
9.6614     11.4226   
8.3529     12.9285   
18.9950    23.6892   
11.9660    6.6394    

# Frame138

# x        y
14.8919    20.4240   
4.0903     1.8008    
9.6614     11.4226   
8.3529     12.9285   
18.9950    23.6762   
11.9660    6.6394    

# Frame139

# x        y
14.8727    20.3839   
4.0903     1.8008    
9.6614     11.4226   
8.3529     12.9285   
18.9950    23.6634   
11.9660    6.6394    

# Frame140

# x        y
14.8538    20.3446   
4.0903     1.8008    
9.6614     11.4226   
8.3529     12.9285   
18.9950    23.6508   
11.9660    6.6394    

# Frame141

# x        y
14.8352    20.3059   
4.0903     1.8008    
9.6614     11.4226   
8.3529     12.9285   
18.9950    23.6384   
11.9660    6.6394    

# Frame142

# x        y
14.8169    20.2678   
4.0903     1.8008    
9.6614     11.4226   
8.3529     12.9285   
18.9950    23.6262   
11.9660    6.6394    

# Frame143

# x        y
14.7989    20.2304   
4.0903     1.8008    
9.6614     11.4226   
8.3529     12.9285   
18.9950    23.6143   
11.9660    6.6394    

# Frame144

# x        y
14.7812    20.1936   
4.0903     1.8008    
9.6614     11.4226   
8.3529     12.9285   
18.9950    23.6025   
11.9660    6.6394    

# Frame145

# x        y
14.7638    20.1574   
4.0903     1.8008    
9.6614     11.4226   
8.3529     12.9285   
18.9950    23.5909   
11.9660    6.6394    

# Frame146

# x        y
14.7467    20.1218   
4.0903     1.8008    
9.6614     11.4226   
8.3529     12.9285   
18.9950    23.5795   
11.9660    6.6394    

# Frame147

# x        y
14.7299    20.0868   
4.0903     1.8008    
9.6614     11.4226   
8.3529     12.9285   
18.9950    23.5683   
11.9660    6.6394    

# Frame148

# x        y
14.7133    20.0524   
4.0903     1.8008    
9.6614     11.4226   
8.3529     12.9285   
18.9950    23.5573   
11.9660    6.6394    

# Frame149

# x        y
14.6971    20.0185   
4.0903     1.8008    
9.6614     11.4226   
8.3529     12.9285   
18.9950    23.5465   
11.9660    6.6394    

# Frame150

# x        y
14.6811    19.9853   
4.0903     1.8008    
9.6614     11.4226   
8.3529     12.9285   
18.9950    23.5358   
11.9660    6.6394    

# Frame151

# x        y
14.6653    19.9525   
4.0903     1.8008    
9.6614     11.4226   
8.3529     12.9285   
18.9950    23.5253   
11.9660    6.6394    

# Frame152

# x        y
14.6499    19.9204   
4.0903     1.8008    
9.6614     11.4226   
8.3529     12.9285   
18.9950    23.5151   
11.9660    6.6394    

# Frame153

# x        y
14.6347    19.8887   
4.0903     1.8008    
9.6614     11.4226   
8.3529     12.9285   
18.9950    23.5049   
11.9660    6.6394    

# Frame154

# x        y
14.6197    19.8576   
4.0903     1.8008    
9.6614     11.4226   
8.3529     12.9285   
18.9950    23.4950   
11.9660    6.6394    

# Frame155

# x        y
14.6050    19.8270   
4.0903     1.8008    
9.6614     11.4226   
8.3529     12.9285   
18.9950    23.4852   
11.9660    6.6394    

# Frame156

# x        y
14.5905    19.7969   
4.0903     1.8008    
9.6614     11.4226   
8.3529     12.9285   
18.9950    23.4756   
11.9660    6.6394    

# Frame157

# x        y
14.5763    19.7674   
4.0903     1.8008    
9.6614     11.4226   
8.3529     12.9285   
18.9950    23.4661   
11.9660    6.6394    

# Frame158

# x        y
14.5623    19.7383   
4.0903     1.8008    
9.6614     11.4226   
8.3529     12.9285   
18.9950    23.4568   
11.9660    6.6394    

# Frame159

# x        y
14.5486    19.7097   
4.0903     1.8008    
9.6614     11.4226   
8.3529     12.9285   
18.9950    23.4476   
11.9660    6.6394    

# Frame160

# x        y
14.5351    19.6815   
4.0903     1.8008    
9.6614     11.4226   
8.3529     12.9285   
18.9950    23.4386   
11.9660    6.6394    

# Frame161

# x        y
14.5218    19.6539   
4.0903     1.8008    
9.6614     11.4226   
8.3529     12.9285   
18.9950    23.4298   
11.9660    6.6394    

# Frame162

# x        y
14.5087    19.6267   
4.0903     1.8008    
9.6614     11.4226   
8.3529     12.9285   
18.9950    23.4211   
11.9660    6.6394    

# Frame163

# x        y
14.4958    19.5999   
4.0903     1.8008    
9.6614     11.4226   
8.3529     12.9285   
18.9950    23.4125   
11.9660    6.6394    

# Frame164

# x        y
14.4832    19.5736   
4.0903     1.8008    
9.6614     11.4226   
8.3529     12.9285   
18.9950    23.4041   
11.9660    6.6394    

# Frame165

# x        y
14.4708    19.5478   
4.0903     1.8008    
9.6614     11.4226   
8.3529     12.9285   
18.9950    23.3958   
11.9660    6.6394    

# Frame166

# x        y
14.4586    19.5223   
4.0903     1.8008    
9.6614     11.4226   
8.3529     12.9285   
18.9950    23.3877   
11.9660    6.6394    

# Frame167

# x        y
14.4465    19.4973   
4.0903     1.8008    
9.6614     11.4226   
8.3529     12.9285   
18.9950    23.3797   
11.9660    6.6394    

# Frame168

# x        y
14.4347    19.4727   
4.0903     1.8008    
9.6614     11.4226   
8.3529     12.9285   
18.9950    23.3718   
11.9660    6.6394    

# Frame169

# x        y
14.4231    19.4486   
4.0903     1.8008    
9.6614     11.4226   
8.3529     12.9285   
18.9950    23.3641   
11.9660    6.6394    

# Frame170

# x        y
14.4117    19.4248   
4.0903     1.8008    
9.6614     11.4226   
8.3529     12.9285   
18.9950    23.3565   
11.9660    6.6394    

# Frame171

# x        y
14.4004    19.4014   
4.0903     1.8008    
9.6614     11.4226   
8.3529     12.9285   
18.9950    23.3490   
11.9660    6.6394    

# Frame172

# x        y
14.3894    19.3784   
4.0903     1.8008    
9.6614     11.4226   
8.3529     12.9285   
18.9950    23.3416   
11.9660    6.6394    

# Frame173

# x        y
14.3785    19.3558   
4.0903     1.8008    
9.6614     11.4226   
8.3529     12.9285   
18.9950    23.3344   
11.9660    6.6394    

# Frame174

# x        y
14.3678    19.3336   
4.0903     1.8008    
9.6614     11.4226   
8.3529     12.9285   
18.9950    23.3273   
11.9660    6.6394    

# Frame175

# x        y
14.3573    19.3117   
4.0903     1.8008    
9.6614     11.4226   
8.3529     12.9285   
18.9950    23.3203   
11.9660    6.6394    

# Frame176

# x        y
14.3470    19.2902   
4.0903     1.8008    
9.6614     11.4226   
8.3529     12.9285   
18.9950    23.3134   
11.9660    6.6394    

# Frame177

# x        y
14.3368    19.2691   
4.0903     1.8008    
9.6614     11.4226   
8.3529     12.9285   
18.9950    23.3066   
11.9660    6.6394    

# Frame178

# x        y
14.3268    19.2483   
4.0903     1.8008    
9.6614     11.4226   
8.3529     12.9285   
18.9950    23.3000   
11.9660    6.6394    

# Frame179

# x        y
14.3170    19.2279   
4.0903     1.8008    
9.6614     11.4226   
8.3529     12.9285   
18.9950    23.2934   
11.9660    6.6394    

# Frame180

# x        y
14.3073    19.2078   
4.0903     1.8008    
9.6614     11.4226   
8.3529     12.9285   
18.9950    23.2870   
11.9660    6.6394    

# Frame181

# x        y
14.2978    19.1880   
4.0903     1.8008    
9.6614     11.4226   
8.3529     12.9285   
18.9950    23.2807   
11.9660    6.6394    

# Frame182

# x        y
14.2885    19.1686   
4.0903     1.8008    
9.6614     11.4226   
8.3529     12.9285   
18.9950    23.2745   
11.9660    6.6394    

# Frame183

# x        y
14.2793    19.1495   
4.0903     1.8008    
9.6614     11.4226   
8.3529     12.9285   
18.9950    23.2684   
11.9660    6.6394    

# Frame184

# x        y
14.2703    19.1307   
4.0903     1.8008    
9.6614     11.4226   
8.3529     12.9285   
18.9950    23.2623   
11.9660    6.6394    

# Frame185

# x        y
14.2614    19.1122   
4.0903     1.8008    
9.6614     11.4226   
8.3529     12.9285   
18.9950    23.2564   
11.9660    6.6394    

# Frame186

# x        y
14.2527    19.0940   
4.0903     1.8008    
9.6614     11.4226   
8.3529     12.9285   
18.9950    23.2506   
11.9660    6.6394    

# Frame187

# x        y
14.2441    19.0762   
4.0903     1.8008    
9.6614     11.4226   
8.3529     12.9285   
18.9950    23.2449   
11.9660    6.6394    

# Frame188

# x        y
14.2356    19.0586   
4.0903     1.8008    
9.6614     11.4226   
8.3529     12.9285   
18.9950    23.2393   
11.9660    6.6394    

# Frame189

# x        y
14.2273    19.0413   
4.0903     1.8008    
9.6614     11.4226   
8.3529     12.9285   
18.9950    23.2337   
11.9660    6.6394    

# Frame190

# x        y
14.2192    19.0243   
4.0903     1.8008    
9.6614     11.4226   
8.3529     12.9285   
18.9950    23.2283   
11.9660    6.6394    

# Frame191

# x        y
14.2111    19.0076   
4.0903     1.8008    
9.6614     11.4226   
8.3529     12.9285   
18.9950    23.2230   
11.9660    6.6394    

# Frame192

# x        y
14.2032    18.9912   
4.0903     1.8008    
9.6614     11.4226   
8.3529     12.9285   
18.9950    23.2177   
11.9660    6.6394    

# Frame193

# x        y
14.1955    18.9750   
4.0903     1.8008    
9.6614     11.4226   
8.3529     12.9285   
18.9950    23.2125   
11.9660    6.6394    

# Frame194

# x        y
14.1878    18.9592   
4.0903     1.8008    
9.6614     11.4226   
8.3529     12.9285   
18.9950    23.2075   
11.9660    6.6394    

# Frame195

# x        y
14.1803    18.9435   
4.0903     1.8008    
9.6614     11.4226   
8.3529     12.9285   
18.9950    23.2025   
11.9660    6.6394    

# Frame196

# x        y
14.1730    18.9282   
4.0903     1.8008    
9.6614     11.4226   
8.3529     12.9285   
18.9950    23.1975   
11.9660    6.6394    

# Frame197

# x        y
14.1657    18.9131   
4.0903     1.8008    
9.6614     11.4226   
8.3529     12.9285   
18.9950    23.1927   
11.9660    6.6394    

# Frame198

# x        y
14.1586    18.8982   
4.0903     1.8008    
9.6614     11.4226   
8.3529     12.9285   
18.9950    23.1880   
11.9660    6.6394    

# Frame199

# x        y
14.1515    18.8836   
4.0903     1.8008    
9.6614     11.4226   
8.3529     12.9285   
18.9950    23.1833   
11.9660    6.6394    

# Frame200

# x        y
14.1446    18.8693   
4.0903     1.8008    
9.6614     11.4226   
8.3529     12.9285   
18.9950    23.1787   
11.9660    6.6394    

# Frame201

# x        y
14.1379    18.8551   
4.0903     1.8008    
9.6614     11.4226   
8.3529     12.9285   
18.9950    23.1742   
11.9660    6.6394    

# Frame202

# x        y
14.1312    18.8413   
4.0903     1.8008    
9.6614     11.4226   
8.3529     12.9285   
18.9950    23.1697   
11.9660    6.6394    

# Frame203

# x        y
14.1246    18.8276   
4.0903     1.8008    
9.6614     11.4226   
8.3529     12.9285   
18.9950    23.1654   
11.9660    6.6394    

# Frame204

# x        y
14.1182    18.8142   
4.0903     1.8008    
9.6614     11.4226   
8.3529     12.9285   
18.9950    23.1611   
11.9660    6.6394    

# Frame205

# x        y
14.1118    18.8010   
4.0903     1.8008    
9.6614     11.4226   
8.3529     12.9285   
18.9950    23.1568   
11.9660    6.6394    

# Frame206

# x        y
14.1056    18.7880   
4.0903     1.8008    
9.6614     11.4226   
8.3529     12.9285   
18.9950    23.1527   
11.9660    6.6394    

# Frame207

# x        y
14.0994    18.7752   
4.0903     1.8008    
9.6614     11.4226   
8.3529     12.9285   
18.9950    23.1486   
11.9660    6.6394    

# Frame208

# x        y
14.0934    18.7627   
4.0903     1.8008    
9.6614     11.4226   
8.3529     12.9285   
18.9950    23.1446   
11.9660    6.6394    

# Frame209

# x        y
14.0875    18.7503   
4.0903     1.8008    
9.6614     11.4226   
8.3529     12.9285   
18.9950    23.1406   
11.9660    6.6394    

# Frame210

# x        y
14.0816    18.7382   
4.0903     1.8008    
9.6614     11.4226   
8.3529     12.9285   
18.9950    23.1367   
11.9660    6.6394    

# Frame211

# x        y
14.0759    18.7263   
4.0903     1.8008    
9.6614     11.4226   
8.3529     12.9285   
18.9950    23.1329   
11.9660    6.6394    

# Frame212

# x        y
14.0703    18.7145   
4.0903     1.8008    
9.6614     11.4226   
8.3529     12.9285   
18.9950    23.1292   
11.9660    6.6394    

# Frame213

# x        y
14.0647    18.7030   
4.0903     1.8008    
9.6614     11.4226   
8.3529     12.9285   
18.9950    23.1255   
11.9660    6.6394    

# Frame214

# x        y
14.0593    18.6916   
4.0903     1.8008    
9.6614     11.4226   
8.3529     12.9285   
18.9950    23.1218   
11.9660    6.6394    

# Frame215

# x        y
14.0539    18.6805   
4.0903     1.8008    
9.6614     11.4226   
8.3529     12.9285   
18.9950    23.1183   
11.9660    6.6394    

# Frame216

# x        y
14.0486    18.6695   
4.0903     1.8008    
9.6614     11.4226   
8.3529     12.9285   
18.9950    23.1148   
11.9660    6.6394    

# Frame217

# x        y
14.0434    18.6587   
4.0903     1.8008    
9.6614     11.4226   
8.3529     12.9285   
18.9950    23.1113   
11.9660    6.6394    

# Frame218

# x        y
14.0383    18.6481   
4.0903     1.8008    
9.6614     11.4226   
8.3529     12.9285   
18.9950    23.1079   
11.9660    6.6394    

# Frame219

# x        y
14.0333    18.6377   
4.0903     1.8008    
9.6614     11.4226   
8.3529     12.9285   
18.9950    23.1046   
11.9660    6.6394    

# Frame220

# x        y
14.0284    18.6274   
4.0903     1.8008    
9.6614     11.4226   
8.3529     12.9285   
18.9950    23.1013   
11.9660    6.6394    

# Frame221

# x        y
14.0235    18.6173   
4.0903     1.8008    
9.6614     11.4226   
8.3529     12.9285   
18.9950    23.0981   
11.9660    6.6394    

# Frame222

# x        y
14.0188    18.6074   
4.0903     1.8008    
9.6614     11.4226   
8.3529     12.9285   
18.9950    23.0949   
11.9660    6.6394    

# Frame223

# x        y
14.0141    18.5976   
4.0903     1.8008    
9.6614     11.4226   
8.3529     12.9285   
18.9950    23.0918   
11.9660    6.6394    

# Frame224

# x        y
14.0095    18.5880   
4.0903     1.8008    
9.6614     11.4226   
8.3529     12.9285   
18.9950    23.0887   
11.9660    6.6394    

# Frame225

# x        y
14.0049    18.5786   
4.0903     1.8008    
9.6614     11.4226   
8.3529     12.9285   
18.9950    23.0857   
11.9660    6.6394    

# Frame226

# x        y
14.0005    18.5693   
4.0903     1.8008    
9.6614     11.4226   
8.3529     12.9285   
18.9950    23.0827   
11.9660    6.6394    

# Frame227

# x        y
13.9961    18.5602   
4.0903     1.8008    
9.6614     11.4226   
8.3529     12.9285   
18.9950    23.0798   
11.9660    6.6394    

# Frame228

# x        y
13.9918    18.5512   
4.0903     1.8008    
9.6614     11.4226   
8.3529     12.9285   
18.9950    23.0769   
11.9660    6.6394    

# Frame229

# x        y
13.9875    18.5424   
4.0903     1.8008    
9.6614     11.4226   
8.3529     12.9285   
18.9950    23.0741   
11.9660    6.6394    

# Frame230

# x        y
13.9834    18.5337   
4.0903     1.8008    
9.6614     11.4226   
8.3529     12.9285   
18.9950    23.0713   
11.9660    6.6394    

# Frame231

# x        y
13.9793    18.5252   
4.0903     1.8008    
9.6614     11.4226   
8.3529     12.9285   
18.9950    23.0686   
11.9660    6.6394    

# Frame232

# x        y
13.9752    18.5168   
4.0903     1.8008    
9.6614     11.4226   
8.3529     12.9285   
18.9950    23.0659   
11.9660    6.6394    

# Frame233

# x        y
13.9713    18.5086   
4.0903     1.8008    
9.6614     11.4226   
8.3529     12.9285   
18.9950    23.0633   
11.9660    6.6394    

# Frame234

# x        y
13.9674    18.5005   
4.0903     1.8008    
9.6614     11.4226   
8.3529     12.9285   
18.9950    23.0607   
11.9660    6.6394    

# Frame235

# x        y
13.9635    18.4925   
4.0903     1.8008    
9.6614     11.4226   
8.3529     12.9285   
18.9950    23.0581   
11.9660    6.6394    

# Frame236

# x        y
13.9598    18.4846   
4.0903     1.8008    
9.6614     11.4226   
8.3529     12.9285   
18.9950    23.0556   
11.9660    6.6394    

# Frame237

# x        y
13.9561    18.4769   
4.0903     1.8008    
9.6614     11.4226   
8.3529     12.9285   
18.9950    23.0531   
11.9660    6.6394    

# Frame238

# x        y
13.9524    18.4694   
4.0903     1.8008    
9.6614     11.4226   
8.3529     12.9285   
18.9950    23.0507   
11.9660    6.6394    

# Frame239

# x        y
13.9488    18.4619   
4.0903     1.8008    
9.6614     11.4226   
8.3529     12.9285   
18.9950    23.0483   
11.9660    6.6394    

# Frame240

# x        y
13.9453    18.4546   
4.0903     1.8008    
9.6614     11.4226   
8.3529     12.9285   
18.9950    23.0460   
11.9660    6.6394    

# Frame241

# x        y
13.9418    18.4474   
4.0903     1.8008    
9.6614     11.4226   
8.3529     12.9285   
18.9950    23.0437   
11.9660    6.6394    

# Frame242

# x        y
13.9384    18.4403   
4.0903     1.8008    
9.6614     11.4226   
8.3529     12.9285   
18.9950    23.0414   
11.9660    6.6394    

# Frame243

# x        y
13.9351    18.4333   
4.0903     1.8008    
9.6614     11.4226   
8.3529     12.9285   
18.9950    23.0392   
11.9660    6.6394    

# Frame244

# x        y
13.9318    18.4264   
4.0903     1.8008    
9.6614     11.4226   
8.3529     12.9285   
18.9950    23.0370   
11.9660    6.6394    

# Frame245

# x        y
13.9286    18.4197   
4.0903     1.8008    
9.6614     11.4226   
8.3529     12.9285   
18.9950    23.0348   
11.9660    6.6394    

# Frame246

# x        y
13.9254    18.4131   
4.0903     1.8008    
9.6614     11.4226   
8.3529     12.9285   
18.9950    23.0327   
11.9660    6.6394    

# Frame247

# x        y
13.9222    18.4066   
4.0903     1.8008    
9.6614     11.4226   
8.3529     12.9285   
18.9950    23.0306   
11.9660    6.6394    

# Frame248

# x        y
13.9192    18.4001   
4.0903     1.8008    
9.6614     11.4226   
8.3529     12.9285   
18.9950    23.0286   
11.9660    6.6394    

# Frame249

# x        y
13.9161    18.3938   
4.0903     1.8008    
9.6614     11.4226   
8.3529     12.9285   
18.9950    23.0265   
11.9660    6.6394    

# Frame250

# x        y
13.9131    18.3876   
4.0903     1.8008    
9.6614     11.4226   
8.3529     12.9285   
18.9950    23.0246   
11.9660    6.6394    

# Frame251

# x        y
13.9102    18.3816   
4.0903     1.8008    
9.6614     11.4226   
8.3529     12.9285   
18.9950    23.0226   
11.9660    6.6394    

# Frame252

# x        y
13.9073    18.3756   
4.0903     1.8008    
9.6614     11.4226   
8.3529     12.9285   
18.9950    23.0207   
11.9660    6.6394    

# Frame253

# x        y
13.9045    18.3697   
4.0903     1.8008    
9.6614     11.4226   
8.3529     12.9285   
18.9950    23.0188   
11.9660    6.6394    

# Frame254

# x        y
13.9017    18.3639   
4.0903     1.8008    
9.6614     11.4226   
8.3529     12.9285   
18.9950    23.0170   
11.9660    6.6394    

# Frame255

# x        y
13.8990    18.3582   
4.0903     1.8008    
9.6614     11.4226   
8.3529     12.9285   
18.9950    23.0151   
11.9660    6.6394    

# Frame256

# x        y
13.8963    18.3526   
4.0903     1.8008    
9.6614     11.4226   
8.3529     12.9285   
18.9950    23.0133   
11.9660    6.6394    

# Frame257

# x        y
13.8936    18.3471   
4.0903     1.8008    
9.6614     11.4226   
8.3529     12.9285   
18.9950    23.0116   
11.9660    6.6394    

# Frame258

# x        y
13.8910    18.3417   
4.0903     1.8008    
9.6614     11.4226   
8.3529     12.9285   
18.9950    23.0098   
11.9660    6.6394    

# Frame259

# x        y
13.8885    18.3363   
4.0903     1.8008    
9.6614     11.4226   
8.3529     12.9285   
18.9950    23.0081   
11.9660    6.6394    

# Frame260

# x        y
13.8860    18.3311   
4.0903     1.8008    
9.6614     11.4226   
8.3529     12.9285   
18.9950    23.0065   
11.9660    6.6394    

# Frame261

# x        y
13.8835    18.3259   
4.0903     1.8008    
9.6614     11.4226   
8.3529     12.9285   
18.9950    23.0048   
11.9660    6.6394    

# Frame262

# x        y
13.8810    18.3209   
4.0903     1.8008    
9.6614     11.4226   
8.3529     12.9285   
18.9950    23.0032   
11.9660    6.6394    

# Frame263

# x        y
13.8787    18.3159   
4.0903     1.8008    
9.6614     11.4226   
8.3529     12.9285   
18.9950    23.0016   
11.9660    6.6394    

# Frame264

# x        y
13.8763    18.3110   
4.0903     1.8008    
9.6614     11.4226   
8.3529     12.9285   
18.9950    23.0000   
11.9660    6.6394    

# Frame265

# x        y
13.8740    18.3062   
4.0903     1.8008    
9.6614     11.4226   
8.3529     12.9285   
18.9950    22.9985   
11.9660    6.6394    

# Frame266

# x        y
13.8717    18.3014   
4.0903     1.8008    
9.6614     11.4226   
8.3529     12.9285   
18.9950    22.9970   
11.9660    6.6394    

# Frame267

# x        y
13.8695    18.2968   
4.0903     1.8008    
9.6614     11.4226   
8.3529     12.9285   
18.9950    22.9955   
11.9660    6.6394    

# Frame268

# x        y
13.8673    18.2922   
4.0903     1.8008    
9.6614     11.4226   
8.3529     12.9285   
18.9950    22.9940   
11.9660    6.6394    

# Frame269

# x        y
13.8651    18.2877   
4.0903     1.8008    
9.6614     11.4226   
8.3529     12.9285   
18.9950    22.9926   
11.9660    6.6394    

# Frame270

# x        y
13.8630    18.2833   
4.0903     1.8008    
9.6614     11.4226   
8.3529     12.9285   
18.9950    22.9912   
11.9660    6.6394    

# Frame271

# x        y
13.8609    18.2789   
4.0903     1.8008    
9.6614     11.4226   
8.3529     12.9285   
18.9950    22.9898   
11.9660    6.6394    

# Frame272

# x        y
13.8588    18.2746   
4.0903     1.8008    
9.6614     11.4226   
8.3529     12.9285   
18.9950    22.9884   
11.9660    6.6394    

# Frame273

# x        y
13.8568    18.2704   
4.0903     1.8008    
9.6614     11.4226   
8.3529     12.9285   
18.9950    22.9870   
11.9660    6.6394    

# Frame274

# x        y
13.8548    18.2663   
4.0903     1.8008    
9.6614     11.4226   
8.3529     12.9285   
18.9950    22.9857   
11.9660    6.6394    

# Frame275

# x        y
13.8528    18.2622   
4.0903     1.8008    
9.6614     11.4226   
8.3529     12.9285   
18.9950    22.9844   
11.9660    6.6394    

# Frame276

# x        y
13.8509    18.2582   
4.0903     1.8008    
9.6614     11.4226   
8.3529     12.9285   
18.9950    22.9831   
11.9660    6.6394    

# Frame277

# x        y
13.8490    18.2543   
4.0903     1.8008    
9.6614     11.4226   
8.3529     12.9285   
18.9950    22.9819   
11.9660    6.6394    

# Frame278

# x        y
13.8472    18.2504   
4.0903     1.8008    
9.6614     11.4226   
8.3529     12.9285   
18.9950    22.9806   
11.9660    6.6394    

# Frame279

# x        y
13.8453    18.2466   
4.0903     1.8008    
9.6614     11.4226   
8.3529     12.9285   
18.9950    22.9794   
11.9660    6.6394    

# Frame280

# x        y
13.8435    18.2428   
4.0903     1.8008    
9.6614     11.4226   
8.3529     12.9285   
18.9950    22.9782   
11.9660    6.6394    

# Frame281

# x        y
13.8418    18.2392   
4.0903     1.8008    
9.6614     11.4226   
8.3529     12.9285   
18.9950    22.9770   
11.9660    6.6394    

# Frame282

# x        y
13.8400    18.2355   
4.0903     1.8008    
9.6614     11.4226   
8.3529     12.9285   
18.9950    22.9759   
11.9660    6.6394    

# Frame283

# x        y
13.8383    18.2320   
4.0903     1.8008    
9.6614     11.4226   
8.3529     12.9285   
18.9950    22.9747   
11.9660    6.6394    

# Frame284

# x        y
13.8366    18.2285   
4.0903     1.8008    
9.6614     11.4226   
8.3529     12.9285   
18.9950    22.9736   
11.9660    6.6394    

# Frame285

# x        y
13.8350    18.2250   
4.0903     1.8008    
9.6614     11.4226   
8.3529     12.9285   
18.9950    22.9725   
11.9660    6.6394    

# Frame286

# x        y
13.8334    18.2217   
4.0903     1.8008    
9.6614     11.4226   
8.3529     12.9285   
18.9950    22.9714   
11.9660    6.6394    

# Frame287

# x        y
13.8318    18.2183   
4.0903     1.8008    
9.6614     11.4226   
8.3529     12.9285   
18.9950    22.9704   
11.9660    6.6394    

# Frame288

# x        y
13.8302    18.2151   
4.0903     1.8008    
9.6614     11.4226   
8.3529     12.9285   
18.9950    22.9693   
11.9660    6.6394    

# Frame289

# x        y
13.8286    18.2118   
4.0903     1.8008    
9.6614     11.4226   
8.3529     12.9285   
18.9950    22.9683   
11.9660    6.6394    

# Frame290

# x        y
13.8271    18.2087   
4.0903     1.8008    
9.6614     11.4226   
8.3529     12.9285   
18.9950    22.9673   
11.9660    6.6394    

# Frame291

# x        y
13.8256    18.2056   
4.0903     1.8008    
9.6614     11.4226   
8.3529     12.9285   
18.9950    22.9663   
11.9660    6.6394    

# Frame292

# x        y
13.8242    18.2025   
4.0903     1.8008    
9.6614     11.4226   
8.3529     12.9285   
18.9950    22.9653   
11.9660    6.6394    

# Frame293

# x        y
13.8227    18.1995   
4.0903     1.8008    
9.6614     11.4226   
8.3529     12.9285   
18.9950    22.9644   
11.9660    6.6394    

# Frame294

# x        y
13.8213    18.1965   
4.0903     1.8008    
9.6614     11.4226   
8.3529     12.9285   
18.9950    22.9634   
11.9660    6.6394    

# Frame295

# x        y
13.8199    18.1936   
4.0903     1.8008    
9.6614     11.4226   
8.3529     12.9285   
18.9950    22.9625   
11.9660    6.6394    

# Frame296

# x        y
13.8185    18.1908   
4.0903     1.8008    
9.6614     11.4226   
8.3529     12.9285   
18.9950    22.9616   
11.9660    6.6394    

# Frame297

# x        y
13.8172    18.1880   
4.0903     1.8008    
9.6614     11.4226   
8.3529     12.9285   
18.9950    22.9607   
11.9660    6.6394    

# Frame298

# x        y
13.8158    18.1852   
4.0903     1.8008    
9.6614     11.4226   
8.3529     12.9285   
18.9950    22.9598   
11.9660    6.6394    

# Frame299

# x        y
13.8145    18.1825   
4.0903     1.8008    
9.6614     11.4226   
8.3529     12.9285   
18.9950    22.9589   
11.9660    6.6394    

# Frame300

# x        y
13.8132    18.1798   
4.0903     1.8008    
9.6614     11.4226   
8.3529     12.9285   
18.9950    22.9580   
11.9660    6.6394    

# Frame301

# x        y
13.8120    18.1772   
4.0903     1.8008    
9.6614     11.4226   
8.3529     12.9285   
18.9950    22.9572   
11.9660    6.6394    

# Frame302

# x        y
13.8107    18.1746   
4.0903     1.8008    
9.6614     11.4226   
8.3529     12.9285   
18.9950    22.9564   
11.9660    6.6394    

# Frame303

# x        y
13.8095    18.1720   
4.0903     1.8008    
9.6614     11.4226   
8.3529     12.9285   
18.9950    22.9556   
11.9660    6.6394    

# Frame304

# x        y
13.8083    18.1695   
4.0903     1.8008    
9.6614     11.4226   
8.3529     12.9285   
18.9950    22.9548   
11.9660    6.6394    

# Frame305

# x        y
13.8071    18.1671   
4.0903     1.8008    
9.6614     11.4226   
8.3529     12.9285   
18.9950    22.9540   
11.9660    6.6394    

# Frame306

# x        y
13.8060    18.1647   
4.0903     1.8008    
9.6614     11.4226   
8.3529     12.9285   
18.9950    22.9532   
11.9660    6.6394    

# Frame307

# x        y
13.8048    18.1623   
4.0903     1.8008    
9.6614     11.4226   
8.3529     12.9285   
18.9950    22.9524   
11.9660    6.6394    

# Frame308

# x        y
13.8037    18.1599   
4.0903     1.8008    
9.6614     11.4226   
8.3529     12.9285   
18.9950    22.9517   
11.9660    6.6394    

# Frame309

# x        y
13.8026    18.1576   
4.0903     1.8008    
9.6614     11.4226   
8.3529     12.9285   
18.9950    22.9510   
11.9660    6.6394    

# Frame310

# x        y
13.8015    18.1554   
4.0903     1.8008    
9.6614     11.4226   
8.3529     12.9285   
18.9950    22.9502   
11.9660    6.6394    

# Frame311

# x        y
13.8004    18.1532   
4.0903     1.8008    
9.6614     11.4226   
8.3529     12.9285   
18.9950    22.9495   
11.9660    6.6394    

# Frame312

# x        y
13.7994    18.1510   
4.0903     1.8008    
9.6614     11.4226   
8.3529     12.9285   
18.9950    22.9488   
11.9660    6.6394    

# Frame313

# x        y
13.7984    18.1488   
4.0903     1.8008    
9.6614     11.4226   
8.3529     12.9285   
18.9950    22.9481   
11.9660    6.6394    

# Frame314

# x        y
13.7973    18.1467   
4.0903     1.8008    
9.6614     11.4226   
8.3529     12.9285   
18.9950    22.9475   
11.9660    6.6394    

# Frame315

# x        y
13.7963    18.1446   
4.0903     1.8008    
9.6614     11.4226   
8.3529     12.9285   
18.9950    22.9468   
11.9660    6.6394    

# Frame316

# x        y
13.7954    18.1426   
4.0903     1.8008    
9.6614     11.4226   
8.3529     12.9285   
18.9950    22.9461   
11.9660    6.6394    

# Frame317

# x        y
13.7944    18.1406   
4.0903     1.8008    
9.6614     11.4226   
8.3529     12.9285   
18.9950    22.9455   
11.9660    6.6394    

# Frame318

# x        y
13.7934    18.1386   
4.0903     1.8008    
9.6614     11.4226   
8.3529     12.9285   
18.9950    22.9449   
11.9660    6.6394    

# Frame319

# x        y
13.7925    18.1367   
4.0903     1.8008    
9.6614     11.4226   
8.3529     12.9285   
18.9950    22.9442   
11.9660    6.6394    

# Frame320

# x        y
13.7916    18.1348   
4.0903     1.8008    
9.6614     11.4226   
8.3529     12.9285   
18.9950    22.9436   
11.9660    6.6394    

# Frame321

# x        y
13.7907    18.1329   
4.0903     1.8008    
9.6614     11.4226   
8.3529     12.9285   
18.9950    22.9430   
11.9660    6.6394    

# Frame322

# x        y
13.7898    18.1310   
4.0903     1.8008    
9.6614     11.4226   
8.3529     12.9285   
18.9950    22.9424   
11.9660    6.6394    

# Frame323

# x        y
13.7889    18.1292   
4.0903     1.8008    
9.6614     11.4226   
8.3529     12.9285   
18.9950    22.9419   
11.9660    6.6394    

# Frame324

# x        y
13.7881    18.1274   
4.0903     1.8008    
9.6614     11.4226   
8.3529     12.9285   
18.9950    22.9413   
11.9660    6.6394    

# Frame325

# x        y
13.7872    18.1257   
4.0903     1.8008    
9.6614     11.4226   
8.3529     12.9285   
18.9950    22.9407   
11.9660    6.6394    

# Frame326

# x        y
13.7864    18.1239   
4.0903     1.8008    
9.6614     11.4226   
8.3529     12.9285   
18.9950    22.9402   
11.9660    6.6394    

# Frame327

# x        y
13.7856    18.1222   
4.0903     1.8008    
9.6614     11.4226   
8.3529     12.9285   
18.9950    22.9396   
11.9660    6.6394    

# Frame328

# x        y
13.7848    18.1206   
4.0903     1.8008    
9.6614     11.4226   
8.3529     12.9285   
18.9950    22.9391   
11.9660    6.6394    

# Frame329

# x        y
13.7840    18.1189   
4.0903     1.8008    
9.6614     11.4226   
8.3529     12.9285   
18.9950    22.9386   
11.9660    6.6394    

# Frame330

# x        y
13.7832    18.1173   
4.0903     1.8008    
9.6614     11.4226   
8.3529     12.9285   
18.9950    22.9380   
11.9660    6.6394    

# Frame331

# x        y
13.7824    18.1157   
4.0903     1.8008    
9.6614     11.4226   
8.3529     12.9285   
18.9950    22.9375   
11.9660    6.6394    

# Frame332

# x        y
13.7817    18.1142   
4.0903     1.8008    
9.6614     11.4226   
8.3529     12.9285   
18.9950    22.9370   
11.9660    6.6394    

# Frame333

# x        y
13.7810    18.1126   
4.0903     1.8008    
9.6614     11.4226   
8.3529     12.9285   
18.9950    22.9365   
11.9660    6.6394    

# Frame334

# x        y
13.7802    18.1111   
4.0903     1.8008    
9.6614     11.4226   
8.3529     12.9285   
18.9950    22.9361   
11.9660    6.6394    

# Frame335

# x        y
13.7795    18.1096   
4.0903     1.8008    
9.6614     11.4226   
8.3529     12.9285   
18.9950    22.9356   
11.9660    6.6394    

# Frame336

# x        y
13.7788    18.1082   
4.0903     1.8008    
9.6614     11.4226   
8.3529     12.9285   
18.9950    22.9351   
11.9660    6.6394    

# Frame337

# x        y
13.7781    18.1067   
4.0903     1.8008    
9.6614     11.4226   
8.3529     12.9285   
18.9950    22.9347   
11.9660    6.6394    

# Frame338

# x        y
13.7774    18.1053   
4.0903     1.8008    
9.6614     11.4226   
8.3529     12.9285   
18.9950    22.9342   
11.9660    6.6394    

# Frame339

# x        y
13.7768    18.1039   
4.0903     1.8008    
9.6614     11.4226   
8.3529     12.9285   
18.9950    22.9338   
11.9660    6.6394    

# Frame340

# x        y
13.7761    18.1026   
4.0903     1.8008    
9.6614     11.4226   
8.3529     12.9285   
18.9950    22.9333   
11.9660    6.6394    

# Frame341

# x        y
13.7755    18.1012   
4.0903     1.8008    
9.6614     11.4226   
8.3529     12.9285   
18.9950    22.9329   
11.9660    6.6394    

# Frame342

# x        y
13.7748    18.0999   
4.0903     1.8008    
9.6614     11.4226   
8.3529     12.9285   
18.9950    22.9325   
11.9660    6.6394    

# Frame343

# x        y
13.7742    18.0986   
4.0903     1.8008    
9.6614     11.4226   
8.3529     12.9285   
18.9950    22.9321   
11.9660    6.6394    

# Frame344

# x        y
13.7736    18.0973   
4.0903     1.8008    
9.6614     11.4226   
8.3529     12.9285   
18.9950    22.9316   
11.9660    6.6394    

# Frame345

# x        y
13.7730    18.0961   
4.0903     1.8008    
9.6614     11.4226   
8.3529     12.9285   
18.9950    22.9312   
11.9660    6.6394    

# Frame346

# x        y
13.7724    18.0948   
4.0903     1.8008    
9.6614     11.4226   
8.3529     12.9285   
18.9950    22.9309   
11.9660    6.6394    

# Frame347

# x        y
13.7718    18.0936   
4.0903     1.8008    
9.6614     11.4226   
8.3529     12.9285   
18.9950    22.9305   
11.9660    6.6394    

# Frame348

# x        y
13.7712    18.0924   
4.0903     1.8008    
9.6614     11.4226   
8.3529     12.9285   
18.9950    22.9301   
11.9660    6.6394    

# Frame349

# x        y
13.7707    18.0913   
4.0903     1.8008    
9.6614     11.4226   
8.3529     12.9285   
18.9950    22.9297   
11.9660    6.6394    

# Frame350

# x        y
13.7701    18.0901   
4.0903     1.8008    
9.6614     11.4226   
8.3529     12.9285   
18.9950    22.9293   
11.9660    6.6394    

# Frame351

# x        y
13.7696    18.0890   
4.0903     1.8008    
9.6614     11.4226   
8.3529     12.9285   
18.9950    22.9290   
11.9660    6.6394    

# Frame352

# x        y
13.7690    18.0879   
4.0903     1.8008    
9.6614     11.4226   
8.3529     12.9285   
18.9950    22.9286   
11.9660    6.6394    

# Frame353

# x        y
13.7685    18.0868   
4.0903     1.8008    
9.6614     11.4226   
8.3529     12.9285   
18.9950    22.9283   
11.9660    6.6394    

# Frame354

# x        y
13.7680    18.0857   
4.0903     1.8008    
9.6614     11.4226   
8.3529     12.9285   
18.9950    22.9279   
11.9660    6.6394    

# Frame355

# x        y
13.7675    18.0846   
4.0903     1.8008    
9.6614     11.4226   
8.3529     12.9285   
18.9950    22.9276   
11.9660    6.6394    

# Frame356

# x        y
13.7670    18.0836   
4.0903     1.8008    
9.6614     11.4226   
8.3529     12.9285   
18.9950    22.9272   
11.9660    6.6394    

# Frame357

# x        y
13.7665    18.0825   
4.0903     1.8008    
9.6614     11.4226   
8.3529     12.9285   
18.9950    22.9269   
11.9660    6.6394    

# Frame358

# x        y
13.7660    18.0815   
4.0903     1.8008    
9.6614     11.4226   
8.3529     12.9285   
18.9950    22.9266   
11.9660    6.6394    

# Frame359

# x        y
13.7655    18.0805   
4.0903     1.8008    
9.6614     11.4226   
8.3529     12.9285   
18.9950    22.9263   
11.9660    6.6394    

# Frame360

# x        y
13.7651    18.0796   
4.0903     1.8008    
9.6614     11.4226   
8.3529     12.9285   
18.9950    22.9260   
11.9660    6.6394    

# Frame361

# x        y
13.7646    18.0786   
4.0903     1.8008    
9.6614     11.4226   
8.3529     12.9285   
18.9950    22.9257   
11.9660    6.6394    

# Frame362

# x        y
13.7641    18.0777   
4.0903     1.8008    
9.6614     11.4226   
8.3529     12.9285   
18.9950    22.9254   
11.9660    6.6394    

# Frame363

# x        y
13.7637    18.0767   
4.0903     1.8008    
9.6614     11.4226   
8.3529     12.9285   
18.9950    22.9251   
11.9660    6.6394    

# Frame364

# x        y
13.7633    18.0758   
4.0903     1.8008    
9.6614     11.4226   
8.3529     12.9285   
18.9950    22.9248   
11.9660    6.6394    

# Frame365

# x        y
13.7628    18.0749   
4.0903     1.8008    
9.6614     11.4226   
8.3529     12.9285   
18.9950    22.9245   
11.9660    6.6394    

# Frame366

# x        y
13.7624    18.0740   
4.0903     1.8008    
9.6614     11.4226   
8.3529     12.9285   
18.9950    22.9242   
11.9660    6.6394    

# Frame367

# x        y
13.7620    18.0732   
4.0903     1.8008    
9.6614     11.4226   
8.3529     12.9285   
18.9950    22.9239   
11.9660    6.6394    

# Frame368

# x        y
13.7616    18.0723   
4.0903     1.8008    
9.6614     11.4226   
8.3529     12.9285   
18.9950    22.9236   
11.9660    6.6394    

# Frame369

# x        y
13.7612    18.0715   
4.0903     1.8008    
9.6614     11.4226   
8.3529     12.9285   
18.9950    22.9234   
11.9660    6.6394    

# Frame370

# x        y
13.7608    18.0707   
4.0903     1.8008    
9.6614     11.4226   
8.3529     12.9285   
18.9950    22.9231   
11.9660    6.6394    

# Frame371

# x        y
13.7604    18.0699   
4.0903     1.8008    
9.6614     11.4226   
8.3529     12.9285   
18.9950    22.9229   
11.9660    6.6394    

# Frame372

# x        y
13.7600    18.0691   
4.0903     1.8008    
9.6614     11.4226   
8.3529     12.9285   
18.9950    22.9226   
11.9660    6.6394    

# Frame373

# x        y
13.7596    18.0683   
4.0903     1.8008    
9.6614     11.4226   
8.3529     12.9285   
18.9950    22.9223   
11.9660    6.6394    

# Frame374

# x        y
13.7593    18.0675   
4.0903     1.8008    
9.6614     11.4226   
8.3529     12.9285   
18.9950    22.9221   
11.9660    6.6394    

# Frame375

# x        y
13.7589    18.0667   
4.0903     1.8008    
9.6614     11.4226   
8.3529     12.9285   
18.9950    22.9219   
11.9660    6.6394    

# Frame376

# x        y
13.7585    18.0660   
4.0903     1.8008    
9.6614     11.4226   
8.3529     12.9285   
18.9950    22.9216   
11.9660    6.6394    

# Frame377

# x        y
13.7582    18.0653   
4.0903     1.8008    
9.6614     11.4226   
8.3529     12.9285   
18.9950    22.9214   
11.9660    6.6394    

# Frame378

# x        y
13.7578    18.0645   
4.0903     1.8008    
9.6614     11.4226   
8.3529     12.9285   
18.9950    22.9212   
11.9660    6.6394    

# Frame379

# x        y
13.7575    18.0638   
4.0903     1.8008    
9.6614     11.4226   
8.3529     12.9285   
18.9950    22.9209   
11.9660    6.6394    

# Frame380

# x        y
13.7572    18.0631   
4.0903     1.8008    
9.6614     11.4226   
8.3529     12.9285   
18.9950    22.9207   
11.9660    6.6394    

# Frame381

# x        y
13.7568    18.0625   
4.0903     1.8008    
9.6614     11.4226   
8.3529     12.9285   
18.9950    22.9205   
11.9660    6.6394    

# Frame382

# x        y
13.7565    18.0618   
4.0903     1.8008    
9.6614     11.4226   
8.3529     12.9285   
18.9950    22.9203   
11.9660    6.6394    

# Frame383

# x        y
13.7562    18.0611   
4.0903     1.8008    
9.6614     11.4226   
8.3529     12.9285   
18.9950    22.9201   
11.9660    6.6394    

# Frame384

# x        y
13.7559    18.0605   
4.0903     1.8008    
9.6614     11.4226   
8.3529     12.9285   
18.9950    22.9199   
11.9660    6.6394    

# Frame385

# x        y
13.7556    18.0598   
4.0903     1.8008    
9.6614     11.4226   
8.3529     12.9285   
18.9950    22.9196   
11.9660    6.6394    

# Frame386

# x        y
13.7553    18.0592   
4.0903     1.8008    
9.6614     11.4226   
8.3529     12.9285   
18.9950    22.9194   
11.9660    6.6394    

# Frame387

# x        y
13.7550    18.0586   
4.0903     1.8008    
9.6614     11.4226   
8.3529     12.9285   
18.9950    22.9192   
11.9660    6.6394    

# Frame388

# x        y
13.7547    18.0580   
4.0903     1.8008    
9.6614     11.4226   
8.3529     12.9285   
18.9950    22.9191   
11.9660    6.6394    

# Frame389

# x        y
13.7544    18.0574   
4.0903     1.8008    
9.6614     11.4226   
8.3529     12.9285   
18.9950    22.9189   
11.9660    6.6394    

# Frame390

# x        y
13.7541    18.0568   
4.0903     1.8008    
9.6614     11.4226   
8.3529     12.9285   
18.9950    22.9187   
11.9660    6.6394    

# Frame391

# x        y
13.7538    18.0562   
4.0903     1.8008    
9.6614     11.4226   
8.3529     12.9285   
18.9950    22.9185   
11.9660    6.6394    

# Frame392

# x        y
13.7535    18.0556   
4.0903     1.8008    
9.6614     11.4226   
8.3529     12.9285   
18.9950    22.9183   
11.9660    6.6394    

# Frame393

# x        y
13.7533    18.0551   
4.0903     1.8008    
9.6614     11.4226   
8.3529     12.9285   
18.9950    22.9181   
11.9660    6.6394    

# Frame394

# x        y
13.7530    18.0545   
4.0903     1.8008    
9.6614     11.4226   
8.3529     12.9285   
18.9950    22.9179   
11.9660    6.6394    

# Frame395

# x        y
13.7528    18.0540   
4.0903     1.8008    
9.6614     11.4226   
8.3529     12.9285   
18.9950    22.9178   
11.9660    6.6394    

# Frame396

# x        y
13.7525    18.0534   
4.0903     1.8008    
9.6614     11.4226   
8.3529     12.9285   
18.9950    22.9176   
11.9660    6.6394    

# Frame397

# x        y
13.7522    18.0529   
4.0903     1.8008    
9.6614     11.4226   
8.3529     12.9285   
18.9950    22.9174   
11.9660    6.6394    

# Frame398

# x        y
13.7520    18.0524   
4.0903     1.8008    
9.6614     11.4226   
8.3529     12.9285   
18.9950    22.9173   
11.9660    6.6394    

# Frame399

# x        y
13.7518    18.0519   
4.0903     1.8008    
9.6614     11.4226   
8.3529     12.9285   
18.9950    22.9171   
11.9660    6.6394    

# Frame400

# x        y
13.7515    18.0514   
4.0903     1.8008    
9.6614     11.4226   
8.3529     12.9285   
18.9950    22.9170   
11.9660    6.6394    

# Frame401

# x        y
13.7513    18.0509   
4.0903     1.8008    
9.6614     11.4226   
8.3529     12.9285   
18.9950    22.9168   
11.9660    6.6394    

# Frame402

# x        y
13.7510    18.0504   
4.0903     1.8008    
9.6614     11.4226   
8.3529     12.9285   
18.9950    22.9166   
11.9660    6.6394    

# Frame403

# x        y
13.7508    18.0499   
4.0903     1.8008    
9.6614     11.4226   
8.3529     12.9285   
18.9950    22.9165   
11.9660    6.6394    

# Frame404

# x        y
13.7506    18.0495   
4.0903     1.8008    
9.6614     11.4226   
8.3529     12.9285   
18.9950    22.9163   
11.9660    6.6394    

# Frame405

# x        y
13.7504    18.0490   
4.0903     1.8008    
9.6614     11.4226   
8.3529     12.9285   
18.9950    22.9162   
11.9660    6.6394    

# Frame406

# x        y
13.7502    18.0486   
4.0903     1.8008    
9.6614     11.4226   
8.3529     12.9285   
18.9950    22.9160   
11.9660    6.6394    

# Frame407

# x        y
13.7499    18.0481   
4.0903     1.8008    
9.6614     11.4226   
8.3529     12.9285   
18.9950    22.9159   
11.9660    6.6394    

# Frame408

# x        y
13.7497    18.0477   
4.0903     1.8008    
9.6614     11.4226   
8.3529     12.9285   
18.9950    22.9158   
11.9660    6.6394    

# Frame409

# x        y
13.7495    18.0473   
4.0903     1.8008    
9.6614     11.4226   
8.3529     12.9285   
18.9950    22.9156   
11.9660    6.6394    

# Frame410

# x        y
13.7493    18.0468   
4.0903     1.8008    
9.6614     11.4226   
8.3529     12.9285   
18.9950    22.9155   
11.9660    6.6394    

# Frame411

# x        y
13.7491    18.0464   
4.0903     1.8008    
9.6614     11.4226   
8.3529     12.9285   
18.9950    22.9154   
11.9660    6.6394    

# Frame412

# x        y
13.7489    18.0460   
4.0903     1.8008    
9.6614     11.4226   
8.3529     12.9285   
18.9950    22.9152   
11.9660    6.6394    

# Frame413

# x        y
13.7487    18.0456   
4.0903     1.8008    
9.6614     11.4226   
8.3529     12.9285   
18.9950    22.9151   
11.9660    6.6394    

# Frame414

# x        y
13.7486    18.0452   
4.0903     1.8008    
9.6614     11.4226   
8.3529     12.9285   
18.9950    22.9150   
11.9660    6.6394    

# Frame415

# x        y
13.7484    18.0448   
4.0903     1.8008    
9.6614     11.4226   
8.3529     12.9285   
18.9950    22.9149   
11.9660    6.6394    

# Frame416

# x        y
13.7482    18.0445   
4.0903     1.8008    
9.6614     11.4226   
8.3529     12.9285   
18.9950    22.9147   
11.9660    6.6394    

# Frame417

# x        y
13.7480    18.0441   
4.0903     1.8008    
9.6614     11.4226   
8.3529     12.9285   
18.9950    22.9146   
11.9660    6.6394    

# Frame418

# x        y
13.7478    18.0437   
4.0903     1.8008    
9.6614     11.4226   
8.3529     12.9285   
18.9950    22.9145   
11.9660    6.6394    

# Frame419

# x        y
13.7477    18.0434   
4.0903     1.8008    
9.6614     11.4226   
8.3529     12.9285   
18.9950    22.9144   
11.9660    6.6394    

# Frame420

# x        y
13.7475    18.0430   
4.0903     1.8008    
9.6614     11.4226   
8.3529     12.9285   
18.9950    22.9143   
11.9660    6.6394    

# Frame421

# x        y
13.7473    18.0427   
4.0903     1.8008    
9.6614     11.4226   
8.3529     12.9285   
18.9950    22.9142   
11.9660    6.6394    

# Frame422

# x        y
13.7472    18.0423   
4.0903     1.8008    
9.6614     11.4226   
8.3529     12.9285   
18.9950    22.9140   
11.9660    6.6394    

# Frame423

# x        y
13.7470    18.0420   
4.0903     1.8008    
9.6614     11.4226   
8.3529     12.9285   
18.9950    22.9139   
11.9660    6.6394    

# Frame424

# x        y
13.7468    18.0416   
4.0903     1.8008    
9.6614     11.4226   
8.3529     12.9285   
18.9950    22.9138   
11.9660    6.6394    

# Frame425

# x        y
13.7467    18.0413   
4.0903     1.8008    
9.6614     11.4226   
8.3529     12.9285   
18.9950    22.9137   
11.9660    6.6394    

# Frame426

# x        y
13.7465    18.0410   
4.0903     1.8008    
9.6614     11.4226   
8.3529     12.9285   
18.9950    22.9136   
11.9660    6.6394    

# Frame427

# x        y
13.7464    18.0407   
4.0903     1.8008    
9.6614     11.4226   
8.3529     12.9285   
18.9950    22.9135   
11.9660    6.6394    

# Frame428

# x        y
13.7462    18.0404   
4.0903     1.8008    
9.6614     11.4226   
8.3529     12.9285   
18.9950    22.9135   
11.9660    6.6394    

# Frame429

# x        y
13.7461    18.0401   
4.0903     1.8008    
9.6614     11.4226   
8.3529     12.9285   
18.9950    22.9135   
11.9660    6.6394    

# Frame430

# x        y
13.7459    18.0398   
4.0903     1.8008    
9.6614     11.4226   
8.3529     12.9285   
18.9950    22.9135   
11.9660    6.6394    

# Frame431

# x        y
13.7458    18.0395   
4.0903     1.8008    
9.6614     11.4226   
8.3529     12.9285   
18.9950    22.9135   
11.9660    6.6394    

# Frame432

# x        y
13.7456    18.0392   
4.0903     1.8008    
9.6614     11.4226   
8.3529     12.9285   
18.9950    22.9135   
11.9660    6.6394    

# Frame433

# x        y
13.7455    18.0389   
4.0903     1.8008    
9.6614     11.4226   
8.3529     12.9285   
18.9950    22.9135   
11.9660    6.6394    

# Frame434

# x        y
13.7454    18.0386   
4.0903     1.8008    
9.6614     11.4226   
8.3529     12.9285   
18.9950    22.9135   
11.9660    6.6394    

# Frame435

# x        y
13.7452    18.0383   
4.0903     1.8008    
9.6614     11.4226   
8.3529     12.9285   
18.9950    22.9135   
11.9660    6.6394    

# Frame436

# x        y
13.7451    18.0381   
4.0903     1.8008    
9.6614     11.4226   
8.3529     12.9285   
18.9950    22.9135   
11.9660    6.6394    

# Frame437

# x        y
13.7450    18.0378   
4.0903     1.8008    
9.6614     11.4226   
8.3529     12.9285   
18.9950    22.9135   
11.9660    6.6394    

# Frame438

# x        y
13.7448    18.0375   
4.0903     1.8008    
9.6614     11.4226   
8.3529     12.9285   
18.9950    22.9135   
11.9660    6.6394    

# Frame439

# x        y
13.7447    18.0373   
4.0903     1.8008    
9.6614     11.4226   
8.3529     12.9285   
18.9950    22.9135   
11.9660    6.6394    

# Frame440

# x        y
13.7446    18.0370   
4.0903     1.8008    
9.6614     11.4226   
8.3529     12.9285   
18.9950    22.9135   
11.9660    6.6394    

# Frame441

# x        y
13.7445    18.0368   
4.0903     1.8008    
9.6614     11.4226   
8.3529     12.9285   
18.9950    22.9135   
11.9660    6.6394    

# Frame442

# x        y
13.7444    18.0365   
4.0903     1.8008    
9.6614     11.4226   
8.3529     12.9285   
18.9950    22.9135   
11.9660    6.6394    

# Frame443

# x        y
13.7442    18.0363   
4.0903     1.8008    
9.6614     11.4226   
8.3529     12.9285   
18.9950    22.9135   
11.9660    6.6394    

# Frame444

# x        y
13.7441    18.0360   
4.0903     1.8008    
9.6614     11.4226   
8.3529     12.9285   
18.9950    22.9135   
11.9660    6.6394    

# Frame445

# x        y
13.7440    18.0358   
4.0903     1.8008    
9.6614     11.4226   
8.3529     12.9285   
18.9950    22.9135   
11.9660    6.6394    

# Frame446

# x        y
13.7439    18.0356   
4.0903     1.8008    
9.6614     11.4226   
8.3529     12.9285   
18.9950    22.9135   
11.9660    6.6394    

# Frame447

# x        y
13.7438    18.0353   
4.0903     1.8008    
9.6614     11.4226   
8.3529     12.9285   
18.9950    22.9135   
11.9660    6.6394    

# Frame448

# x        y
13.7437    18.0351   
4.0903     1.8008    
9.6614     11.4226   
8.3529     12.9285   
18.9950    22.9135   
11.9660    6.6394    

# Frame449

# x        y
13.7436    18.0349   
4.0903     1.8008    
9.6614     11.4226   
8.3529     12.9285   
18.9950    22.9135   
11.9660    6.6394    

# Frame450

# x        y
13.7435    18.0347   
4.0903     1.8008    
9.6614     11.4226   
8.3529     12.9285   
18.9950    22.9135   
11.9660    6.6394    

# Frame451

# x        y
13.7434    18.0345   
4.0903     1.8008    
9.6614     11.4226   
8.3529     12.9285   
18.9950    22.9135   
11.9660    6.6394    

# Frame452

# x        y
13.7433    18.0343   
4.0903     1.8008    
9.6614     11.4226   
8.3529     12.9285   
18.9950    22.9135   
11.9660    6.6394    

# Frame453

# x        y
13.7432    18.0341   
4.0903     1.8008    
9.6614     11.4226   
8.3529     12.9285   
18.9950    22.9135   
11.9660    6.6394    

# Frame454

# x        y
13.7431    18.0339   
4.0903     1.8008    
9.6614     11.4226   
8.3529     12.9285   
18.9950    22.9135   
11.9660    6.6394    

# Frame455

# x        y
13.7430    18.0337   
4.0903     1.8008    
9.6614     11.4226   
8.3529     12.9285   
18.9950    22.9135   
11.9660    6.6394    

# Frame456

# x        y
13.7429    18.0335   
4.0903     1.8008    
9.6614     11.4226   
8.3529     12.9285   
18.9950    22.9135   
11.9660    6.6394    

# Frame457

# x        y
13.7428    18.0333   
4.0903     1.8008    
9.6614     11.4226   
8.3529     12.9285   
18.9950    22.9135   
11.9660    6.6394    

# Frame458

# x        y
13.7427    18.0331   
4.0903     1.8008    
9.6614     11.4226   
8.3529     12.9285   
18.9950    22.9135   
11.9660    6.6394    

# Frame459

# x        y
13.7426    18.0329   
4.0903     1.8008    
9.6614     11.4226   
8.3529     12.9285   
18.9950    22.9135   
11.9660    6.6394    

# Frame460

# x        y
13.7425    18.0327   
4.0903     1.8008    
9.6614     11.4226   
8.3529     12.9285   
18.9950    22.9135   
11.9660    6.6394    

# Frame461

# x        y
13.7425    18.0325   
4.0903     1.8008    
9.6614     11.4226   
8.3529     12.9285   
18.9950    22.9135   
11.9660    6.6394    

# Frame462

# x        y
13.7424    18.0324   
4.0903     1.8008    
9.6614     11.4226   
8.3529     12.9285   
18.9950    22.9135   
11.9660    6.6394    

# Frame463

# x        y
13.7423    18.0322   
4.0903     1.8008    
9.6614     11.4226   
8.3529     12.9285   
18.9950    22.9135   
11.9660    6.6394    

# Frame464

# x        y
13.7422    18.0320   
4.0903     1.8008    
9.6614     11.4226   
8.3529     12.9285   
18.9950    22.9135   
11.9660    6.6394    

# Frame465

# x        y
13.7421    18.0319   
4.0903     1.8008    
9.6614     11.4226   
8.3529     12.9285   
18.9950    22.9135   
11.9660    6.6394    

# Frame466

# x        y
13.7420    18.0317   
4.0903     1.8008    
9.6614     11.4226   
8.3529     12.9285   
18.9950    22.9135   
11.9660    6.6394    

# Frame467

# x        y
13.7420    18.0315   
4.0903     1.8008    
9.6614     11.4226   
8.3529     12.9285   
18.9950    22.9135   
11.9660    6.6394    

# Frame468

# x        y
13.7419    18.0314   
4.0903     1.8008    
9.6614     11.4226   
8.3529     12.9285   
18.9950    22.9135   
11.9660    6.6394    

# Frame469

# x        y
13.7418    18.0312   
4.0903     1.8008    
9.6614     11.4226   
8.3529     12.9285   
18.9950    22.9135   
11.9660    6.6394    

# Frame470

# x        y
13.7417    18.0311   
4.0903     1.8008    
9.6614     11.4226   
8.3529     12.9285   
18.9950    22.9135   
11.9660    6.6394    

# Frame471

# x        y
13.7417    18.0309   
4.0903     1.8008    
9.6614     11.4226   
8.3529     12.9285   
18.9950    22.9135   
11.9660    6.6394    

# Frame472

# x        y
13.7416    18.0308   
4.0903     1.8008    
9.6614     11.4226   
8.3529     12.9285   
18.9950    22.9135   
11.9660    6.6394    

# Frame473

# x        y
13.7415    18.0306   
4.0903     1.8008    
9.6614     11.4226   
8.3529     12.9285   
18.9950    22.9135   
11.9660    6.6394    

# Frame474

# x        y
13.7415    18.0305   
4.0903     1.8008    
9.6614     11.4226   
8.3529     12.9285   
18.9950    22.9135   
11.9660    6.6394    

# Frame475

# x        y
13.7414    18.0303   
4.0903     1.8008    
9.6614     11.4226   
8.3529     12.9285   
18.9950    22.9135   
11.9660    6.6394    

# Frame476

# x        y
13.7413    18.0302   
4.0903     1.8008    
9.6614     11.4226   
8.3529     12.9285   
18.9950    22.9135   
11.9660    6.6394    

# Frame477

# x        y
13.7413    18.0301   
4.0903     1.8008    
9.6614     11.4226   
8.3529     12.9285   
18.9950    22.9135   
11.9660    6.6394    

# Frame478

# x        y
13.7412    18.0299   
4.0903     1.8008    
9.6614     11.4226   
8.3529     12.9285   
18.9950    22.9135   
11.9660    6.6394    

# Frame479

# x        y
13.7411    18.0298   
4.0903     1.8008    
9.6614     11.4226   
8.3529     12.9285   
18.9950    22.9135   
11.9660    6.6394    

# Frame480

# x        y
13.7411    18.0297   
4.0903     1.8008    
9.6614     11.4226   
8.3529     12.9285   
18.9950    22.9135   
11.9660    6.6394    

# Frame481

# x        y
13.7410    18.0295   
4.0903     1.8008    
9.6614     11.4226   
8.3529     12.9285   
18.9950    22.9135   
11.9660    6.6394    

# Frame482

# x        y
13.7409    18.0294   
4.0903     1.8008    
9.6614     11.4226   
8.3529     12.9285   
18.9950    22.9135   
11.9660    6.6394    

# Frame483

# x        y
13.7409    18.0293   
4.0903     1.8008    
9.6614     11.4226   
8.3529     12.9285   
18.9950    22.9135   
11.9660    6.6394    

# Frame484

# x        y
13.7408    18.0292   
4.0903     1.8008    
9.6614     11.4226   
8.3529     12.9285   
18.9950    22.9135   
11.9660    6.6394    

# Frame485

# x        y
13.7408    18.0290   
4.0903     1.8008    
9.6614     11.4226   
8.3529     12.9285   
18.9950    22.9135   
11.9660    6.6394    

# Frame486

# x        y
13.7407    18.0289   
4.0903     1.8008    
9.6614     11.4226   
8.3529     12.9285   
18.9950    22.9135   
11.9660    6.6394    

# Frame487

# x        y
13.7407    18.0288   
4.0903     1.8008    
9.6614     11.4226   
8.3529     12.9285   
18.9950    22.9135   
11.9660    6.6394    

# Frame488

# x        y
13.7406    18.0287   
4.0903     1.8008    
9.6614     11.4226   
8.3529     12.9285   
18.9950    22.9135   
11.9660    6.6394    

# Frame489

# x        y
13.7406    18.0286   
4.0903     1.8008    
9.6614     11.4226   
8.3529     12.9285   
18.9950    22.9135   
11.9660    6.6394    

# Frame490

# x        y
13.7405    18.0285   
4.0903     1.8008    
9.6614     11.4226   
8.3529     12.9285   
18.9950    22.9135   
11.9660    6.6394    

# Frame491

# x        y
13.7405    18.0284   
4.0903     1.8008    
9.6614     11.4226   
8.3529     12.9285   
18.9950    22.9135   
11.9660    6.6394    

# Frame492

# x        y
13.7404    18.0283   
4.0903     1.8008    
9.6614     11.4226   
8.3529     12.9285   
18.9950    22.9135   
11.9660    6.6394    

# Frame493

# x        y
13.7404    18.0281   
4.0903     1.8008    
9.6614     11.4226   
8.3529     12.9285   
18.9950    22.9135   
11.9660    6.6394    

# Frame494

# x        y
13.7403    18.0280   
4.0903     1.8008    
9.6614     11.4226   
8.3529     12.9285   
18.9950    22.9135   
11.9660    6.6394    

# Frame495

# x        y
13.7403    18.0279   
4.0903     1.8008    
9.6614     11.4226   
8.3529     12.9285   
18.9950    22.9135   
11.9660    6.6394    

# Frame496

# x        y
13.7402    18.0278   
4.0903     1.8008    
9.6614     11.4226   
8.3529     12.9285   
18.9950    22.9135   
11.9660    6.6394    

# Frame497

# x        y
13.7402    18.0277   
4.0903     1.8008    
9.6614     11.4226   
8.3529     12.9285   
18.9950    22.9135   
11.9660    6.6394    

# Frame498

# x        y
13.7401    18.0277   
4.0903     1.8008    
9.6614     11.4226   
8.3529     12.9285   
18.9950    22.9135   
11.9660    6.6394    

# Frame499

# x        y
13.7401    18.0276   
4.0903     1.8008    
9.6614     11.4226   
8.3529     12.9285   
18.9950    22.9135   
11.9660    6.6394    

# Frame500

# x        y
13.7400    18.0275   
4.0903     1.8008    
9.6614     11.4226   
8.3529     12.9285   
18.9950    22.9135   
11.9660    6.6394    

# Frame501

# x        y
13.7400    18.0274   
4.0903     1.8008    
9.6614     11.4226   
8.3529     12.9285   
18.9950    22.9135   
11.9660    6.6394    

# Frame502

