# x        y
14.9825    1.0048    
6.2407     11.4839   
5.1489     3.3377    
2.0504     6.4600    
8.5290     38.5064   
5.5930     26.1056   

# Frame1

# x        y
13.7566    1.9855    
6.2407     11.4839   
5.1489     3.3377    
2.0504     6.4600    
8.5290     38.5064   
5.5930     26.1056   

# Frame2

# x        y
12.5511    2.9499    
6.2407     11.4839   
5.1489     3.3377    
2.0504     6.4600    
8.5290     38.5064   
5.5930     26.1056   

# Frame3

# x        y
11.3657    3.8983    
6.2407     11.4839   
5.1489     3.3377    
2.0504     6.4600    
8.5290     38.5064   
5.5930     26.1056   

# Frame4

# x        y
10.2000    4.8308    
6.2407     11.4839   
5.1489     3.3377    
2.0504     6.4600    
8.5290     38.5064   
5.5930     26.1056   

# Frame5

# x        y
9.0538     5.7478    
6.2407     11.4839   
5.1489     3.3377    
2.0504     6.4600    
8.5290     38.5064   
5.5930     26.1056   

# Frame6

# x        y
7.9267     6.6495    
6.2407     11.4839   
5.1489     3.3377    
2.0504     6.4600    
8.5290     38.5064   
5.5930     26.1056   

# Frame7

# x        y
6.8184     7.5361    
6.2407     11.4839   
5.1489     3.3377    
2.0504     6.4600    
8.5290     38.5064   
5.5930     26.1056   

# Frame8

# x        y
5.7285     8.4080    
6.2407     11.4839   
5.1489     3.3377    
2.0504     6.4600    
8.5290     38.5064   
5.5930     26.1056   

# Frame9

# x        y
4.6568     9.2654    
6.2407     11.4839   
5.1489     3.3377    
2.0504     6.4600    
8.5290     38.5064   
5.5930     26.1056   

# Frame10

# x        y
3.6029     10.1085   
6.2407     11.4839   
5.1489     3.3377    
2.0504     6.4600    
8.5290     38.5064   
5.5930     26.1056   

# Frame11

# x        y
2.5667     10.9375   
6.2407     11.4839   
5.1489     3.3377    
2.0504     6.4600    
8.5290     38.5064   
5.5930     26.1056   

# Frame12

# x        y
1.5477     11.7527   
6.2407     11.4839   
5.1489     3.3377    
2.0504     6.4600    
8.5290     38.5064   
5.5930     26.1056   

# Frame13

# x        y
1.2291     12.4340   
6.2407     11.4839   
5.1489     3.3377    
2.0504     6.4600    
8.5290     38.5064   
5.5930     26.1056   

# Frame14

# x        y
1.7217     12.9585   
6.2407     11.4839   
5.1489     3.3377    
2.0504     6.4600    
8.5290     38.5064   
5.5930     26.1056   

# Frame15

# x        y
2.2062     13.4743   
6.2407     11.4839   
5.1489     3.3377    
2.0504     6.4600    
8.5290     38.5064   
5.5930     26.1056   

# Frame16

# x        y
2.6825     13.9815   
6.2407     11.4839   
5.1489     3.3377    
2.0504     6.4600    
8.5290     38.5064   
5.5930     26.1056   

# Frame17

# x        y
3.1510     14.4802   
6.2407     11.4839   
5.1489     3.3377    
2.0504     6.4600    
8.5290     38.5064   
5.5930     26.1056   

# Frame18

# x        y
3.6116     14.9706   
6.2407     11.4839   
5.1489     3.3377    
2.0504     6.4600    
8.5290     38.5064   
5.5930     26.1056   

# Frame19

# x        y
4.0646     15.4529   
6.2407     11.4839   
5.1489     3.3377    
2.0504     6.4600    
8.5290     38.5064   
5.5930     26.1056   

# Frame20

# x        y
4.5100     15.9271   
6.2407     11.4839   
5.1489     3.3377    
2.0504     6.4600    
8.5290     38.5064   
5.5930     26.1056   

# Frame21

# x        y
4.9479     16.3934   
6.2407     11.4839   
5.1489     3.3377    
2.0504     6.4600    
8.5290     38.5064   
5.5930     26.1056   

# Frame22

# x        y
5.3786     16.8519   
6.2407     11.4839   
5.1489     3.3377    
2.0504     6.4600    
8.5290     38.5064   
5.5930     26.1056   

# Frame23

# x        y
5.8021     17.3028   
6.2407     11.4839   
5.1489     3.3377    
2.0504     6.4600    
8.5290     38.5064   
5.5930     26.1056   

# Frame24

# x        y
6.2186     17.7462   
6.2407     11.4839   
5.1489     3.3377    
2.0504     6.4600    
8.5290     38.5064   
5.5930     26.1056   

# Frame25

# x        y
6.6281     18.1821   
6.2407     11.4839   
5.1489     3.3377    
2.0504     6.4600    
8.5290     38.5064   
5.5930     26.1056   

# Frame26

# x        y
7.0307     18.6109   
6.2407     11.4839   
5.1489     3.3377    
2.0504     6.4600    
8.5290     38.5064   
5.5930     26.1056   

# Frame27

# x        y
7.4267     19.0324   
6.2407     11.4839   
5.1489     3.3377    
2.0504     6.4600    
8.5290     38.5064   
5.5930     26.1056   

# Frame28

# x        y
7.8161     19.4470   
6.2407     11.4839   
5.1489     3.3377    
2.0504     6.4600    
8.5290     38.5064   
5.5930     26.1056   

# Frame29

# x        y
8.1989     19.8546   
6.2407     11.4839   
5.1489     3.3377    
2.0504     6.4600    
8.5290     38.5064   
5.5930     26.1056   

# Frame30

# x        y
8.5754     20.2554   
6.2407     11.4839   
5.1489     3.3377    
2.0504     6.4600    
8.5290     38.5064   
5.5930     26.1056   

# Frame31

# x        y
8.9457     20.6496   
6.2407     11.4839   
5.1489     3.3377    
2.0504     6.4600    
8.5290     38.5064   
5.5930     26.1056   

# Frame32

# x        y
9.3097     21.0372   
6.2407     11.4839   
5.1489     3.3377    
2.0504     6.4600    
8.5290     38.5064   
5.5930     26.1056   

# Frame33

# x        y
9.6677     21.4183   
6.2407     11.4839   
5.1489     3.3377    
2.0504     6.4600    
8.5290     38.5064   
5.5930     26.1056   

# Frame34

# x        y
10.0197    21.7931   
6.2407     11.4839   
5.1489     3.3377    
2.0504     6.4600    
8.5290     38.5064   
5.5930     26.1056   

# Frame35

# x        y
10.3659    22.1616   
6.2407     11.4839   
5.1489     3.3377    
2.0504     6.4600    
8.5290     38.5064   
5.5930     26.1056   

# Frame36

# x        y
10.7062    22.5240   
6.2407     11.4839   
5.1489     3.3377    
2.0504     6.4600    
8.5290     38.5064   
5.5930     26.1056   

# Frame37

# x        y
11.0409    22.8804   
6.2407     11.4839   
5.1489     3.3377    
2.0504     6.4600    
8.5290     38.5064   
5.5930     26.1056   

# Frame38

# x        y
11.3701    23.2308   
6.2407     11.4839   
5.1489     3.3377    
2.0504     6.4600    
8.5290     38.5064   
5.5930     26.1056   

# Frame39

# x        y
11.6937    23.5754   
6.2407     11.4839   
5.1489     3.3377    
2.0504     6.4600    
8.5290     38.5064   
5.5930     26.1056   

# Frame40

# x        y
12.0120    23.9142   
6.2407     11.4839   
5.1489     3.3377    
2.0504     6.4600    
8.5290     38.5064   
5.5930     26.1056   

# Frame41

# x        y
12.3249    24.2474   
6.2407     11.4839   
5.1489     3.3377    
2.0504     6.4600    
8.5290     38.5064   
5.5930     26.1056   

# Frame42

# x        y
12.6326    24.5750   
6.2407     11.4839   
5.1489     3.3377    
2.0504     6.4600    
8.5290     38.5064   
5.5930     26.1056   

# Frame43

# x        y
12.9352    24.8972   
6.2407     11.4839   
5.1489     3.3377    
2.0504     6.4600    
8.5290     38.5064   
5.5930     26.1056   

# Frame44

# x        y
13.2328    25.2140   
6.2407     11.4839   
5.1489     3.3377    
2.0504     6.4600    
8.5290     38.5064   
5.5930     26.1056   

# Frame45

# x        y
13.5254    25.5255   
6.2407     11.4839   
5.1489     3.3377    
2.0504     6.4600    
8.5290     38.5064   
5.5930     26.1056   

# Frame46

# x        y
13.8131    25.8318   
6.2407     11.4839   
5.1489     3.3377    
2.0504     6.4600    
8.5290     38.5064   
5.5930     26.1056   

# Frame47

# x        y
14.0960    26.1330   
6.2407     11.4839   
5.1489     3.3377    
2.0504     6.4600    
8.5290     38.5064   
5.5930     26.1056   

# Frame48

# x        y
14.3742    26.4292   
6.2407     11.4839   
5.1489     3.3377    
2.0504     6.4600    
8.5290     38.5064   
5.5930     26.1056   

# Frame49

# x        y
14.6478    26.7205   
6.2407     11.4839   
5.1489     3.3377    
2.0504     6.4600    
8.5290     38.5064   
5.5930     26.1056   

# Frame50

# x        y
14.9168    27.0069   
6.2407     11.4839   
5.1489     3.3377    
2.0504     6.4600    
8.5290     38.5064   
5.5930     26.1056   

# Frame51

# x        y
15.1814    27.2885   
6.2407     11.4839   
5.1489     3.3377    
2.0504     6.4600    
8.5290     38.5064   
5.5930     26.1056   

# Frame52

# x        y
15.4415    27.5655   
6.2407     11.4839   
5.1489     3.3377    
2.0504     6.4600    
8.5290     38.5064   
5.5930     26.1056   

# Frame53

# x        y
15.6973    27.8378   
6.2407     11.4839   
5.1489     3.3377    
2.0504     6.4600    
8.5290     38.5064   
5.5930     26.1056   

# Frame54

# x        y
15.9488    28.1056   
6.2407     11.4839   
5.1489     3.3377    
2.0504     6.4600    
8.5290     38.5064   
5.5930     26.1056   

# Frame55

# x        y
16.1961    28.3689   
6.2407     11.4839   
5.1489     3.3377    
2.0504     6.4600    
8.5290     38.5064   
5.5930     26.1056   

# Frame56

# x        y
16.4393    28.6278   
6.2407     11.4839   
5.1489     3.3377    
2.0504     6.4600    
8.5290     38.5064   
5.5930     26.1056   

# Frame57

# x        y
16.6785    28.8825   
6.2407     11.4839   
5.1489     3.3377    
2.0504     6.4600    
8.5290     38.5064   
5.5930     26.1056   

# Frame58

# x        y
16.9137    29.1328   
6.2407     11.4839   
5.1489     3.3377    
2.0504     6.4600    
8.5290     38.5064   
5.5930     26.1056   

# Frame59

# x        y
17.1449    29.3790   
6.2407     11.4839   
5.1489     3.3377    
2.0504     6.4600    
8.5290     38.5064   
5.5930     26.1056   

# Frame60

# x        y
17.3723    29.6211   
6.2407     11.4839   
5.1489     3.3377    
2.0504     6.4600    
8.5290     38.5064   
5.5930     26.1056   

# Frame61

# x        y
17.5959    29.8592   
6.2407     11.4839   
5.1489     3.3377    
2.0504     6.4600    
8.5290     38.5064   
5.5930     26.1056   

# Frame62

# x        y
17.8158    30.0933   
6.2407     11.4839   
5.1489     3.3377    
2.0504     6.4600    
8.5290     38.5064   
5.5930     26.1056   

# Frame63

# x        y
18.0320    30.3235   
6.2407     11.4839   
5.1489     3.3377    
2.0504     6.4600    
8.5290     38.5064   
5.5930     26.1056   

# Frame64

# x        y
18.2446    30.5499   
6.2407     11.4839   
5.1489     3.3377    
2.0504     6.4600    
8.5290     38.5064   
5.5930     26.1056   

# Frame65

# x        y
18.4537    30.7724   
6.2407     11.4839   
5.1489     3.3377    
2.0504     6.4600    
8.5290     38.5064   
5.5930     26.1056   

# Frame66

# x        y
18.6593    30.9913   
6.2407     11.4839   
5.1489     3.3377    
2.0504     6.4600    
8.5290     38.5064   
5.5930     26.1056   

# Frame67

# x        y
18.8614    31.2065   
6.2407     11.4839   
5.1489     3.3377    
2.0504     6.4600    
8.5290     38.5064   
5.5930     26.1056   

# Frame68

# x        y
18.9680    31.3908   
6.2407     11.4839   
5.1489     3.3377    
2.0504     6.4600    
8.5290     38.5064   
5.5930     26.1056   

# Frame69

# x        y
18.8703    31.5021   
6.2407     11.4839   
5.1489     3.3377    
2.0504     6.4600    
8.5290     38.5064   
5.5930     26.1056   

# Frame70

# x        y
18.7742    31.6116   
6.2407     11.4839   
5.1489     3.3377    
2.0504     6.4600    
8.5290     38.5064   
5.5930     26.1056   

# Frame71

# x        y
18.6797    31.7192   
6.2407     11.4839   
5.1489     3.3377    
2.0504     6.4600    
8.5290     38.5064   
5.5930     26.1056   

# Frame72

# x        y
18.5867    31.8250   
6.2407     11.4839   
5.1489     3.3377    
2.0504     6.4600    
8.5290     38.5064   
5.5930     26.1056   

# Frame73

# x        y
18.4953    31.9290   
6.2407     11.4839   
5.1489     3.3377    
2.0504     6.4600    
8.5290     38.5064   
5.5930     26.1056   

# Frame74

# x        y
18.4055    32.0313   
6.2407     11.4839   
5.1489     3.3377    
2.0504     6.4600    
8.5290     38.5064   
5.5930     26.1056   

# Frame75

# x        y
18.3171    32.1320   
6.2407     11.4839   
5.1489     3.3377    
2.0504     6.4600    
8.5290     38.5064   
5.5930     26.1056   

# Frame76

# x        y
18.2302    32.2309   
6.2407     11.4839   
5.1489     3.3377    
2.0504     6.4600    
8.5290     38.5064   
5.5930     26.1056   

# Frame77

# x        y
18.1448    32.3282   
6.2407     11.4839   
5.1489     3.3377    
2.0504     6.4600    
8.5290     38.5064   
5.5930     26.1056   

# Frame78

# x        y
18.0608    32.4238   
6.2407     11.4839   
5.1489     3.3377    
2.0504     6.4600    
8.5290     38.5064   
5.5930     26.1056   

# Frame79

# x        y
17.9782    32.5179   
6.2407     11.4839   
5.1489     3.3377    
2.0504     6.4600    
8.5290     38.5064   
5.5930     26.1056   

# Frame80

# x        y
17.8969    32.6104   
6.2407     11.4839   
5.1489     3.3377    
2.0504     6.4600    
8.5290     38.5064   
5.5930     26.1056   

# Frame81

# x        y
17.8170    32.7014   
6.2407     11.4839   
5.1489     3.3377    
2.0504     6.4600    
8.5290     38.5064   
5.5930     26.1056   

# Frame82

# x        y
17.7385    32.7908   
6.2407     11.4839   
5.1489     3.3377    
2.0504     6.4600    
8.5290     38.5064   
5.5930     26.1056   

# Frame83

# x        y
17.6612    32.8788   
6.2407     11.4839   
5.1489     3.3377    
2.0504     6.4600    
8.5290     38.5064   
5.5930     26.1056   

# Frame84

# x        y
17.5853    32.9653   
6.2407     11.4839   
5.1489     3.3377    
2.0504     6.4600    
8.5290     38.5064   
5.5930     26.1056   

# Frame85

# x        y
17.5106    33.0503   
6.2407     11.4839   
5.1489     3.3377    
2.0504     6.4600    
8.5290     38.5064   
5.5930     26.1056   

# Frame86

# x        y
17.4371    33.1339   
6.2407     11.4839   
5.1489     3.3377    
2.0504     6.4600    
8.5290     38.5064   
5.5930     26.1056   

# Frame87

# x        y
17.3649    33.2162   
6.2407     11.4839   
5.1489     3.3377    
2.0504     6.4600    
8.5290     38.5064   
5.5930     26.1056   

# Frame88

# x        y
17.2939    33.2970   
6.2407     11.4839   
5.1489     3.3377    
2.0504     6.4600    
8.5290     38.5064   
5.5930     26.1056   

# Frame89

# x        y
17.2241    33.3766   
6.2407     11.4839   
5.1489     3.3377    
2.0504     6.4600    
8.5290     38.5064   
5.5930     26.1056   

# Frame90

# x        y
17.1554    33.4548   
6.2407     11.4839   
5.1489     3.3377    
2.0504     6.4600    
8.5290     38.5064   
5.5930     26.1056   

# Frame91

# x        y
17.0879    33.5316   
6.2407     11.4839   
5.1489     3.3377    
2.0504     6.4600    
8.5290     38.5064   
5.5930     26.1056   

# Frame92

# x        y
17.0215    33.6073   
6.2407     11.4839   
5.1489     3.3377    
2.0504     6.4600    
8.5290     38.5064   
5.5930     26.1056   

# Frame93

# x        y
16.9562    33.6816   
6.2407     11.4839   
5.1489     3.3377    
2.0504     6.4600    
8.5290     38.5064   
5.5930     26.1056   

# Frame94

# x        y
16.8920    33.7547   
6.2407     11.4839   
5.1489     3.3377    
2.0504     6.4600    
8.5290     38.5064   
5.5930     26.1056   

# Frame95

# x        y
16.8288    33.8266   
6.2407     11.4839   
5.1489     3.3377    
2.0504     6.4600    
8.5290     38.5064   
5.5930     26.1056   

# Frame96

# x        y
16.7667    33.8973   
6.2407     11.4839   
5.1489     3.3377    
2.0504     6.4600    
8.5290     38.5064   
5.5930     26.1056   

# Frame97

# x        y
16.7057    33.9668   
6.2407     11.4839   
5.1489     3.3377    
2.0504     6.4600    
8.5290     38.5064   
5.5930     26.1056   

# Frame98

# x        y
16.6457    34.0352   
6.2407     11.4839   
5.1489     3.3377    
2.0504     6.4600    
8.5290     38.5064   
5.5930     26.1056   

# Frame99

# x        y
16.5866    34.1024   
6.2407     11.4839   
5.1489     3.3377    
2.0504     6.4600    
8.5290     38.5064   
5.5930     26.1056   

# Frame100

# x        y
16.5286    34.1685   
6.2407     11.4839   
5.1489     3.3377    
2.0504     6.4600    
8.5290     38.5064   
5.5930     26.1056   

# Frame101

# x        y
16.4715    34.2335   
6.2407     11.4839   
5.1489     3.3377    
2.0504     6.4600    
8.5290     38.5064   
5.5930     26.1056   

# Frame102

# x        y
16.4154    34.2974   
6.2407     11.4839   
5.1489     3.3377    
2.0504     6.4600    
8.5290     38.5064   
5.5930     26.1056   

# Frame103

# x        y
16.3602    34.3602   
6.2407     11.4839   
5.1489     3.3377    
2.0504     6.4600    
8.5290     38.5064   
5.5930     26.1056   

# Frame104

# x        y
16.3059    34.4220   
6.2407     11.4839   
5.1489     3.3377    
2.0504     6.4600    
8.5290     38.5064   
5.5930     26.1056   

# Frame105

# x        y
16.2525    34.4828   
6.2407     11.4839   
5.1489     3.3377    
2.0504     6.4600    
8.5290     38.5064   
5.5930     26.1056   

# Frame106

# x        y
16.2001    34.5425   
6.2407     11.4839   
5.1489     3.3377    
2.0504     6.4600    
8.5290     38.5064   
5.5930     26.1056   

# Frame107

# x        y
16.1485    34.6013   
6.2407     11.4839   
5.1489     3.3377    
2.0504     6.4600    
8.5290     38.5064   
5.5930     26.1056   

# Frame108

# x        y
16.0977    34.6591   
6.2407     11.4839   
5.1489     3.3377    
2.0504     6.4600    
8.5290     38.5064   
5.5930     26.1056   

# Frame109

# x        y
16.0478    34.7159   
6.2407     11.4839   
5.1489     3.3377    
2.0504     6.4600    
8.5290     38.5064   
5.5930     26.1056   

# Frame110

# x        y
15.9987    34.7718   
6.2407     11.4839   
5.1489     3.3377    
2.0504     6.4600    
8.5290     38.5064   
5.5930     26.1056   

# Frame111

# x        y
15.9505    34.8267   
6.2407     11.4839   
5.1489     3.3377    
2.0504     6.4600    
8.5290     38.5064   
5.5930     26.1056   

# Frame112

# x        y
15.9031    34.8807   
6.2407     11.4839   
5.1489     3.3377    
2.0504     6.4600    
8.5290     38.5064   
5.5930     26.1056   

# Frame113

# x        y
15.8564    34.9338   
6.2407     11.4839   
5.1489     3.3377    
2.0504     6.4600    
8.5290     38.5064   
5.5930     26.1056   

# Frame114

# x        y
15.8105    34.9861   
6.2407     11.4839   
5.1489     3.3377    
2.0504     6.4600    
8.5290     38.5064   
5.5930     26.1056   

# Frame115

# x        y
15.7654    35.0374   
6.2407     11.4839   
5.1489     3.3377    
2.0504     6.4600    
8.5290     38.5064   
5.5930     26.1056   

# Frame116

# x        y
15.7210    35.0880   
6.2407     11.4839   
5.1489     3.3377    
2.0504     6.4600    
8.5290     38.5064   
5.5930     26.1056   

# Frame117

# x        y
15.6774    35.1376   
6.2407     11.4839   
5.1489     3.3377    
2.0504     6.4600    
8.5290     38.5064   
5.5930     26.1056   

# Frame118

# x        y
15.6345    35.1865   
6.2407     11.4839   
5.1489     3.3377    
2.0504     6.4600    
8.5290     38.5064   
5.5930     26.1056   

# Frame119

# x        y
15.5924    35.2345   
6.2407     11.4839   
5.1489     3.3377    
2.0504     6.4600    
8.5290     38.5064   
5.5930     26.1056   

# Frame120

# x        y
15.5509    35.2817   
6.2407     11.4839   
5.1489     3.3377    
2.0504     6.4600    
8.5290     38.5064   
5.5930     26.1056   

# Frame121

# x        y
15.5101    35.3282   
6.2407     11.4839   
5.1489     3.3377    
2.0504     6.4600    
8.5290     38.5064   
5.5930     26.1056   

# Frame122

# x        y
15.4700    35.3738   
6.2407     11.4839   
5.1489     3.3377    
2.0504     6.4600    
8.5290     38.5064   
5.5930     26.1056   

# Frame123

# x        y
15.4306    35.4187   
6.2407     11.4839   
5.1489     3.3377    
2.0504     6.4600    
8.5290     38.5064   
5.5930     26.1056   

# Frame124

# x        y
15.3918    35.4629   
6.2407     11.4839   
5.1489     3.3377    
2.0504     6.4600    
8.5290     38.5064   
5.5930     26.1056   

# Frame125

# x        y
15.3536    35.5063   
6.2407     11.4839   
5.1489     3.3377    
2.0504     6.4600    
8.5290     38.5064   
5.5930     26.1056   

# Frame126

# x        y
15.3161    35.5490   
6.2407     11.4839   
5.1489     3.3377    
2.0504     6.4600    
8.5290     38.5064   
5.5930     26.1056   

# Frame127

# x        y
15.2793    35.5910   
6.2407     11.4839   
5.1489     3.3377    
2.0504     6.4600    
8.5290     38.5064   
5.5930     26.1056   

# Frame128

# x        y
15.2430    35.6323   
6.2407     11.4839   
5.1489     3.3377    
2.0504     6.4600    
8.5290     38.5064   
5.5930     26.1056   

# Frame129

# x        y
15.2074    35.6729   
6.2407     11.4839   
5.1489     3.3377    
2.0504     6.4600    
8.5290     38.5064   
5.5930     26.1056   

# Frame130

# x        y
15.1723    35.7128   
6.2407     11.4839   
5.1489     3.3377    
2.0504     6.4600    
8.5290     38.5064   
5.5930     26.1056   

# Frame131

# x        y
15.1378    35.7520   
6.2407     11.4839   
5.1489     3.3377    
2.0504     6.4600    
8.5290     38.5064   
5.5930     26.1056   

# Frame132

# x        y
15.1039    35.7906   
6.2407     11.4839   
5.1489     3.3377    
2.0504     6.4600    
8.5290     38.5064   
5.5930     26.1056   

# Frame133

# x        y
15.0706    35.8286   
6.2407     11.4839   
5.1489     3.3377    
2.0504     6.4600    
8.5290     38.5064   
5.5930     26.1056   

# Frame134

# x        y
15.0378    35.8659   
6.2407     11.4839   
5.1489     3.3377    
2.0504     6.4600    
8.5290     38.5064   
5.5930     26.1056   

# Frame135

# x        y
15.0056    35.9026   
6.2407     11.4839   
5.1489     3.3377    
2.0504     6.4600    
8.5290     38.5064   
5.5930     26.1056   

# Frame136

# x        y
14.9739    35.9387   
6.2407     11.4839   
5.1489     3.3377    
2.0504     6.4600    
8.5290     38.5064   
5.5930     26.1056   

# Frame137

# x        y
14.9427    35.9742   
6.2407     11.4839   
5.1489     3.3377    
2.0504     6.4600    
8.5290     38.5064   
5.5930     26.1056   

# Frame138

# x        y
14.9121    36.0091   
6.2407     11.4839   
5.1489     3.3377    
2.0504     6.4600    
8.5290     38.5064   
5.5930     26.1056   

# Frame139

# x        y
14.8819    36.0434   
6.2407     11.4839   
5.1489     3.3377    
2.0504     6.4600    
8.5290     38.5064   
5.5930     26.1056   

# Frame140

# x        y
14.8523    36.0772   
6.2407     11.4839   
5.1489     3.3377    
2.0504     6.4600    
8.5290     38.5064   
5.5930     26.1056   

# Frame141

# x        y
14.8231    36.1103   
6.2407     11.4839   
5.1489     3.3377    
2.0504     6.4600    
8.5290     38.5064   
5.5930     26.1056   

# Frame142

# x        y
14.7945    36.1430   
6.2407     11.4839   
5.1489     3.3377    
2.0504     6.4600    
8.5290     38.5064   
5.5930     26.1056   

# Frame143

# x        y
14.7663    36.1750   
6.2407     11.4839   
5.1489     3.3377    
2.0504     6.4600    
8.5290     38.5064   
5.5930     26.1056   

# Frame144

# x        y
14.7386    36.2066   
6.2407     11.4839   
5.1489     3.3377    
2.0504     6.4600    
8.5290     38.5064   
5.5930     26.1056   

# Frame145

# x        y
14.7114    36.2376   
6.2407     11.4839   
5.1489     3.3377    
2.0504     6.4600    
8.5290     38.5064   
5.5930     26.1056   

# Frame146

# x        y
14.6846    36.2681   
6.2407     11.4839   
5.1489     3.3377    
2.0504     6.4600    
8.5290     38.5064   
5.5930     26.1056   

# Frame147

# x        y
14.6582    36.2981   
6.2407     11.4839   
5.1489     3.3377    
2.0504     6.4600    
8.5290     38.5064   
5.5930     26.1056   

# Frame148

# x        y
14.6323    36.3276   
6.2407     11.4839   
5.1489     3.3377    
2.0504     6.4600    
8.5290     38.5064   
5.5930     26.1056   

# Frame149

# x        y
14.6068    36.3566   
6.2407     11.4839   
5.1489     3.3377    
2.0504     6.4600    
8.5290     38.5064   
5.5930     26.1056   

# Frame150

# x        y
14.5818    36.3852   
6.2407     11.4839   
5.1489     3.3377    
2.0504     6.4600    
8.5290     38.5064   
5.5930     26.1056   

# Frame151

# x        y
14.5571    36.4132   
6.2407     11.4839   
5.1489     3.3377    
2.0504     6.4600    
8.5290     38.5064   
5.5930     26.1056   

# Frame152

# x        y
14.5329    36.4408   
6.2407     11.4839   
5.1489     3.3377    
2.0504     6.4600    
8.5290     38.5064   
5.5930     26.1056   

# Frame153

# x        y
14.5091    36.4679   
6.2407     11.4839   
5.1489     3.3377    
2.0504     6.4600    
8.5290     38.5064   
5.5930     26.1056   

# Frame154

# x        y
14.4857    36.4946   
6.2407     11.4839   
5.1489     3.3377    
2.0504     6.4600    
8.5290     38.5064   
5.5930     26.1056   

# Frame155

# x        y
14.4627    36.5208   
6.2407     11.4839   
5.1489     3.3377    
2.0504     6.4600    
8.5290     38.5064   
5.5930     26.1056   

# Frame156

# x        y
14.4400    36.5466   
6.2407     11.4839   
5.1489     3.3377    
2.0504     6.4600    
8.5290     38.5064   
5.5930     26.1056   

# Frame157

# x        y
14.4177    36.5719   
6.2407     11.4839   
5.1489     3.3377    
2.0504     6.4600    
8.5290     38.5064   
5.5930     26.1056   

# Frame158

# x        y
14.3958    36.5969   
6.2407     11.4839   
5.1489     3.3377    
2.0504     6.4600    
8.5290     38.5064   
5.5930     26.1056   

# Frame159

# x        y
14.3743    36.6214   
6.2407     11.4839   
5.1489     3.3377    
2.0504     6.4600    
8.5290     38.5064   
5.5930     26.1056   

# Frame160

# x        y
14.3531    36.6455   
6.2407     11.4839   
5.1489     3.3377    
2.0504     6.4600    
8.5290     38.5064   
5.5930     26.1056   

# Frame161

# x        y
14.3323    36.6692   
6.2407     11.4839   
5.1489     3.3377    
2.0504     6.4600    
8.5290     38.5064   
5.5930     26.1056   

# Frame162

# x        y
14.3118    36.6925   
6.2407     11.4839   
5.1489     3.3377    
2.0504     6.4600    
8.5290     38.5064   
5.5930     26.1056   

# Frame163

# x        y
14.2917    36.7155   
6.2407     11.4839   
5.1489     3.3377    
2.0504     6.4600    
8.5290     38.5064   
5.5930     26.1056   

# Frame164

# x        y
14.2719    36.7380   
6.2407     11.4839   
5.1489     3.3377    
2.0504     6.4600    
8.5290     38.5064   
5.5930     26.1056   

# Frame165

# x        y
14.2524    36.7602   
6.2407     11.4839   
5.1489     3.3377    
2.0504     6.4600    
8.5290     38.5064   
5.5930     26.1056   

# Frame166

# x        y
14.2333    36.7820   
6.2407     11.4839   
5.1489     3.3377    
2.0504     6.4600    
8.5290     38.5064   
5.5930     26.1056   

# Frame167

# x        y
14.2145    36.8034   
6.2407     11.4839   
5.1489     3.3377    
2.0504     6.4600    
8.5290     38.5064   
5.5930     26.1056   

# Frame168

# x        y
14.1959    36.8245   
6.2407     11.4839   
5.1489     3.3377    
2.0504     6.4600    
8.5290     38.5064   
5.5930     26.1056   

# Frame169

# x        y
14.1777    36.8452   
6.2407     11.4839   
5.1489     3.3377    
2.0504     6.4600    
8.5290     38.5064   
5.5930     26.1056   

# Frame170

# x        y
14.1598    36.8656   
6.2407     11.4839   
5.1489     3.3377    
2.0504     6.4600    
8.5290     38.5064   
5.5930     26.1056   

# Frame171

# x        y
14.1422    36.8856   
6.2407     11.4839   
5.1489     3.3377    
2.0504     6.4600    
8.5290     38.5064   
5.5930     26.1056   

# Frame172

# x        y
14.1249    36.9053   
6.2407     11.4839   
5.1489     3.3377    
2.0504     6.4600    
8.5290     38.5064   
5.5930     26.1056   

# Frame173

# x        y
14.1079    36.9247   
6.2407     11.4839   
5.1489     3.3377    
2.0504     6.4600    
8.5290     38.5064   
5.5930     26.1056   

# Frame174

# x        y
14.0912    36.9438   
6.2407     11.4839   
5.1489     3.3377    
2.0504     6.4600    
8.5290     38.5064   
5.5930     26.1056   

# Frame175

# x        y
14.0747    36.9625   
6.2407     11.4839   
5.1489     3.3377    
2.0504     6.4600    
8.5290     38.5064   
5.5930     26.1056   

# Frame176

# x        y
14.0585    36.9809   
6.2407     11.4839   
5.1489     3.3377    
2.0504     6.4600    
8.5290     38.5064   
5.5930     26.1056   

# Frame177

# x        y
14.0426    36.9991   
6.2407     11.4839   
5.1489     3.3377    
2.0504     6.4600    
8.5290     38.5064   
5.5930     26.1056   

# Frame178

# x        y
14.0270    37.0169   
6.2407     11.4839   
5.1489     3.3377    
2.0504     6.4600    
8.5290     38.5064   
5.5930     26.1056   

# Frame179

# x        y
14.0116    37.0344   
6.2407     11.4839   
5.1489     3.3377    
2.0504     6.4600    
8.5290     38.5064   
5.5930     26.1056   

# Frame180

# x        y
13.9965    37.0516   
6.2407     11.4839   
5.1489     3.3377    
2.0504     6.4600    
8.5290     38.5064   
5.5930     26.1056   

# Frame181

# x        y
13.9816    37.0686   
6.2407     11.4839   
5.1489     3.3377    
2.0504     6.4600    
8.5290     38.5064   
5.5930     26.1056   

# Frame182

# x        y
13.9670    37.0852   
6.2407     11.4839   
5.1489     3.3377    
2.0504     6.4600    
8.5290     38.5064   
5.5930     26.1056   

# Frame183

# x        y
13.9526    37.1016   
6.2407     11.4839   
5.1489     3.3377    
2.0504     6.4600    
8.5290     38.5064   
5.5930     26.1056   

# Frame184

# x        y
13.9384    37.1177   
6.2407     11.4839   
5.1489     3.3377    
2.0504     6.4600    
8.5290     38.5064   
5.5930     26.1056   

# Frame185

# x        y
13.9245    37.1336   
6.2407     11.4839   
5.1489     3.3377    
2.0504     6.4600    
8.5290     38.5064   
5.5930     26.1056   

# Frame186

# x        y
13.9108    37.1491   
6.2407     11.4839   
5.1489     3.3377    
2.0504     6.4600    
8.5290     38.5064   
5.5930     26.1056   

# Frame187

# x        y
13.8974    37.1644   
6.2407     11.4839   
5.1489     3.3377    
2.0504     6.4600    
8.5290     38.5064   
5.5930     26.1056   

# Frame188

# x        y
13.8842    37.1795   
6.2407     11.4839   
5.1489     3.3377    
2.0504     6.4600    
8.5290     38.5064   
5.5930     26.1056   

# Frame189

# x        y
13.8712    37.1943   
6.2407     11.4839   
5.1489     3.3377    
2.0504     6.4600    
8.5290     38.5064   
5.5930     26.1056   

# Frame190

# x        y
13.8584    37.2089   
6.2407     11.4839   
5.1489     3.3377    
2.0504     6.4600    
8.5290     38.5064   
5.5930     26.1056   

# Frame191

# x        y
13.8458    37.2232   
6.2407     11.4839   
5.1489     3.3377    
2.0504     6.4600    
8.5290     38.5064   
5.5930     26.1056   

# Frame192

# x        y
13.8334    37.2373   
6.2407     11.4839   
5.1489     3.3377    
2.0504     6.4600    
8.5290     38.5064   
5.5930     26.1056   

# Frame193

# x        y
13.8213    37.2511   
6.2407     11.4839   
5.1489     3.3377    
2.0504     6.4600    
8.5290     38.5064   
5.5930     26.1056   

# Frame194

# x        y
13.8093    37.2647   
6.2407     11.4839   
5.1489     3.3377    
2.0504     6.4600    
8.5290     38.5064   
5.5930     26.1056   

# Frame195

# x        y
13.7975    37.2781   
6.2407     11.4839   
5.1489     3.3377    
2.0504     6.4600    
8.5290     38.5064   
5.5930     26.1056   

# Frame196

# x        y
13.7860    37.2913   
6.2407     11.4839   
5.1489     3.3377    
2.0504     6.4600    
8.5290     38.5064   
5.5930     26.1056   

# Frame197

# x        y
13.7746    37.3042   
6.2407     11.4839   
5.1489     3.3377    
2.0504     6.4600    
8.5290     38.5064   
5.5930     26.1056   

# Frame198

# x        y
13.7634    37.3170   
6.2407     11.4839   
5.1489     3.3377    
2.0504     6.4600    
8.5290     38.5064   
5.5930     26.1056   

# Frame199

# x        y
13.7524    37.3295   
6.2407     11.4839   
5.1489     3.3377    
2.0504     6.4600    
8.5290     38.5064   
5.5930     26.1056   

# Frame200

# x        y
13.7416    37.3418   
6.2407     11.4839   
5.1489     3.3377    
2.0504     6.4600    
8.5290     38.5064   
5.5930     26.1056   

# Frame201

# x        y
13.7310    37.3539   
6.2407     11.4839   
5.1489     3.3377    
2.0504     6.4600    
8.5290     38.5064   
5.5930     26.1056   

# Frame202

# x        y
13.7205    37.3658   
6.2407     11.4839   
5.1489     3.3377    
2.0504     6.4600    
8.5290     38.5064   
5.5930     26.1056   

# Frame203

# x        y
13.7103    37.3775   
6.2407     11.4839   
5.1489     3.3377    
2.0504     6.4600    
8.5290     38.5064   
5.5930     26.1056   

# Frame204

# x        y
13.7002    37.3890   
6.2407     11.4839   
5.1489     3.3377    
2.0504     6.4600    
8.5290     38.5064   
5.5930     26.1056   

# Frame205

# x        y
13.6902    37.4003   
6.2407     11.4839   
5.1489     3.3377    
2.0504     6.4600    
8.5290     38.5064   
5.5930     26.1056   

# Frame206

# x        y
13.6804    37.4115   
6.2407     11.4839   
5.1489     3.3377    
2.0504     6.4600    
8.5290     38.5064   
5.5930     26.1056   

# Frame207

# x        y
13.6708    37.4224   
6.2407     11.4839   
5.1489     3.3377    
2.0504     6.4600    
8.5290     38.5064   
5.5930     26.1056   

# Frame208

# x        y
13.6614    37.4332   
6.2407     11.4839   
5.1489     3.3377    
2.0504     6.4600    
8.5290     38.5064   
5.5930     26.1056   

# Frame209

# x        y
13.6521    37.4438   
6.2407     11.4839   
5.1489     3.3377    
2.0504     6.4600    
8.5290     38.5064   
5.5930     26.1056   

# Frame210

# x        y
13.6429    37.4542   
6.2407     11.4839   
5.1489     3.3377    
2.0504     6.4600    
8.5290     38.5064   
5.5930     26.1056   

# Frame211

# x        y
13.6340    37.4644   
6.2407     11.4839   
5.1489     3.3377    
2.0504     6.4600    
8.5290     38.5064   
5.5930     26.1056   

# Frame212

# x        y
13.6251    37.4745   
6.2407     11.4839   
5.1489     3.3377    
2.0504     6.4600    
8.5290     38.5064   
5.5930     26.1056   

# Frame213

# x        y
13.6164    37.4843   
6.2407     11.4839   
5.1489     3.3377    
2.0504     6.4600    
8.5290     38.5064   
5.5930     26.1056   

# Frame214

# x        y
13.6079    37.4941   
6.2407     11.4839   
5.1489     3.3377    
2.0504     6.4600    
8.5290     38.5064   
5.5930     26.1056   

# Frame215

# x        y
13.5995    37.5036   
6.2407     11.4839   
5.1489     3.3377    
2.0504     6.4600    
8.5290     38.5064   
5.5930     26.1056   

# Frame216

# x        y
13.5912    37.5131   
6.2407     11.4839   
5.1489     3.3377    
2.0504     6.4600    
8.5290     38.5064   
5.5930     26.1056   

# Frame217

# x        y
13.5831    37.5223   
6.2407     11.4839   
5.1489     3.3377    
2.0504     6.4600    
8.5290     38.5064   
5.5930     26.1056   

# Frame218

# x        y
13.5751    37.5314   
6.2407     11.4839   
5.1489     3.3377    
2.0504     6.4600    
8.5290     38.5064   
5.5930     26.1056   

# Frame219

# x        y
13.5673    37.5403   
6.2407     11.4839   
5.1489     3.3377    
2.0504     6.4600    
8.5290     38.5064   
5.5930     26.1056   

# Frame220

# x        y
13.5595    37.5491   
6.2407     11.4839   
5.1489     3.3377    
2.0504     6.4600    
8.5290     38.5064   
5.5930     26.1056   

# Frame221

# x        y
13.5519    37.5578   
6.2407     11.4839   
5.1489     3.3377    
2.0504     6.4600    
8.5290     38.5064   
5.5930     26.1056   

# Frame222

# x        y
13.5445    37.5663   
6.2407     11.4839   
5.1489     3.3377    
2.0504     6.4600    
8.5290     38.5064   
5.5930     26.1056   

# Frame223

# x        y
13.5371    37.5747   
6.2407     11.4839   
5.1489     3.3377    
2.0504     6.4600    
8.5290     38.5064   
5.5930     26.1056   

# Frame224

# x        y
13.5299    37.5829   
6.2407     11.4839   
5.1489     3.3377    
2.0504     6.4600    
8.5290     38.5064   
5.5930     26.1056   

# Frame225

# x        y
13.5228    37.5910   
6.2407     11.4839   
5.1489     3.3377    
2.0504     6.4600    
8.5290     38.5064   
5.5930     26.1056   

# Frame226

# x        y
13.5158    37.5989   
6.2407     11.4839   
5.1489     3.3377    
2.0504     6.4600    
8.5290     38.5064   
5.5930     26.1056   

# Frame227

# x        y
13.5089    37.6067   
6.2407     11.4839   
5.1489     3.3377    
2.0504     6.4600    
8.5290     38.5064   
5.5930     26.1056   

# Frame228

# x        y
13.5022    37.6144   
6.2407     11.4839   
5.1489     3.3377    
2.0504     6.4600    
8.5290     38.5064   
5.5930     26.1056   

# Frame229

# x        y
13.4956    37.6220   
6.2407     11.4839   
5.1489     3.3377    
2.0504     6.4600    
8.5290     38.5064   
5.5930     26.1056   

# Frame230

# x        y
13.4890    37.6294   
6.2407     11.4839   
5.1489     3.3377    
2.0504     6.4600    
8.5290     38.5064   
5.5930     26.1056   

# Frame231

# x        y
13.4826    37.6367   
6.2407     11.4839   
5.1489     3.3377    
2.0504     6.4600    
8.5290     38.5064   
5.5930     26.1056   

# Frame232

# x        y
13.4763    37.6439   
6.2407     11.4839   
5.1489     3.3377    
2.0504     6.4600    
8.5290     38.5064   
5.5930     26.1056   

# Frame233

# x        y
13.4701    37.6510   
6.2407     11.4839   
5.1489     3.3377    
2.0504     6.4600    
8.5290     38.5064   
5.5930     26.1056   

# Frame234

# x        y
13.4640    37.6579   
6.2407     11.4839   
5.1489     3.3377    
2.0504     6.4600    
8.5290     38.5064   
5.5930     26.1056   

# Frame235

# x        y
13.4580    37.6648   
6.2407     11.4839   
5.1489     3.3377    
2.0504     6.4600    
8.5290     38.5064   
5.5930     26.1056   

# Frame236

# x        y
13.4521    37.6715   
6.2407     11.4839   
5.1489     3.3377    
2.0504     6.4600    
8.5290     38.5064   
5.5930     26.1056   

# Frame237

# x        y
13.4463    37.6781   
6.2407     11.4839   
5.1489     3.3377    
2.0504     6.4600    
8.5290     38.5064   
5.5930     26.1056   

# Frame238

# x        y
13.4406    37.6846   
6.2407     11.4839   
5.1489     3.3377    
2.0504     6.4600    
8.5290     38.5064   
5.5930     26.1056   

# Frame239

# x        y
13.4349    37.6910   
6.2407     11.4839   
5.1489     3.3377    
2.0504     6.4600    
8.5290     38.5064   
5.5930     26.1056   

# Frame240

# x        y
13.4294    37.6973   
6.2407     11.4839   
5.1489     3.3377    
2.0504     6.4600    
8.5290     38.5064   
5.5930     26.1056   

# Frame241

# x        y
13.4240    37.7035   
6.2407     11.4839   
5.1489     3.3377    
2.0504     6.4600    
8.5290     38.5064   
5.5930     26.1056   

# Frame242

# x        y
13.4187    37.7095   
6.2407     11.4839   
5.1489     3.3377    
2.0504     6.4600    
8.5290     38.5064   
5.5930     26.1056   

# Frame243

# x        y
13.4134    37.7155   
6.2407     11.4839   
5.1489     3.3377    
2.0504     6.4600    
8.5290     38.5064   
5.5930     26.1056   

# Frame244

# x        y
13.4083    37.7214   
6.2407     11.4839   
5.1489     3.3377    
2.0504     6.4600    
8.5290     38.5064   
5.5930     26.1056   

# Frame245

# x        y
13.4032    37.7272   
6.2407     11.4839   
5.1489     3.3377    
2.0504     6.4600    
8.5290     38.5064   
5.5930     26.1056   

# Frame246

# x        y
13.3982    37.7329   
6.2407     11.4839   
5.1489     3.3377    
2.0504     6.4600    
8.5290     38.5064   
5.5930     26.1056   

# Frame247

# x        y
13.3933    37.7384   
6.2407     11.4839   
5.1489     3.3377    
2.0504     6.4600    
8.5290     38.5064   
5.5930     26.1056   

# Frame248

# x        y
13.3885    37.7439   
6.2407     11.4839   
5.1489     3.3377    
2.0504     6.4600    
8.5290     38.5064   
5.5930     26.1056   

# Frame249

# x        y
13.3837    37.7493   
6.2407     11.4839   
5.1489     3.3377    
2.0504     6.4600    
8.5290     38.5064   
5.5930     26.1056   

# Frame250

# x        y
13.3790    37.7547   
6.2407     11.4839   
5.1489     3.3377    
2.0504     6.4600    
8.5290     38.5064   
5.5930     26.1056   

# Frame251

# x        y
13.3745    37.7599   
6.2407     11.4839   
5.1489     3.3377    
2.0504     6.4600    
8.5290     38.5064   
5.5930     26.1056   

# Frame252

# x        y
13.3699    37.7650   
6.2407     11.4839   
5.1489     3.3377    
2.0504     6.4600    
8.5290     38.5064   
5.5930     26.1056   

# Frame253

# x        y
13.3655    37.7701   
6.2407     11.4839   
5.1489     3.3377    
2.0504     6.4600    
8.5290     38.5064   
5.5930     26.1056   

# Frame254

# x        y
13.3611    37.7750   
6.2407     11.4839   
5.1489     3.3377    
2.0504     6.4600    
8.5290     38.5064   
5.5930     26.1056   

# Frame255

# x        y
13.3569    37.7799   
6.2407     11.4839   
5.1489     3.3377    
2.0504     6.4600    
8.5290     38.5064   
5.5930     26.1056   

# Frame256

# x        y
13.3526    37.7847   
6.2407     11.4839   
5.1489     3.3377    
2.0504     6.4600    
8.5290     38.5064   
5.5930     26.1056   

# Frame257

# x        y
13.3485    37.7894   
6.2407     11.4839   
5.1489     3.3377    
2.0504     6.4600    
8.5290     38.5064   
5.5930     26.1056   

# Frame258

# x        y
13.3444    37.7941   
6.2407     11.4839   
5.1489     3.3377    
2.0504     6.4600    
8.5290     38.5064   
5.5930     26.1056   

# Frame259

# x        y
13.3404    37.7986   
6.2407     11.4839   
5.1489     3.3377    
2.0504     6.4600    
8.5290     38.5064   
5.5930     26.1056   

# Frame260

# x        y
13.3365    37.8031   
6.2407     11.4839   
5.1489     3.3377    
2.0504     6.4600    
8.5290     38.5064   
5.5930     26.1056   

# Frame261

# x        y
13.3326    37.8076   
6.2407     11.4839   
5.1489     3.3377    
2.0504     6.4600    
8.5290     38.5064   
5.5930     26.1056   

# Frame262

# x        y
13.3288    37.8119   
6.2407     11.4839   
5.1489     3.3377    
2.0504     6.4600    
8.5290     38.5064   
5.5930     26.1056   

# Frame263

# x        y
13.3250    37.8162   
6.2407     11.4839   
5.1489     3.3377    
2.0504     6.4600    
8.5290     38.5064   
5.5930     26.1056   

# Frame264

# x        y
13.3213    37.8204   
6.2407     11.4839   
5.1489     3.3377    
2.0504     6.4600    
8.5290     38.5064   
5.5930     26.1056   

# Frame265

# x        y
13.3177    37.8245   
6.2407     11.4839   
5.1489     3.3377    
2.0504     6.4600    
8.5290     38.5064   
5.5930     26.1056   

# Frame266

# x        y
13.3141    37.8285   
6.2407     11.4839   
5.1489     3.3377    
2.0504     6.4600    
8.5290     38.5064   
5.5930     26.1056   

# Frame267

# x        y
13.3106    37.8325   
6.2407     11.4839   
5.1489     3.3377    
2.0504     6.4600    
8.5290     38.5064   
5.5930     26.1056   

# Frame268

# x        y
13.3072    37.8365   
6.2407     11.4839   
5.1489     3.3377    
2.0504     6.4600    
8.5290     38.5064   
5.5930     26.1056   

# Frame269

# x        y
13.3038    37.8403   
6.2407     11.4839   
5.1489     3.3377    
2.0504     6.4600    
8.5290     38.5064   
5.5930     26.1056   

# Frame270

# x        y
13.3005    37.8441   
6.2407     11.4839   
5.1489     3.3377    
2.0504     6.4600    
8.5290     38.5064   
5.5930     26.1056   

# Frame271

# x        y
13.2972    37.8479   
6.2407     11.4839   
5.1489     3.3377    
2.0504     6.4600    
8.5290     38.5064   
5.5930     26.1056   

# Frame272

# x        y
13.2940    37.8515   
6.2407     11.4839   
5.1489     3.3377    
2.0504     6.4600    
8.5290     38.5064   
5.5930     26.1056   

# Frame273

# x        y
13.2908    37.8551   
6.2407     11.4839   
5.1489     3.3377    
2.0504     6.4600    
8.5290     38.5064   
5.5930     26.1056   

# Frame274

# x        y
13.2877    37.8587   
6.2407     11.4839   
5.1489     3.3377    
2.0504     6.4600    
8.5290     38.5064   
5.5930     26.1056   

# Frame275

# x        y
13.2846    37.8622   
6.2407     11.4839   
5.1489     3.3377    
2.0504     6.4600    
8.5290     38.5064   
5.5930     26.1056   

# Frame276

# x        y
13.2816    37.8656   
6.2407     11.4839   
5.1489     3.3377    
2.0504     6.4600    
8.5290     38.5064   
5.5930     26.1056   

# Frame277

# x        y
13.2786    37.8690   
6.2407     11.4839   
5.1489     3.3377    
2.0504     6.4600    
8.5290     38.5064   
5.5930     26.1056   

# Frame278

# x        y
13.2757    37.8723   
6.2407     11.4839   
5.1489     3.3377    
2.0504     6.4600    
8.5290     38.5064   
5.5930     26.1056   

# Frame279

# x        y
13.2729    37.8756   
6.2407     11.4839   
5.1489     3.3377    
2.0504     6.4600    
8.5290     38.5064   
5.5930     26.1056   

# Frame280

# x        y
13.2700    37.8788   
6.2407     11.4839   
5.1489     3.3377    
2.0504     6.4600    
8.5290     38.5064   
5.5930     26.1056   

# Frame281

# x        y
13.2673    37.8819   
6.2407     11.4839   
5.1489     3.3377    
2.0504     6.4600    
8.5290     38.5064   
5.5930     26.1056   

# Frame282

# x        y
13.2645    37.8850   
6.2407     11.4839   
5.1489     3.3377    
2.0504     6.4600    
8.5290     38.5064   
5.5930     26.1056   

# Frame283

# x        y
13.2619    37.8881   
6.2407     11.4839   
5.1489     3.3377    
2.0504     6.4600    
8.5290     38.5064   
5.5930     26.1056   

# Frame284

# x        y
13.2592    37.8911   
6.2407     11.4839   
5.1489     3.3377    
2.0504     6.4600    
8.5290     38.5064   
5.5930     26.1056   

# Frame285

# x        y
13.2566    37.8940   
6.2407     11.4839   
5.1489     3.3377    
2.0504     6.4600    
8.5290     38.5064   
5.5930     26.1056   

# Frame286

# x        y
13.2541    37.8969   
6.2407     11.4839   
5.1489     3.3377    
2.0504     6.4600    
8.5290     38.5064   
5.5930     26.1056   

# Frame287

# x        y
13.2516    37.8998   
6.2407     11.4839   
5.1489     3.3377    
2.0504     6.4600    
8.5290     38.5064   
5.5930     26.1056   

# Frame288

# x        y
13.2491    37.9026   
6.2407     11.4839   
5.1489     3.3377    
2.0504     6.4600    
8.5290     38.5064   
5.5930     26.1056   

# Frame289

# x        y
13.2467    37.9053   
6.2407     11.4839   
5.1489     3.3377    
2.0504     6.4600    
8.5290     38.5064   
5.5930     26.1056   

# Frame290

# x        y
13.2443    37.9080   
6.2407     11.4839   
5.1489     3.3377    
2.0504     6.4600    
8.5290     38.5064   
5.5930     26.1056   

# Frame291

# x        y
13.2420    37.9107   
6.2407     11.4839   
5.1489     3.3377    
2.0504     6.4600    
8.5290     38.5064   
5.5930     26.1056   

# Frame292

# x        y
13.2397    37.9133   
6.2407     11.4839   
5.1489     3.3377    
2.0504     6.4600    
8.5290     38.5064   
5.5930     26.1056   

# Frame293

# x        y
13.2374    37.9159   
6.2407     11.4839   
5.1489     3.3377    
2.0504     6.4600    
8.5290     38.5064   
5.5930     26.1056   

# Frame294

# x        y
13.2352    37.9184   
6.2407     11.4839   
5.1489     3.3377    
2.0504     6.4600    
8.5290     38.5064   
5.5930     26.1056   

# Frame295

# x        y
13.2330    37.9209   
6.2407     11.4839   
5.1489     3.3377    
2.0504     6.4600    
8.5290     38.5064   
5.5930     26.1056   

# Frame296

# x        y
13.2308    37.9234   
6.2407     11.4839   
5.1489     3.3377    
2.0504     6.4600    
8.5290     38.5064   
5.5930     26.1056   

# Frame297

# x        y
13.2287    37.9258   
6.2407     11.4839   
5.1489     3.3377    
2.0504     6.4600    
8.5290     38.5064   
5.5930     26.1056   

# Frame298

# x        y
13.2266    37.9282   
6.2407     11.4839   
5.1489     3.3377    
2.0504     6.4600    
8.5290     38.5064   
5.5930     26.1056   

# Frame299

# x        y
13.2246    37.9305   
6.2407     11.4839   
5.1489     3.3377    
2.0504     6.4600    
8.5290     38.5064   
5.5930     26.1056   

# Frame300

# x        y
13.2226    37.9328   
6.2407     11.4839   
5.1489     3.3377    
2.0504     6.4600    
8.5290     38.5064   
5.5930     26.1056   

# Frame301

# x        y
13.2206    37.9351   
6.2407     11.4839   
5.1489     3.3377    
2.0504     6.4600    
8.5290     38.5064   
5.5930     26.1056   

# Frame302

# x        y
13.2186    37.9373   
6.2407     11.4839   
5.1489     3.3377    
2.0504     6.4600    
8.5290     38.5064   
5.5930     26.1056   

# Frame303

# x        y
13.2167    37.9395   
6.2407     11.4839   
5.1489     3.3377    
2.0504     6.4600    
8.5290     38.5064   
5.5930     26.1056   

# Frame304

# x        y
13.2149    37.9416   
6.2407     11.4839   
5.1489     3.3377    
2.0504     6.4600    
8.5290     38.5064   
5.5930     26.1056   

# Frame305

# x        y
13.2130    37.9437   
6.2407     11.4839   
5.1489     3.3377    
2.0504     6.4600    
8.5290     38.5064   
5.5930     26.1056   

# Frame306

# x        y
13.2112    37.9458   
6.2407     11.4839   
5.1489     3.3377    
2.0504     6.4600    
8.5290     38.5064   
5.5930     26.1056   

# Frame307

# x        y
13.2094    37.9478   
6.2407     11.4839   
5.1489     3.3377    
2.0504     6.4600    
8.5290     38.5064   
5.5930     26.1056   

# Frame308

# x        y
13.2076    37.9498   
6.2407     11.4839   
5.1489     3.3377    
2.0504     6.4600    
8.5290     38.5064   
5.5930     26.1056   

# Frame309

# x        y
13.2059    37.9518   
6.2407     11.4839   
5.1489     3.3377    
2.0504     6.4600    
8.5290     38.5064   
5.5930     26.1056   

# Frame310

# x        y
13.2042    37.9537   
6.2407     11.4839   
5.1489     3.3377    
2.0504     6.4600    
8.5290     38.5064   
5.5930     26.1056   

# Frame311

# x        y
13.2025    37.9556   
6.2407     11.4839   
5.1489     3.3377    
2.0504     6.4600    
8.5290     38.5064   
5.5930     26.1056   

# Frame312

# x        y
13.2009    37.9575   
6.2407     11.4839   
5.1489     3.3377    
2.0504     6.4600    
8.5290     38.5064   
5.5930     26.1056   

# Frame313

# x        y
13.1993    37.9594   
6.2407     11.4839   
5.1489     3.3377    
2.0504     6.4600    
8.5290     38.5064   
5.5930     26.1056   

# Frame314

# x        y
13.1977    37.9612   
6.2407     11.4839   
5.1489     3.3377    
2.0504     6.4600    
8.5290     38.5064   
5.5930     26.1056   

# Frame315

# x        y
13.1961    37.9629   
6.2407     11.4839   
5.1489     3.3377    
2.0504     6.4600    
8.5290     38.5064   
5.5930     26.1056   

# Frame316

# x        y
13.1946    37.9647   
6.2407     11.4839   
5.1489     3.3377    
2.0504     6.4600    
8.5290     38.5064   
5.5930     26.1056   

# Frame317

# x        y
13.1930    37.9664   
6.2407     11.4839   
5.1489     3.3377    
2.0504     6.4600    
8.5290     38.5064   
5.5930     26.1056   

# Frame318

# x        y
13.1916    37.9681   
6.2407     11.4839   
5.1489     3.3377    
2.0504     6.4600    
8.5290     38.5064   
5.5930     26.1056   

# Frame319

# x        y
13.1901    37.9698   
6.2407     11.4839   
5.1489     3.3377    
2.0504     6.4600    
8.5290     38.5064   
5.5930     26.1056   

# Frame320

# x        y
13.1887    37.9714   
6.2407     11.4839   
5.1489     3.3377    
2.0504     6.4600    
8.5290     38.5064   
5.5930     26.1056   

# Frame321

# x        y
13.1872    37.9730   
6.2407     11.4839   
5.1489     3.3377    
2.0504     6.4600    
8.5290     38.5064   
5.5930     26.1056   

# Frame322

# x        y
13.1859    37.9746   
6.2407     11.4839   
5.1489     3.3377    
2.0504     6.4600    
8.5290     38.5064   
5.5930     26.1056   

# Frame323

# x        y
13.1845    37.9762   
6.2407     11.4839   
5.1489     3.3377    
2.0504     6.4600    
8.5290     38.5064   
5.5930     26.1056   

# Frame324

# x        y
13.1831    37.9777   
6.2407     11.4839   
5.1489     3.3377    
2.0504     6.4600    
8.5290     38.5064   
5.5930     26.1056   

# Frame325

# x        y
13.1818    37.9792   
6.2407     11.4839   
5.1489     3.3377    
2.0504     6.4600    
8.5290     38.5064   
5.5930     26.1056   

# Frame326

# x        y
13.1805    37.9807   
6.2407     11.4839   
5.1489     3.3377    
2.0504     6.4600    
8.5290     38.5064   
5.5930     26.1056   

# Frame327

# x        y
13.1792    37.9821   
6.2407     11.4839   
5.1489     3.3377    
2.0504     6.4600    
8.5290     38.5064   
5.5930     26.1056   

# Frame328

# x        y
13.1780    37.9836   
6.2407     11.4839   
5.1489     3.3377    
2.0504     6.4600    
8.5290     38.5064   
5.5930     26.1056   

# Frame329

# x        y
13.1767    37.9850   
6.2407     11.4839   
5.1489     3.3377    
2.0504     6.4600    
8.5290     38.5064   
5.5930     26.1056   

# Frame330

# x        y
13.1755    37.9864   
6.2407     11.4839   
5.1489     3.3377    
2.0504     6.4600    
8.5290     38.5064   
5.5930     26.1056   

# Frame331

# x        y
13.1743    37.9877   
6.2407     11.4839   
5.1489     3.3377    
2.0504     6.4600    
8.5290     38.5064   
5.5930     26.1056   

# Frame332

# x        y
13.1732    37.9891   
6.2407     11.4839   
5.1489     3.3377    
2.0504     6.4600    
8.5290     38.5064   
5.5930     26.1056   

# Frame333

# x        y
13.1720    37.9904   
6.2407     11.4839   
5.1489     3.3377    
2.0504     6.4600    
8.5290     38.5064   
5.5930     26.1056   

# Frame334

# x        y
13.1709    37.9917   
6.2407     11.4839   
5.1489     3.3377    
2.0504     6.4600    
8.5290     38.5064   
5.5930     26.1056   

# Frame335

# x        y
13.1697    37.9929   
6.2407     11.4839   
5.1489     3.3377    
2.0504     6.4600    
8.5290     38.5064   
5.5930     26.1056   

# Frame336

# x        y
13.1686    37.9942   
6.2407     11.4839   
5.1489     3.3377    
2.0504     6.4600    
8.5290     38.5064   
5.5930     26.1056   

# Frame337

# x        y
13.1676    37.9954   
6.2407     11.4839   
5.1489     3.3377    
2.0504     6.4600    
8.5290     38.5064   
5.5930     26.1056   

# Frame338

# x        y
13.1665    37.9966   
6.2407     11.4839   
5.1489     3.3377    
2.0504     6.4600    
8.5290     38.5064   
5.5930     26.1056   

# Frame339

# x        y
13.1655    37.9978   
6.2407     11.4839   
5.1489     3.3377    
2.0504     6.4600    
8.5290     38.5064   
5.5930     26.1056   

# Frame340

# x        y
13.1644    37.9990   
6.2407     11.4839   
5.1489     3.3377    
2.0504     6.4600    
8.5290     38.5064   
5.5930     26.1056   

# Frame341

# x        y
13.1634    38.0002   
6.2407     11.4839   
5.1489     3.3377    
2.0504     6.4600    
8.5290     38.5064   
5.5930     26.1056   

# Frame342

# x        y
13.1624    38.0013   
6.2407     11.4839   
5.1489     3.3377    
2.0504     6.4600    
8.5290     38.5064   
5.5930     26.1056   

# Frame343

# x        y
13.1614    38.0024   
6.2407     11.4839   
5.1489     3.3377    
2.0504     6.4600    
8.5290     38.5064   
5.5930     26.1056   

# Frame344

# x        y
13.1605    38.0035   
6.2407     11.4839   
5.1489     3.3377    
2.0504     6.4600    
8.5290     38.5064   
5.5930     26.1056   

# Frame345

# x        y
13.1595    38.0046   
6.2407     11.4839   
5.1489     3.3377    
2.0504     6.4600    
8.5290     38.5064   
5.5930     26.1056   

# Frame346

# x        y
13.1586    38.0056   
6.2407     11.4839   
5.1489     3.3377    
2.0504     6.4600    
8.5290     38.5064   
5.5930     26.1056   

# Frame347

# x        y
13.1577    38.0067   
6.2407     11.4839   
5.1489     3.3377    
2.0504     6.4600    
8.5290     38.5064   
5.5930     26.1056   

# Frame348

# x        y
13.1568    38.0077   
6.2407     11.4839   
5.1489     3.3377    
2.0504     6.4600    
8.5290     38.5064   
5.5930     26.1056   

# Frame349

# x        y
13.1559    38.0087   
6.2407     11.4839   
5.1489     3.3377    
2.0504     6.4600    
8.5290     38.5064   
5.5930     26.1056   

# Frame350

# x        y
13.1550    38.0097   
6.2407     11.4839   
5.1489     3.3377    
2.0504     6.4600    
8.5290     38.5064   
5.5930     26.1056   

# Frame351

# x        y
13.1542    38.0107   
6.2407     11.4839   
5.1489     3.3377    
2.0504     6.4600    
8.5290     38.5064   
5.5930     26.1056   

# Frame352

# x        y
13.1534    38.0116   
6.2407     11.4839   
5.1489     3.3377    
2.0504     6.4600    
8.5290     38.5064   
5.5930     26.1056   

# Frame353

# x        y
13.1525    38.0126   
6.2407     11.4839   
5.1489     3.3377    
2.0504     6.4600    
8.5290     38.5064   
5.5930     26.1056   

# Frame354

# x        y
13.1517    38.0135   
6.2407     11.4839   
5.1489     3.3377    
2.0504     6.4600    
8.5290     38.5064   
5.5930     26.1056   

# Frame355

# x        y
13.1509    38.0144   
6.2407     11.4839   
5.1489     3.3377    
2.0504     6.4600    
8.5290     38.5064   
5.5930     26.1056   

# Frame356

# x        y
13.1501    38.0153   
6.2407     11.4839   
5.1489     3.3377    
2.0504     6.4600    
8.5290     38.5064   
5.5930     26.1056   

# Frame357

# x        y
13.1494    38.0162   
6.2407     11.4839   
5.1489     3.3377    
2.0504     6.4600    
8.5290     38.5064   
5.5930     26.1056   

# Frame358

# x        y
13.1486    38.0170   
6.2407     11.4839   
5.1489     3.3377    
2.0504     6.4600    
8.5290     38.5064   
5.5930     26.1056   

# Frame359

# x        y
13.1478    38.0179   
6.2407     11.4839   
5.1489     3.3377    
2.0504     6.4600    
8.5290     38.5064   
5.5930     26.1056   

# Frame360

# x        y
13.1471    38.0187   
6.2407     11.4839   
5.1489     3.3377    
2.0504     6.4600    
8.5290     38.5064   
5.5930     26.1056   

# Frame361

# x        y
13.1464    38.0195   
6.2407     11.4839   
5.1489     3.3377    
2.0504     6.4600    
8.5290     38.5064   
5.5930     26.1056   

# Frame362

# x        y
13.1457    38.0203   
6.2407     11.4839   
5.1489     3.3377    
2.0504     6.4600    
8.5290     38.5064   
5.5930     26.1056   

# Frame363

# x        y
13.1450    38.0211   
6.2407     11.4839   
5.1489     3.3377    
2.0504     6.4600    
8.5290     38.5064   
5.5930     26.1056   

# Frame364

# x        y
13.1443    38.0219   
6.2407     11.4839   
5.1489     3.3377    
2.0504     6.4600    
8.5290     38.5064   
5.5930     26.1056   

# Frame365

# x        y
13.1436    38.0227   
6.2407     11.4839   
5.1489     3.3377    
2.0504     6.4600    
8.5290     38.5064   
5.5930     26.1056   

# Frame366

# x        y
13.1430    38.0234   
6.2407     11.4839   
5.1489     3.3377    
2.0504     6.4600    
8.5290     38.5064   
5.5930     26.1056   

# Frame367

# x        y
13.1423    38.0242   
6.2407     11.4839   
5.1489     3.3377    
2.0504     6.4600    
8.5290     38.5064   
5.5930     26.1056   

# Frame368

# x        y
13.1417    38.0249   
6.2407     11.4839   
5.1489     3.3377    
2.0504     6.4600    
8.5290     38.5064   
5.5930     26.1056   

# Frame369

# x        y
13.1410    38.0256   
6.2407     11.4839   
5.1489     3.3377    
2.0504     6.4600    
8.5290     38.5064   
5.5930     26.1056   

# Frame370

# x        y
13.1404    38.0263   
6.2407     11.4839   
5.1489     3.3377    
2.0504     6.4600    
8.5290     38.5064   
5.5930     26.1056   

# Frame371

# x        y
13.1398    38.0270   
6.2407     11.4839   
5.1489     3.3377    
2.0504     6.4600    
8.5290     38.5064   
5.5930     26.1056   

# Frame372

# x        y
13.1392    38.0277   
6.2407     11.4839   
5.1489     3.3377    
2.0504     6.4600    
8.5290     38.5064   
5.5930     26.1056   

# Frame373

# x        y
13.1386    38.0284   
6.2407     11.4839   
5.1489     3.3377    
2.0504     6.4600    
8.5290     38.5064   
5.5930     26.1056   

# Frame374

# x        y
13.1380    38.0291   
6.2407     11.4839   
5.1489     3.3377    
2.0504     6.4600    
8.5290     38.5064   
5.5930     26.1056   

# Frame375

# x        y
13.1375    38.0297   
6.2407     11.4839   
5.1489     3.3377    
2.0504     6.4600    
8.5290     38.5064   
5.5930     26.1056   

# Frame376

# x        y
13.1369    38.0303   
6.2407     11.4839   
5.1489     3.3377    
2.0504     6.4600    
8.5290     38.5064   
5.5930     26.1056   

# Frame377

# x        y
13.1363    38.0310   
6.2407     11.4839   
5.1489     3.3377    
2.0504     6.4600    
8.5290     38.5064   
5.5930     26.1056   

# Frame378

# x        y
13.1358    38.0316   
6.2407     11.4839   
5.1489     3.3377    
2.0504     6.4600    
8.5290     38.5064   
5.5930     26.1056   

# Frame379

# x        y
13.1353    38.0322   
6.2407     11.4839   
5.1489     3.3377    
2.0504     6.4600    
8.5290     38.5064   
5.5930     26.1056   

# Frame380

# x        y
13.1347    38.0328   
6.2407     11.4839   
5.1489     3.3377    
2.0504     6.4600    
8.5290     38.5064   
5.5930     26.1056   

# Frame381

# x        y
13.1342    38.0334   
6.2407     11.4839   
5.1489     3.3377    
2.0504     6.4600    
8.5290     38.5064   
5.5930     26.1056   

# Frame382

# x        y
13.1337    38.0340   
6.2407     11.4839   
5.1489     3.3377    
2.0504     6.4600    
8.5290     38.5064   
5.5930     26.1056   

# Frame383

# x        y
13.1332    38.0345   
6.2407     11.4839   
5.1489     3.3377    
2.0504     6.4600    
8.5290     38.5064   
5.5930     26.1056   

# Frame384

# x        y
13.1327    38.0351   
6.2407     11.4839   
5.1489     3.3377    
2.0504     6.4600    
8.5290     38.5064   
5.5930     26.1056   

# Frame385

# x        y
13.1322    38.0356   
6.2407     11.4839   
5.1489     3.3377    
2.0504     6.4600    
8.5290     38.5064   
5.5930     26.1056   

# Frame386

# x        y
13.1318    38.0362   
6.2407     11.4839   
5.1489     3.3377    
2.0504     6.4600    
8.5290     38.5064   
5.5930     26.1056   

# Frame387

# x        y
13.1313    38.0367   
6.2407     11.4839   
5.1489     3.3377    
2.0504     6.4600    
8.5290     38.5064   
5.5930     26.1056   

# Frame388

# x        y
13.1308    38.0372   
6.2407     11.4839   
5.1489     3.3377    
2.0504     6.4600    
8.5290     38.5064   
5.5930     26.1056   

# Frame389

# x        y
13.1304    38.0377   
6.2407     11.4839   
5.1489     3.3377    
2.0504     6.4600    
8.5290     38.5064   
5.5930     26.1056   

# Frame390

# x        y
13.1300    38.0382   
6.2407     11.4839   
5.1489     3.3377    
2.0504     6.4600    
8.5290     38.5064   
5.5930     26.1056   

# Frame391

# x        y
13.1295    38.0387   
6.2407     11.4839   
5.1489     3.3377    
2.0504     6.4600    
8.5290     38.5064   
5.5930     26.1056   

# Frame392

# x        y
13.1291    38.0392   
6.2407     11.4839   
5.1489     3.3377    
2.0504     6.4600    
8.5290     38.5064   
5.5930     26.1056   

# Frame393

# x        y
13.1287    38.0397   
6.2407     11.4839   
5.1489     3.3377    
2.0504     6.4600    
8.5290     38.5064   
5.5930     26.1056   

# Frame394

# x        y
13.1283    38.0402   
6.2407     11.4839   
5.1489     3.3377    
2.0504     6.4600    
8.5290     38.5064   
5.5930     26.1056   

# Frame395

# x        y
13.1278    38.0407   
6.2407     11.4839   
5.1489     3.3377    
2.0504     6.4600    
8.5290     38.5064   
5.5930     26.1056   

# Frame396

# x        y
13.1274    38.0411   
6.2407     11.4839   
5.1489     3.3377    
2.0504     6.4600    
8.5290     38.5064   
5.5930     26.1056   

# Frame397

# x        y
13.1270    38.0416   
6.2407     11.4839   
5.1489     3.3377    
2.0504     6.4600    
8.5290     38.5064   
5.5930     26.1056   

# Frame398

# x        y
13.1267    38.0420   
6.2407     11.4839   
5.1489     3.3377    
2.0504     6.4600    
8.5290     38.5064   
5.5930     26.1056   

# Frame399

# x        y
13.1263    38.0424   
6.2407     11.4839   
5.1489     3.3377    
2.0504     6.4600    
8.5290     38.5064   
5.5930     26.1056   

# Frame400

# x        y
13.1259    38.0429   
6.2407     11.4839   
5.1489     3.3377    
2.0504     6.4600    
8.5290     38.5064   
5.5930     26.1056   

# Frame401

# x        y
13.1255    38.0433   
6.2407     11.4839   
5.1489     3.3377    
2.0504     6.4600    
8.5290     38.5064   
5.5930     26.1056   

# Frame402

# x        y
13.1252    38.0437   
6.2407     11.4839   
5.1489     3.3377    
2.0504     6.4600    
8.5290     38.5064   
5.5930     26.1056   

# Frame403

# x        y
13.1248    38.0441   
6.2407     11.4839   
5.1489     3.3377    
2.0504     6.4600    
8.5290     38.5064   
5.5930     26.1056   

# Frame404

# x        y
13.1245    38.0445   
6.2407     11.4839   
5.1489     3.3377    
2.0504     6.4600    
8.5290     38.5064   
5.5930     26.1056   

# Frame405

# x        y
13.1241    38.0449   
6.2407     11.4839   
5.1489     3.3377    
2.0504     6.4600    
8.5290     38.5064   
5.5930     26.1056   

# Frame406

# x        y
13.1238    38.0453   
6.2407     11.4839   
5.1489     3.3377    
2.0504     6.4600    
8.5290     38.5064   
5.5930     26.1056   

# Frame407

# x        y
13.1234    38.0457   
6.2407     11.4839   
5.1489     3.3377    
2.0504     6.4600    
8.5290     38.5064   
5.5930     26.1056   

# Frame408

# x        y
13.1231    38.0460   
6.2407     11.4839   
5.1489     3.3377    
2.0504     6.4600    
8.5290     38.5064   
5.5930     26.1056   

# Frame409

# x        y
13.1228    38.0464   
6.2407     11.4839   
5.1489     3.3377    
2.0504     6.4600    
8.5290     38.5064   
5.5930     26.1056   

# Frame410

# x        y
13.1225    38.0468   
6.2407     11.4839   
5.1489     3.3377    
2.0504     6.4600    
8.5290     38.5064   
5.5930     26.1056   

# Frame411

# x        y
13.1222    38.0471   
6.2407     11.4839   
5.1489     3.3377    
2.0504     6.4600    
8.5290     38.5064   
5.5930     26.1056   

# Frame412

# x        y
13.1219    38.0475   
6.2407     11.4839   
5.1489     3.3377    
2.0504     6.4600    
8.5290     38.5064   
5.5930     26.1056   

# Frame413

# x        y
13.1216    38.0478   
6.2407     11.4839   
5.1489     3.3377    
2.0504     6.4600    
8.5290     38.5064   
5.5930     26.1056   

# Frame414

# x        y
13.1213    38.0481   
6.2407     11.4839   
5.1489     3.3377    
2.0504     6.4600    
8.5290     38.5064   
5.5930     26.1056   

# Frame415

# x        y
13.1210    38.0485   
6.2407     11.4839   
5.1489     3.3377    
2.0504     6.4600    
8.5290     38.5064   
5.5930     26.1056   

# Frame416

# x        y
13.1207    38.0488   
6.2407     11.4839   
5.1489     3.3377    
2.0504     6.4600    
8.5290     38.5064   
5.5930     26.1056   

# Frame417

# x        y
13.1204    38.0491   
6.2407     11.4839   
5.1489     3.3377    
2.0504     6.4600    
8.5290     38.5064   
5.5930     26.1056   

# Frame418

# x        y
13.1201    38.0494   
6.2407     11.4839   
5.1489     3.3377    
2.0504     6.4600    
8.5290     38.5064   
5.5930     26.1056   

# Frame419

# x        y
13.1199    38.0498   
6.2407     11.4839   
5.1489     3.3377    
2.0504     6.4600    
8.5290     38.5064   
5.5930     26.1056   

# Frame420

# x        y
13.1196    38.0501   
6.2407     11.4839   
5.1489     3.3377    
2.0504     6.4600    
8.5290     38.5064   
5.5930     26.1056   

# Frame421

# x        y
13.1193    38.0504   
6.2407     11.4839   
5.1489     3.3377    
2.0504     6.4600    
8.5290     38.5064   
5.5930     26.1056   

# Frame422

# x        y
13.1191    38.0507   
6.2407     11.4839   
5.1489     3.3377    
2.0504     6.4600    
8.5290     38.5064   
5.5930     26.1056   

# Frame423

# x        y
13.1188    38.0509   
6.2407     11.4839   
5.1489     3.3377    
2.0504     6.4600    
8.5290     38.5064   
5.5930     26.1056   

# Frame424

# x        y
13.1186    38.0512   
6.2407     11.4839   
5.1489     3.3377    
2.0504     6.4600    
8.5290     38.5064   
5.5930     26.1056   

# Frame425

# x        y
13.1183    38.0515   
6.2407     11.4839   
5.1489     3.3377    
2.0504     6.4600    
8.5290     38.5064   
5.5930     26.1056   

# Frame426

# x        y
13.1181    38.0518   
6.2407     11.4839   
5.1489     3.3377    
2.0504     6.4600    
8.5290     38.5064   
5.5930     26.1056   

# Frame427

# x        y
13.1178    38.0521   
6.2407     11.4839   
5.1489     3.3377    
2.0504     6.4600    
8.5290     38.5064   
5.5930     26.1056   

# Frame428

# x        y
13.1176    38.0523   
6.2407     11.4839   
5.1489     3.3377    
2.0504     6.4600    
8.5290     38.5064   
5.5930     26.1056   

# Frame429

# x        y
13.1174    38.0526   
6.2407     11.4839   
5.1489     3.3377    
2.0504     6.4600    
8.5290     38.5064   
5.5930     26.1056   

# Frame430

# x        y
13.1171    38.0528   
6.2407     11.4839   
5.1489     3.3377    
2.0504     6.4600    
8.5290     38.5064   
5.5930     26.1056   

# Frame431

# x        y
13.1169    38.0531   
6.2407     11.4839   
5.1489     3.3377    
2.0504     6.4600    
8.5290     38.5064   
5.5930     26.1056   

# Frame432

# x        y
13.1167    38.0533   
6.2407     11.4839   
5.1489     3.3377    
2.0504     6.4600    
8.5290     38.5064   
5.5930     26.1056   

# Frame433

# x        y
13.1165    38.0536   
6.2407     11.4839   
5.1489     3.3377    
2.0504     6.4600    
8.5290     38.5064   
5.5930     26.1056   

# Frame434

# x        y
13.1163    38.0538   
6.2407     11.4839   
5.1489     3.3377    
2.0504     6.4600    
8.5290     38.5064   
5.5930     26.1056   

# Frame435

# x        y
13.1161    38.0541   
6.2407     11.4839   
5.1489     3.3377    
2.0504     6.4600    
8.5290     38.5064   
5.5930     26.1056   

# Frame436

# x        y
13.1159    38.0543   
6.2407     11.4839   
5.1489     3.3377    
2.0504     6.4600    
8.5290     38.5064   
5.5930     26.1056   

# Frame437

# x        y
13.1157    38.0545   
6.2407     11.4839   
5.1489     3.3377    
2.0504     6.4600    
8.5290     38.5064   
5.5930     26.1056   

# Frame438

# x        y
13.1155    38.0548   
6.2407     11.4839   
5.1489     3.3377    
2.0504     6.4600    
8.5290     38.5064   
5.5930     26.1056   

# Frame439

# x        y
13.1153    38.0550   
6.2407     11.4839   
5.1489     3.3377    
2.0504     6.4600    
8.5290     38.5064   
5.5930     26.1056   

# Frame440

# x        y
13.1151    38.0552   
6.2407     11.4839   
5.1489     3.3377    
2.0504     6.4600    
8.5290     38.5064   
5.5930     26.1056   

# Frame441

# x        y
13.1149    38.0554   
6.2407     11.4839   
5.1489     3.3377    
2.0504     6.4600    
8.5290     38.5064   
5.5930     26.1056   

# Frame442

# x        y
13.1147    38.0556   
6.2407     11.4839   
5.1489     3.3377    
2.0504     6.4600    
8.5290     38.5064   
5.5930     26.1056   

# Frame443

# x        y
13.1145    38.0558   
6.2407     11.4839   
5.1489     3.3377    
2.0504     6.4600    
8.5290     38.5064   
5.5930     26.1056   

# Frame444

# x        y
13.1143    38.0560   
6.2407     11.4839   
5.1489     3.3377    
2.0504     6.4600    
8.5290     38.5064   
5.5930     26.1056   

# Frame445

# x        y
13.1142    38.0562   
6.2407     11.4839   
5.1489     3.3377    
2.0504     6.4600    
8.5290     38.5064   
5.5930     26.1056   

# Frame446

# x        y
13.1140    38.0564   
6.2407     11.4839   
5.1489     3.3377    
2.0504     6.4600    
8.5290     38.5064   
5.5930     26.1056   

# Frame447

# x        y
13.1138    38.0566   
6.2407     11.4839   
5.1489     3.3377    
2.0504     6.4600    
8.5290     38.5064   
5.5930     26.1056   

# Frame448

# x        y
13.1137    38.0568   
6.2407     11.4839   
5.1489     3.3377    
2.0504     6.4600    
8.5290     38.5064   
5.5930     26.1056   

# Frame449

# x        y
13.1135    38.0570   
6.2407     11.4839   
5.1489     3.3377    
2.0504     6.4600    
8.5290     38.5064   
5.5930     26.1056   

# Frame450

# x        y
13.1133    38.0572   
6.2407     11.4839   
5.1489     3.3377    
2.0504     6.4600    
8.5290     38.5064   
5.5930     26.1056   

# Frame451

# x        y
13.1132    38.0574   
6.2407     11.4839   
5.1489     3.3377    
2.0504     6.4600    
8.5290     38.5064   
5.5930     26.1056   

# Frame452

# x        y
13.1130    38.0575   
6.2407     11.4839   
5.1489     3.3377    
2.0504     6.4600    
8.5290     38.5064   
5.5930     26.1056   

# Frame453

# x        y
13.1129    38.0577   
6.2407     11.4839   
5.1489     3.3377    
2.0504     6.4600    
8.5290     38.5064   
5.5930     26.1056   

# Frame454

# x        y
13.1127    38.0579   
6.2407     11.4839   
5.1489     3.3377    
2.0504     6.4600    
8.5290     38.5064   
5.5930     26.1056   

# Frame455

# x        y
13.1126    38.0581   
6.2407     11.4839   
5.1489     3.3377    
2.0504     6.4600    
8.5290     38.5064   
5.5930     26.1056   

# Frame456

# x        y
13.1124    38.0582   
6.2407     11.4839   
5.1489     3.3377    
2.0504     6.4600    
8.5290     38.5064   
5.5930     26.1056   

# Frame457

# x        y
13.1123    38.0584   
6.2407     11.4839   
5.1489     3.3377    
2.0504     6.4600    
8.5290     38.5064   
5.5930     26.1056   

# Frame458

# x        y
13.1121    38.0585   
6.2407     11.4839   
5.1489     3.3377    
2.0504     6.4600    
8.5290     38.5064   
5.5930     26.1056   

# Frame459

# x        y
13.1120    38.0587   
6.2407     11.4839   
5.1489     3.3377    
2.0504     6.4600    
8.5290     38.5064   
5.5930     26.1056   

# Frame460

# x        y
13.1118    38.0589   
6.2407     11.4839   
5.1489     3.3377    
2.0504     6.4600    
8.5290     38.5064   
5.5930     26.1056   

# Frame461

# x        y
13.1117    38.0590   
6.2407     11.4839   
5.1489     3.3377    
2.0504     6.4600    
8.5290     38.5064   
5.5930     26.1056   

# Frame462

# x        y
13.1116    38.0592   
6.2407     11.4839   
5.1489     3.3377    
2.0504     6.4600    
8.5290     38.5064   
5.5930     26.1056   

# Frame463

# x        y
13.1115    38.0593   
6.2407     11.4839   
5.1489     3.3377    
2.0504     6.4600    
8.5290     38.5064   
5.5930     26.1056   

# Frame464

# x        y
13.1113    38.0595   
6.2407     11.4839   
5.1489     3.3377    
2.0504     6.4600    
8.5290     38.5064   
5.5930     26.1056   

# Frame465

# x        y
13.1112    38.0596   
6.2407     11.4839   
5.1489     3.3377    
2.0504     6.4600    
8.5290     38.5064   
5.5930     26.1056   

# Frame466

# x        y
13.1111    38.0597   
6.2407     11.4839   
5.1489     3.3377    
2.0504     6.4600    
8.5290     38.5064   
5.5930     26.1056   

# Frame467

# x        y
13.1110    38.0599   
6.2407     11.4839   
5.1489     3.3377    
2.0504     6.4600    
8.5290     38.5064   
5.5930     26.1056   

# Frame468

# x        y
13.1108    38.0600   
6.2407     11.4839   
5.1489     3.3377    
2.0504     6.4600    
8.5290     38.5064   
5.5930     26.1056   

# Frame469

# x        y
13.1107    38.0602   
6.2407     11.4839   
5.1489     3.3377    
2.0504     6.4600    
8.5290     38.5064   
5.5930     26.1056   

# Frame470

# x        y
13.1106    38.0603   
6.2407     11.4839   
5.1489     3.3377    
2.0504     6.4600    
8.5290     38.5064   
5.5930     26.1056   

# Frame471

# x        y
13.1105    38.0604   
6.2407     11.4839   
5.1489     3.3377    
2.0504     6.4600    
8.5290     38.5064   
5.5930     26.1056   

# Frame472

# x        y
13.1104    38.0605   
6.2407     11.4839   
5.1489     3.3377    
2.0504     6.4600    
8.5290     38.5064   
5.5930     26.1056   

# Frame473

# x        y
13.1103    38.0607   
6.2407     11.4839   
5.1489     3.3377    
2.0504     6.4600    
8.5290     38.5064   
5.5930     26.1056   

# Frame474

# x        y
13.1102    38.0608   
6.2407     11.4839   
5.1489     3.3377    
2.0504     6.4600    
8.5290     38.5064   
5.5930     26.1056   

# Frame475

# x        y
13.1101    38.0609   
6.2407     11.4839   
5.1489     3.3377    
2.0504     6.4600    
8.5290     38.5064   
5.5930     26.1056   

# Frame476

# x        y
13.1099    38.0610   
6.2407     11.4839   
5.1489     3.3377    
2.0504     6.4600    
8.5290     38.5064   
5.5930     26.1056   

# Frame477

# x        y
13.1098    38.0611   
6.2407     11.4839   
5.1489     3.3377    
2.0504     6.4600    
8.5290     38.5064   
5.5930     26.1056   

# Frame478

# x        y
13.1097    38.0613   
6.2407     11.4839   
5.1489     3.3377    
2.0504     6.4600    
8.5290     38.5064   
5.5930     26.1056   

# Frame479

# x        y
13.1096    38.0614   
6.2407     11.4839   
5.1489     3.3377    
2.0504     6.4600    
8.5290     38.5064   
5.5930     26.1056   

# Frame480

# x        y
13.1095    38.0615   
6.2407     11.4839   
5.1489     3.3377    
2.0504     6.4600    
8.5290     38.5064   
5.5930     26.1056   

# Frame481

# x        y
13.1094    38.0616   
6.2407     11.4839   
5.1489     3.3377    
2.0504     6.4600    
8.5290     38.5064   
5.5930     26.1056   

# Frame482

# x        y
13.1094    38.0617   
6.2407     11.4839   
5.1489     3.3377    
2.0504     6.4600    
8.5290     38.5064   
5.5930     26.1056   

# Frame483

# x        y
13.1093    38.0618   
6.2407     11.4839   
5.1489     3.3377    
2.0504     6.4600    
8.5290     38.5064   
5.5930     26.1056   

# Frame484

# x        y
13.1092    38.0619   
6.2407     11.4839   
5.1489     3.3377    
2.0504     6.4600    
8.5290     38.5064   
5.5930     26.1056   

# Frame485

# x        y
13.1091    38.0620   
6.2407     11.4839   
5.1489     3.3377    
2.0504     6.4600    
8.5290     38.5064   
5.5930     26.1056   

# Frame486

# x        y
13.1090    38.0621   
6.2407     11.4839   
5.1489     3.3377    
2.0504     6.4600    
8.5290     38.5064   
5.5930     26.1056   

# Frame487

# x        y
13.1089    38.0622   
6.2407     11.4839   
5.1489     3.3377    
2.0504     6.4600    
8.5290     38.5064   
5.5930     26.1056   

# Frame488

# x        y
13.1088    38.0623   
6.2407     11.4839   
5.1489     3.3377    
2.0504     6.4600    
8.5290     38.5064   
5.5930     26.1056   

# Frame489

# x        y
13.1087    38.0624   
6.2407     11.4839   
5.1489     3.3377    
2.0504     6.4600    
8.5290     38.5064   
5.5930     26.1056   

# Frame490

# x        y
13.1087    38.0625   
6.2407     11.4839   
5.1489     3.3377    
2.0504     6.4600    
8.5290     38.5064   
5.5930     26.1056   

# Frame491

# x        y
13.1086    38.0626   
6.2407     11.4839   
5.1489     3.3377    
2.0504     6.4600    
8.5290     38.5064   
5.5930     26.1056   

# Frame492

# x        y
13.1085    38.0627   
6.2407     11.4839   
5.1489     3.3377    
2.0504     6.4600    
8.5290     38.5064   
5.5930     26.1056   

# Frame493

# x        y
13.1084    38.0628   
6.2407     11.4839   
5.1489     3.3377    
2.0504     6.4600    
8.5290     38.5064   
5.5930     26.1056   

# Frame494

# x        y
13.1083    38.0629   
6.2407     11.4839   
5.1489     3.3377    
2.0504     6.4600    
8.5290     38.5064   
5.5930     26.1056   

# Frame495

# x        y
13.1083    38.0630   
6.2407     11.4839   
5.1489     3.3377    
2.0504     6.4600    
8.5290     38.5064   
5.5930     26.1056   

# Frame496

# x        y
13.1082    38.0630   
6.2407     11.4839   
5.1489     3.3377    
2.0504     6.4600    
8.5290     38.5064   
5.5930     26.1056   

# Frame497

# x        y
13.1081    38.0631   
6.2407     11.4839   
5.1489     3.3377    
2.0504     6.4600    
8.5290     38.5064   
5.5930     26.1056   

# Frame498

# x        y
13.1080    38.0632   
6.2407     11.4839   
5.1489     3.3377    
2.0504     6.4600    
8.5290     38.5064   
5.5930     26.1056   

# Frame499

# x        y
13.1080    38.0633   
6.2407     11.4839   
5.1489     3.3377    
2.0504     6.4600    
8.5290     38.5064   
5.5930     26.1056   

# Frame500

# x        y
13.1079    38.0634   
6.2407     11.4839   
5.1489     3.3377    
2.0504     6.4600    
8.5290     38.5064   
5.5930     26.1056   

# Frame501

# x        y
13.1078    38.0634   
6.2407     11.4839   
5.1489     3.3377    
2.0504     6.4600    
8.5290     38.5064   
5.5930     26.1056   

# Frame502

# x        y
13.1078    38.0635   
6.2407     11.4839   
5.1489     3.3377    
2.0504     6.4600    
8.5290     38.5064   
5.5930     26.1056   

# Frame503

