# x        y
3.8061     12.7378   
11.2419    8.1150    
1.1887     29.5956   
1.3379     22.7915   
6.0378     15.4750   
3.0490     28.3740   

# Frame1

# x        y
2.3033     14.0575   
11.2419    8.1150    
1.1887     29.5956   
1.3379     22.7915   
6.0378     15.4750   
3.0490     28.3740   

# Frame2

# x        y
1.0896     15.3053   
11.2419    8.1150    
1.1887     29.5956   
1.3379     22.7915   
6.0378     15.4750   
3.0490     28.3740   

# Frame3

# x        y
1.8162     16.1545   
11.2419    8.1150    
1.1887     29.5956   
1.3379     22.7915   
6.0378     15.4750   
3.0490     28.3740   

# Frame4

# x        y
2.5307     16.9896   
11.2419    8.1150    
1.1887     29.5956   
1.3379     22.7915   
6.0378     15.4750   
3.0490     28.3740   

# Frame5

# x        y
3.2332     17.8107   
11.2419    8.1150    
1.1887     29.5956   
1.3379     22.7915   
6.0378     15.4750   
3.0490     28.3740   

# Frame6

# x        y
3.9241     18.6182   
11.2419    8.1150    
1.1887     29.5956   
1.3379     22.7915   
6.0378     15.4750   
3.0490     28.3740   

# Frame7

# x        y
4.6034     19.4122   
11.2419    8.1150    
1.1887     29.5956   
1.3379     22.7915   
6.0378     15.4750   
3.0490     28.3740   

# Frame8

# x        y
5.2714     20.1930   
11.2419    8.1150    
1.1887     29.5956   
1.3379     22.7915   
6.0378     15.4750   
3.0490     28.3740   

# Frame9

# x        y
5.9283     20.9607   
11.2419    8.1150    
1.1887     29.5956   
1.3379     22.7915   
6.0378     15.4750   
3.0490     28.3740   

# Frame10

# x        y
6.5743     21.7157   
11.2419    8.1150    
1.1887     29.5956   
1.3379     22.7915   
6.0378     15.4750   
3.0490     28.3740   

# Frame11

# x        y
7.2094     22.4581   
11.2419    8.1150    
1.1887     29.5956   
1.3379     22.7915   
6.0378     15.4750   
3.0490     28.3740   

# Frame12

# x        y
7.8340     23.1881   
11.2419    8.1150    
1.1887     29.5956   
1.3379     22.7915   
6.0378     15.4750   
3.0490     28.3740   

# Frame13

# x        y
8.4482     23.9059   
11.2419    8.1150    
1.1887     29.5956   
1.3379     22.7915   
6.0378     15.4750   
3.0490     28.3740   

# Frame14

# x        y
9.0521     24.6118   
11.2419    8.1150    
1.1887     29.5956   
1.3379     22.7915   
6.0378     15.4750   
3.0490     28.3740   

# Frame15

# x        y
9.6460     25.3059   
11.2419    8.1150    
1.1887     29.5956   
1.3379     22.7915   
6.0378     15.4750   
3.0490     28.3740   

# Frame16

# x        y
10.2300    25.9884   
11.2419    8.1150    
1.1887     29.5956   
1.3379     22.7915   
6.0378     15.4750   
3.0490     28.3740   

# Frame17

# x        y
10.8042    26.6596   
11.2419    8.1150    
1.1887     29.5956   
1.3379     22.7915   
6.0378     15.4750   
3.0490     28.3740   

# Frame18

# x        y
11.3689    27.3196   
11.2419    8.1150    
1.1887     29.5956   
1.3379     22.7915   
6.0378     15.4750   
3.0490     28.3740   

# Frame19

# x        y
11.9242    27.9686   
11.2419    8.1150    
1.1887     29.5956   
1.3379     22.7915   
6.0378     15.4750   
3.0490     28.3740   

# Frame20

# x        y
12.4702    28.6067   
11.2419    8.1150    
1.1887     29.5956   
1.3379     22.7915   
6.0378     15.4750   
3.0490     28.3740   

# Frame21

# x        y
13.0071    29.2343   
11.2419    8.1150    
1.1887     29.5956   
1.3379     22.7915   
6.0378     15.4750   
3.0490     28.3740   

# Frame22

# x        y
13.5350    29.8513   
11.2419    8.1150    
1.1887     29.5956   
1.3379     22.7915   
6.0378     15.4750   
3.0490     28.3740   

# Frame23

# x        y
14.0542    30.4581   
11.2419    8.1150    
1.1887     29.5956   
1.3379     22.7915   
6.0378     15.4750   
3.0490     28.3740   

# Frame24

# x        y
14.5647    31.0548   
11.2419    8.1150    
1.1887     29.5956   
1.3379     22.7915   
6.0378     15.4750   
3.0490     28.3740   

# Frame25

# x        y
15.0667    31.6415   
11.2419    8.1150    
1.1887     29.5956   
1.3379     22.7915   
6.0378     15.4750   
3.0490     28.3740   

# Frame26

# x        y
15.5603    32.2184   
11.2419    8.1150    
1.1887     29.5956   
1.3379     22.7915   
6.0378     15.4750   
3.0490     28.3740   

# Frame27

# x        y
16.0457    32.7858   
11.2419    8.1150    
1.1887     29.5956   
1.3379     22.7915   
6.0378     15.4750   
3.0490     28.3740   

# Frame28

# x        y
16.5231    33.3437   
11.2419    8.1150    
1.1887     29.5956   
1.3379     22.7915   
6.0378     15.4750   
3.0490     28.3740   

# Frame29

# x        y
16.9924    33.8922   
11.2419    8.1150    
1.1887     29.5956   
1.3379     22.7915   
6.0378     15.4750   
3.0490     28.3740   

# Frame30

# x        y
17.4540    34.4317   
11.2419    8.1150    
1.1887     29.5956   
1.3379     22.7915   
6.0378     15.4750   
3.0490     28.3740   

# Frame31

# x        y
17.9078    34.9621   
11.2419    8.1150    
1.1887     29.5956   
1.3379     22.7915   
6.0378     15.4750   
3.0490     28.3740   

# Frame32

# x        y
18.3541    35.4837   
11.2419    8.1150    
1.1887     29.5956   
1.3379     22.7915   
6.0378     15.4750   
3.0490     28.3740   

# Frame33

# x        y
18.7929    35.9966   
11.2419    8.1150    
1.1887     29.5956   
1.3379     22.7915   
6.0378     15.4750   
3.0490     28.3740   

# Frame34

# x        y
18.8859    36.3655   
11.2419    8.1150    
1.1887     29.5956   
1.3379     22.7915   
6.0378     15.4750   
3.0490     28.3740   

# Frame35

# x        y
18.6737    36.5995   
11.2419    8.1150    
1.1887     29.5956   
1.3379     22.7915   
6.0378     15.4750   
3.0490     28.3740   

# Frame36

# x        y
18.4651    36.8297   
11.2419    8.1150    
1.1887     29.5956   
1.3379     22.7915   
6.0378     15.4750   
3.0490     28.3740   

# Frame37

# x        y
18.2599    37.0559   
11.2419    8.1150    
1.1887     29.5956   
1.3379     22.7915   
6.0378     15.4750   
3.0490     28.3740   

# Frame38

# x        y
18.0582    37.2784   
11.2419    8.1150    
1.1887     29.5956   
1.3379     22.7915   
6.0378     15.4750   
3.0490     28.3740   

# Frame39

# x        y
17.8598    37.4972   
11.2419    8.1150    
1.1887     29.5956   
1.3379     22.7915   
6.0378     15.4750   
3.0490     28.3740   

# Frame40

# x        y
17.6648    37.7124   
11.2419    8.1150    
1.1887     29.5956   
1.3379     22.7915   
6.0378     15.4750   
3.0490     28.3740   

# Frame41

# x        y
17.4730    37.9240   
11.2419    8.1150    
1.1887     29.5956   
1.3379     22.7915   
6.0378     15.4750   
3.0490     28.3740   

# Frame42

# x        y
17.2843    38.1320   
11.2419    8.1150    
1.1887     29.5956   
1.3379     22.7915   
6.0378     15.4750   
3.0490     28.3740   

# Frame43

# x        y
17.0989    38.3366   
11.2419    8.1150    
1.1887     29.5956   
1.3379     22.7915   
6.0378     15.4750   
3.0490     28.3740   

# Frame44

# x        y
16.9165    38.5377   
11.2419    8.1150    
1.1887     29.5956   
1.3379     22.7915   
6.0378     15.4750   
3.0490     28.3740   

# Frame45

# x        y
16.7371    38.7356   
11.2419    8.1150    
1.1887     29.5956   
1.3379     22.7915   
6.0378     15.4750   
3.0490     28.3740   

# Frame46

# x        y
16.5608    38.9301   
11.2419    8.1150    
1.1887     29.5956   
1.3379     22.7915   
6.0378     15.4750   
3.0490     28.3740   

# Frame47

# x        y
16.3915    38.9370   
11.2419    8.1150    
1.1887     29.5956   
1.3379     22.7915   
6.0378     15.4750   
3.0490     28.3740   

# Frame48

# x        y
16.2276    38.8429   
11.2419    8.1150    
1.1887     29.5956   
1.3379     22.7915   
6.0378     15.4750   
3.0490     28.3740   

# Frame49

# x        y
16.0665    38.7505   
11.2419    8.1150    
1.1887     29.5956   
1.3379     22.7915   
6.0378     15.4750   
3.0490     28.3740   

# Frame50

# x        y
15.9080    38.6595   
11.2419    8.1150    
1.1887     29.5956   
1.3379     22.7915   
6.0378     15.4750   
3.0490     28.3740   

# Frame51

# x        y
15.7522    38.5701   
11.2419    8.1150    
1.1887     29.5956   
1.3379     22.7915   
6.0378     15.4750   
3.0490     28.3740   

# Frame52

# x        y
15.5990    38.4822   
11.2419    8.1150    
1.1887     29.5956   
1.3379     22.7915   
6.0378     15.4750   
3.0490     28.3740   

# Frame53

# x        y
15.4483    38.3957   
11.2419    8.1150    
1.1887     29.5956   
1.3379     22.7915   
6.0378     15.4750   
3.0490     28.3740   

# Frame54

# x        y
15.3001    38.3107   
11.2419    8.1150    
1.1887     29.5956   
1.3379     22.7915   
6.0378     15.4750   
3.0490     28.3740   

# Frame55

# x        y
15.1545    38.2271   
11.2419    8.1150    
1.1887     29.5956   
1.3379     22.7915   
6.0378     15.4750   
3.0490     28.3740   

# Frame56

# x        y
15.0112    38.1449   
11.2419    8.1150    
1.1887     29.5956   
1.3379     22.7915   
6.0378     15.4750   
3.0490     28.3740   

# Frame57

# x        y
14.8703    38.0640   
11.2419    8.1150    
1.1887     29.5956   
1.3379     22.7915   
6.0378     15.4750   
3.0490     28.3740   

# Frame58

# x        y
14.7318    37.9846   
11.2419    8.1150    
1.1887     29.5956   
1.3379     22.7915   
6.0378     15.4750   
3.0490     28.3740   

# Frame59

# x        y
14.5956    37.9064   
11.2419    8.1150    
1.1887     29.5956   
1.3379     22.7915   
6.0378     15.4750   
3.0490     28.3740   

# Frame60

# x        y
14.4617    37.8295   
11.2419    8.1150    
1.1887     29.5956   
1.3379     22.7915   
6.0378     15.4750   
3.0490     28.3740   

# Frame61

# x        y
14.3299    37.7539   
11.2419    8.1150    
1.1887     29.5956   
1.3379     22.7915   
6.0378     15.4750   
3.0490     28.3740   

# Frame62

# x        y
14.2004    37.6796   
11.2419    8.1150    
1.1887     29.5956   
1.3379     22.7915   
6.0378     15.4750   
3.0490     28.3740   

# Frame63

# x        y
14.0731    37.6065   
11.2419    8.1150    
1.1887     29.5956   
1.3379     22.7915   
6.0378     15.4750   
3.0490     28.3740   

# Frame64

# x        y
13.9478    37.5347   
11.2419    8.1150    
1.1887     29.5956   
1.3379     22.7915   
6.0378     15.4750   
3.0490     28.3740   

# Frame65

# x        y
13.8247    37.4640   
11.2419    8.1150    
1.1887     29.5956   
1.3379     22.7915   
6.0378     15.4750   
3.0490     28.3740   

# Frame66

# x        y
13.7036    37.3945   
11.2419    8.1150    
1.1887     29.5956   
1.3379     22.7915   
6.0378     15.4750   
3.0490     28.3740   

# Frame67

# x        y
13.5845    37.3262   
11.2419    8.1150    
1.1887     29.5956   
1.3379     22.7915   
6.0378     15.4750   
3.0490     28.3740   

# Frame68

# x        y
13.4674    37.2590   
11.2419    8.1150    
1.1887     29.5956   
1.3379     22.7915   
6.0378     15.4750   
3.0490     28.3740   

# Frame69

# x        y
13.3523    37.1929   
11.2419    8.1150    
1.1887     29.5956   
1.3379     22.7915   
6.0378     15.4750   
3.0490     28.3740   

# Frame70

# x        y
13.2391    37.1279   
11.2419    8.1150    
1.1887     29.5956   
1.3379     22.7915   
6.0378     15.4750   
3.0490     28.3740   

# Frame71

# x        y
13.1277    37.0640   
11.2419    8.1150    
1.1887     29.5956   
1.3379     22.7915   
6.0378     15.4750   
3.0490     28.3740   

# Frame72

# x        y
13.0183    37.0012   
11.2419    8.1150    
1.1887     29.5956   
1.3379     22.7915   
6.0378     15.4750   
3.0490     28.3740   

# Frame73

# x        y
12.9106    36.9394   
11.2419    8.1150    
1.1887     29.5956   
1.3379     22.7915   
6.0378     15.4750   
3.0490     28.3740   

# Frame74

# x        y
12.8047    36.8787   
11.2419    8.1150    
1.1887     29.5956   
1.3379     22.7915   
6.0378     15.4750   
3.0490     28.3740   

# Frame75

# x        y
12.7006    36.8189   
11.2419    8.1150    
1.1887     29.5956   
1.3379     22.7915   
6.0378     15.4750   
3.0490     28.3740   

# Frame76

# x        y
12.5983    36.7602   
11.2419    8.1150    
1.1887     29.5956   
1.3379     22.7915   
6.0378     15.4750   
3.0490     28.3740   

# Frame77

# x        y
12.4976    36.7024   
11.2419    8.1150    
1.1887     29.5956   
1.3379     22.7915   
6.0378     15.4750   
3.0490     28.3740   

# Frame78

# x        y
12.3987    36.6456   
11.2419    8.1150    
1.1887     29.5956   
1.3379     22.7915   
6.0378     15.4750   
3.0490     28.3740   

# Frame79

# x        y
12.3013    36.5898   
11.2419    8.1150    
1.1887     29.5956   
1.3379     22.7915   
6.0378     15.4750   
3.0490     28.3740   

# Frame80

# x        y
12.2056    36.5348   
11.2419    8.1150    
1.1887     29.5956   
1.3379     22.7915   
6.0378     15.4750   
3.0490     28.3740   

# Frame81

# x        y
12.1115    36.4808   
11.2419    8.1150    
1.1887     29.5956   
1.3379     22.7915   
6.0378     15.4750   
3.0490     28.3740   

# Frame82

# x        y
12.0190    36.4277   
11.2419    8.1150    
1.1887     29.5956   
1.3379     22.7915   
6.0378     15.4750   
3.0490     28.3740   

# Frame83

# x        y
11.9280    36.3755   
11.2419    8.1150    
1.1887     29.5956   
1.3379     22.7915   
6.0378     15.4750   
3.0490     28.3740   

# Frame84

# x        y
11.8385    36.3242   
11.2419    8.1150    
1.1887     29.5956   
1.3379     22.7915   
6.0378     15.4750   
3.0490     28.3740   

# Frame85

# x        y
11.7505    36.2737   
11.2419    8.1150    
1.1887     29.5956   
1.3379     22.7915   
6.0378     15.4750   
3.0490     28.3740   

# Frame86

# x        y
11.6640    36.2240   
11.2419    8.1150    
1.1887     29.5956   
1.3379     22.7915   
6.0378     15.4750   
3.0490     28.3740   

# Frame87

# x        y
11.5789    36.1752   
11.2419    8.1150    
1.1887     29.5956   
1.3379     22.7915   
6.0378     15.4750   
3.0490     28.3740   

# Frame88

# x        y
11.4952    36.1272   
11.2419    8.1150    
1.1887     29.5956   
1.3379     22.7915   
6.0378     15.4750   
3.0490     28.3740   

# Frame89

# x        y
11.4129    36.0800   
11.2419    8.1150    
1.1887     29.5956   
1.3379     22.7915   
6.0378     15.4750   
3.0490     28.3740   

# Frame90

# x        y
11.3320    36.0335   
11.2419    8.1150    
1.1887     29.5956   
1.3379     22.7915   
6.0378     15.4750   
3.0490     28.3740   

# Frame91

# x        y
11.2525    35.9879   
11.2419    8.1150    
1.1887     29.5956   
1.3379     22.7915   
6.0378     15.4750   
3.0490     28.3740   

# Frame92

# x        y
11.1743    35.9430   
11.2419    8.1150    
1.1887     29.5956   
1.3379     22.7915   
6.0378     15.4750   
3.0490     28.3740   

# Frame93

# x        y
11.0974    35.8988   
11.2419    8.1150    
1.1887     29.5956   
1.3379     22.7915   
6.0378     15.4750   
3.0490     28.3740   

# Frame94

# x        y
11.0217    35.8554   
11.2419    8.1150    
1.1887     29.5956   
1.3379     22.7915   
6.0378     15.4750   
3.0490     28.3740   

# Frame95

# x        y
10.9473    35.8128   
11.2419    8.1150    
1.1887     29.5956   
1.3379     22.7915   
6.0378     15.4750   
3.0490     28.3740   

# Frame96

# x        y
10.8742    35.7708   
11.2419    8.1150    
1.1887     29.5956   
1.3379     22.7915   
6.0378     15.4750   
3.0490     28.3740   

# Frame97

# x        y
10.8023    35.7295   
11.2419    8.1150    
1.1887     29.5956   
1.3379     22.7915   
6.0378     15.4750   
3.0490     28.3740   

# Frame98

# x        y
10.7316    35.6889   
11.2419    8.1150    
1.1887     29.5956   
1.3379     22.7915   
6.0378     15.4750   
3.0490     28.3740   

# Frame99

# x        y
10.6620    35.6490   
11.2419    8.1150    
1.1887     29.5956   
1.3379     22.7915   
6.0378     15.4750   
3.0490     28.3740   

# Frame100

# x        y
10.5936    35.6098   
11.2419    8.1150    
1.1887     29.5956   
1.3379     22.7915   
6.0378     15.4750   
3.0490     28.3740   

# Frame101

# x        y
10.5264    35.5712   
11.2419    8.1150    
1.1887     29.5956   
1.3379     22.7915   
6.0378     15.4750   
3.0490     28.3740   

# Frame102

# x        y
10.4603    35.5332   
11.2419    8.1150    
1.1887     29.5956   
1.3379     22.7915   
6.0378     15.4750   
3.0490     28.3740   

# Frame103

# x        y
10.3952    35.4959   
11.2419    8.1150    
1.1887     29.5956   
1.3379     22.7915   
6.0378     15.4750   
3.0490     28.3740   

# Frame104

# x        y
10.3313    35.4592   
11.2419    8.1150    
1.1887     29.5956   
1.3379     22.7915   
6.0378     15.4750   
3.0490     28.3740   

# Frame105

# x        y
10.2684    35.4232   
11.2419    8.1150    
1.1887     29.5956   
1.3379     22.7915   
6.0378     15.4750   
3.0490     28.3740   

# Frame106

# x        y
10.2066    35.3877   
11.2419    8.1150    
1.1887     29.5956   
1.3379     22.7915   
6.0378     15.4750   
3.0490     28.3740   

# Frame107

# x        y
10.1458    35.3528   
11.2419    8.1150    
1.1887     29.5956   
1.3379     22.7915   
6.0378     15.4750   
3.0490     28.3740   

# Frame108

# x        y
10.0860    35.3185   
11.2419    8.1150    
1.1887     29.5956   
1.3379     22.7915   
6.0378     15.4750   
3.0490     28.3740   

# Frame109

# x        y
10.0273    35.2848   
11.2419    8.1150    
1.1887     29.5956   
1.3379     22.7915   
6.0378     15.4750   
3.0490     28.3740   

# Frame110

# x        y
9.9694     35.2516   
11.2419    8.1150    
1.1887     29.5956   
1.3379     22.7915   
6.0378     15.4750   
3.0490     28.3740   

# Frame111

# x        y
9.9126     35.2190   
11.2419    8.1150    
1.1887     29.5956   
1.3379     22.7915   
6.0378     15.4750   
3.0490     28.3740   

# Frame112

# x        y
9.8567     35.1869   
11.2419    8.1150    
1.1887     29.5956   
1.3379     22.7915   
6.0378     15.4750   
3.0490     28.3740   

# Frame113

# x        y
9.8018     35.1553   
11.2419    8.1150    
1.1887     29.5956   
1.3379     22.7915   
6.0378     15.4750   
3.0490     28.3740   

# Frame114

# x        y
9.7477     35.1243   
11.2419    8.1150    
1.1887     29.5956   
1.3379     22.7915   
6.0378     15.4750   
3.0490     28.3740   

# Frame115

# x        y
9.6946     35.0938   
11.2419    8.1150    
1.1887     29.5956   
1.3379     22.7915   
6.0378     15.4750   
3.0490     28.3740   

# Frame116

# x        y
9.6423     35.0638   
11.2419    8.1150    
1.1887     29.5956   
1.3379     22.7915   
6.0378     15.4750   
3.0490     28.3740   

# Frame117

# x        y
9.5909     35.0344   
11.2419    8.1150    
1.1887     29.5956   
1.3379     22.7915   
6.0378     15.4750   
3.0490     28.3740   

# Frame118

# x        y
9.5404     35.0054   
11.2419    8.1150    
1.1887     29.5956   
1.3379     22.7915   
6.0378     15.4750   
3.0490     28.3740   

# Frame119

# x        y
9.4907     34.9768   
11.2419    8.1150    
1.1887     29.5956   
1.3379     22.7915   
6.0378     15.4750   
3.0490     28.3740   

# Frame120

# x        y
9.4418     34.9488   
11.2419    8.1150    
1.1887     29.5956   
1.3379     22.7915   
6.0378     15.4750   
3.0490     28.3740   

# Frame121

# x        y
9.3938     34.9212   
11.2419    8.1150    
1.1887     29.5956   
1.3379     22.7915   
6.0378     15.4750   
3.0490     28.3740   

# Frame122

# x        y
9.3465     34.8941   
11.2419    8.1150    
1.1887     29.5956   
1.3379     22.7915   
6.0378     15.4750   
3.0490     28.3740   

# Frame123

# x        y
9.3001     34.8675   
11.2419    8.1150    
1.1887     29.5956   
1.3379     22.7915   
6.0378     15.4750   
3.0490     28.3740   

# Frame124

# x        y
9.2544     34.8412   
11.2419    8.1150    
1.1887     29.5956   
1.3379     22.7915   
6.0378     15.4750   
3.0490     28.3740   

# Frame125

# x        y
9.2095     34.8155   
11.2419    8.1150    
1.1887     29.5956   
1.3379     22.7915   
6.0378     15.4750   
3.0490     28.3740   

# Frame126

# x        y
9.1653     34.7901   
11.2419    8.1150    
1.1887     29.5956   
1.3379     22.7915   
6.0378     15.4750   
3.0490     28.3740   

# Frame127

# x        y
9.1219     34.7652   
11.2419    8.1150    
1.1887     29.5956   
1.3379     22.7915   
6.0378     15.4750   
3.0490     28.3740   

# Frame128

# x        y
9.0791     34.7407   
11.2419    8.1150    
1.1887     29.5956   
1.3379     22.7915   
6.0378     15.4750   
3.0490     28.3740   

# Frame129

# x        y
9.0371     34.7166   
11.2419    8.1150    
1.1887     29.5956   
1.3379     22.7915   
6.0378     15.4750   
3.0490     28.3740   

# Frame130

# x        y
8.9958     34.6929   
11.2419    8.1150    
1.1887     29.5956   
1.3379     22.7915   
6.0378     15.4750   
3.0490     28.3740   

# Frame131

# x        y
8.9552     34.6695   
11.2419    8.1150    
1.1887     29.5956   
1.3379     22.7915   
6.0378     15.4750   
3.0490     28.3740   

# Frame132

# x        y
8.9153     34.6466   
11.2419    8.1150    
1.1887     29.5956   
1.3379     22.7915   
6.0378     15.4750   
3.0490     28.3740   

# Frame133

# x        y
8.8760     34.6241   
11.2419    8.1150    
1.1887     29.5956   
1.3379     22.7915   
6.0378     15.4750   
3.0490     28.3740   

# Frame134

# x        y
8.8374     34.6019   
11.2419    8.1150    
1.1887     29.5956   
1.3379     22.7915   
6.0378     15.4750   
3.0490     28.3740   

# Frame135

# x        y
8.7994     34.5801   
11.2419    8.1150    
1.1887     29.5956   
1.3379     22.7915   
6.0378     15.4750   
3.0490     28.3740   

# Frame136

# x        y
8.7621     34.5587   
11.2419    8.1150    
1.1887     29.5956   
1.3379     22.7915   
6.0378     15.4750   
3.0490     28.3740   

# Frame137

# x        y
8.7254     34.5376   
11.2419    8.1150    
1.1887     29.5956   
1.3379     22.7915   
6.0378     15.4750   
3.0490     28.3740   

# Frame138

# x        y
8.6893     34.5169   
11.2419    8.1150    
1.1887     29.5956   
1.3379     22.7915   
6.0378     15.4750   
3.0490     28.3740   

# Frame139

# x        y
8.6538     34.4965   
11.2419    8.1150    
1.1887     29.5956   
1.3379     22.7915   
6.0378     15.4750   
3.0490     28.3740   

# Frame140

# x        y
8.6188     34.4765   
11.2419    8.1150    
1.1887     29.5956   
1.3379     22.7915   
6.0378     15.4750   
3.0490     28.3740   

# Frame141

# x        y
8.5845     34.4568   
11.2419    8.1150    
1.1887     29.5956   
1.3379     22.7915   
6.0378     15.4750   
3.0490     28.3740   

# Frame142

# x        y
8.5508     34.4374   
11.2419    8.1150    
1.1887     29.5956   
1.3379     22.7915   
6.0378     15.4750   
3.0490     28.3740   

# Frame143

# x        y
8.5176     34.4184   
11.2419    8.1150    
1.1887     29.5956   
1.3379     22.7915   
6.0378     15.4750   
3.0490     28.3740   

# Frame144

# x        y
8.4849     34.3997   
11.2419    8.1150    
1.1887     29.5956   
1.3379     22.7915   
6.0378     15.4750   
3.0490     28.3740   

# Frame145

# x        y
8.4528     34.3812   
11.2419    8.1150    
1.1887     29.5956   
1.3379     22.7915   
6.0378     15.4750   
3.0490     28.3740   

# Frame146

# x        y
8.4213     34.3631   
11.2419    8.1150    
1.1887     29.5956   
1.3379     22.7915   
6.0378     15.4750   
3.0490     28.3740   

# Frame147

# x        y
8.3902     34.3453   
11.2419    8.1150    
1.1887     29.5956   
1.3379     22.7915   
6.0378     15.4750   
3.0490     28.3740   

# Frame148

# x        y
8.3597     34.3278   
11.2419    8.1150    
1.1887     29.5956   
1.3379     22.7915   
6.0378     15.4750   
3.0490     28.3740   

# Frame149

# x        y
8.3297     34.3106   
11.2419    8.1150    
1.1887     29.5956   
1.3379     22.7915   
6.0378     15.4750   
3.0490     28.3740   

# Frame150

# x        y
8.3002     34.2936   
11.2419    8.1150    
1.1887     29.5956   
1.3379     22.7915   
6.0378     15.4750   
3.0490     28.3740   

# Frame151

# x        y
8.2712     34.2770   
11.2419    8.1150    
1.1887     29.5956   
1.3379     22.7915   
6.0378     15.4750   
3.0490     28.3740   

# Frame152

# x        y
8.2426     34.2606   
11.2419    8.1150    
1.1887     29.5956   
1.3379     22.7915   
6.0378     15.4750   
3.0490     28.3740   

# Frame153

# x        y
8.2146     34.2445   
11.2419    8.1150    
1.1887     29.5956   
1.3379     22.7915   
6.0378     15.4750   
3.0490     28.3740   

# Frame154

# x        y
8.1870     34.2287   
11.2419    8.1150    
1.1887     29.5956   
1.3379     22.7915   
6.0378     15.4750   
3.0490     28.3740   

# Frame155

# x        y
8.1598     34.2131   
11.2419    8.1150    
1.1887     29.5956   
1.3379     22.7915   
6.0378     15.4750   
3.0490     28.3740   

# Frame156

# x        y
8.1332     34.1978   
11.2419    8.1150    
1.1887     29.5956   
1.3379     22.7915   
6.0378     15.4750   
3.0490     28.3740   

# Frame157

# x        y
8.1069     34.1827   
11.2419    8.1150    
1.1887     29.5956   
1.3379     22.7915   
6.0378     15.4750   
3.0490     28.3740   

# Frame158

# x        y
8.0811     34.1679   
11.2419    8.1150    
1.1887     29.5956   
1.3379     22.7915   
6.0378     15.4750   
3.0490     28.3740   

# Frame159

# x        y
8.0557     34.1534   
11.2419    8.1150    
1.1887     29.5956   
1.3379     22.7915   
6.0378     15.4750   
3.0490     28.3740   

# Frame160

# x        y
8.0308     34.1390   
11.2419    8.1150    
1.1887     29.5956   
1.3379     22.7915   
6.0378     15.4750   
3.0490     28.3740   

# Frame161

# x        y
8.0063     34.1250   
11.2419    8.1150    
1.1887     29.5956   
1.3379     22.7915   
6.0378     15.4750   
3.0490     28.3740   

# Frame162

# x        y
7.9822     34.1111   
11.2419    8.1150    
1.1887     29.5956   
1.3379     22.7915   
6.0378     15.4750   
3.0490     28.3740   

# Frame163

# x        y
7.9584     34.0975   
11.2419    8.1150    
1.1887     29.5956   
1.3379     22.7915   
6.0378     15.4750   
3.0490     28.3740   

# Frame164

# x        y
7.9351     34.0841   
11.2419    8.1150    
1.1887     29.5956   
1.3379     22.7915   
6.0378     15.4750   
3.0490     28.3740   

# Frame165

# x        y
7.9122     34.0710   
11.2419    8.1150    
1.1887     29.5956   
1.3379     22.7915   
6.0378     15.4750   
3.0490     28.3740   

# Frame166

# x        y
7.8896     34.0580   
11.2419    8.1150    
1.1887     29.5956   
1.3379     22.7915   
6.0378     15.4750   
3.0490     28.3740   

# Frame167

# x        y
7.8674     34.0453   
11.2419    8.1150    
1.1887     29.5956   
1.3379     22.7915   
6.0378     15.4750   
3.0490     28.3740   

# Frame168

# x        y
7.8456     34.0328   
11.2419    8.1150    
1.1887     29.5956   
1.3379     22.7915   
6.0378     15.4750   
3.0490     28.3740   

# Frame169

# x        y
7.8242     34.0205   
11.2419    8.1150    
1.1887     29.5956   
1.3379     22.7915   
6.0378     15.4750   
3.0490     28.3740   

# Frame170

# x        y
7.8031     34.0084   
11.2419    8.1150    
1.1887     29.5956   
1.3379     22.7915   
6.0378     15.4750   
3.0490     28.3740   

# Frame171

# x        y
7.7824     33.9965   
11.2419    8.1150    
1.1887     29.5956   
1.3379     22.7915   
6.0378     15.4750   
3.0490     28.3740   

# Frame172

# x        y
7.7620     33.9848   
11.2419    8.1150    
1.1887     29.5956   
1.3379     22.7915   
6.0378     15.4750   
3.0490     28.3740   

# Frame173

# x        y
7.7419     33.9733   
11.2419    8.1150    
1.1887     29.5956   
1.3379     22.7915   
6.0378     15.4750   
3.0490     28.3740   

# Frame174

# x        y
7.7222     33.9620   
11.2419    8.1150    
1.1887     29.5956   
1.3379     22.7915   
6.0378     15.4750   
3.0490     28.3740   

# Frame175

# x        y
7.7028     33.9508   
11.2419    8.1150    
1.1887     29.5956   
1.3379     22.7915   
6.0378     15.4750   
3.0490     28.3740   

# Frame176

# x        y
7.6838     33.9399   
11.2419    8.1150    
1.1887     29.5956   
1.3379     22.7915   
6.0378     15.4750   
3.0490     28.3740   

# Frame177

# x        y
7.6650     33.9291   
11.2419    8.1150    
1.1887     29.5956   
1.3379     22.7915   
6.0378     15.4750   
3.0490     28.3740   

# Frame178

# x        y
7.6466     33.9186   
11.2419    8.1150    
1.1887     29.5956   
1.3379     22.7915   
6.0378     15.4750   
3.0490     28.3740   

# Frame179

# x        y
7.6285     33.9082   
11.2419    8.1150    
1.1887     29.5956   
1.3379     22.7915   
6.0378     15.4750   
3.0490     28.3740   

# Frame180

# x        y
7.6106     33.8979   
11.2419    8.1150    
1.1887     29.5956   
1.3379     22.7915   
6.0378     15.4750   
3.0490     28.3740   

# Frame181

# x        y
7.5931     33.8879   
11.2419    8.1150    
1.1887     29.5956   
1.3379     22.7915   
6.0378     15.4750   
3.0490     28.3740   

# Frame182

# x        y
7.5759     33.8780   
11.2419    8.1150    
1.1887     29.5956   
1.3379     22.7915   
6.0378     15.4750   
3.0490     28.3740   

# Frame183

# x        y
7.5589     33.8683   
11.2419    8.1150    
1.1887     29.5956   
1.3379     22.7915   
6.0378     15.4750   
3.0490     28.3740   

# Frame184

# x        y
7.5423     33.8587   
11.2419    8.1150    
1.1887     29.5956   
1.3379     22.7915   
6.0378     15.4750   
3.0490     28.3740   

# Frame185

# x        y
7.5259     33.8493   
11.2419    8.1150    
1.1887     29.5956   
1.3379     22.7915   
6.0378     15.4750   
3.0490     28.3740   

# Frame186

# x        y
7.5098     33.8400   
11.2419    8.1150    
1.1887     29.5956   
1.3379     22.7915   
6.0378     15.4750   
3.0490     28.3740   

# Frame187

# x        y
7.4939     33.8309   
11.2419    8.1150    
1.1887     29.5956   
1.3379     22.7915   
6.0378     15.4750   
3.0490     28.3740   

# Frame188

# x        y
7.4783     33.8220   
11.2419    8.1150    
1.1887     29.5956   
1.3379     22.7915   
6.0378     15.4750   
3.0490     28.3740   

# Frame189

# x        y
7.4630     33.8132   
11.2419    8.1150    
1.1887     29.5956   
1.3379     22.7915   
6.0378     15.4750   
3.0490     28.3740   

# Frame190

# x        y
7.4479     33.8046   
11.2419    8.1150    
1.1887     29.5956   
1.3379     22.7915   
6.0378     15.4750   
3.0490     28.3740   

# Frame191

# x        y
7.4331     33.7961   
11.2419    8.1150    
1.1887     29.5956   
1.3379     22.7915   
6.0378     15.4750   
3.0490     28.3740   

# Frame192

# x        y
7.4186     33.7877   
11.2419    8.1150    
1.1887     29.5956   
1.3379     22.7915   
6.0378     15.4750   
3.0490     28.3740   

# Frame193

# x        y
7.4042     33.7795   
11.2419    8.1150    
1.1887     29.5956   
1.3379     22.7915   
6.0378     15.4750   
3.0490     28.3740   

# Frame194

# x        y
7.3901     33.7714   
11.2419    8.1150    
1.1887     29.5956   
1.3379     22.7915   
6.0378     15.4750   
3.0490     28.3740   

# Frame195

# x        y
7.3763     33.7634   
11.2419    8.1150    
1.1887     29.5956   
1.3379     22.7915   
6.0378     15.4750   
3.0490     28.3740   

# Frame196

# x        y
7.3627     33.7556   
11.2419    8.1150    
1.1887     29.5956   
1.3379     22.7915   
6.0378     15.4750   
3.0490     28.3740   

# Frame197

# x        y
7.3493     33.7479   
11.2419    8.1150    
1.1887     29.5956   
1.3379     22.7915   
6.0378     15.4750   
3.0490     28.3740   

# Frame198

# x        y
7.3361     33.7404   
11.2419    8.1150    
1.1887     29.5956   
1.3379     22.7915   
6.0378     15.4750   
3.0490     28.3740   

# Frame199

# x        y
7.3232     33.7330   
11.2419    8.1150    
1.1887     29.5956   
1.3379     22.7915   
6.0378     15.4750   
3.0490     28.3740   

# Frame200

# x        y
7.3104     33.7256   
11.2419    8.1150    
1.1887     29.5956   
1.3379     22.7915   
6.0378     15.4750   
3.0490     28.3740   

# Frame201

# x        y
7.2979     33.7185   
11.2419    8.1150    
1.1887     29.5956   
1.3379     22.7915   
6.0378     15.4750   
3.0490     28.3740   

# Frame202

# x        y
7.2856     33.7114   
11.2419    8.1150    
1.1887     29.5956   
1.3379     22.7915   
6.0378     15.4750   
3.0490     28.3740   

# Frame203

# x        y
7.2735     33.7044   
11.2419    8.1150    
1.1887     29.5956   
1.3379     22.7915   
6.0378     15.4750   
3.0490     28.3740   

# Frame204

# x        y
7.2616     33.6976   
11.2419    8.1150    
1.1887     29.5956   
1.3379     22.7915   
6.0378     15.4750   
3.0490     28.3740   

# Frame205

# x        y
7.2499     33.6909   
11.2419    8.1150    
1.1887     29.5956   
1.3379     22.7915   
6.0378     15.4750   
3.0490     28.3740   

# Frame206

# x        y
7.2383     33.6843   
11.2419    8.1150    
1.1887     29.5956   
1.3379     22.7915   
6.0378     15.4750   
3.0490     28.3740   

# Frame207

# x        y
7.2270     33.6778   
11.2419    8.1150    
1.1887     29.5956   
1.3379     22.7915   
6.0378     15.4750   
3.0490     28.3740   

# Frame208

# x        y
7.2159     33.6714   
11.2419    8.1150    
1.1887     29.5956   
1.3379     22.7915   
6.0378     15.4750   
3.0490     28.3740   

# Frame209

# x        y
7.2049     33.6651   
11.2419    8.1150    
1.1887     29.5956   
1.3379     22.7915   
6.0378     15.4750   
3.0490     28.3740   

# Frame210

# x        y
7.1942     33.6589   
11.2419    8.1150    
1.1887     29.5956   
1.3379     22.7915   
6.0378     15.4750   
3.0490     28.3740   

# Frame211

# x        y
7.1836     33.6529   
11.2419    8.1150    
1.1887     29.5956   
1.3379     22.7915   
6.0378     15.4750   
3.0490     28.3740   

# Frame212

# x        y
7.1732     33.6469   
11.2419    8.1150    
1.1887     29.5956   
1.3379     22.7915   
6.0378     15.4750   
3.0490     28.3740   

# Frame213

# x        y
7.1629     33.6410   
11.2419    8.1150    
1.1887     29.5956   
1.3379     22.7915   
6.0378     15.4750   
3.0490     28.3740   

# Frame214

# x        y
7.1529     33.6352   
11.2419    8.1150    
1.1887     29.5956   
1.3379     22.7915   
6.0378     15.4750   
3.0490     28.3740   

# Frame215

# x        y
7.1430     33.6295   
11.2419    8.1150    
1.1887     29.5956   
1.3379     22.7915   
6.0378     15.4750   
3.0490     28.3740   

# Frame216

# x        y
7.1332     33.6240   
11.2419    8.1150    
1.1887     29.5956   
1.3379     22.7915   
6.0378     15.4750   
3.0490     28.3740   

# Frame217

# x        y
7.1237     33.6185   
11.2419    8.1150    
1.1887     29.5956   
1.3379     22.7915   
6.0378     15.4750   
3.0490     28.3740   

# Frame218

# x        y
7.1143     33.6131   
11.2419    8.1150    
1.1887     29.5956   
1.3379     22.7915   
6.0378     15.4750   
3.0490     28.3740   

# Frame219

# x        y
7.1050     33.6078   
11.2419    8.1150    
1.1887     29.5956   
1.3379     22.7915   
6.0378     15.4750   
3.0490     28.3740   

# Frame220

# x        y
7.0959     33.6025   
11.2419    8.1150    
1.1887     29.5956   
1.3379     22.7915   
6.0378     15.4750   
3.0490     28.3740   

# Frame221

# x        y
7.0870     33.5974   
11.2419    8.1150    
1.1887     29.5956   
1.3379     22.7915   
6.0378     15.4750   
3.0490     28.3740   

# Frame222

# x        y
7.0782     33.5924   
11.2419    8.1150    
1.1887     29.5956   
1.3379     22.7915   
6.0378     15.4750   
3.0490     28.3740   

# Frame223

# x        y
7.0695     33.5874   
11.2419    8.1150    
1.1887     29.5956   
1.3379     22.7915   
6.0378     15.4750   
3.0490     28.3740   

# Frame224

# x        y
7.0610     33.5825   
11.2419    8.1150    
1.1887     29.5956   
1.3379     22.7915   
6.0378     15.4750   
3.0490     28.3740   

# Frame225

# x        y
7.0526     33.5777   
11.2419    8.1150    
1.1887     29.5956   
1.3379     22.7915   
6.0378     15.4750   
3.0490     28.3740   

# Frame226

# x        y
7.0444     33.5730   
11.2419    8.1150    
1.1887     29.5956   
1.3379     22.7915   
6.0378     15.4750   
3.0490     28.3740   

# Frame227

# x        y
7.0363     33.5683   
11.2419    8.1150    
1.1887     29.5956   
1.3379     22.7915   
6.0378     15.4750   
3.0490     28.3740   

# Frame228

# x        y
7.0284     33.5638   
11.2419    8.1150    
1.1887     29.5956   
1.3379     22.7915   
6.0378     15.4750   
3.0490     28.3740   

# Frame229

# x        y
7.0205     33.5593   
11.2419    8.1150    
1.1887     29.5956   
1.3379     22.7915   
6.0378     15.4750   
3.0490     28.3740   

# Frame230

# x        y
7.0128     33.5549   
11.2419    8.1150    
1.1887     29.5956   
1.3379     22.7915   
6.0378     15.4750   
3.0490     28.3740   

# Frame231

# x        y
7.0053     33.5505   
11.2419    8.1150    
1.1887     29.5956   
1.3379     22.7915   
6.0378     15.4750   
3.0490     28.3740   

# Frame232

# x        y
6.9978     33.5463   
11.2419    8.1150    
1.1887     29.5956   
1.3379     22.7915   
6.0378     15.4750   
3.0490     28.3740   

# Frame233

# x        y
6.9905     33.5421   
11.2419    8.1150    
1.1887     29.5956   
1.3379     22.7915   
6.0378     15.4750   
3.0490     28.3740   

# Frame234

# x        y
6.9833     33.5379   
11.2419    8.1150    
1.1887     29.5956   
1.3379     22.7915   
6.0378     15.4750   
3.0490     28.3740   

# Frame235

# x        y
6.9763     33.5339   
11.2419    8.1150    
1.1887     29.5956   
1.3379     22.7915   
6.0378     15.4750   
3.0490     28.3740   

# Frame236

# x        y
6.9693     33.5299   
11.2419    8.1150    
1.1887     29.5956   
1.3379     22.7915   
6.0378     15.4750   
3.0490     28.3740   

# Frame237

# x        y
6.9625     33.5260   
11.2419    8.1150    
1.1887     29.5956   
1.3379     22.7915   
6.0378     15.4750   
3.0490     28.3740   

# Frame238

# x        y
6.9557     33.5221   
11.2419    8.1150    
1.1887     29.5956   
1.3379     22.7915   
6.0378     15.4750   
3.0490     28.3740   

# Frame239

# x        y
6.9491     33.5183   
11.2419    8.1150    
1.1887     29.5956   
1.3379     22.7915   
6.0378     15.4750   
3.0490     28.3740   

# Frame240

# x        y
6.9426     33.5146   
11.2419    8.1150    
1.1887     29.5956   
1.3379     22.7915   
6.0378     15.4750   
3.0490     28.3740   

# Frame241

# x        y
6.9362     33.5109   
11.2419    8.1150    
1.1887     29.5956   
1.3379     22.7915   
6.0378     15.4750   
3.0490     28.3740   

# Frame242

# x        y
6.9299     33.5073   
11.2419    8.1150    
1.1887     29.5956   
1.3379     22.7915   
6.0378     15.4750   
3.0490     28.3740   

# Frame243

# x        y
6.9238     33.5037   
11.2419    8.1150    
1.1887     29.5956   
1.3379     22.7915   
6.0378     15.4750   
3.0490     28.3740   

# Frame244

# x        y
6.9177     33.5003   
11.2419    8.1150    
1.1887     29.5956   
1.3379     22.7915   
6.0378     15.4750   
3.0490     28.3740   

# Frame245

# x        y
6.9117     33.4968   
11.2419    8.1150    
1.1887     29.5956   
1.3379     22.7915   
6.0378     15.4750   
3.0490     28.3740   

# Frame246

# x        y
6.9058     33.4935   
11.2419    8.1150    
1.1887     29.5956   
1.3379     22.7915   
6.0378     15.4750   
3.0490     28.3740   

# Frame247

# x        y
6.9000     33.4901   
11.2419    8.1150    
1.1887     29.5956   
1.3379     22.7915   
6.0378     15.4750   
3.0490     28.3740   

# Frame248

# x        y
6.8944     33.4869   
11.2419    8.1150    
1.1887     29.5956   
1.3379     22.7915   
6.0378     15.4750   
3.0490     28.3740   

# Frame249

# x        y
6.8888     33.4837   
11.2419    8.1150    
1.1887     29.5956   
1.3379     22.7915   
6.0378     15.4750   
3.0490     28.3740   

# Frame250

# x        y
6.8833     33.4805   
11.2419    8.1150    
1.1887     29.5956   
1.3379     22.7915   
6.0378     15.4750   
3.0490     28.3740   

# Frame251

# x        y
6.8779     33.4774   
11.2419    8.1150    
1.1887     29.5956   
1.3379     22.7915   
6.0378     15.4750   
3.0490     28.3740   

# Frame252

# x        y
6.8726     33.4744   
11.2419    8.1150    
1.1887     29.5956   
1.3379     22.7915   
6.0378     15.4750   
3.0490     28.3740   

# Frame253

# x        y
6.8673     33.4714   
11.2419    8.1150    
1.1887     29.5956   
1.3379     22.7915   
6.0378     15.4750   
3.0490     28.3740   

# Frame254

# x        y
6.8622     33.4684   
11.2419    8.1150    
1.1887     29.5956   
1.3379     22.7915   
6.0378     15.4750   
3.0490     28.3740   

# Frame255

# x        y
6.8571     33.4655   
11.2419    8.1150    
1.1887     29.5956   
1.3379     22.7915   
6.0378     15.4750   
3.0490     28.3740   

# Frame256

# x        y
6.8522     33.4627   
11.2419    8.1150    
1.1887     29.5956   
1.3379     22.7915   
6.0378     15.4750   
3.0490     28.3740   

# Frame257

# x        y
6.8473     33.4599   
11.2419    8.1150    
1.1887     29.5956   
1.3379     22.7915   
6.0378     15.4750   
3.0490     28.3740   

# Frame258

# x        y
6.8425     33.4571   
11.2419    8.1150    
1.1887     29.5956   
1.3379     22.7915   
6.0378     15.4750   
3.0490     28.3740   

# Frame259

# x        y
6.8378     33.4544   
11.2419    8.1150    
1.1887     29.5956   
1.3379     22.7915   
6.0378     15.4750   
3.0490     28.3740   

# Frame260

# x        y
6.8331     33.4517   
11.2419    8.1150    
1.1887     29.5956   
1.3379     22.7915   
6.0378     15.4750   
3.0490     28.3740   

# Frame261

# x        y
6.8285     33.4491   
11.2419    8.1150    
1.1887     29.5956   
1.3379     22.7915   
6.0378     15.4750   
3.0490     28.3740   

# Frame262

# x        y
6.8240     33.4465   
11.2419    8.1150    
1.1887     29.5956   
1.3379     22.7915   
6.0378     15.4750   
3.0490     28.3740   

# Frame263

# x        y
6.8196     33.4440   
11.2419    8.1150    
1.1887     29.5956   
1.3379     22.7915   
6.0378     15.4750   
3.0490     28.3740   

# Frame264

# x        y
6.8153     33.4415   
11.2419    8.1150    
1.1887     29.5956   
1.3379     22.7915   
6.0378     15.4750   
3.0490     28.3740   

# Frame265

# x        y
6.8110     33.4390   
11.2419    8.1150    
1.1887     29.5956   
1.3379     22.7915   
6.0378     15.4750   
3.0490     28.3740   

# Frame266

# x        y
6.8068     33.4366   
11.2419    8.1150    
1.1887     29.5956   
1.3379     22.7915   
6.0378     15.4750   
3.0490     28.3740   

# Frame267

# x        y
6.8027     33.4343   
11.2419    8.1150    
1.1887     29.5956   
1.3379     22.7915   
6.0378     15.4750   
3.0490     28.3740   

# Frame268

# x        y
6.7986     33.4319   
11.2419    8.1150    
1.1887     29.5956   
1.3379     22.7915   
6.0378     15.4750   
3.0490     28.3740   

# Frame269

# x        y
6.7946     33.4296   
11.2419    8.1150    
1.1887     29.5956   
1.3379     22.7915   
6.0378     15.4750   
3.0490     28.3740   

# Frame270

# x        y
6.7907     33.4274   
11.2419    8.1150    
1.1887     29.5956   
1.3379     22.7915   
6.0378     15.4750   
3.0490     28.3740   

# Frame271

# x        y
6.7868     33.4252   
11.2419    8.1150    
1.1887     29.5956   
1.3379     22.7915   
6.0378     15.4750   
3.0490     28.3740   

# Frame272

# x        y
6.7830     33.4230   
11.2419    8.1150    
1.1887     29.5956   
1.3379     22.7915   
6.0378     15.4750   
3.0490     28.3740   

# Frame273

# x        y
6.7793     33.4208   
11.2419    8.1150    
1.1887     29.5956   
1.3379     22.7915   
6.0378     15.4750   
3.0490     28.3740   

# Frame274

# x        y
6.7756     33.4187   
11.2419    8.1150    
1.1887     29.5956   
1.3379     22.7915   
6.0378     15.4750   
3.0490     28.3740   

# Frame275

# x        y
6.7720     33.4167   
11.2419    8.1150    
1.1887     29.5956   
1.3379     22.7915   
6.0378     15.4750   
3.0490     28.3740   

# Frame276

# x        y
6.7685     33.4146   
11.2419    8.1150    
1.1887     29.5956   
1.3379     22.7915   
6.0378     15.4750   
3.0490     28.3740   

# Frame277

# x        y
6.7650     33.4126   
11.2419    8.1150    
1.1887     29.5956   
1.3379     22.7915   
6.0378     15.4750   
3.0490     28.3740   

# Frame278

# x        y
6.7616     33.4107   
11.2419    8.1150    
1.1887     29.5956   
1.3379     22.7915   
6.0378     15.4750   
3.0490     28.3740   

# Frame279

# x        y
6.7582     33.4087   
11.2419    8.1150    
1.1887     29.5956   
1.3379     22.7915   
6.0378     15.4750   
3.0490     28.3740   

# Frame280

# x        y
6.7549     33.4068   
11.2419    8.1150    
1.1887     29.5956   
1.3379     22.7915   
6.0378     15.4750   
3.0490     28.3740   

# Frame281

# x        y
6.7516     33.4049   
11.2419    8.1150    
1.1887     29.5956   
1.3379     22.7915   
6.0378     15.4750   
3.0490     28.3740   

# Frame282

# x        y
6.7484     33.4031   
11.2419    8.1150    
1.1887     29.5956   
1.3379     22.7915   
6.0378     15.4750   
3.0490     28.3740   

# Frame283

# x        y
6.7452     33.4013   
11.2419    8.1150    
1.1887     29.5956   
1.3379     22.7915   
6.0378     15.4750   
3.0490     28.3740   

# Frame284

# x        y
6.7421     33.3995   
11.2419    8.1150    
1.1887     29.5956   
1.3379     22.7915   
6.0378     15.4750   
3.0490     28.3740   

# Frame285

# x        y
6.7391     33.3978   
11.2419    8.1150    
1.1887     29.5956   
1.3379     22.7915   
6.0378     15.4750   
3.0490     28.3740   

# Frame286

# x        y
6.7361     33.3960   
11.2419    8.1150    
1.1887     29.5956   
1.3379     22.7915   
6.0378     15.4750   
3.0490     28.3740   

# Frame287

# x        y
6.7331     33.3943   
11.2419    8.1150    
1.1887     29.5956   
1.3379     22.7915   
6.0378     15.4750   
3.0490     28.3740   

# Frame288

# x        y
6.7302     33.3927   
11.2419    8.1150    
1.1887     29.5956   
1.3379     22.7915   
6.0378     15.4750   
3.0490     28.3740   

# Frame289

# x        y
6.7274     33.3910   
11.2419    8.1150    
1.1887     29.5956   
1.3379     22.7915   
6.0378     15.4750   
3.0490     28.3740   

# Frame290

# x        y
6.7246     33.3894   
11.2419    8.1150    
1.1887     29.5956   
1.3379     22.7915   
6.0378     15.4750   
3.0490     28.3740   

# Frame291

# x        y
6.7218     33.3878   
11.2419    8.1150    
1.1887     29.5956   
1.3379     22.7915   
6.0378     15.4750   
3.0490     28.3740   

# Frame292

# x        y
6.7191     33.3863   
11.2419    8.1150    
1.1887     29.5956   
1.3379     22.7915   
6.0378     15.4750   
3.0490     28.3740   

# Frame293

# x        y
6.7164     33.3848   
11.2419    8.1150    
1.1887     29.5956   
1.3379     22.7915   
6.0378     15.4750   
3.0490     28.3740   

# Frame294

# x        y
6.7138     33.3832   
11.2419    8.1150    
1.1887     29.5956   
1.3379     22.7915   
6.0378     15.4750   
3.0490     28.3740   

# Frame295

# x        y
6.7112     33.3818   
11.2419    8.1150    
1.1887     29.5956   
1.3379     22.7915   
6.0378     15.4750   
3.0490     28.3740   

# Frame296

# x        y
6.7087     33.3803   
11.2419    8.1150    
1.1887     29.5956   
1.3379     22.7915   
6.0378     15.4750   
3.0490     28.3740   

# Frame297

# x        y
6.7062     33.3789   
11.2419    8.1150    
1.1887     29.5956   
1.3379     22.7915   
6.0378     15.4750   
3.0490     28.3740   

# Frame298

# x        y
6.7037     33.3775   
11.2419    8.1150    
1.1887     29.5956   
1.3379     22.7915   
6.0378     15.4750   
3.0490     28.3740   

# Frame299

# x        y
6.7013     33.3761   
11.2419    8.1150    
1.1887     29.5956   
1.3379     22.7915   
6.0378     15.4750   
3.0490     28.3740   

# Frame300

# x        y
6.6989     33.3747   
11.2419    8.1150    
1.1887     29.5956   
1.3379     22.7915   
6.0378     15.4750   
3.0490     28.3740   

# Frame301

# x        y
6.6966     33.3734   
11.2419    8.1150    
1.1887     29.5956   
1.3379     22.7915   
6.0378     15.4750   
3.0490     28.3740   

# Frame302

# x        y
6.6943     33.3721   
11.2419    8.1150    
1.1887     29.5956   
1.3379     22.7915   
6.0378     15.4750   
3.0490     28.3740   

# Frame303

# x        y
6.6921     33.3708   
11.2419    8.1150    
1.1887     29.5956   
1.3379     22.7915   
6.0378     15.4750   
3.0490     28.3740   

# Frame304

# x        y
6.6898     33.3695   
11.2419    8.1150    
1.1887     29.5956   
1.3379     22.7915   
6.0378     15.4750   
3.0490     28.3740   

# Frame305

# x        y
6.6877     33.3683   
11.2419    8.1150    
1.1887     29.5956   
1.3379     22.7915   
6.0378     15.4750   
3.0490     28.3740   

# Frame306

# x        y
6.6855     33.3670   
11.2419    8.1150    
1.1887     29.5956   
1.3379     22.7915   
6.0378     15.4750   
3.0490     28.3740   

# Frame307

# x        y
6.6834     33.3658   
11.2419    8.1150    
1.1887     29.5956   
1.3379     22.7915   
6.0378     15.4750   
3.0490     28.3740   

# Frame308

# x        y
6.6813     33.3646   
11.2419    8.1150    
1.1887     29.5956   
1.3379     22.7915   
6.0378     15.4750   
3.0490     28.3740   

# Frame309

# x        y
6.6793     33.3634   
11.2419    8.1150    
1.1887     29.5956   
1.3379     22.7915   
6.0378     15.4750   
3.0490     28.3740   

# Frame310

# x        y
6.6773     33.3623   
11.2419    8.1150    
1.1887     29.5956   
1.3379     22.7915   
6.0378     15.4750   
3.0490     28.3740   

# Frame311

# x        y
6.6753     33.3612   
11.2419    8.1150    
1.1887     29.5956   
1.3379     22.7915   
6.0378     15.4750   
3.0490     28.3740   

# Frame312

# x        y
6.6734     33.3601   
11.2419    8.1150    
1.1887     29.5956   
1.3379     22.7915   
6.0378     15.4750   
3.0490     28.3740   

# Frame313

# x        y
6.6715     33.3590   
11.2419    8.1150    
1.1887     29.5956   
1.3379     22.7915   
6.0378     15.4750   
3.0490     28.3740   

# Frame314

# x        y
6.6696     33.3579   
11.2419    8.1150    
1.1887     29.5956   
1.3379     22.7915   
6.0378     15.4750   
3.0490     28.3740   

# Frame315

# x        y
6.6678     33.3568   
11.2419    8.1150    
1.1887     29.5956   
1.3379     22.7915   
6.0378     15.4750   
3.0490     28.3740   

# Frame316

# x        y
6.6659     33.3558   
11.2419    8.1150    
1.1887     29.5956   
1.3379     22.7915   
6.0378     15.4750   
3.0490     28.3740   

# Frame317

# x        y
6.6642     33.3548   
11.2419    8.1150    
1.1887     29.5956   
1.3379     22.7915   
6.0378     15.4750   
3.0490     28.3740   

# Frame318

# x        y
6.6624     33.3538   
11.2419    8.1150    
1.1887     29.5956   
1.3379     22.7915   
6.0378     15.4750   
3.0490     28.3740   

# Frame319

# x        y
6.6607     33.3528   
11.2419    8.1150    
1.1887     29.5956   
1.3379     22.7915   
6.0378     15.4750   
3.0490     28.3740   

# Frame320

# x        y
6.6590     33.3518   
11.2419    8.1150    
1.1887     29.5956   
1.3379     22.7915   
6.0378     15.4750   
3.0490     28.3740   

# Frame321

# x        y
6.6573     33.3508   
11.2419    8.1150    
1.1887     29.5956   
1.3379     22.7915   
6.0378     15.4750   
3.0490     28.3740   

# Frame322

# x        y
6.6557     33.3499   
11.2419    8.1150    
1.1887     29.5956   
1.3379     22.7915   
6.0378     15.4750   
3.0490     28.3740   

# Frame323

# x        y
6.6541     33.3490   
11.2419    8.1150    
1.1887     29.5956   
1.3379     22.7915   
6.0378     15.4750   
3.0490     28.3740   

# Frame324

# x        y
6.6525     33.3481   
11.2419    8.1150    
1.1887     29.5956   
1.3379     22.7915   
6.0378     15.4750   
3.0490     28.3740   

# Frame325

# x        y
6.6509     33.3472   
11.2419    8.1150    
1.1887     29.5956   
1.3379     22.7915   
6.0378     15.4750   
3.0490     28.3740   

# Frame326

# x        y
6.6494     33.3463   
11.2419    8.1150    
1.1887     29.5956   
1.3379     22.7915   
6.0378     15.4750   
3.0490     28.3740   

# Frame327

# x        y
6.6479     33.3454   
11.2419    8.1150    
1.1887     29.5956   
1.3379     22.7915   
6.0378     15.4750   
3.0490     28.3740   

# Frame328

# x        y
6.6464     33.3446   
11.2419    8.1150    
1.1887     29.5956   
1.3379     22.7915   
6.0378     15.4750   
3.0490     28.3740   

# Frame329

# x        y
6.6450     33.3437   
11.2419    8.1150    
1.1887     29.5956   
1.3379     22.7915   
6.0378     15.4750   
3.0490     28.3740   

# Frame330

# x        y
6.6435     33.3429   
11.2419    8.1150    
1.1887     29.5956   
1.3379     22.7915   
6.0378     15.4750   
3.0490     28.3740   

# Frame331

# x        y
6.6421     33.3421   
11.2419    8.1150    
1.1887     29.5956   
1.3379     22.7915   
6.0378     15.4750   
3.0490     28.3740   

# Frame332

# x        y
6.6407     33.3413   
11.2419    8.1150    
1.1887     29.5956   
1.3379     22.7915   
6.0378     15.4750   
3.0490     28.3740   

# Frame333

# x        y
6.6394     33.3405   
11.2419    8.1150    
1.1887     29.5956   
1.3379     22.7915   
6.0378     15.4750   
3.0490     28.3740   

# Frame334

# x        y
6.6380     33.3398   
11.2419    8.1150    
1.1887     29.5956   
1.3379     22.7915   
6.0378     15.4750   
3.0490     28.3740   

# Frame335

# x        y
6.6367     33.3390   
11.2419    8.1150    
1.1887     29.5956   
1.3379     22.7915   
6.0378     15.4750   
3.0490     28.3740   

# Frame336

# x        y
6.6354     33.3383   
11.2419    8.1150    
1.1887     29.5956   
1.3379     22.7915   
6.0378     15.4750   
3.0490     28.3740   

# Frame337

# x        y
6.6341     33.3375   
11.2419    8.1150    
1.1887     29.5956   
1.3379     22.7915   
6.0378     15.4750   
3.0490     28.3740   

# Frame338

# x        y
6.6329     33.3368   
11.2419    8.1150    
1.1887     29.5956   
1.3379     22.7915   
6.0378     15.4750   
3.0490     28.3740   

# Frame339

# x        y
6.6317     33.3361   
11.2419    8.1150    
1.1887     29.5956   
1.3379     22.7915   
6.0378     15.4750   
3.0490     28.3740   

# Frame340

# x        y
6.6304     33.3354   
11.2419    8.1150    
1.1887     29.5956   
1.3379     22.7915   
6.0378     15.4750   
3.0490     28.3740   

# Frame341

# x        y
6.6293     33.3347   
11.2419    8.1150    
1.1887     29.5956   
1.3379     22.7915   
6.0378     15.4750   
3.0490     28.3740   

# Frame342

# x        y
6.6281     33.3341   
11.2419    8.1150    
1.1887     29.5956   
1.3379     22.7915   
6.0378     15.4750   
3.0490     28.3740   

# Frame343

# x        y
6.6269     33.3334   
11.2419    8.1150    
1.1887     29.5956   
1.3379     22.7915   
6.0378     15.4750   
3.0490     28.3740   

# Frame344

# x        y
6.6258     33.3327   
11.2419    8.1150    
1.1887     29.5956   
1.3379     22.7915   
6.0378     15.4750   
3.0490     28.3740   

# Frame345

# x        y
6.6247     33.3321   
11.2419    8.1150    
1.1887     29.5956   
1.3379     22.7915   
6.0378     15.4750   
3.0490     28.3740   

# Frame346

# x        y
6.6236     33.3315   
11.2419    8.1150    
1.1887     29.5956   
1.3379     22.7915   
6.0378     15.4750   
3.0490     28.3740   

# Frame347

# x        y
6.6225     33.3309   
11.2419    8.1150    
1.1887     29.5956   
1.3379     22.7915   
6.0378     15.4750   
3.0490     28.3740   

# Frame348

# x        y
6.6215     33.3303   
11.2419    8.1150    
1.1887     29.5956   
1.3379     22.7915   
6.0378     15.4750   
3.0490     28.3740   

# Frame349

# x        y
6.6204     33.3297   
11.2419    8.1150    
1.1887     29.5956   
1.3379     22.7915   
6.0378     15.4750   
3.0490     28.3740   

# Frame350

# x        y
6.6194     33.3291   
11.2419    8.1150    
1.1887     29.5956   
1.3379     22.7915   
6.0378     15.4750   
3.0490     28.3740   

# Frame351

# x        y
6.6184     33.3285   
11.2419    8.1150    
1.1887     29.5956   
1.3379     22.7915   
6.0378     15.4750   
3.0490     28.3740   

# Frame352

# x        y
6.6174     33.3279   
11.2419    8.1150    
1.1887     29.5956   
1.3379     22.7915   
6.0378     15.4750   
3.0490     28.3740   

# Frame353

# x        y
6.6164     33.3274   
11.2419    8.1150    
1.1887     29.5956   
1.3379     22.7915   
6.0378     15.4750   
3.0490     28.3740   

# Frame354

# x        y
6.6155     33.3268   
11.2419    8.1150    
1.1887     29.5956   
1.3379     22.7915   
6.0378     15.4750   
3.0490     28.3740   

# Frame355

# x        y
6.6145     33.3263   
11.2419    8.1150    
1.1887     29.5956   
1.3379     22.7915   
6.0378     15.4750   
3.0490     28.3740   

# Frame356

# x        y
6.6136     33.3257   
11.2419    8.1150    
1.1887     29.5956   
1.3379     22.7915   
6.0378     15.4750   
3.0490     28.3740   

# Frame357

# x        y
6.6127     33.3252   
11.2419    8.1150    
1.1887     29.5956   
1.3379     22.7915   
6.0378     15.4750   
3.0490     28.3740   

# Frame358

# x        y
6.6118     33.3247   
11.2419    8.1150    
1.1887     29.5956   
1.3379     22.7915   
6.0378     15.4750   
3.0490     28.3740   

# Frame359

# x        y
6.6109     33.3242   
11.2419    8.1150    
1.1887     29.5956   
1.3379     22.7915   
6.0378     15.4750   
3.0490     28.3740   

# Frame360

# x        y
6.6100     33.3237   
11.2419    8.1150    
1.1887     29.5956   
1.3379     22.7915   
6.0378     15.4750   
3.0490     28.3740   

# Frame361

# x        y
6.6092     33.3232   
11.2419    8.1150    
1.1887     29.5956   
1.3379     22.7915   
6.0378     15.4750   
3.0490     28.3740   

# Frame362

# x        y
6.6084     33.3227   
11.2419    8.1150    
1.1887     29.5956   
1.3379     22.7915   
6.0378     15.4750   
3.0490     28.3740   

# Frame363

# x        y
6.6075     33.3223   
11.2419    8.1150    
1.1887     29.5956   
1.3379     22.7915   
6.0378     15.4750   
3.0490     28.3740   

# Frame364

# x        y
6.6067     33.3218   
11.2419    8.1150    
1.1887     29.5956   
1.3379     22.7915   
6.0378     15.4750   
3.0490     28.3740   

# Frame365

# x        y
6.6059     33.3213   
11.2419    8.1150    
1.1887     29.5956   
1.3379     22.7915   
6.0378     15.4750   
3.0490     28.3740   

# Frame366

# x        y
6.6052     33.3209   
11.2419    8.1150    
1.1887     29.5956   
1.3379     22.7915   
6.0378     15.4750   
3.0490     28.3740   

# Frame367

# x        y
6.6044     33.3204   
11.2419    8.1150    
1.1887     29.5956   
1.3379     22.7915   
6.0378     15.4750   
3.0490     28.3740   

# Frame368

# x        y
6.6036     33.3200   
11.2419    8.1150    
1.1887     29.5956   
1.3379     22.7915   
6.0378     15.4750   
3.0490     28.3740   

# Frame369

# x        y
6.6029     33.3196   
11.2419    8.1150    
1.1887     29.5956   
1.3379     22.7915   
6.0378     15.4750   
3.0490     28.3740   

# Frame370

# x        y
6.6022     33.3192   
11.2419    8.1150    
1.1887     29.5956   
1.3379     22.7915   
6.0378     15.4750   
3.0490     28.3740   

# Frame371

# x        y
6.6014     33.3188   
11.2419    8.1150    
1.1887     29.5956   
1.3379     22.7915   
6.0378     15.4750   
3.0490     28.3740   

# Frame372

# x        y
6.6007     33.3184   
11.2419    8.1150    
1.1887     29.5956   
1.3379     22.7915   
6.0378     15.4750   
3.0490     28.3740   

# Frame373

# x        y
6.6000     33.3180   
11.2419    8.1150    
1.1887     29.5956   
1.3379     22.7915   
6.0378     15.4750   
3.0490     28.3740   

# Frame374

# x        y
6.5993     33.3176   
11.2419    8.1150    
1.1887     29.5956   
1.3379     22.7915   
6.0378     15.4750   
3.0490     28.3740   

# Frame375

# x        y
6.5987     33.3172   
11.2419    8.1150    
1.1887     29.5956   
1.3379     22.7915   
6.0378     15.4750   
3.0490     28.3740   

# Frame376

# x        y
6.5980     33.3168   
11.2419    8.1150    
1.1887     29.5956   
1.3379     22.7915   
6.0378     15.4750   
3.0490     28.3740   

# Frame377

# x        y
6.5974     33.3164   
11.2419    8.1150    
1.1887     29.5956   
1.3379     22.7915   
6.0378     15.4750   
3.0490     28.3740   

# Frame378

# x        y
6.5967     33.3161   
11.2419    8.1150    
1.1887     29.5956   
1.3379     22.7915   
6.0378     15.4750   
3.0490     28.3740   

# Frame379

# x        y
6.5961     33.3157   
11.2419    8.1150    
1.1887     29.5956   
1.3379     22.7915   
6.0378     15.4750   
3.0490     28.3740   

# Frame380

# x        y
6.5955     33.3153   
11.2419    8.1150    
1.1887     29.5956   
1.3379     22.7915   
6.0378     15.4750   
3.0490     28.3740   

# Frame381

# x        y
6.5949     33.3150   
11.2419    8.1150    
1.1887     29.5956   
1.3379     22.7915   
6.0378     15.4750   
3.0490     28.3740   

# Frame382

# x        y
6.5943     33.3146   
11.2419    8.1150    
1.1887     29.5956   
1.3379     22.7915   
6.0378     15.4750   
3.0490     28.3740   

# Frame383

# x        y
6.5937     33.3143   
11.2419    8.1150    
1.1887     29.5956   
1.3379     22.7915   
6.0378     15.4750   
3.0490     28.3740   

# Frame384

# x        y
6.5931     33.3140   
11.2419    8.1150    
1.1887     29.5956   
1.3379     22.7915   
6.0378     15.4750   
3.0490     28.3740   

# Frame385

# x        y
6.5925     33.3137   
11.2419    8.1150    
1.1887     29.5956   
1.3379     22.7915   
6.0378     15.4750   
3.0490     28.3740   

# Frame386

# x        y
6.5920     33.3133   
11.2419    8.1150    
1.1887     29.5956   
1.3379     22.7915   
6.0378     15.4750   
3.0490     28.3740   

# Frame387

# x        y
6.5914     33.3130   
11.2419    8.1150    
1.1887     29.5956   
1.3379     22.7915   
6.0378     15.4750   
3.0490     28.3740   

# Frame388

# x        y
6.5909     33.3127   
11.2419    8.1150    
1.1887     29.5956   
1.3379     22.7915   
6.0378     15.4750   
3.0490     28.3740   

# Frame389

# x        y
6.5904     33.3124   
11.2419    8.1150    
1.1887     29.5956   
1.3379     22.7915   
6.0378     15.4750   
3.0490     28.3740   

# Frame390

# x        y
6.5898     33.3121   
11.2419    8.1150    
1.1887     29.5956   
1.3379     22.7915   
6.0378     15.4750   
3.0490     28.3740   

# Frame391

# x        y
6.5893     33.3118   
11.2419    8.1150    
1.1887     29.5956   
1.3379     22.7915   
6.0378     15.4750   
3.0490     28.3740   

# Frame392

# x        y
6.5888     33.3115   
11.2419    8.1150    
1.1887     29.5956   
1.3379     22.7915   
6.0378     15.4750   
3.0490     28.3740   

# Frame393

# x        y
6.5883     33.3112   
11.2419    8.1150    
1.1887     29.5956   
1.3379     22.7915   
6.0378     15.4750   
3.0490     28.3740   

# Frame394

# x        y
6.5878     33.3109   
11.2419    8.1150    
1.1887     29.5956   
1.3379     22.7915   
6.0378     15.4750   
3.0490     28.3740   

# Frame395

# x        y
6.5873     33.3107   
11.2419    8.1150    
1.1887     29.5956   
1.3379     22.7915   
6.0378     15.4750   
3.0490     28.3740   

# Frame396

# x        y
6.5869     33.3104   
11.2419    8.1150    
1.1887     29.5956   
1.3379     22.7915   
6.0378     15.4750   
3.0490     28.3740   

# Frame397

# x        y
6.5864     33.3101   
11.2419    8.1150    
1.1887     29.5956   
1.3379     22.7915   
6.0378     15.4750   
3.0490     28.3740   

# Frame398

# x        y
6.5860     33.3099   
11.2419    8.1150    
1.1887     29.5956   
1.3379     22.7915   
6.0378     15.4750   
3.0490     28.3740   

# Frame399

# x        y
6.5855     33.3096   
11.2419    8.1150    
1.1887     29.5956   
1.3379     22.7915   
6.0378     15.4750   
3.0490     28.3740   

# Frame400

# x        y
6.5851     33.3094   
11.2419    8.1150    
1.1887     29.5956   
1.3379     22.7915   
6.0378     15.4750   
3.0490     28.3740   

# Frame401

# x        y
6.5846     33.3091   
11.2419    8.1150    
1.1887     29.5956   
1.3379     22.7915   
6.0378     15.4750   
3.0490     28.3740   

# Frame402

# x        y
6.5842     33.3089   
11.2419    8.1150    
1.1887     29.5956   
1.3379     22.7915   
6.0378     15.4750   
3.0490     28.3740   

# Frame403

# x        y
6.5838     33.3086   
11.2419    8.1150    
1.1887     29.5956   
1.3379     22.7915   
6.0378     15.4750   
3.0490     28.3740   

# Frame404

# x        y
6.5834     33.3084   
11.2419    8.1150    
1.1887     29.5956   
1.3379     22.7915   
6.0378     15.4750   
3.0490     28.3740   

# Frame405

# x        y
6.5830     33.3082   
11.2419    8.1150    
1.1887     29.5956   
1.3379     22.7915   
6.0378     15.4750   
3.0490     28.3740   

# Frame406

# x        y
6.5826     33.3079   
11.2419    8.1150    
1.1887     29.5956   
1.3379     22.7915   
6.0378     15.4750   
3.0490     28.3740   

# Frame407

# x        y
6.5822     33.3077   
11.2419    8.1150    
1.1887     29.5956   
1.3379     22.7915   
6.0378     15.4750   
3.0490     28.3740   

# Frame408

# x        y
6.5818     33.3075   
11.2419    8.1150    
1.1887     29.5956   
1.3379     22.7915   
6.0378     15.4750   
3.0490     28.3740   

# Frame409

# x        y
6.5814     33.3073   
11.2419    8.1150    
1.1887     29.5956   
1.3379     22.7915   
6.0378     15.4750   
3.0490     28.3740   

# Frame410

# x        y
6.5810     33.3071   
11.2419    8.1150    
1.1887     29.5956   
1.3379     22.7915   
6.0378     15.4750   
3.0490     28.3740   

# Frame411

# x        y
6.5807     33.3068   
11.2419    8.1150    
1.1887     29.5956   
1.3379     22.7915   
6.0378     15.4750   
3.0490     28.3740   

# Frame412

# x        y
6.5803     33.3066   
11.2419    8.1150    
1.1887     29.5956   
1.3379     22.7915   
6.0378     15.4750   
3.0490     28.3740   

# Frame413

# x        y
6.5799     33.3064   
11.2419    8.1150    
1.1887     29.5956   
1.3379     22.7915   
6.0378     15.4750   
3.0490     28.3740   

# Frame414

# x        y
6.5796     33.3062   
11.2419    8.1150    
1.1887     29.5956   
1.3379     22.7915   
6.0378     15.4750   
3.0490     28.3740   

# Frame415

# x        y
6.5793     33.3060   
11.2419    8.1150    
1.1887     29.5956   
1.3379     22.7915   
6.0378     15.4750   
3.0490     28.3740   

# Frame416

# x        y
6.5789     33.3058   
11.2419    8.1150    
1.1887     29.5956   
1.3379     22.7915   
6.0378     15.4750   
3.0490     28.3740   

# Frame417

# x        y
6.5786     33.3056   
11.2419    8.1150    
1.1887     29.5956   
1.3379     22.7915   
6.0378     15.4750   
3.0490     28.3740   

# Frame418

# x        y
6.5783     33.3055   
11.2419    8.1150    
1.1887     29.5956   
1.3379     22.7915   
6.0378     15.4750   
3.0490     28.3740   

# Frame419

# x        y
6.5779     33.3053   
11.2419    8.1150    
1.1887     29.5956   
1.3379     22.7915   
6.0378     15.4750   
3.0490     28.3740   

# Frame420

# x        y
6.5776     33.3051   
11.2419    8.1150    
1.1887     29.5956   
1.3379     22.7915   
6.0378     15.4750   
3.0490     28.3740   

# Frame421

# x        y
6.5773     33.3049   
11.2419    8.1150    
1.1887     29.5956   
1.3379     22.7915   
6.0378     15.4750   
3.0490     28.3740   

# Frame422

# x        y
6.5770     33.3047   
11.2419    8.1150    
1.1887     29.5956   
1.3379     22.7915   
6.0378     15.4750   
3.0490     28.3740   

# Frame423

# x        y
6.5767     33.3046   
11.2419    8.1150    
1.1887     29.5956   
1.3379     22.7915   
6.0378     15.4750   
3.0490     28.3740   

# Frame424

# x        y
6.5764     33.3044   
11.2419    8.1150    
1.1887     29.5956   
1.3379     22.7915   
6.0378     15.4750   
3.0490     28.3740   

# Frame425

# x        y
6.5761     33.3042   
11.2419    8.1150    
1.1887     29.5956   
1.3379     22.7915   
6.0378     15.4750   
3.0490     28.3740   

# Frame426

# x        y
6.5758     33.3041   
11.2419    8.1150    
1.1887     29.5956   
1.3379     22.7915   
6.0378     15.4750   
3.0490     28.3740   

# Frame427

# x        y
6.5756     33.3039   
11.2419    8.1150    
1.1887     29.5956   
1.3379     22.7915   
6.0378     15.4750   
3.0490     28.3740   

# Frame428

# x        y
6.5753     33.3038   
11.2419    8.1150    
1.1887     29.5956   
1.3379     22.7915   
6.0378     15.4750   
3.0490     28.3740   

# Frame429

# x        y
6.5750     33.3036   
11.2419    8.1150    
1.1887     29.5956   
1.3379     22.7915   
6.0378     15.4750   
3.0490     28.3740   

# Frame430

# x        y
6.5747     33.3034   
11.2419    8.1150    
1.1887     29.5956   
1.3379     22.7915   
6.0378     15.4750   
3.0490     28.3740   

# Frame431

# x        y
6.5745     33.3033   
11.2419    8.1150    
1.1887     29.5956   
1.3379     22.7915   
6.0378     15.4750   
3.0490     28.3740   

# Frame432

# x        y
6.5742     33.3031   
11.2419    8.1150    
1.1887     29.5956   
1.3379     22.7915   
6.0378     15.4750   
3.0490     28.3740   

# Frame433

# x        y
6.5740     33.3030   
11.2419    8.1150    
1.1887     29.5956   
1.3379     22.7915   
6.0378     15.4750   
3.0490     28.3740   

# Frame434

# x        y
6.5737     33.3029   
11.2419    8.1150    
1.1887     29.5956   
1.3379     22.7915   
6.0378     15.4750   
3.0490     28.3740   

# Frame435

# x        y
6.5735     33.3027   
11.2419    8.1150    
1.1887     29.5956   
1.3379     22.7915   
6.0378     15.4750   
3.0490     28.3740   

# Frame436

# x        y
6.5732     33.3026   
11.2419    8.1150    
1.1887     29.5956   
1.3379     22.7915   
6.0378     15.4750   
3.0490     28.3740   

# Frame437

# x        y
6.5730     33.3024   
11.2419    8.1150    
1.1887     29.5956   
1.3379     22.7915   
6.0378     15.4750   
3.0490     28.3740   

# Frame438

# x        y
6.5728     33.3023   
11.2419    8.1150    
1.1887     29.5956   
1.3379     22.7915   
6.0378     15.4750   
3.0490     28.3740   

# Frame439

# x        y
6.5725     33.3022   
11.2419    8.1150    
1.1887     29.5956   
1.3379     22.7915   
6.0378     15.4750   
3.0490     28.3740   

# Frame440

# x        y
6.5723     33.3020   
11.2419    8.1150    
1.1887     29.5956   
1.3379     22.7915   
6.0378     15.4750   
3.0490     28.3740   

# Frame441

# x        y
6.5721     33.3019   
11.2419    8.1150    
1.1887     29.5956   
1.3379     22.7915   
6.0378     15.4750   
3.0490     28.3740   

# Frame442

# x        y
6.5719     33.3018   
11.2419    8.1150    
1.1887     29.5956   
1.3379     22.7915   
6.0378     15.4750   
3.0490     28.3740   

# Frame443

# x        y
6.5717     33.3017   
11.2419    8.1150    
1.1887     29.5956   
1.3379     22.7915   
6.0378     15.4750   
3.0490     28.3740   

# Frame444

# x        y
6.5714     33.3015   
11.2419    8.1150    
1.1887     29.5956   
1.3379     22.7915   
6.0378     15.4750   
3.0490     28.3740   

# Frame445

# x        y
6.5712     33.3014   
11.2419    8.1150    
1.1887     29.5956   
1.3379     22.7915   
6.0378     15.4750   
3.0490     28.3740   

# Frame446

# x        y
6.5710     33.3013   
11.2419    8.1150    
1.1887     29.5956   
1.3379     22.7915   
6.0378     15.4750   
3.0490     28.3740   

# Frame447

# x        y
6.5708     33.3012   
11.2419    8.1150    
1.1887     29.5956   
1.3379     22.7915   
6.0378     15.4750   
3.0490     28.3740   

# Frame448

# x        y
6.5706     33.3011   
11.2419    8.1150    
1.1887     29.5956   
1.3379     22.7915   
6.0378     15.4750   
3.0490     28.3740   

# Frame449

# x        y
6.5704     33.3010   
11.2419    8.1150    
1.1887     29.5956   
1.3379     22.7915   
6.0378     15.4750   
3.0490     28.3740   

# Frame450

# x        y
6.5702     33.3009   
11.2419    8.1150    
1.1887     29.5956   
1.3379     22.7915   
6.0378     15.4750   
3.0490     28.3740   

# Frame451

# x        y
6.5701     33.3008   
11.2419    8.1150    
1.1887     29.5956   
1.3379     22.7915   
6.0378     15.4750   
3.0490     28.3740   

# Frame452

# x        y
6.5699     33.3006   
11.2419    8.1150    
1.1887     29.5956   
1.3379     22.7915   
6.0378     15.4750   
3.0490     28.3740   

# Frame453

# x        y
6.5697     33.3005   
11.2419    8.1150    
1.1887     29.5956   
1.3379     22.7915   
6.0378     15.4750   
3.0490     28.3740   

# Frame454

# x        y
6.5695     33.3004   
11.2419    8.1150    
1.1887     29.5956   
1.3379     22.7915   
6.0378     15.4750   
3.0490     28.3740   

# Frame455

# x        y
6.5693     33.3003   
11.2419    8.1150    
1.1887     29.5956   
1.3379     22.7915   
6.0378     15.4750   
3.0490     28.3740   

# Frame456

# x        y
6.5692     33.3002   
11.2419    8.1150    
1.1887     29.5956   
1.3379     22.7915   
6.0378     15.4750   
3.0490     28.3740   

# Frame457

# x        y
6.5690     33.3001   
11.2419    8.1150    
1.1887     29.5956   
1.3379     22.7915   
6.0378     15.4750   
3.0490     28.3740   

# Frame458

# x        y
6.5688     33.3001   
11.2419    8.1150    
1.1887     29.5956   
1.3379     22.7915   
6.0378     15.4750   
3.0490     28.3740   

# Frame459

# x        y
6.5687     33.3000   
11.2419    8.1150    
1.1887     29.5956   
1.3379     22.7915   
6.0378     15.4750   
3.0490     28.3740   

# Frame460

# x        y
6.5685     33.2999   
11.2419    8.1150    
1.1887     29.5956   
1.3379     22.7915   
6.0378     15.4750   
3.0490     28.3740   

# Frame461

# x        y
6.5683     33.2998   
11.2419    8.1150    
1.1887     29.5956   
1.3379     22.7915   
6.0378     15.4750   
3.0490     28.3740   

# Frame462

# x        y
6.5682     33.2997   
11.2419    8.1150    
1.1887     29.5956   
1.3379     22.7915   
6.0378     15.4750   
3.0490     28.3740   

# Frame463

# x        y
6.5680     33.2996   
11.2419    8.1150    
1.1887     29.5956   
1.3379     22.7915   
6.0378     15.4750   
3.0490     28.3740   

# Frame464

# x        y
6.5679     33.2995   
11.2419    8.1150    
1.1887     29.5956   
1.3379     22.7915   
6.0378     15.4750   
3.0490     28.3740   

# Frame465

# x        y
6.5677     33.2994   
11.2419    8.1150    
1.1887     29.5956   
1.3379     22.7915   
6.0378     15.4750   
3.0490     28.3740   

# Frame466

# x        y
6.5676     33.2993   
11.2419    8.1150    
1.1887     29.5956   
1.3379     22.7915   
6.0378     15.4750   
3.0490     28.3740   

# Frame467

# x        y
6.5675     33.2993   
11.2419    8.1150    
1.1887     29.5956   
1.3379     22.7915   
6.0378     15.4750   
3.0490     28.3740   

# Frame468

# x        y
6.5673     33.2992   
11.2419    8.1150    
1.1887     29.5956   
1.3379     22.7915   
6.0378     15.4750   
3.0490     28.3740   

# Frame469

# x        y
6.5672     33.2991   
11.2419    8.1150    
1.1887     29.5956   
1.3379     22.7915   
6.0378     15.4750   
3.0490     28.3740   

# Frame470

# x        y
6.5670     33.2990   
11.2419    8.1150    
1.1887     29.5956   
1.3379     22.7915   
6.0378     15.4750   
3.0490     28.3740   

# Frame471

# x        y
6.5669     33.2989   
11.2419    8.1150    
1.1887     29.5956   
1.3379     22.7915   
6.0378     15.4750   
3.0490     28.3740   

# Frame472

# x        y
6.5668     33.2989   
11.2419    8.1150    
1.1887     29.5956   
1.3379     22.7915   
6.0378     15.4750   
3.0490     28.3740   

# Frame473

# x        y
6.5666     33.2988   
11.2419    8.1150    
1.1887     29.5956   
1.3379     22.7915   
6.0378     15.4750   
3.0490     28.3740   

# Frame474

# x        y
6.5665     33.2987   
11.2419    8.1150    
1.1887     29.5956   
1.3379     22.7915   
6.0378     15.4750   
3.0490     28.3740   

# Frame475

# x        y
6.5664     33.2987   
11.2419    8.1150    
1.1887     29.5956   
1.3379     22.7915   
6.0378     15.4750   
3.0490     28.3740   

# Frame476

# x        y
6.5663     33.2986   
11.2419    8.1150    
1.1887     29.5956   
1.3379     22.7915   
6.0378     15.4750   
3.0490     28.3740   

# Frame477

# x        y
6.5661     33.2985   
11.2419    8.1150    
1.1887     29.5956   
1.3379     22.7915   
6.0378     15.4750   
3.0490     28.3740   

# Frame478

# x        y
6.5660     33.2984   
11.2419    8.1150    
1.1887     29.5956   
1.3379     22.7915   
6.0378     15.4750   
3.0490     28.3740   

# Frame479

# x        y
6.5659     33.2984   
11.2419    8.1150    
1.1887     29.5956   
1.3379     22.7915   
6.0378     15.4750   
3.0490     28.3740   

# Frame480

# x        y
6.5658     33.2983   
11.2419    8.1150    
1.1887     29.5956   
1.3379     22.7915   
6.0378     15.4750   
3.0490     28.3740   

# Frame481

# x        y
6.5657     33.2982   
11.2419    8.1150    
1.1887     29.5956   
1.3379     22.7915   
6.0378     15.4750   
3.0490     28.3740   

# Frame482

# x        y
6.5656     33.2982   
11.2419    8.1150    
1.1887     29.5956   
1.3379     22.7915   
6.0378     15.4750   
3.0490     28.3740   

# Frame483

# x        y
6.5655     33.2981   
11.2419    8.1150    
1.1887     29.5956   
1.3379     22.7915   
6.0378     15.4750   
3.0490     28.3740   

# Frame484

# x        y
6.5654     33.2981   
11.2419    8.1150    
1.1887     29.5956   
1.3379     22.7915   
6.0378     15.4750   
3.0490     28.3740   

# Frame485

# x        y
6.5652     33.2980   
11.2419    8.1150    
1.1887     29.5956   
1.3379     22.7915   
6.0378     15.4750   
3.0490     28.3740   

# Frame486

# x        y
6.5651     33.2979   
11.2419    8.1150    
1.1887     29.5956   
1.3379     22.7915   
6.0378     15.4750   
3.0490     28.3740   

# Frame487

# x        y
6.5650     33.2979   
11.2419    8.1150    
1.1887     29.5956   
1.3379     22.7915   
6.0378     15.4750   
3.0490     28.3740   

# Frame488

# x        y
6.5649     33.2978   
11.2419    8.1150    
1.1887     29.5956   
1.3379     22.7915   
6.0378     15.4750   
3.0490     28.3740   

# Frame489

# x        y
6.5648     33.2978   
11.2419    8.1150    
1.1887     29.5956   
1.3379     22.7915   
6.0378     15.4750   
3.0490     28.3740   

# Frame490

# x        y
6.5647     33.2977   
11.2419    8.1150    
1.1887     29.5956   
1.3379     22.7915   
6.0378     15.4750   
3.0490     28.3740   

# Frame491

# x        y
6.5646     33.2977   
11.2419    8.1150    
1.1887     29.5956   
1.3379     22.7915   
6.0378     15.4750   
3.0490     28.3740   

# Frame492

# x        y
6.5646     33.2976   
11.2419    8.1150    
1.1887     29.5956   
1.3379     22.7915   
6.0378     15.4750   
3.0490     28.3740   

# Frame493

# x        y
6.5645     33.2975   
11.2419    8.1150    
1.1887     29.5956   
1.3379     22.7915   
6.0378     15.4750   
3.0490     28.3740   

# Frame494

# x        y
6.5644     33.2975   
11.2419    8.1150    
1.1887     29.5956   
1.3379     22.7915   
6.0378     15.4750   
3.0490     28.3740   

# Frame495

# x        y
6.5643     33.2974   
11.2419    8.1150    
1.1887     29.5956   
1.3379     22.7915   
6.0378     15.4750   
3.0490     28.3740   

# Frame496

# x        y
6.5642     33.2974   
11.2419    8.1150    
1.1887     29.5956   
1.3379     22.7915   
6.0378     15.4750   
3.0490     28.3740   

# Frame497

