# x        y
15.2759    30.7931   
17.1626    17.2142   
2.3174     14.8856   
14.0844    29.1935   
13.9960    8.8156    
6.7675     36.0060   

# Frame1

# x        y
15.7438    32.7376   
17.1626    17.2142   
2.3174     14.8856   
14.0844    29.1935   
13.9960    8.8156    
6.7675     36.0060   

# Frame2

# x        y
16.2039    34.6497   
17.1626    17.2142   
2.3174     14.8856   
14.0844    29.1935   
13.9960    8.8156    
6.7675     36.0060   

# Frame3

# x        y
16.6564    36.5299   
17.1626    17.2142   
2.3174     14.8856   
14.0844    29.1935   
13.9960    8.8156    
6.7675     36.0060   

# Frame4

# x        y
17.1013    38.3787   
17.1626    17.2142   
2.3174     14.8856   
14.0844    29.1935   
13.9960    8.8156    
6.7675     36.0060   

# Frame5

# x        y
17.4428    38.3997   
17.1626    17.2142   
2.3174     14.8856   
14.0844    29.1935   
13.9960    8.8156    
6.7675     36.0060   

# Frame6

# x        y
17.7291    37.5058   
17.1626    17.2142   
2.3174     14.8856   
14.0844    29.1935   
13.9960    8.8156    
6.7675     36.0060   

# Frame7

# x        y
18.0106    36.6268   
17.1626    17.2142   
2.3174     14.8856   
14.0844    29.1935   
13.9960    8.8156    
6.7675     36.0060   

# Frame8

# x        y
18.2874    35.7625   
17.1626    17.2142   
2.3174     14.8856   
14.0844    29.1935   
13.9960    8.8156    
6.7675     36.0060   

# Frame9

# x        y
18.5595    34.9126   
17.1626    17.2142   
2.3174     14.8856   
14.0844    29.1935   
13.9960    8.8156    
6.7675     36.0060   

# Frame10

# x        y
18.8272    34.0768   
17.1626    17.2142   
2.3174     14.8856   
14.0844    29.1935   
13.9960    8.8156    
6.7675     36.0060   

# Frame11

# x        y
18.9529    33.3184   
17.1626    17.2142   
2.3174     14.8856   
14.0844    29.1935   
13.9960    8.8156    
6.7675     36.0060   

# Frame12

# x        y
18.8235    32.7025   
17.1626    17.2142   
2.3174     14.8856   
14.0844    29.1935   
13.9960    8.8156    
6.7675     36.0060   

# Frame13

# x        y
18.6963    32.0969   
17.1626    17.2142   
2.3174     14.8856   
14.0844    29.1935   
13.9960    8.8156    
6.7675     36.0060   

# Frame14

# x        y
18.5712    31.5013   
17.1626    17.2142   
2.3174     14.8856   
14.0844    29.1935   
13.9960    8.8156    
6.7675     36.0060   

# Frame15

# x        y
18.4481    30.9157   
17.1626    17.2142   
2.3174     14.8856   
14.0844    29.1935   
13.9960    8.8156    
6.7675     36.0060   

# Frame16

# x        y
18.3272    30.3399   
17.1626    17.2142   
2.3174     14.8856   
14.0844    29.1935   
13.9960    8.8156    
6.7675     36.0060   

# Frame17

# x        y
18.2082    29.7736   
17.1626    17.2142   
2.3174     14.8856   
14.0844    29.1935   
13.9960    8.8156    
6.7675     36.0060   

# Frame18

# x        y
18.0912    29.2168   
17.1626    17.2142   
2.3174     14.8856   
14.0844    29.1935   
13.9960    8.8156    
6.7675     36.0060   

# Frame19

# x        y
17.9762    28.6693   
17.1626    17.2142   
2.3174     14.8856   
14.0844    29.1935   
13.9960    8.8156    
6.7675     36.0060   

# Frame20

# x        y
17.8631    28.1309   
17.1626    17.2142   
2.3174     14.8856   
14.0844    29.1935   
13.9960    8.8156    
6.7675     36.0060   

# Frame21

# x        y
17.7518    27.6014   
17.1626    17.2142   
2.3174     14.8856   
14.0844    29.1935   
13.9960    8.8156    
6.7675     36.0060   

# Frame22

# x        y
17.6424    27.0808   
17.1626    17.2142   
2.3174     14.8856   
14.0844    29.1935   
13.9960    8.8156    
6.7675     36.0060   

# Frame23

# x        y
17.5349    26.5689   
17.1626    17.2142   
2.3174     14.8856   
14.0844    29.1935   
13.9960    8.8156    
6.7675     36.0060   

# Frame24

# x        y
17.4291    26.0655   
17.1626    17.2142   
2.3174     14.8856   
14.0844    29.1935   
13.9960    8.8156    
6.7675     36.0060   

# Frame25

# x        y
17.3251    25.5704   
17.1626    17.2142   
2.3174     14.8856   
14.0844    29.1935   
13.9960    8.8156    
6.7675     36.0060   

# Frame26

# x        y
17.2228    25.0837   
17.1626    17.2142   
2.3174     14.8856   
14.0844    29.1935   
13.9960    8.8156    
6.7675     36.0060   

# Frame27

# x        y
17.1223    24.6050   
17.1626    17.2142   
2.3174     14.8856   
14.0844    29.1935   
13.9960    8.8156    
6.7675     36.0060   

# Frame28

# x        y
17.0234    24.1344   
17.1626    17.2142   
2.3174     14.8856   
14.0844    29.1935   
13.9960    8.8156    
6.7675     36.0060   

# Frame29

# x        y
16.9262    23.6715   
17.1626    17.2142   
2.3174     14.8856   
14.0844    29.1935   
13.9960    8.8156    
6.7675     36.0060   

# Frame30

# x        y
16.8305    23.2164   
17.1626    17.2142   
2.3174     14.8856   
14.0844    29.1935   
13.9960    8.8156    
6.7675     36.0060   

# Frame31

# x        y
16.7365    22.7689   
17.1626    17.2142   
2.3174     14.8856   
14.0844    29.1935   
13.9960    8.8156    
6.7675     36.0060   

# Frame32

# x        y
16.6441    22.3288   
17.1626    17.2142   
2.3174     14.8856   
14.0844    29.1935   
13.9960    8.8156    
6.7675     36.0060   

# Frame33

# x        y
16.5531    21.8961   
17.1626    17.2142   
2.3174     14.8856   
14.0844    29.1935   
13.9960    8.8156    
6.7675     36.0060   

# Frame34

# x        y
16.4637    21.4706   
17.1626    17.2142   
2.3174     14.8856   
14.0844    29.1935   
13.9960    8.8156    
6.7675     36.0060   

# Frame35

# x        y
16.3758    21.0521   
17.1626    17.2142   
2.3174     14.8856   
14.0844    29.1935   
13.9960    8.8156    
6.7675     36.0060   

# Frame36

# x        y
16.2894    20.6407   
17.1626    17.2142   
2.3174     14.8856   
14.0844    29.1935   
13.9960    8.8156    
6.7675     36.0060   

# Frame37

# x        y
16.2044    20.2361   
17.1626    17.2142   
2.3174     14.8856   
14.0844    29.1935   
13.9960    8.8156    
6.7675     36.0060   

# Frame38

# x        y
16.1208    19.8382   
17.1626    17.2142   
2.3174     14.8856   
14.0844    29.1935   
13.9960    8.8156    
6.7675     36.0060   

# Frame39

# x        y
16.0386    19.4470   
17.1626    17.2142   
2.3174     14.8856   
14.0844    29.1935   
13.9960    8.8156    
6.7675     36.0060   

# Frame40

# x        y
15.9578    19.0623   
17.1626    17.2142   
2.3174     14.8856   
14.0844    29.1935   
13.9960    8.8156    
6.7675     36.0060   

# Frame41

# x        y
15.8605    18.7081   
17.1803    17.1900   
2.3174     14.8856   
14.0844    29.1935   
13.9960    8.8156    
6.7675     36.0060   

# Frame42

# x        y
15.6789    18.4796   
17.2838    17.0465   
2.3174     14.8856   
14.0844    29.1935   
13.9960    8.8156    
6.7675     36.0060   

# Frame43

# x        y
15.5003    18.2550   
17.3855    16.9054   
2.3174     14.8856   
14.0844    29.1935   
13.9960    8.8156    
6.7675     36.0060   

# Frame44

# x        y
15.3247    18.0341   
17.4855    16.7666   
2.3174     14.8856   
14.0844    29.1935   
13.9960    8.8156    
6.7675     36.0060   

# Frame45

# x        y
15.1520    17.8168   
17.5839    16.6301   
2.3174     14.8856   
14.0844    29.1935   
13.9960    8.8156    
6.7675     36.0060   

# Frame46

# x        y
14.9823    17.6032   
17.6806    16.4959   
2.3174     14.8856   
14.0844    29.1935   
13.9960    8.8156    
6.7675     36.0060   

# Frame47

# x        y
14.8153    17.3932   
17.7757    16.3640   
2.3174     14.8856   
14.0844    29.1935   
13.9960    8.8156    
6.7675     36.0060   

# Frame48

# x        y
14.6511    17.1866   
17.8693    16.2342   
2.3174     14.8856   
14.0844    29.1935   
13.9960    8.8156    
6.7675     36.0060   

# Frame49

# x        y
14.4897    16.9835   
17.9612    16.1066   
2.3174     14.8856   
14.0844    29.1935   
13.9960    8.8156    
6.7675     36.0060   

# Frame50

# x        y
14.3309    16.7838   
18.0516    15.9812   
2.3174     14.8856   
14.0844    29.1935   
13.9960    8.8156    
6.7675     36.0060   

# Frame51

# x        y
14.1748    16.5874   
18.1406    15.8578   
2.3174     14.8856   
14.0844    29.1935   
13.9960    8.8156    
6.7675     36.0060   

# Frame52

# x        y
14.0213    16.3943   
18.2280    15.7365   
2.3174     14.8856   
14.0844    29.1935   
13.9960    8.8156    
6.7675     36.0060   

# Frame53

# x        y
13.8704    16.2044   
18.3140    15.6172   
2.3174     14.8856   
14.0844    29.1935   
13.9960    8.8156    
6.7675     36.0060   

# Frame54

# x        y
13.7219    16.0177   
18.3986    15.4998   
2.3174     14.8856   
14.0844    29.1935   
13.9960    8.8156    
6.7675     36.0060   

# Frame55

# x        y
13.5760    15.8341   
18.4817    15.3845   
2.3174     14.8856   
14.0844    29.1935   
13.9960    8.8156    
6.7675     36.0060   

# Frame56

# x        y
13.4324    15.6535   
18.5635    15.2711   
2.3174     14.8856   
14.0844    29.1935   
13.9960    8.8156    
6.7675     36.0060   

# Frame57

# x        y
13.2913    15.4759   
18.6438    15.1595   
2.3174     14.8856   
14.0844    29.1935   
13.9960    8.8156    
6.7675     36.0060   

# Frame58

# x        y
13.1525    15.3014   
18.7229    15.0498   
2.3174     14.8856   
14.0844    29.1935   
13.9960    8.8156    
6.7675     36.0060   

# Frame59

# x        y
13.0161    15.1297   
18.8006    14.9420   
2.3174     14.8856   
14.0844    29.1935   
13.9960    8.8156    
6.7675     36.0060   

# Frame60

# x        y
12.8819    14.9608   
18.8771    14.8359   
2.3174     14.8856   
14.0844    29.1935   
13.9960    8.8156    
6.7675     36.0060   

# Frame61

# x        y
12.7499    14.7948   
18.9522    14.7316   
2.3174     14.8856   
14.0844    29.1935   
13.9960    8.8156    
6.7675     36.0060   

# Frame62

# x        y
12.6201    14.6316   
18.9850    14.6377   
2.3174     14.8856   
14.0844    29.1935   
13.9960    8.8156    
6.7675     36.0060   

# Frame63

# x        y
12.4926    14.4711   
18.9487    14.5664   
2.3174     14.8856   
14.0844    29.1935   
13.9960    8.8156    
6.7675     36.0060   

# Frame64

# x        y
12.3671    14.3132   
18.9130    14.4964   
2.3174     14.8856   
14.0844    29.1935   
13.9960    8.8156    
6.7675     36.0060   

# Frame65

# x        y
12.2437    14.1580   
18.8778    14.4275   
2.3174     14.8856   
14.0844    29.1935   
13.9960    8.8156    
6.7675     36.0060   

# Frame66

# x        y
12.1224    14.0054   
18.8433    14.3598   
2.3174     14.8856   
14.0844    29.1935   
13.9960    8.8156    
6.7675     36.0060   

# Frame67

# x        y
12.0031    13.8553   
18.8093    14.2931   
2.3174     14.8856   
14.0844    29.1935   
13.9960    8.8156    
6.7675     36.0060   

# Frame68

# x        y
11.8858    13.7077   
18.7759    14.2276   
2.3174     14.8856   
14.0844    29.1935   
13.9960    8.8156    
6.7675     36.0060   

# Frame69

# x        y
11.7704    13.5626   
18.7430    14.1632   
2.3174     14.8856   
14.0844    29.1935   
13.9960    8.8156    
6.7675     36.0060   

# Frame70

# x        y
11.6570    13.4199   
18.7107    14.0999   
2.3174     14.8856   
14.0844    29.1935   
13.9960    8.8156    
6.7675     36.0060   

# Frame71

# x        y
11.5454    13.2796   
18.6789    14.0376   
2.3174     14.8856   
14.0844    29.1935   
13.9960    8.8156    
6.7675     36.0060   

# Frame72

# x        y
11.4358    13.1416   
18.6477    13.9764   
2.3174     14.8856   
14.0844    29.1935   
13.9960    8.8156    
6.7675     36.0060   

# Frame73

# x        y
11.3279    13.0059   
18.6170    13.9162   
2.3174     14.8856   
14.0844    29.1935   
13.9960    8.8156    
6.7675     36.0060   

# Frame74

# x        y
11.2218    12.8725   
18.5868    13.8569   
2.3174     14.8856   
14.0844    29.1935   
13.9960    8.8156    
6.7675     36.0060   

# Frame75

# x        y
11.1176    12.7413   
18.5571    13.7987   
2.3174     14.8856   
14.0844    29.1935   
13.9960    8.8156    
6.7675     36.0060   

# Frame76

# x        y
11.0150    12.6123   
18.5279    13.7415   
2.3174     14.8856   
14.0844    29.1935   
13.9960    8.8156    
6.7675     36.0060   

# Frame77

# x        y
10.9142    12.4854   
18.4991    13.6851   
2.3174     14.8856   
14.0844    29.1935   
13.9960    8.8156    
6.7675     36.0060   

# Frame78

# x        y
10.8150    12.3606   
18.4709    13.6298   
2.3174     14.8856   
14.0844    29.1935   
13.9960    8.8156    
6.7675     36.0060   

# Frame79

# x        y
10.7175    12.2380   
18.4431    13.5753   
2.3174     14.8856   
14.0844    29.1935   
13.9960    8.8156    
6.7675     36.0060   

# Frame80

# x        y
10.6216    12.1173   
18.4158    13.5218   
2.3174     14.8856   
14.0844    29.1935   
13.9960    8.8156    
6.7675     36.0060   

# Frame81

# x        y
10.5273    11.9987   
18.3890    13.4692   
2.3174     14.8856   
14.0844    29.1935   
13.9960    8.8156    
6.7675     36.0060   

# Frame82

# x        y
10.4346    11.8821   
18.3626    13.4174   
2.3174     14.8856   
14.0844    29.1935   
13.9960    8.8156    
6.7675     36.0060   

# Frame83

# x        y
10.3434    11.7674   
18.3366    13.3665   
2.3174     14.8856   
14.0844    29.1935   
13.9960    8.8156    
6.7675     36.0060   

# Frame84

# x        y
10.2538    11.6546   
18.3111    13.3164   
2.3174     14.8856   
14.0844    29.1935   
13.9960    8.8156    
6.7675     36.0060   

# Frame85

# x        y
10.1656    11.5437   
18.2859    13.2672   
2.3174     14.8856   
14.0844    29.1935   
13.9960    8.8156    
6.7675     36.0060   

# Frame86

# x        y
10.0789    11.4347   
18.2613    13.2188   
2.3174     14.8856   
14.0844    29.1935   
13.9960    8.8156    
6.7675     36.0060   

# Frame87

# x        y
9.9937     11.3274   
18.2370    13.1712   
2.3174     14.8856   
14.0844    29.1935   
13.9960    8.8156    
6.7675     36.0060   

# Frame88

# x        y
9.9099     11.2220   
18.2131    13.1244   
2.3174     14.8856   
14.0844    29.1935   
13.9960    8.8156    
6.7675     36.0060   

# Frame89

# x        y
9.8275     11.1183   
18.1896    13.0784   
2.3174     14.8856   
14.0844    29.1935   
13.9960    8.8156    
6.7675     36.0060   

# Frame90

# x        y
9.7464     11.0163   
18.1665    13.0331   
2.3174     14.8856   
14.0844    29.1935   
13.9960    8.8156    
6.7675     36.0060   

# Frame91

# x        y
9.6667     10.9160   
18.1438    12.9886   
2.3174     14.8856   
14.0844    29.1935   
13.9960    8.8156    
6.7675     36.0060   

# Frame92

# x        y
9.5883     10.8174   
18.1215    12.9449   
2.3174     14.8856   
14.0844    29.1935   
13.9960    8.8156    
6.7675     36.0060   

# Frame93

# x        y
9.5113     10.7205   
18.0996    12.9018   
2.3174     14.8856   
14.0844    29.1935   
13.9960    8.8156    
6.7675     36.0060   

# Frame94

# x        y
9.4355     10.6252   
18.0780    12.8595   
2.3174     14.8856   
14.0844    29.1935   
13.9960    8.8156    
6.7675     36.0060   

# Frame95

# x        y
9.3610     10.5314   
18.0568    12.8179   
2.3174     14.8856   
14.0844    29.1935   
13.9960    8.8156    
6.7675     36.0060   

# Frame96

# x        y
9.2877     10.4392   
18.0359    12.7770   
2.3174     14.8856   
14.0844    29.1935   
13.9960    8.8156    
6.7675     36.0060   

# Frame97

# x        y
9.2156     10.3486   
18.0154    12.7368   
2.3174     14.8856   
14.0844    29.1935   
13.9960    8.8156    
6.7675     36.0060   

# Frame98

# x        y
9.1448     10.2594   
17.9952    12.6972   
2.3174     14.8856   
14.0844    29.1935   
13.9960    8.8156    
6.7675     36.0060   

# Frame99

# x        y
9.0751     10.1718   
17.9754    12.6583   
2.3174     14.8856   
14.0844    29.1935   
13.9960    8.8156    
6.7675     36.0060   

# Frame100

# x        y
9.0066     10.0856   
17.9558    12.6201   
2.3174     14.8856   
14.0844    29.1935   
13.9960    8.8156    
6.7675     36.0060   

# Frame101

# x        y
8.9392     10.0008   
17.9366    12.5824   
2.3174     14.8856   
14.0844    29.1935   
13.9960    8.8156    
6.7675     36.0060   

# Frame102

# x        y
8.8730     9.9175    
17.9178    12.5455   
2.3174     14.8856   
14.0844    29.1935   
13.9960    8.8156    
6.7675     36.0060   

# Frame103

# x        y
8.8079     9.8356    
17.8992    12.5091   
2.3174     14.8856   
14.0844    29.1935   
13.9960    8.8156    
6.7675     36.0060   

# Frame104

# x        y
8.7438     9.7550    
17.8810    12.4733   
2.3174     14.8856   
14.0844    29.1935   
13.9960    8.8156    
6.7675     36.0060   

# Frame105

# x        y
8.6808     9.6757    
17.8630    12.4381   
2.3174     14.8856   
14.0844    29.1935   
13.9960    8.8156    
6.7675     36.0060   

# Frame106

# x        y
8.6189     9.5978    
17.8454    12.4036   
2.3174     14.8856   
14.0844    29.1935   
13.9960    8.8156    
6.7675     36.0060   

# Frame107

# x        y
8.5580     9.5212    
17.8281    12.3696   
2.3174     14.8856   
14.0844    29.1935   
13.9960    8.8156    
6.7675     36.0060   

# Frame108

# x        y
8.4981     9.4458    
17.8110    12.3361   
2.3174     14.8856   
14.0844    29.1935   
13.9960    8.8156    
6.7675     36.0060   

# Frame109

# x        y
8.4392     9.3717    
17.7942    12.3032   
2.3174     14.8856   
14.0844    29.1935   
13.9960    8.8156    
6.7675     36.0060   

# Frame110

# x        y
8.3813     9.2989    
17.7777    12.2709   
2.3174     14.8856   
14.0844    29.1935   
13.9960    8.8156    
6.7675     36.0060   

# Frame111

# x        y
8.3243     9.2272    
17.7615    12.2391   
2.3174     14.8856   
14.0844    29.1935   
13.9960    8.8156    
6.7675     36.0060   

# Frame112

# x        y
8.2683     9.1568    
17.7456    12.2078   
2.3174     14.8856   
14.0844    29.1935   
13.9960    8.8156    
6.7675     36.0060   

# Frame113

# x        y
8.2133     9.0875    
17.7299    12.1771   
2.3174     14.8856   
14.0844    29.1935   
13.9960    8.8156    
6.7675     36.0060   

# Frame114

# x        y
8.1591     9.0194    
17.7145    12.1469   
2.3174     14.8856   
14.0844    29.1935   
13.9960    8.8156    
6.7675     36.0060   

# Frame115

# x        y
8.1059     8.9524    
17.6993    12.1171   
2.3174     14.8856   
14.0844    29.1935   
13.9960    8.8156    
6.7675     36.0060   

# Frame116

# x        y
8.0535     8.8865    
17.6844    12.0879   
2.3174     14.8856   
14.0844    29.1935   
13.9960    8.8156    
6.7675     36.0060   

# Frame117

# x        y
8.0020     8.8218    
17.6697    12.0591   
2.3174     14.8856   
14.0844    29.1935   
13.9960    8.8156    
6.7675     36.0060   

# Frame118

# x        y
7.9514     8.7581    
17.6553    12.0309   
2.3174     14.8856   
14.0844    29.1935   
13.9960    8.8156    
6.7675     36.0060   

# Frame119

# x        y
7.9016     8.6955    
17.6411    12.0031   
2.3174     14.8856   
14.0844    29.1935   
13.9960    8.8156    
6.7675     36.0060   

# Frame120

# x        y
7.8527     8.6339    
17.6272    11.9757   
2.3174     14.8856   
14.0844    29.1935   
13.9960    8.8156    
6.7675     36.0060   

# Frame121

# x        y
7.8045     8.5733    
17.6135    11.9489   
2.3174     14.8856   
14.0844    29.1935   
13.9960    8.8156    
6.7675     36.0060   

# Frame122

# x        y
7.7572     8.5138    
17.6000    11.9224   
2.3174     14.8856   
14.0844    29.1935   
13.9960    8.8156    
6.7675     36.0060   

# Frame123

# x        y
7.7106     8.4552    
17.5867    11.8965   
2.3174     14.8856   
14.0844    29.1935   
13.9960    8.8156    
6.7675     36.0060   

# Frame124

# x        y
7.6649     8.3976    
17.5737    11.8709   
2.3174     14.8856   
14.0844    29.1935   
13.9960    8.8156    
6.7675     36.0060   

# Frame125

# x        y
7.6199     8.3410    
17.5609    11.8458   
2.3174     14.8856   
14.0844    29.1935   
13.9960    8.8156    
6.7675     36.0060   

# Frame126

# x        y
7.5756     8.2853    
17.5483    11.8211   
2.3174     14.8856   
14.0844    29.1935   
13.9960    8.8156    
6.7675     36.0060   

# Frame127

# x        y
7.5321     8.2306    
17.5359    11.7968   
2.3174     14.8856   
14.0844    29.1935   
13.9960    8.8156    
6.7675     36.0060   

# Frame128

# x        y
7.4893     8.1767    
17.5237    11.7729   
2.3174     14.8856   
14.0844    29.1935   
13.9960    8.8156    
6.7675     36.0060   

# Frame129

# x        y
7.4472     8.1238    
17.5117    11.7494   
2.3174     14.8856   
14.0844    29.1935   
13.9960    8.8156    
6.7675     36.0060   

# Frame130

# x        y
7.4058     8.0717    
17.4999    11.7263   
2.3174     14.8856   
14.0844    29.1935   
13.9960    8.8156    
6.7675     36.0060   

# Frame131

# x        y
7.3651     8.0206    
17.4883    11.7035   
2.3174     14.8856   
14.0844    29.1935   
13.9960    8.8156    
6.7675     36.0060   

# Frame132

# x        y
7.3251     7.9702    
17.4769    11.6812   
2.3174     14.8856   
14.0844    29.1935   
13.9960    8.8156    
6.7675     36.0060   

# Frame133

# x        y
7.2858     7.9207    
17.4657    11.6592   
2.3174     14.8856   
14.0844    29.1935   
13.9960    8.8156    
6.7675     36.0060   

# Frame134

# x        y
7.2471     7.8721    
17.4547    11.6376   
2.3174     14.8856   
14.0844    29.1935   
13.9960    8.8156    
6.7675     36.0060   

# Frame135

# x        y
7.2091     7.8242    
17.4439    11.6164   
2.3174     14.8856   
14.0844    29.1935   
13.9960    8.8156    
6.7675     36.0060   

# Frame136

# x        y
7.1716     7.7771    
17.4332    11.5955   
2.3174     14.8856   
14.0844    29.1935   
13.9960    8.8156    
6.7675     36.0060   

# Frame137

# x        y
7.1349     7.7308    
17.4227    11.5750   
2.3174     14.8856   
14.0844    29.1935   
13.9960    8.8156    
6.7675     36.0060   

# Frame138

# x        y
7.0987     7.6853    
17.4124    11.5548   
2.3174     14.8856   
14.0844    29.1935   
13.9960    8.8156    
6.7675     36.0060   

# Frame139

# x        y
7.0631     7.6406    
17.4023    11.5349   
2.3174     14.8856   
14.0844    29.1935   
13.9960    8.8156    
6.7675     36.0060   

# Frame140

# x        y
7.0281     7.5966    
17.3923    11.5154   
2.3174     14.8856   
14.0844    29.1935   
13.9960    8.8156    
6.7675     36.0060   

# Frame141

# x        y
6.9937     7.5533    
17.3825    11.4962   
2.3174     14.8856   
14.0844    29.1935   
13.9960    8.8156    
6.7675     36.0060   

# Frame142

# x        y
6.9599     7.5108    
17.3729    11.4773   
2.3174     14.8856   
14.0844    29.1935   
13.9960    8.8156    
6.7675     36.0060   

# Frame143

# x        y
6.9267     7.4689    
17.3634    11.4587   
2.3174     14.8856   
14.0844    29.1935   
13.9960    8.8156    
6.7675     36.0060   

# Frame144

# x        y
6.8940     7.4278    
17.3541    11.4405   
2.3174     14.8856   
14.0844    29.1935   
13.9960    8.8156    
6.7675     36.0060   

# Frame145

# x        y
6.8618     7.3873    
17.3450    11.4225   
2.3174     14.8856   
14.0844    29.1935   
13.9960    8.8156    
6.7675     36.0060   

# Frame146

# x        y
6.8302     7.3475    
17.3359    11.4048   
2.3174     14.8856   
14.0844    29.1935   
13.9960    8.8156    
6.7675     36.0060   

# Frame147

# x        y
6.7991     7.3084    
17.3271    11.3875   
2.3174     14.8856   
14.0844    29.1935   
13.9960    8.8156    
6.7675     36.0060   

# Frame148

# x        y
6.7685     7.2700    
17.3184    11.3704   
2.3174     14.8856   
14.0844    29.1935   
13.9960    8.8156    
6.7675     36.0060   

# Frame149

# x        y
6.7384     7.2321    
17.3098    11.3536   
2.3174     14.8856   
14.0844    29.1935   
13.9960    8.8156    
6.7675     36.0060   

# Frame150

# x        y
6.7089     7.1949    
17.3014    11.3371   
2.3174     14.8856   
14.0844    29.1935   
13.9960    8.8156    
6.7675     36.0060   

# Frame151

# x        y
6.6798     7.1584    
17.2931    11.3209   
2.3174     14.8856   
14.0844    29.1935   
13.9960    8.8156    
6.7675     36.0060   

# Frame152

# x        y
6.6512     7.1224    
17.2850    11.3049   
2.3174     14.8856   
14.0844    29.1935   
13.9960    8.8156    
6.7675     36.0060   

# Frame153

# x        y
6.6231     7.0870    
17.2770    11.2892   
2.3174     14.8856   
14.0844    29.1935   
13.9960    8.8156    
6.7675     36.0060   

# Frame154

# x        y
6.5955     7.0522    
17.2691    11.2738   
2.3174     14.8856   
14.0844    29.1935   
13.9960    8.8156    
6.7675     36.0060   

# Frame155

# x        y
6.5683     7.0181    
17.2614    11.2586   
2.3174     14.8856   
14.0844    29.1935   
13.9960    8.8156    
6.7675     36.0060   

# Frame156

# x        y
6.5415     6.9844    
17.2537    11.2437   
2.3174     14.8856   
14.0844    29.1935   
13.9960    8.8156    
6.7675     36.0060   

# Frame157

# x        y
6.5153     6.9514    
17.2463    11.2290   
2.3174     14.8856   
14.0844    29.1935   
13.9960    8.8156    
6.7675     36.0060   

# Frame158

# x        y
6.4894     6.9188    
17.2389    11.2146   
2.3174     14.8856   
14.0844    29.1935   
13.9960    8.8156    
6.7675     36.0060   

# Frame159

# x        y
6.4640     6.8869    
17.2317    11.2004   
2.3174     14.8856   
14.0844    29.1935   
13.9960    8.8156    
6.7675     36.0060   

# Frame160

# x        y
6.4390     6.8554    
17.2245    11.1864   
2.3174     14.8856   
14.0844    29.1935   
13.9960    8.8156    
6.7675     36.0060   

# Frame161

# x        y
6.4144     6.8245    
17.2175    11.1727   
2.3174     14.8856   
14.0844    29.1935   
13.9960    8.8156    
6.7675     36.0060   

# Frame162

# x        y
6.3903     6.7941    
17.2107    11.1592   
2.3174     14.8856   
14.0844    29.1935   
13.9960    8.8156    
6.7675     36.0060   

# Frame163

# x        y
6.3665     6.7642    
17.2039    11.1459   
2.3174     14.8856   
14.0844    29.1935   
13.9960    8.8156    
6.7675     36.0060   

# Frame164

# x        y
6.3431     6.7348    
17.1972    11.1329   
2.3174     14.8856   
14.0844    29.1935   
13.9960    8.8156    
6.7675     36.0060   

# Frame165

# x        y
6.3201     6.7059    
17.1907    11.1201   
2.3174     14.8856   
14.0844    29.1935   
13.9960    8.8156    
6.7675     36.0060   

# Frame166

# x        y
6.2976     6.6775    
17.1842    11.1074   
2.3174     14.8856   
14.0844    29.1935   
13.9960    8.8156    
6.7675     36.0060   

# Frame167

# x        y
6.2753     6.6495    
17.1779    11.0950   
2.3174     14.8856   
14.0844    29.1935   
13.9960    8.8156    
6.7675     36.0060   

# Frame168

# x        y
6.2535     6.6220    
17.1717    11.0828   
2.3174     14.8856   
14.0844    29.1935   
13.9960    8.8156    
6.7675     36.0060   

# Frame169

# x        y
6.2320     6.5950    
17.1656    11.0708   
2.3174     14.8856   
14.0844    29.1935   
13.9960    8.8156    
6.7675     36.0060   

# Frame170

# x        y
6.2109     6.5684    
17.1596    11.0591   
2.3174     14.8856   
14.0844    29.1935   
13.9960    8.8156    
6.7675     36.0060   

# Frame171

# x        y
6.1901     6.5423    
17.1536    11.0475   
2.3174     14.8856   
14.0844    29.1935   
13.9960    8.8156    
6.7675     36.0060   

# Frame172

# x        y
6.1697     6.5166    
17.1478    11.0360   
2.3174     14.8856   
14.0844    29.1935   
13.9960    8.8156    
6.7675     36.0060   

# Frame173

# x        y
6.1496     6.4913    
17.1421    11.0248   
2.3174     14.8856   
14.0844    29.1935   
13.9960    8.8156    
6.7675     36.0060   

# Frame174

# x        y
6.1298     6.4665    
17.1365    11.0138   
2.3174     14.8856   
14.0844    29.1935   
13.9960    8.8156    
6.7675     36.0060   

# Frame175

# x        y
6.1104     6.4420    
17.1309    11.0030   
2.3174     14.8856   
14.0844    29.1935   
13.9960    8.8156    
6.7675     36.0060   

# Frame176

# x        y
6.0913     6.4180    
17.1255    10.9923   
2.3174     14.8856   
14.0844    29.1935   
13.9960    8.8156    
6.7675     36.0060   

# Frame177

# x        y
6.0725     6.3944    
17.1202    10.9818   
2.3174     14.8856   
14.0844    29.1935   
13.9960    8.8156    
6.7675     36.0060   

# Frame178

# x        y
6.0541     6.3712    
17.1149    10.9715   
2.3174     14.8856   
14.0844    29.1935   
13.9960    8.8156    
6.7675     36.0060   

# Frame179

# x        y
6.0359     6.3483    
17.1097    10.9614   
2.3174     14.8856   
14.0844    29.1935   
13.9960    8.8156    
6.7675     36.0060   

# Frame180

# x        y
6.0180     6.3258    
17.1046    10.9514   
2.3174     14.8856   
14.0844    29.1935   
13.9960    8.8156    
6.7675     36.0060   

# Frame181

# x        y
6.0005     6.3038    
17.0996    10.9416   
2.3174     14.8856   
14.0844    29.1935   
13.9960    8.8156    
6.7675     36.0060   

# Frame182

# x        y
5.9832     6.2820    
17.0947    10.9319   
2.3174     14.8856   
14.0844    29.1935   
13.9960    8.8156    
6.7675     36.0060   

# Frame183

# x        y
5.9662     6.2607    
17.0899    10.9225   
2.3174     14.8856   
14.0844    29.1935   
13.9960    8.8156    
6.7675     36.0060   

# Frame184

# x        y
5.9495     6.2397    
17.0851    10.9131   
2.3174     14.8856   
14.0844    29.1935   
13.9960    8.8156    
6.7675     36.0060   

# Frame185

# x        y
5.9331     6.2190    
17.0804    10.9040   
2.3174     14.8856   
14.0844    29.1935   
13.9960    8.8156    
6.7675     36.0060   

# Frame186

# x        y
5.9170     6.1987    
17.0758    10.8950   
2.3174     14.8856   
14.0844    29.1935   
13.9960    8.8156    
6.7675     36.0060   

# Frame187

# x        y
5.9011     6.1787    
17.0713    10.8861   
2.3174     14.8856   
14.0844    29.1935   
13.9960    8.8156    
6.7675     36.0060   

# Frame188

# x        y
5.8855     6.1591    
17.0669    10.8774   
2.3174     14.8856   
14.0844    29.1935   
13.9960    8.8156    
6.7675     36.0060   

# Frame189

# x        y
5.8701     6.1398    
17.0625    10.8688   
2.3174     14.8856   
14.0844    29.1935   
13.9960    8.8156    
6.7675     36.0060   

# Frame190

# x        y
5.8550     6.1208    
17.0582    10.8604   
2.3174     14.8856   
14.0844    29.1935   
13.9960    8.8156    
6.7675     36.0060   

# Frame191

# x        y
5.8402     6.1021    
17.0540    10.8521   
2.3174     14.8856   
14.0844    29.1935   
13.9960    8.8156    
6.7675     36.0060   

# Frame192

# x        y
5.8256     6.0837    
17.0498    10.8439   
2.3174     14.8856   
14.0844    29.1935   
13.9960    8.8156    
6.7675     36.0060   

# Frame193

# x        y
5.8113     6.0657    
17.0457    10.8359   
2.3174     14.8856   
14.0844    29.1935   
13.9960    8.8156    
6.7675     36.0060   

# Frame194

# x        y
5.7971     6.0479    
17.0417    10.8280   
2.3174     14.8856   
14.0844    29.1935   
13.9960    8.8156    
6.7675     36.0060   

# Frame195

# x        y
5.7833     6.0305    
17.0378    10.8203   
2.3174     14.8856   
14.0844    29.1935   
13.9960    8.8156    
6.7675     36.0060   

# Frame196

# x        y
5.7696     6.0133    
17.0339    10.8127   
2.3174     14.8856   
14.0844    29.1935   
13.9960    8.8156    
6.7675     36.0060   

# Frame197

# x        y
5.7562     5.9964    
17.0301    10.8052   
2.3174     14.8856   
14.0844    29.1935   
13.9960    8.8156    
6.7675     36.0060   

# Frame198

# x        y
5.7430     5.9798    
17.0263    10.7978   
2.3174     14.8856   
14.0844    29.1935   
13.9960    8.8156    
6.7675     36.0060   

# Frame199

# x        y
5.7300     5.9635    
17.0226    10.7906   
2.3174     14.8856   
14.0844    29.1935   
13.9960    8.8156    
6.7675     36.0060   

# Frame200

# x        y
5.7173     5.9474    
17.0190    10.7834   
2.3174     14.8856   
14.0844    29.1935   
13.9960    8.8156    
6.7675     36.0060   

# Frame201

# x        y
5.7047     5.9317    
17.0154    10.7764   
2.3174     14.8856   
14.0844    29.1935   
13.9960    8.8156    
6.7675     36.0060   

# Frame202

# x        y
5.6924     5.9161    
17.0119    10.7695   
2.3174     14.8856   
14.0844    29.1935   
13.9960    8.8156    
6.7675     36.0060   

# Frame203

# x        y
5.6802     5.9009    
17.0084    10.7628   
2.3174     14.8856   
14.0844    29.1935   
13.9960    8.8156    
6.7675     36.0060   

# Frame204

# x        y
5.6683     5.8859    
17.0050    10.7561   
2.3174     14.8856   
14.0844    29.1935   
13.9960    8.8156    
6.7675     36.0060   

# Frame205

# x        y
5.6566     5.8711    
17.0017    10.7496   
2.3174     14.8856   
14.0844    29.1935   
13.9960    8.8156    
6.7675     36.0060   

# Frame206

# x        y
5.6451     5.8566    
16.9984    10.7431   
2.3174     14.8856   
14.0844    29.1935   
13.9960    8.8156    
6.7675     36.0060   

# Frame207

# x        y
5.6337     5.8423    
16.9952    10.7368   
2.3174     14.8856   
14.0844    29.1935   
13.9960    8.8156    
6.7675     36.0060   

# Frame208

# x        y
5.6226     5.8283    
16.9920    10.7306   
2.3174     14.8856   
14.0844    29.1935   
13.9960    8.8156    
6.7675     36.0060   

# Frame209

# x        y
5.6116     5.8145    
16.9889    10.7244   
2.3174     14.8856   
14.0844    29.1935   
13.9960    8.8156    
6.7675     36.0060   

# Frame210

# x        y
5.6008     5.8009    
16.9858    10.7184   
2.3174     14.8856   
14.0844    29.1935   
13.9960    8.8156    
6.7675     36.0060   

# Frame211

# x        y
5.5902     5.7876    
16.9828    10.7125   
2.3174     14.8856   
14.0844    29.1935   
13.9960    8.8156    
6.7675     36.0060   

# Frame212

# x        y
5.5798     5.7745    
16.9798    10.7067   
2.3174     14.8856   
14.0844    29.1935   
13.9960    8.8156    
6.7675     36.0060   

# Frame213

# x        y
5.5695     5.7616    
16.9769    10.7009   
2.3174     14.8856   
14.0844    29.1935   
13.9960    8.8156    
6.7675     36.0060   

# Frame214

# x        y
5.5594     5.7489    
16.9740    10.6953   
2.3174     14.8856   
14.0844    29.1935   
13.9960    8.8156    
6.7675     36.0060   

# Frame215

# x        y
5.5495     5.7364    
16.9712    10.6898   
2.3174     14.8856   
14.0844    29.1935   
13.9960    8.8156    
6.7675     36.0060   

# Frame216

# x        y
5.5398     5.7241    
16.9684    10.6843   
2.3174     14.8856   
14.0844    29.1935   
13.9960    8.8156    
6.7675     36.0060   

# Frame217

# x        y
5.5302     5.7121    
16.9657    10.6790   
2.3174     14.8856   
14.0844    29.1935   
13.9960    8.8156    
6.7675     36.0060   

# Frame218

# x        y
5.5207     5.7002    
16.9630    10.6737   
2.3174     14.8856   
14.0844    29.1935   
13.9960    8.8156    
6.7675     36.0060   

# Frame219

# x        y
5.5115     5.6885    
16.9604    10.6685   
2.3174     14.8856   
14.0844    29.1935   
13.9960    8.8156    
6.7675     36.0060   

# Frame220

# x        y
5.5024     5.6771    
16.9578    10.6634   
2.3174     14.8856   
14.0844    29.1935   
13.9960    8.8156    
6.7675     36.0060   

# Frame221

# x        y
5.4934     5.6658    
16.9552    10.6584   
2.3174     14.8856   
14.0844    29.1935   
13.9960    8.8156    
6.7675     36.0060   

# Frame222

# x        y
5.4846     5.6547    
16.9527    10.6535   
2.3174     14.8856   
14.0844    29.1935   
13.9960    8.8156    
6.7675     36.0060   

# Frame223

# x        y
5.4759     5.6438    
16.9502    10.6487   
2.3174     14.8856   
14.0844    29.1935   
13.9960    8.8156    
6.7675     36.0060   

# Frame224

# x        y
5.4674     5.6331    
16.9478    10.6439   
2.3174     14.8856   
14.0844    29.1935   
13.9960    8.8156    
6.7675     36.0060   

# Frame225

# x        y
5.4590     5.6225    
16.9454    10.6392   
2.3174     14.8856   
14.0844    29.1935   
13.9960    8.8156    
6.7675     36.0060   

# Frame226

# x        y
5.4508     5.6122    
16.9431    10.6346   
2.3174     14.8856   
14.0844    29.1935   
13.9960    8.8156    
6.7675     36.0060   

# Frame227

# x        y
5.4426     5.6020    
16.9408    10.6301   
2.3174     14.8856   
14.0844    29.1935   
13.9960    8.8156    
6.7675     36.0060   

# Frame228

# x        y
5.4347     5.5919    
16.9385    10.6257   
2.3174     14.8856   
14.0844    29.1935   
13.9960    8.8156    
6.7675     36.0060   

# Frame229

# x        y
5.4268     5.5821    
16.9362    10.6213   
2.3174     14.8856   
14.0844    29.1935   
13.9960    8.8156    
6.7675     36.0060   

# Frame230

# x        y
5.4191     5.5724    
16.9341    10.6170   
2.3174     14.8856   
14.0844    29.1935   
13.9960    8.8156    
6.7675     36.0060   

# Frame231

# x        y
5.4116     5.5629    
16.9319    10.6127   
2.3174     14.8856   
14.0844    29.1935   
13.9960    8.8156    
6.7675     36.0060   

# Frame232

# x        y
5.4041     5.5535    
16.9298    10.6086   
2.3174     14.8856   
14.0844    29.1935   
13.9960    8.8156    
6.7675     36.0060   

# Frame233

# x        y
5.3968     5.5443    
16.9277    10.6045   
2.3174     14.8856   
14.0844    29.1935   
13.9960    8.8156    
6.7675     36.0060   

# Frame234

# x        y
5.3896     5.5352    
16.9256    10.6005   
2.3174     14.8856   
14.0844    29.1935   
13.9960    8.8156    
6.7675     36.0060   

# Frame235

# x        y
5.3825     5.5263    
16.9236    10.5965   
2.3174     14.8856   
14.0844    29.1935   
13.9960    8.8156    
6.7675     36.0060   

# Frame236

# x        y
5.3755     5.5175    
16.9216    10.5926   
2.3174     14.8856   
14.0844    29.1935   
13.9960    8.8156    
6.7675     36.0060   

# Frame237

# x        y
5.3687     5.5089    
16.9197    10.5888   
2.3174     14.8856   
14.0844    29.1935   
13.9960    8.8156    
6.7675     36.0060   

# Frame238

# x        y
5.3619     5.5004    
16.9178    10.5850   
2.3174     14.8856   
14.0844    29.1935   
13.9960    8.8156    
6.7675     36.0060   

# Frame239

# x        y
5.3553     5.4921    
16.9159    10.5813   
2.3174     14.8856   
14.0844    29.1935   
13.9960    8.8156    
6.7675     36.0060   

# Frame240

# x        y
5.3488     5.4839    
16.9140    10.5777   
2.3174     14.8856   
14.0844    29.1935   
13.9960    8.8156    
6.7675     36.0060   

# Frame241

# x        y
5.3424     5.4758    
16.9122    10.5741   
2.3174     14.8856   
14.0844    29.1935   
13.9960    8.8156    
6.7675     36.0060   

# Frame242

# x        y
5.3361     5.4679    
16.9104    10.5706   
2.3174     14.8856   
14.0844    29.1935   
13.9960    8.8156    
6.7675     36.0060   

# Frame243

# x        y
5.3299     5.4601    
16.9086    10.5672   
2.3174     14.8856   
14.0844    29.1935   
13.9960    8.8156    
6.7675     36.0060   

# Frame244

# x        y
5.3238     5.4525    
16.9069    10.5638   
2.3174     14.8856   
14.0844    29.1935   
13.9960    8.8156    
6.7675     36.0060   

# Frame245

# x        y
5.3178     5.4449    
16.9052    10.5604   
2.3174     14.8856   
14.0844    29.1935   
13.9960    8.8156    
6.7675     36.0060   

# Frame246

# x        y
5.3119     5.4375    
16.9035    10.5571   
2.3174     14.8856   
14.0844    29.1935   
13.9960    8.8156    
6.7675     36.0060   

# Frame247

# x        y
5.3061     5.4302    
16.9019    10.5539   
2.3174     14.8856   
14.0844    29.1935   
13.9960    8.8156    
6.7675     36.0060   

# Frame248

# x        y
5.3004     5.4231    
16.9002    10.5507   
2.3174     14.8856   
14.0844    29.1935   
13.9960    8.8156    
6.7675     36.0060   

# Frame249

# x        y
5.2948     5.4160    
16.8987    10.5476   
2.3174     14.8856   
14.0844    29.1935   
13.9960    8.8156    
6.7675     36.0060   

# Frame250

# x        y
5.2893     5.4091    
16.8971    10.5445   
2.3174     14.8856   
14.0844    29.1935   
13.9960    8.8156    
6.7675     36.0060   

# Frame251

# x        y
5.2839     5.4023    
16.8955    10.5415   
2.3174     14.8856   
14.0844    29.1935   
13.9960    8.8156    
6.7675     36.0060   

# Frame252

# x        y
5.2786     5.3956    
16.8940    10.5385   
2.3174     14.8856   
14.0844    29.1935   
13.9960    8.8156    
6.7675     36.0060   

# Frame253

# x        y
5.2734     5.3890    
16.8925    10.5356   
2.3174     14.8856   
14.0844    29.1935   
13.9960    8.8156    
6.7675     36.0060   

# Frame254

# x        y
5.2682     5.3825    
16.8911    10.5327   
2.3174     14.8856   
14.0844    29.1935   
13.9960    8.8156    
6.7675     36.0060   

# Frame255

# x        y
5.2631     5.3761    
16.8896    10.5299   
2.3174     14.8856   
14.0844    29.1935   
13.9960    8.8156    
6.7675     36.0060   

# Frame256

# x        y
5.2582     5.3699    
16.8882    10.5271   
2.3174     14.8856   
14.0844    29.1935   
13.9960    8.8156    
6.7675     36.0060   

# Frame257

# x        y
5.2533     5.3637    
16.8868    10.5244   
2.3174     14.8856   
14.0844    29.1935   
13.9960    8.8156    
6.7675     36.0060   

# Frame258

# x        y
5.2485     5.3577    
16.8854    10.5217   
2.3174     14.8856   
14.0844    29.1935   
13.9960    8.8156    
6.7675     36.0060   

# Frame259

# x        y
5.2437     5.3517    
16.8841    10.5190   
2.3174     14.8856   
14.0844    29.1935   
13.9960    8.8156    
6.7675     36.0060   

# Frame260

# x        y
5.2391     5.3459    
16.8828    10.5164   
2.3174     14.8856   
14.0844    29.1935   
13.9960    8.8156    
6.7675     36.0060   

# Frame261

# x        y
5.2345     5.3401    
16.8815    10.5139   
2.3174     14.8856   
14.0844    29.1935   
13.9960    8.8156    
6.7675     36.0060   

# Frame262

# x        y
5.2300     5.3344    
16.8802    10.5114   
2.3174     14.8856   
14.0844    29.1935   
13.9960    8.8156    
6.7675     36.0060   

# Frame263

# x        y
5.2256     5.3289    
16.8789    10.5089   
2.3174     14.8856   
14.0844    29.1935   
13.9960    8.8156    
6.7675     36.0060   

# Frame264

# x        y
5.2212     5.3234    
16.8777    10.5065   
2.3174     14.8856   
14.0844    29.1935   
13.9960    8.8156    
6.7675     36.0060   

# Frame265

# x        y
5.2169     5.3180    
16.8765    10.5041   
2.3174     14.8856   
14.0844    29.1935   
13.9960    8.8156    
6.7675     36.0060   

# Frame266

# x        y
5.2127     5.3127    
16.8753    10.5017   
2.3174     14.8856   
14.0844    29.1935   
13.9960    8.8156    
6.7675     36.0060   

# Frame267

# x        y
5.2086     5.3075    
16.8741    10.4994   
2.3174     14.8856   
14.0844    29.1935   
13.9960    8.8156    
6.7675     36.0060   

# Frame268

# x        y
5.2045     5.3024    
16.8729    10.4972   
2.3174     14.8856   
14.0844    29.1935   
13.9960    8.8156    
6.7675     36.0060   

# Frame269

# x        y
5.2005     5.2974    
16.8718    10.4949   
2.3174     14.8856   
14.0844    29.1935   
13.9960    8.8156    
6.7675     36.0060   

# Frame270

# x        y
5.1966     5.2924    
16.8707    10.4927   
2.3174     14.8856   
14.0844    29.1935   
13.9960    8.8156    
6.7675     36.0060   

# Frame271

# x        y
5.1927     5.2875    
16.8696    10.4906   
2.3174     14.8856   
14.0844    29.1935   
13.9960    8.8156    
6.7675     36.0060   

# Frame272

# x        y
5.1889     5.2828    
16.8685    10.4884   
2.3174     14.8856   
14.0844    29.1935   
13.9960    8.8156    
6.7675     36.0060   

# Frame273

# x        y
5.1852     5.2780    
16.8674    10.4863   
2.3174     14.8856   
14.0844    29.1935   
13.9960    8.8156    
6.7675     36.0060   

# Frame274

# x        y
5.1815     5.2734    
16.8664    10.4843   
2.3174     14.8856   
14.0844    29.1935   
13.9960    8.8156    
6.7675     36.0060   

# Frame275

# x        y
5.1779     5.2689    
16.8653    10.4823   
2.3174     14.8856   
14.0844    29.1935   
13.9960    8.8156    
6.7675     36.0060   

# Frame276

# x        y
5.1743     5.2644    
16.8643    10.4803   
2.3174     14.8856   
14.0844    29.1935   
13.9960    8.8156    
6.7675     36.0060   

# Frame277

# x        y
5.1708     5.2600    
16.8633    10.4783   
2.3174     14.8856   
14.0844    29.1935   
13.9960    8.8156    
6.7675     36.0060   

# Frame278

# x        y
5.1674     5.2557    
16.8623    10.4764   
2.3174     14.8856   
14.0844    29.1935   
13.9960    8.8156    
6.7675     36.0060   

# Frame279

# x        y
5.1640     5.2514    
16.8614    10.4745   
2.3174     14.8856   
14.0844    29.1935   
13.9960    8.8156    
6.7675     36.0060   

# Frame280

# x        y
5.1607     5.2472    
16.8604    10.4727   
2.3174     14.8856   
14.0844    29.1935   
13.9960    8.8156    
6.7675     36.0060   

# Frame281

# x        y
5.1574     5.2431    
16.8595    10.4708   
2.3174     14.8856   
14.0844    29.1935   
13.9960    8.8156    
6.7675     36.0060   

# Frame282

# x        y
5.1542     5.2391    
16.8586    10.4690   
2.3174     14.8856   
14.0844    29.1935   
13.9960    8.8156    
6.7675     36.0060   

# Frame283

# x        y
5.1510     5.2351    
16.8577    10.4673   
2.3174     14.8856   
14.0844    29.1935   
13.9960    8.8156    
6.7675     36.0060   

# Frame284

# x        y
5.1479     5.2312    
16.8568    10.4655   
2.3174     14.8856   
14.0844    29.1935   
13.9960    8.8156    
6.7675     36.0060   

# Frame285

# x        y
5.1449     5.2273    
16.8559    10.4638   
2.3174     14.8856   
14.0844    29.1935   
13.9960    8.8156    
6.7675     36.0060   

# Frame286

# x        y
5.1418     5.2235    
16.8551    10.4622   
2.3174     14.8856   
14.0844    29.1935   
13.9960    8.8156    
6.7675     36.0060   

# Frame287

# x        y
5.1389     5.2198    
16.8542    10.4605   
2.3174     14.8856   
14.0844    29.1935   
13.9960    8.8156    
6.7675     36.0060   

# Frame288

# x        y
5.1360     5.2162    
16.8534    10.4589   
2.3174     14.8856   
14.0844    29.1935   
13.9960    8.8156    
6.7675     36.0060   

# Frame289

# x        y
5.1331     5.2126    
16.8526    10.4573   
2.3174     14.8856   
14.0844    29.1935   
13.9960    8.8156    
6.7675     36.0060   

# Frame290

# x        y
5.1303     5.2090    
16.8518    10.4557   
2.3174     14.8856   
14.0844    29.1935   
13.9960    8.8156    
6.7675     36.0060   

# Frame291

# x        y
5.1275     5.2056    
16.8510    10.4542   
2.3174     14.8856   
14.0844    29.1935   
13.9960    8.8156    
6.7675     36.0060   

# Frame292

# x        y
5.1248     5.2021    
16.8502    10.4527   
2.3174     14.8856   
14.0844    29.1935   
13.9960    8.8156    
6.7675     36.0060   

# Frame293

# x        y
5.1222     5.1988    
16.8495    10.4512   
2.3174     14.8856   
14.0844    29.1935   
13.9960    8.8156    
6.7675     36.0060   

# Frame294

# x        y
5.1195     5.1955    
16.8487    10.4497   
2.3174     14.8856   
14.0844    29.1935   
13.9960    8.8156    
6.7675     36.0060   

# Frame295

# x        y
5.1169     5.1922    
16.8480    10.4483   
2.3174     14.8856   
14.0844    29.1935   
13.9960    8.8156    
6.7675     36.0060   

# Frame296

# x        y
5.1144     5.1890    
16.8473    10.4468   
2.3174     14.8856   
14.0844    29.1935   
13.9960    8.8156    
6.7675     36.0060   

# Frame297

# x        y
5.1119     5.1859    
16.8465    10.4454   
2.3174     14.8856   
14.0844    29.1935   
13.9960    8.8156    
6.7675     36.0060   

# Frame298

# x        y
5.1094     5.1828    
16.8458    10.4441   
2.3174     14.8856   
14.0844    29.1935   
13.9960    8.8156    
6.7675     36.0060   

# Frame299

# x        y
5.1070     5.1797    
16.8452    10.4427   
2.3174     14.8856   
14.0844    29.1935   
13.9960    8.8156    
6.7675     36.0060   

# Frame300

# x        y
5.1046     5.1768    
16.8445    10.4414   
2.3174     14.8856   
14.0844    29.1935   
13.9960    8.8156    
6.7675     36.0060   

# Frame301

# x        y
5.1023     5.1738    
16.8438    10.4401   
2.3174     14.8856   
14.0844    29.1935   
13.9960    8.8156    
6.7675     36.0060   

# Frame302

# x        y
5.1000     5.1709    
16.8432    10.4388   
2.3174     14.8856   
14.0844    29.1935   
13.9960    8.8156    
6.7675     36.0060   

# Frame303

# x        y
5.0978     5.1681    
16.8425    10.4375   
2.3174     14.8856   
14.0844    29.1935   
13.9960    8.8156    
6.7675     36.0060   

# Frame304

# x        y
5.0955     5.1653    
16.8419    10.4363   
2.3174     14.8856   
14.0844    29.1935   
13.9960    8.8156    
6.7675     36.0060   

# Frame305

# x        y
5.0933     5.1625    
16.8413    10.4351   
2.3174     14.8856   
14.0844    29.1935   
13.9960    8.8156    
6.7675     36.0060   

# Frame306

# x        y
5.0912     5.1598    
16.8407    10.4339   
2.3174     14.8856   
14.0844    29.1935   
13.9960    8.8156    
6.7675     36.0060   

# Frame307

# x        y
5.0891     5.1572    
16.8400    10.4327   
2.3174     14.8856   
14.0844    29.1935   
13.9960    8.8156    
6.7675     36.0060   

# Frame308

# x        y
5.0870     5.1546    
16.8395    10.4315   
2.3174     14.8856   
14.0844    29.1935   
13.9960    8.8156    
6.7675     36.0060   

# Frame309

# x        y
5.0850     5.1520    
16.8389    10.4304   
2.3174     14.8856   
14.0844    29.1935   
13.9960    8.8156    
6.7675     36.0060   

# Frame310

# x        y
5.0830     5.1495    
16.8383    10.4293   
2.3174     14.8856   
14.0844    29.1935   
13.9960    8.8156    
6.7675     36.0060   

# Frame311

# x        y
5.0810     5.1470    
16.8377    10.4282   
2.3174     14.8856   
14.0844    29.1935   
13.9960    8.8156    
6.7675     36.0060   

# Frame312

# x        y
5.0790     5.1445    
16.8372    10.4271   
2.3174     14.8856   
14.0844    29.1935   
13.9960    8.8156    
6.7675     36.0060   

# Frame313

# x        y
5.0771     5.1421    
16.8366    10.4260   
2.3174     14.8856   
14.0844    29.1935   
13.9960    8.8156    
6.7675     36.0060   

# Frame314

# x        y
5.0753     5.1398    
16.8361    10.4250   
2.3174     14.8856   
14.0844    29.1935   
13.9960    8.8156    
6.7675     36.0060   

# Frame315

# x        y
5.0734     5.1374    
16.8356    10.4239   
2.3174     14.8856   
14.0844    29.1935   
13.9960    8.8156    
6.7675     36.0060   

# Frame316

# x        y
5.0716     5.1352    
16.8351    10.4229   
2.3174     14.8856   
14.0844    29.1935   
13.9960    8.8156    
6.7675     36.0060   

# Frame317

# x        y
5.0698     5.1329    
16.8346    10.4219   
2.3174     14.8856   
14.0844    29.1935   
13.9960    8.8156    
6.7675     36.0060   

# Frame318

# x        y
5.0680     5.1307    
16.8341    10.4210   
2.3174     14.8856   
14.0844    29.1935   
13.9960    8.8156    
6.7675     36.0060   

# Frame319

# x        y
5.0663     5.1285    
16.8336    10.4200   
2.3174     14.8856   
14.0844    29.1935   
13.9960    8.8156    
6.7675     36.0060   

# Frame320

# x        y
5.0646     5.1264    
16.8331    10.4190   
2.3174     14.8856   
14.0844    29.1935   
13.9960    8.8156    
6.7675     36.0060   

# Frame321

# x        y
5.0630     5.1243    
16.8326    10.4181   
2.3174     14.8856   
14.0844    29.1935   
13.9960    8.8156    
6.7675     36.0060   

# Frame322

# x        y
5.0613     5.1222    
16.8321    10.4172   
2.3174     14.8856   
14.0844    29.1935   
13.9960    8.8156    
6.7675     36.0060   

# Frame323

# x        y
5.0597     5.1202    
16.8317    10.4163   
2.3174     14.8856   
14.0844    29.1935   
13.9960    8.8156    
6.7675     36.0060   

# Frame324

# x        y
5.0581     5.1182    
16.8312    10.4154   
2.3174     14.8856   
14.0844    29.1935   
13.9960    8.8156    
6.7675     36.0060   

# Frame325

# x        y
5.0565     5.1162    
16.8308    10.4145   
2.3174     14.8856   
14.0844    29.1935   
13.9960    8.8156    
6.7675     36.0060   

# Frame326

# x        y
5.0550     5.1143    
16.8303    10.4137   
2.3174     14.8856   
14.0844    29.1935   
13.9960    8.8156    
6.7675     36.0060   

# Frame327

# x        y
5.0535     5.1124    
16.8299    10.4128   
2.3174     14.8856   
14.0844    29.1935   
13.9960    8.8156    
6.7675     36.0060   

# Frame328

# x        y
5.0520     5.1105    
16.8295    10.4120   
2.3174     14.8856   
14.0844    29.1935   
13.9960    8.8156    
6.7675     36.0060   

# Frame329

# x        y
5.0506     5.1087    
16.8291    10.4112   
2.3174     14.8856   
14.0844    29.1935   
13.9960    8.8156    
6.7675     36.0060   

# Frame330

# x        y
5.0491     5.1069    
16.8287    10.4104   
2.3174     14.8856   
14.0844    29.1935   
13.9960    8.8156    
6.7675     36.0060   

# Frame331

# x        y
5.0477     5.1051    
16.8283    10.4096   
2.3174     14.8856   
14.0844    29.1935   
13.9960    8.8156    
6.7675     36.0060   

# Frame332

# x        y
5.0463     5.1034    
16.8279    10.4088   
2.3174     14.8856   
14.0844    29.1935   
13.9960    8.8156    
6.7675     36.0060   

# Frame333

# x        y
5.0450     5.1017    
16.8275    10.4081   
2.3174     14.8856   
14.0844    29.1935   
13.9960    8.8156    
6.7675     36.0060   

# Frame334

# x        y
5.0436     5.1000    
16.8271    10.4073   
2.3174     14.8856   
14.0844    29.1935   
13.9960    8.8156    
6.7675     36.0060   

# Frame335

# x        y
5.0423     5.0983    
16.8267    10.4066   
2.3174     14.8856   
14.0844    29.1935   
13.9960    8.8156    
6.7675     36.0060   

# Frame336

# x        y
5.0410     5.0967    
16.8264    10.4059   
2.3174     14.8856   
14.0844    29.1935   
13.9960    8.8156    
6.7675     36.0060   

# Frame337

# x        y
5.0397     5.0951    
16.8260    10.4051   
2.3174     14.8856   
14.0844    29.1935   
13.9960    8.8156    
6.7675     36.0060   

# Frame338

# x        y
5.0385     5.0935    
16.8256    10.4044   
2.3174     14.8856   
14.0844    29.1935   
13.9960    8.8156    
6.7675     36.0060   

# Frame339

# x        y
5.0372     5.0919    
16.8253    10.4037   
2.3174     14.8856   
14.0844    29.1935   
13.9960    8.8156    
6.7675     36.0060   

# Frame340

# x        y
5.0360     5.0904    
16.8249    10.4031   
2.3174     14.8856   
14.0844    29.1935   
13.9960    8.8156    
6.7675     36.0060   

# Frame341

# x        y
5.0348     5.0889    
16.8246    10.4024   
2.3174     14.8856   
14.0844    29.1935   
13.9960    8.8156    
6.7675     36.0060   

# Frame342

# x        y
5.0337     5.0874    
16.8243    10.4018   
2.3174     14.8856   
14.0844    29.1935   
13.9960    8.8156    
6.7675     36.0060   

# Frame343

# x        y
5.0325     5.0860    
16.8239    10.4011   
2.3174     14.8856   
14.0844    29.1935   
13.9960    8.8156    
6.7675     36.0060   

# Frame344

# x        y
5.0314     5.0846    
16.8236    10.4005   
2.3174     14.8856   
14.0844    29.1935   
13.9960    8.8156    
6.7675     36.0060   

# Frame345

# x        y
5.0303     5.0832    
16.8233    10.3999   
2.3174     14.8856   
14.0844    29.1935   
13.9960    8.8156    
6.7675     36.0060   

# Frame346

# x        y
5.0292     5.0818    
16.8230    10.3992   
2.3174     14.8856   
14.0844    29.1935   
13.9960    8.8156    
6.7675     36.0060   

# Frame347

# x        y
5.0281     5.0804    
16.8227    10.3986   
2.3174     14.8856   
14.0844    29.1935   
13.9960    8.8156    
6.7675     36.0060   

# Frame348

# x        y
5.0270     5.0791    
16.8224    10.3980   
2.3174     14.8856   
14.0844    29.1935   
13.9960    8.8156    
6.7675     36.0060   

# Frame349

# x        y
5.0260     5.0778    
16.8221    10.3975   
2.3174     14.8856   
14.0844    29.1935   
13.9960    8.8156    
6.7675     36.0060   

# Frame350

# x        y
5.0250     5.0765    
16.8218    10.3969   
2.3174     14.8856   
14.0844    29.1935   
13.9960    8.8156    
6.7675     36.0060   

# Frame351

# x        y
5.0239     5.0752    
16.8215    10.3963   
2.3174     14.8856   
14.0844    29.1935   
13.9960    8.8156    
6.7675     36.0060   

# Frame352

# x        y
5.0230     5.0740    
16.8212    10.3958   
2.3174     14.8856   
14.0844    29.1935   
13.9960    8.8156    
6.7675     36.0060   

# Frame353

# x        y
5.0220     5.0727    
16.8209    10.3952   
2.3174     14.8856   
14.0844    29.1935   
13.9960    8.8156    
6.7675     36.0060   

# Frame354

# x        y
5.0210     5.0715    
16.8207    10.3947   
2.3174     14.8856   
14.0844    29.1935   
13.9960    8.8156    
6.7675     36.0060   

# Frame355

# x        y
5.0201     5.0703    
16.8204    10.3942   
2.3174     14.8856   
14.0844    29.1935   
13.9960    8.8156    
6.7675     36.0060   

# Frame356

# x        y
5.0191     5.0692    
16.8201    10.3937   
2.3174     14.8856   
14.0844    29.1935   
13.9960    8.8156    
6.7675     36.0060   

# Frame357

# x        y
5.0182     5.0680    
16.8199    10.3931   
2.3174     14.8856   
14.0844    29.1935   
13.9960    8.8156    
6.7675     36.0060   

# Frame358

# x        y
5.0173     5.0669    
16.8196    10.3926   
2.3174     14.8856   
14.0844    29.1935   
13.9960    8.8156    
6.7675     36.0060   

# Frame359

# x        y
5.0165     5.0658    
16.8194    10.3921   
2.3174     14.8856   
14.0844    29.1935   
13.9960    8.8156    
6.7675     36.0060   

# Frame360

# x        y
5.0156     5.0647    
16.8191    10.3917   
2.3174     14.8856   
14.0844    29.1935   
13.9960    8.8156    
6.7675     36.0060   

# Frame361

# x        y
5.0147     5.0636    
16.8189    10.3912   
2.3174     14.8856   
14.0844    29.1935   
13.9960    8.8156    
6.7675     36.0060   

# Frame362

# x        y
5.0139     5.0626    
16.8186    10.3907   
2.3174     14.8856   
14.0844    29.1935   
13.9960    8.8156    
6.7675     36.0060   

# Frame363

# x        y
5.0131     5.0615    
16.8184    10.3903   
2.3174     14.8856   
14.0844    29.1935   
13.9960    8.8156    
6.7675     36.0060   

# Frame364

# x        y
5.0123     5.0605    
16.8182    10.3898   
2.3174     14.8856   
14.0844    29.1935   
13.9960    8.8156    
6.7675     36.0060   

# Frame365

# x        y
5.0115     5.0595    
16.8179    10.3894   
2.3174     14.8856   
14.0844    29.1935   
13.9960    8.8156    
6.7675     36.0060   

# Frame366

# x        y
5.0107     5.0585    
16.8177    10.3889   
2.3174     14.8856   
14.0844    29.1935   
13.9960    8.8156    
6.7675     36.0060   

# Frame367

# x        y
5.0099     5.0576    
16.8175    10.3885   
2.3174     14.8856   
14.0844    29.1935   
13.9960    8.8156    
6.7675     36.0060   

# Frame368

# x        y
5.0092     5.0566    
16.8173    10.3881   
2.3174     14.8856   
14.0844    29.1935   
13.9960    8.8156    
6.7675     36.0060   

# Frame369

# x        y
5.0084     5.0557    
16.8171    10.3877   
2.3174     14.8856   
14.0844    29.1935   
13.9960    8.8156    
6.7675     36.0060   

# Frame370

# x        y
5.0077     5.0548    
16.8169    10.3872   
2.3174     14.8856   
14.0844    29.1935   
13.9960    8.8156    
6.7675     36.0060   

# Frame371

# x        y
5.0070     5.0538    
16.8167    10.3868   
2.3174     14.8856   
14.0844    29.1935   
13.9960    8.8156    
6.7675     36.0060   

# Frame372

# x        y
5.0062     5.0530    
16.8165    10.3864   
2.3174     14.8856   
14.0844    29.1935   
13.9960    8.8156    
6.7675     36.0060   

# Frame373

# x        y
5.0056     5.0521    
16.8163    10.3861   
2.3174     14.8856   
14.0844    29.1935   
13.9960    8.8156    
6.7675     36.0060   

# Frame374

# x        y
5.0049     5.0512    
16.8161    10.3857   
2.3174     14.8856   
14.0844    29.1935   
13.9960    8.8156    
6.7675     36.0060   

# Frame375

# x        y
5.0042     5.0504    
16.8159    10.3853   
2.3174     14.8856   
14.0844    29.1935   
13.9960    8.8156    
6.7675     36.0060   

# Frame376

# x        y
5.0035     5.0495    
16.8157    10.3849   
2.3174     14.8856   
14.0844    29.1935   
13.9960    8.8156    
6.7675     36.0060   

# Frame377

# x        y
5.0029     5.0487    
16.8155    10.3846   
2.3174     14.8856   
14.0844    29.1935   
13.9960    8.8156    
6.7675     36.0060   

# Frame378

# x        y
5.0022     5.0479    
16.8153    10.3842   
2.3174     14.8856   
14.0844    29.1935   
13.9960    8.8156    
6.7675     36.0060   

# Frame379

# x        y
5.0016     5.0471    
16.8151    10.3839   
2.3174     14.8856   
14.0844    29.1935   
13.9960    8.8156    
6.7675     36.0060   

# Frame380

# x        y
5.0010     5.0463    
16.8150    10.3835   
2.3174     14.8856   
14.0844    29.1935   
13.9960    8.8156    
6.7675     36.0060   

# Frame381

# x        y
5.0004     5.0456    
16.8148    10.3832   
2.3174     14.8856   
14.0844    29.1935   
13.9960    8.8156    
6.7675     36.0060   

# Frame382

# x        y
4.9998     5.0448    
16.8146    10.3828   
2.3174     14.8856   
14.0844    29.1935   
13.9960    8.8156    
6.7675     36.0060   

# Frame383

# x        y
4.9992     5.0441    
16.8145    10.3825   
2.3174     14.8856   
14.0844    29.1935   
13.9960    8.8156    
6.7675     36.0060   

# Frame384

# x        y
4.9986     5.0433    
16.8143    10.3822   
2.3174     14.8856   
14.0844    29.1935   
13.9960    8.8156    
6.7675     36.0060   

# Frame385

# x        y
4.9980     5.0426    
16.8141    10.3819   
2.3174     14.8856   
14.0844    29.1935   
13.9960    8.8156    
6.7675     36.0060   

# Frame386

# x        y
4.9975     5.0419    
16.8140    10.3816   
2.3174     14.8856   
14.0844    29.1935   
13.9960    8.8156    
6.7675     36.0060   

# Frame387

# x        y
4.9969     5.0412    
16.8138    10.3812   
2.3174     14.8856   
14.0844    29.1935   
13.9960    8.8156    
6.7675     36.0060   

# Frame388

# x        y
4.9964     5.0406    
16.8137    10.3809   
2.3174     14.8856   
14.0844    29.1935   
13.9960    8.8156    
6.7675     36.0060   

# Frame389

# x        y
4.9959     5.0399    
16.8135    10.3806   
2.3174     14.8856   
14.0844    29.1935   
13.9960    8.8156    
6.7675     36.0060   

# Frame390

# x        y
4.9953     5.0392    
16.8134    10.3804   
2.3174     14.8856   
14.0844    29.1935   
13.9960    8.8156    
6.7675     36.0060   

# Frame391

# x        y
4.9948     5.0386    
16.8132    10.3801   
2.3174     14.8856   
14.0844    29.1935   
13.9960    8.8156    
6.7675     36.0060   

# Frame392

# x        y
4.9943     5.0379    
16.8131    10.3798   
2.3174     14.8856   
14.0844    29.1935   
13.9960    8.8156    
6.7675     36.0060   

# Frame393

# x        y
4.9938     5.0373    
16.8129    10.3795   
2.3174     14.8856   
14.0844    29.1935   
13.9960    8.8156    
6.7675     36.0060   

# Frame394

# x        y
4.9933     5.0367    
16.8128    10.3792   
2.3174     14.8856   
14.0844    29.1935   
13.9960    8.8156    
6.7675     36.0060   

# Frame395

# x        y
4.9928     5.0361    
16.8126    10.3790   
2.3174     14.8856   
14.0844    29.1935   
13.9960    8.8156    
6.7675     36.0060   

# Frame396

# x        y
4.9924     5.0355    
16.8125    10.3787   
2.3174     14.8856   
14.0844    29.1935   
13.9960    8.8156    
6.7675     36.0060   

# Frame397

# x        y
4.9919     5.0349    
16.8124    10.3784   
2.3174     14.8856   
14.0844    29.1935   
13.9960    8.8156    
6.7675     36.0060   

# Frame398

# x        y
4.9914     5.0343    
16.8122    10.3782   
2.3174     14.8856   
14.0844    29.1935   
13.9960    8.8156    
6.7675     36.0060   

# Frame399

# x        y
4.9910     5.0338    
16.8121    10.3779   
2.3174     14.8856   
14.0844    29.1935   
13.9960    8.8156    
6.7675     36.0060   

# Frame400

# x        y
4.9906     5.0332    
16.8120    10.3777   
2.3174     14.8856   
14.0844    29.1935   
13.9960    8.8156    
6.7675     36.0060   

# Frame401

# x        y
4.9901     5.0327    
16.8119    10.3774   
2.3174     14.8856   
14.0844    29.1935   
13.9960    8.8156    
6.7675     36.0060   

# Frame402

# x        y
4.9897     5.0321    
16.8117    10.3772   
2.3174     14.8856   
14.0844    29.1935   
13.9960    8.8156    
6.7675     36.0060   

# Frame403

# x        y
4.9893     5.0316    
16.8116    10.3770   
2.3174     14.8856   
14.0844    29.1935   
13.9960    8.8156    
6.7675     36.0060   

# Frame404

# x        y
4.9889     5.0311    
16.8115    10.3767   
2.3174     14.8856   
14.0844    29.1935   
13.9960    8.8156    
6.7675     36.0060   

# Frame405

# x        y
4.9885     5.0306    
16.8114    10.3765   
2.3174     14.8856   
14.0844    29.1935   
13.9960    8.8156    
6.7675     36.0060   

# Frame406

# x        y
4.9880     5.0301    
16.8113    10.3763   
2.3174     14.8856   
14.0844    29.1935   
13.9960    8.8156    
6.7675     36.0060   

# Frame407

# x        y
4.9877     5.0296    
16.8112    10.3761   
2.3174     14.8856   
14.0844    29.1935   
13.9960    8.8156    
6.7675     36.0060   

# Frame408

# x        y
4.9873     5.0291    
16.8111    10.3758   
2.3174     14.8856   
14.0844    29.1935   
13.9960    8.8156    
6.7675     36.0060   

# Frame409

# x        y
4.9869     5.0286    
16.8109    10.3756   
2.3174     14.8856   
14.0844    29.1935   
13.9960    8.8156    
6.7675     36.0060   

# Frame410

# x        y
4.9865     5.0281    
16.8108    10.3754   
2.3174     14.8856   
14.0844    29.1935   
13.9960    8.8156    
6.7675     36.0060   

# Frame411

# x        y
4.9861     5.0277    
16.8107    10.3752   
2.3174     14.8856   
14.0844    29.1935   
13.9960    8.8156    
6.7675     36.0060   

# Frame412

# x        y
4.9858     5.0272    
16.8106    10.3750   
2.3174     14.8856   
14.0844    29.1935   
13.9960    8.8156    
6.7675     36.0060   

# Frame413

# x        y
4.9854     5.0268    
16.8105    10.3748   
2.3174     14.8856   
14.0844    29.1935   
13.9960    8.8156    
6.7675     36.0060   

# Frame414

# x        y
4.9851     5.0263    
16.8104    10.3746   
2.3174     14.8856   
14.0844    29.1935   
13.9960    8.8156    
6.7675     36.0060   

# Frame415

# x        y
4.9847     5.0259    
16.8103    10.3744   
2.3174     14.8856   
14.0844    29.1935   
13.9960    8.8156    
6.7675     36.0060   

# Frame416

# x        y
4.9844     5.0255    
16.8102    10.3742   
2.3174     14.8856   
14.0844    29.1935   
13.9960    8.8156    
6.7675     36.0060   

# Frame417

# x        y
4.9841     5.0250    
16.8101    10.3741   
2.3174     14.8856   
14.0844    29.1935   
13.9960    8.8156    
6.7675     36.0060   

# Frame418

# x        y
4.9837     5.0246    
16.8100    10.3739   
2.3174     14.8856   
14.0844    29.1935   
13.9960    8.8156    
6.7675     36.0060   

# Frame419

# x        y
4.9834     5.0242    
16.8100    10.3737   
2.3174     14.8856   
14.0844    29.1935   
13.9960    8.8156    
6.7675     36.0060   

# Frame420

# x        y
4.9831     5.0238    
16.8099    10.3735   
2.3174     14.8856   
14.0844    29.1935   
13.9960    8.8156    
6.7675     36.0060   

# Frame421

# x        y
4.9828     5.0234    
16.8098    10.3733   
2.3174     14.8856   
14.0844    29.1935   
13.9960    8.8156    
6.7675     36.0060   

# Frame422

# x        y
4.9825     5.0231    
16.8097    10.3732   
2.3174     14.8856   
14.0844    29.1935   
13.9960    8.8156    
6.7675     36.0060   

# Frame423

# x        y
4.9822     5.0227    
16.8096    10.3730   
2.3174     14.8856   
14.0844    29.1935   
13.9960    8.8156    
6.7675     36.0060   

# Frame424

# x        y
4.9819     5.0223    
16.8095    10.3728   
2.3174     14.8856   
14.0844    29.1935   
13.9960    8.8156    
6.7675     36.0060   

# Frame425

# x        y
4.9816     5.0219    
16.8094    10.3727   
2.3174     14.8856   
14.0844    29.1935   
13.9960    8.8156    
6.7675     36.0060   

# Frame426

# x        y
4.9813     5.0216    
16.8094    10.3725   
2.3174     14.8856   
14.0844    29.1935   
13.9960    8.8156    
6.7675     36.0060   

# Frame427

# x        y
4.9810     5.0212    
16.8093    10.3724   
2.3174     14.8856   
14.0844    29.1935   
13.9960    8.8156    
6.7675     36.0060   

# Frame428

# x        y
4.9808     5.0209    
16.8092    10.3722   
2.3174     14.8856   
14.0844    29.1935   
13.9960    8.8156    
6.7675     36.0060   

# Frame429

# x        y
4.9805     5.0205    
16.8091    10.3721   
2.3174     14.8856   
14.0844    29.1935   
13.9960    8.8156    
6.7675     36.0060   

# Frame430

# x        y
4.9802     5.0202    
16.8090    10.3719   
2.3174     14.8856   
14.0844    29.1935   
13.9960    8.8156    
6.7675     36.0060   

# Frame431

# x        y
4.9800     5.0199    
16.8090    10.3718   
2.3174     14.8856   
14.0844    29.1935   
13.9960    8.8156    
6.7675     36.0060   

# Frame432

# x        y
4.9797     5.0195    
16.8089    10.3716   
2.3174     14.8856   
14.0844    29.1935   
13.9960    8.8156    
6.7675     36.0060   

# Frame433

# x        y
4.9794     5.0192    
16.8088    10.3715   
2.3174     14.8856   
14.0844    29.1935   
13.9960    8.8156    
6.7675     36.0060   

# Frame434

# x        y
4.9792     5.0189    
16.8088    10.3713   
2.3174     14.8856   
14.0844    29.1935   
13.9960    8.8156    
6.7675     36.0060   

# Frame435

# x        y
4.9789     5.0186    
16.8087    10.3712   
2.3174     14.8856   
14.0844    29.1935   
13.9960    8.8156    
6.7675     36.0060   

# Frame436

# x        y
4.9787     5.0183    
16.8086    10.3711   
2.3174     14.8856   
14.0844    29.1935   
13.9960    8.8156    
6.7675     36.0060   

# Frame437

# x        y
4.9785     5.0180    
16.8085    10.3709   
2.3174     14.8856   
14.0844    29.1935   
13.9960    8.8156    
6.7675     36.0060   

# Frame438

# x        y
4.9782     5.0177    
16.8085    10.3708   
2.3174     14.8856   
14.0844    29.1935   
13.9960    8.8156    
6.7675     36.0060   

# Frame439

# x        y
4.9780     5.0174    
16.8084    10.3707   
2.3174     14.8856   
14.0844    29.1935   
13.9960    8.8156    
6.7675     36.0060   

# Frame440

# x        y
4.9778     5.0171    
16.8083    10.3705   
2.3174     14.8856   
14.0844    29.1935   
13.9960    8.8156    
6.7675     36.0060   

# Frame441

# x        y
4.9776     5.0169    
16.8083    10.3704   
2.3174     14.8856   
14.0844    29.1935   
13.9960    8.8156    
6.7675     36.0060   

# Frame442

# x        y
4.9773     5.0166    
16.8082    10.3703   
2.3174     14.8856   
14.0844    29.1935   
13.9960    8.8156    
6.7675     36.0060   

# Frame443

# x        y
4.9771     5.0163    
16.8082    10.3702   
2.3174     14.8856   
14.0844    29.1935   
13.9960    8.8156    
6.7675     36.0060   

# Frame444

# x        y
4.9769     5.0160    
16.8081    10.3701   
2.3174     14.8856   
14.0844    29.1935   
13.9960    8.8156    
6.7675     36.0060   

# Frame445

# x        y
4.9767     5.0158    
16.8080    10.3699   
2.3174     14.8856   
14.0844    29.1935   
13.9960    8.8156    
6.7675     36.0060   

# Frame446

# x        y
4.9765     5.0155    
16.8080    10.3698   
2.3174     14.8856   
14.0844    29.1935   
13.9960    8.8156    
6.7675     36.0060   

# Frame447

# x        y
4.9763     5.0153    
16.8079    10.3697   
2.3174     14.8856   
14.0844    29.1935   
13.9960    8.8156    
6.7675     36.0060   

# Frame448

# x        y
4.9761     5.0150    
16.8079    10.3696   
2.3174     14.8856   
14.0844    29.1935   
13.9960    8.8156    
6.7675     36.0060   

# Frame449

# x        y
4.9759     5.0148    
16.8078    10.3695   
2.3174     14.8856   
14.0844    29.1935   
13.9960    8.8156    
6.7675     36.0060   

# Frame450

# x        y
4.9757     5.0145    
16.8078    10.3694   
2.3174     14.8856   
14.0844    29.1935   
13.9960    8.8156    
6.7675     36.0060   

# Frame451

# x        y
4.9755     5.0143    
16.8077    10.3693   
2.3174     14.8856   
14.0844    29.1935   
13.9960    8.8156    
6.7675     36.0060   

# Frame452

# x        y
4.9753     5.0141    
16.8077    10.3692   
2.3174     14.8856   
14.0844    29.1935   
13.9960    8.8156    
6.7675     36.0060   

# Frame453

# x        y
4.9752     5.0138    
16.8076    10.3691   
2.3174     14.8856   
14.0844    29.1935   
13.9960    8.8156    
6.7675     36.0060   

# Frame454

# x        y
4.9750     5.0136    
16.8076    10.3690   
2.3174     14.8856   
14.0844    29.1935   
13.9960    8.8156    
6.7675     36.0060   

# Frame455

# x        y
4.9748     5.0134    
16.8075    10.3689   
2.3174     14.8856   
14.0844    29.1935   
13.9960    8.8156    
6.7675     36.0060   

# Frame456

# x        y
4.9746     5.0132    
16.8075    10.3688   
2.3174     14.8856   
14.0844    29.1935   
13.9960    8.8156    
6.7675     36.0060   

# Frame457

# x        y
4.9745     5.0130    
16.8074    10.3687   
2.3174     14.8856   
14.0844    29.1935   
13.9960    8.8156    
6.7675     36.0060   

# Frame458

# x        y
4.9743     5.0128    
16.8074    10.3686   
2.3174     14.8856   
14.0844    29.1935   
13.9960    8.8156    
6.7675     36.0060   

# Frame459

# x        y
4.9741     5.0126    
16.8073    10.3685   
2.3174     14.8856   
14.0844    29.1935   
13.9960    8.8156    
6.7675     36.0060   

# Frame460

# x        y
4.9740     5.0123    
16.8073    10.3684   
2.3174     14.8856   
14.0844    29.1935   
13.9960    8.8156    
6.7675     36.0060   

# Frame461

# x        y
4.9738     5.0121    
16.8073    10.3684   
2.3174     14.8856   
14.0844    29.1935   
13.9960    8.8156    
6.7675     36.0060   

# Frame462

# x        y
4.9737     5.0120    
16.8073    10.3684   
2.3174     14.8856   
14.0844    29.1935   
13.9960    8.8156    
6.7675     36.0060   

# Frame463

# x        y
4.9735     5.0118    
16.8073    10.3684   
2.3174     14.8856   
14.0844    29.1935   
13.9960    8.8156    
6.7675     36.0060   

# Frame464

# x        y
4.9733     5.0116    
16.8073    10.3684   
2.3174     14.8856   
14.0844    29.1935   
13.9960    8.8156    
6.7675     36.0060   

# Frame465

# x        y
4.9732     5.0114    
16.8073    10.3684   
2.3174     14.8856   
14.0844    29.1935   
13.9960    8.8156    
6.7675     36.0060   

# Frame466

# x        y
4.9731     5.0112    
16.8073    10.3684   
2.3174     14.8856   
14.0844    29.1935   
13.9960    8.8156    
6.7675     36.0060   

# Frame467

# x        y
4.9729     5.0110    
16.8073    10.3684   
2.3174     14.8856   
14.0844    29.1935   
13.9960    8.8156    
6.7675     36.0060   

# Frame468

# x        y
4.9728     5.0108    
16.8073    10.3684   
2.3174     14.8856   
14.0844    29.1935   
13.9960    8.8156    
6.7675     36.0060   

# Frame469

# x        y
4.9726     5.0107    
16.8073    10.3684   
2.3174     14.8856   
14.0844    29.1935   
13.9960    8.8156    
6.7675     36.0060   

# Frame470

# x        y
4.9725     5.0105    
16.8073    10.3684   
2.3174     14.8856   
14.0844    29.1935   
13.9960    8.8156    
6.7675     36.0060   

# Frame471

# x        y
4.9724     5.0103    
16.8073    10.3684   
2.3174     14.8856   
14.0844    29.1935   
13.9960    8.8156    
6.7675     36.0060   

# Frame472

# x        y
4.9722     5.0102    
16.8073    10.3684   
2.3174     14.8856   
14.0844    29.1935   
13.9960    8.8156    
6.7675     36.0060   

# Frame473

# x        y
4.9721     5.0100    
16.8073    10.3684   
2.3174     14.8856   
14.0844    29.1935   
13.9960    8.8156    
6.7675     36.0060   

# Frame474

# x        y
4.9720     5.0098    
16.8073    10.3684   
2.3174     14.8856   
14.0844    29.1935   
13.9960    8.8156    
6.7675     36.0060   

# Frame475

# x        y
4.9718     5.0097    
16.8073    10.3684   
2.3174     14.8856   
14.0844    29.1935   
13.9960    8.8156    
6.7675     36.0060   

# Frame476

# x        y
4.9717     5.0095    
16.8073    10.3684   
2.3174     14.8856   
14.0844    29.1935   
13.9960    8.8156    
6.7675     36.0060   

# Frame477

# x        y
4.9716     5.0094    
16.8073    10.3684   
2.3174     14.8856   
14.0844    29.1935   
13.9960    8.8156    
6.7675     36.0060   

# Frame478

# x        y
4.9715     5.0092    
16.8073    10.3684   
2.3174     14.8856   
14.0844    29.1935   
13.9960    8.8156    
6.7675     36.0060   

# Frame479

# x        y
4.9714     5.0091    
16.8073    10.3684   
2.3174     14.8856   
14.0844    29.1935   
13.9960    8.8156    
6.7675     36.0060   

# Frame480

# x        y
4.9712     5.0089    
16.8073    10.3684   
2.3174     14.8856   
14.0844    29.1935   
13.9960    8.8156    
6.7675     36.0060   

# Frame481

# x        y
4.9711     5.0088    
16.8073    10.3684   
2.3174     14.8856   
14.0844    29.1935   
13.9960    8.8156    
6.7675     36.0060   

# Frame482

# x        y
4.9710     5.0086    
16.8073    10.3684   
2.3174     14.8856   
14.0844    29.1935   
13.9960    8.8156    
6.7675     36.0060   

# Frame483

# x        y
4.9709     5.0085    
16.8073    10.3684   
2.3174     14.8856   
14.0844    29.1935   
13.9960    8.8156    
6.7675     36.0060   

# Frame484

# x        y
4.9708     5.0084    
16.8073    10.3684   
2.3174     14.8856   
14.0844    29.1935   
13.9960    8.8156    
6.7675     36.0060   

# Frame485

# x        y
4.9707     5.0082    
16.8073    10.3684   
2.3174     14.8856   
14.0844    29.1935   
13.9960    8.8156    
6.7675     36.0060   

# Frame486

# x        y
4.9706     5.0081    
16.8073    10.3684   
2.3174     14.8856   
14.0844    29.1935   
13.9960    8.8156    
6.7675     36.0060   

# Frame487

# x        y
4.9705     5.0080    
16.8073    10.3684   
2.3174     14.8856   
14.0844    29.1935   
13.9960    8.8156    
6.7675     36.0060   

# Frame488

# x        y
4.9704     5.0078    
16.8073    10.3684   
2.3174     14.8856   
14.0844    29.1935   
13.9960    8.8156    
6.7675     36.0060   

# Frame489

# x        y
4.9703     5.0077    
16.8073    10.3684   
2.3174     14.8856   
14.0844    29.1935   
13.9960    8.8156    
6.7675     36.0060   

# Frame490

# x        y
4.9702     5.0076    
16.8073    10.3684   
2.3174     14.8856   
14.0844    29.1935   
13.9960    8.8156    
6.7675     36.0060   

# Frame491

# x        y
4.9701     5.0075    
16.8073    10.3684   
2.3174     14.8856   
14.0844    29.1935   
13.9960    8.8156    
6.7675     36.0060   

# Frame492

# x        y
4.9700     5.0074    
16.8073    10.3684   
2.3174     14.8856   
14.0844    29.1935   
13.9960    8.8156    
6.7675     36.0060   

# Frame493

# x        y
4.9699     5.0072    
16.8073    10.3684   
2.3174     14.8856   
14.0844    29.1935   
13.9960    8.8156    
6.7675     36.0060   

# Frame494

# x        y
4.9698     5.0071    
16.8073    10.3684   
2.3174     14.8856   
14.0844    29.1935   
13.9960    8.8156    
6.7675     36.0060   

# Frame495

# x        y
4.9697     5.0070    
16.8073    10.3684   
2.3174     14.8856   
14.0844    29.1935   
13.9960    8.8156    
6.7675     36.0060   

# Frame496

# x        y
4.9696     5.0069    
16.8073    10.3684   
2.3174     14.8856   
14.0844    29.1935   
13.9960    8.8156    
6.7675     36.0060   

# Frame497

# x        y
4.9696     5.0068    
16.8073    10.3684   
2.3174     14.8856   
14.0844    29.1935   
13.9960    8.8156    
6.7675     36.0060   

# Frame498

# x        y
4.9695     5.0067    
16.8073    10.3684   
2.3174     14.8856   
14.0844    29.1935   
13.9960    8.8156    
6.7675     36.0060   

# Frame499

# x        y
4.9694     5.0066    
16.8073    10.3684   
2.3174     14.8856   
14.0844    29.1935   
13.9960    8.8156    
6.7675     36.0060   

# Frame500

# x        y
4.9693     5.0065    
16.8073    10.3684   
2.3174     14.8856   
14.0844    29.1935   
13.9960    8.8156    
6.7675     36.0060   

# Frame501

# x        y
4.9692     5.0064    
16.8073    10.3684   
2.3174     14.8856   
14.0844    29.1935   
13.9960    8.8156    
6.7675     36.0060   

# Frame502

# x        y
4.9691     5.0063    
16.8073    10.3684   
2.3174     14.8856   
14.0844    29.1935   
13.9960    8.8156    
6.7675     36.0060   

# Frame503

# x        y
4.9691     5.0062    
16.8073    10.3684   
2.3174     14.8856   
14.0844    29.1935   
13.9960    8.8156    
6.7675     36.0060   

# Frame504

# x        y
4.9690     5.0061    
16.8073    10.3684   
2.3174     14.8856   
14.0844    29.1935   
13.9960    8.8156    
6.7675     36.0060   

# Frame505

# x        y
4.9689     5.0060    
16.8073    10.3684   
2.3174     14.8856   
14.0844    29.1935   
13.9960    8.8156    
6.7675     36.0060   

# Frame506

# x        y
4.9688     5.0059    
16.8073    10.3684   
2.3174     14.8856   
14.0844    29.1935   
13.9960    8.8156    
6.7675     36.0060   

# Frame507

# x        y
4.9688     5.0058    
16.8073    10.3684   
2.3174     14.8856   
14.0844    29.1935   
13.9960    8.8156    
6.7675     36.0060   

# Frame508

# x        y
4.9687     5.0057    
16.8073    10.3684   
2.3174     14.8856   
14.0844    29.1935   
13.9960    8.8156    
6.7675     36.0060   

# Frame509

# x        y
4.9686     5.0056    
16.8073    10.3684   
2.3174     14.8856   
14.0844    29.1935   
13.9960    8.8156    
6.7675     36.0060   

# Frame510

# x        y
4.9686     5.0055    
16.8073    10.3684   
2.3174     14.8856   
14.0844    29.1935   
13.9960    8.8156    
6.7675     36.0060   

# Frame511

# x        y
4.9685     5.0054    
16.8073    10.3684   
2.3174     14.8856   
14.0844    29.1935   
13.9960    8.8156    
6.7675     36.0060   

# Frame512

# x        y
4.9684     5.0054    
16.8073    10.3684   
2.3174     14.8856   
14.0844    29.1935   
13.9960    8.8156    
6.7675     36.0060   

# Frame513

# x        y
4.9684     5.0053    
16.8073    10.3684   
2.3174     14.8856   
14.0844    29.1935   
13.9960    8.8156    
6.7675     36.0060   

# Frame514

# x        y
4.9683     5.0052    
16.8073    10.3684   
2.3174     14.8856   
14.0844    29.1935   
13.9960    8.8156    
6.7675     36.0060   

# Frame515

# x        y
4.9682     5.0051    
16.8073    10.3684   
2.3174     14.8856   
14.0844    29.1935   
13.9960    8.8156    
6.7675     36.0060   

# Frame516

# x        y
4.9682     5.0050    
16.8073    10.3684   
2.3174     14.8856   
14.0844    29.1935   
13.9960    8.8156    
6.7675     36.0060   

# Frame517

