# x        y
12.8180    17.6113   
9.6520     33.1142   
14.9866    28.7175   
7.7676     33.7674   
16.1657    16.8340   
8.1492     13.2936   

# Frame1

# x        y
14.0869    16.0653   
9.6521     33.1141   
14.9866    28.7175   
7.7676     33.7674   
16.1657    16.8340   
8.1492     13.2936   

# Frame2

# x        y
15.3347    14.5452   
9.6521     33.1141   
14.9866    28.7175   
7.7675     33.7674   
16.1657    16.8340   
8.1492     13.2936   

# Frame3

# x        y
16.5617    13.0504   
9.6522     33.1141   
14.9866    28.7175   
7.7675     33.7674   
16.1657    16.8340   
8.1492     13.2936   

# Frame4

# x        y
17.7682    11.5805   
9.6522     33.1141   
14.9866    28.7175   
7.7675     33.7675   
16.1657    16.8340   
8.1492     13.2936   

# Frame5

# x        y
18.9547    10.1351   
9.6522     33.1141   
14.9866    28.7175   
7.7674     33.7675   
16.1657    16.8340   
8.1492     13.2936   

# Frame6

# x        y
18.4375    9.1688    
9.6522     33.1141   
14.9866    28.7175   
7.7674     33.7675   
16.1657    16.8340   
8.1492     13.2936   

# Frame7

# x        y
17.8639    8.2388    
9.6523     33.1141   
14.9866    28.7175   
7.7674     33.7675   
16.1657    16.8340   
8.1492     13.2936   

# Frame8

# x        y
17.2998    7.3243    
9.6523     33.1141   
14.9866    28.7175   
7.7674     33.7675   
16.1657    16.8340   
8.1492     13.2936   

# Frame9

# x        y
16.7452    6.4251    
9.6523     33.1141   
14.9866    28.7175   
7.7674     33.7675   
16.1657    16.8340   
8.1492     13.2936   

# Frame10

# x        y
16.1998    5.5408    
9.6523     33.1141   
14.9866    28.7175   
7.7674     33.7675   
16.1657    16.8340   
8.1492     13.2936   

# Frame11

# x        y
15.6635    4.6713    
9.6523     33.1141   
14.9866    28.7175   
7.7674     33.7675   
16.1657    16.8340   
8.1492     13.2936   

# Frame12

# x        y
15.1361    3.8163    
9.6523     33.1141   
14.9866    28.7175   
7.7674     33.7675   
16.1657    16.8340   
8.1492     13.2936   

# Frame13

# x        y
14.6175    2.9755    
9.6523     33.1141   
14.9866    28.7175   
7.7674     33.7675   
16.1657    16.8340   
8.1492     13.2936   

# Frame14

# x        y
14.1076    2.1487    
9.6523     33.1141   
14.9866    28.7175   
7.7674     33.7675   
16.1657    16.8340   
8.1492     13.2936   

# Frame15

# x        y
13.6062    1.3357    
9.6523     33.1141   
14.9866    28.7175   
7.7674     33.7675   
16.1657    16.8340   
8.1492     13.2936   

# Frame16

# x        y
13.0784    1.2342    
9.6523     33.1141   
14.9866    28.7175   
7.7674     33.7675   
16.1657    16.8340   
8.1492     13.2936   

# Frame17

# x        y
12.5340    1.6273    
9.6523     33.1141   
14.9866    28.7175   
7.7674     33.7675   
16.1657    16.8340   
8.1492     13.2936   

# Frame18

# x        y
11.9987    2.0138    
9.6523     33.1141   
14.9866    28.7175   
7.7674     33.7675   
16.1657    16.8340   
8.1492     13.2936   

# Frame19

# x        y
11.4723    2.3938    
9.6523     33.1141   
14.9866    28.7175   
7.7674     33.7675   
16.1657    16.8340   
8.1492     13.2936   

# Frame20

# x        y
10.9547    2.7676    
9.6523     33.1141   
14.9866    28.7175   
7.7674     33.7675   
16.1657    16.8340   
8.1492     13.2936   

# Frame21

# x        y
10.4458    3.1351    
9.6523     33.1141   
14.9866    28.7175   
7.7674     33.7675   
16.1657    16.8340   
8.1492     13.2936   

# Frame22

# x        y
9.9453     3.4964    
9.6523     33.1141   
14.9866    28.7175   
7.7674     33.7675   
16.1657    16.8340   
8.1492     13.2936   

# Frame23

# x        y
9.4531     3.8518    
9.6523     33.1141   
14.9866    28.7175   
7.7674     33.7675   
16.1657    16.8340   
8.1492     13.2936   

# Frame24

# x        y
8.9692     4.2012    
9.6523     33.1141   
14.9866    28.7175   
7.7674     33.7675   
16.1657    16.8340   
8.1492     13.2936   

# Frame25

# x        y
8.4933     4.5448    
9.6523     33.1141   
14.9866    28.7175   
7.7674     33.7675   
16.1657    16.8340   
8.1492     13.2936   

# Frame26

# x        y
8.0254     4.8827    
9.6523     33.1141   
14.9866    28.7175   
7.7674     33.7675   
16.1657    16.8340   
8.1492     13.2936   

# Frame27

# x        y
7.5652     5.2150    
9.6523     33.1141   
14.9866    28.7175   
7.7674     33.7675   
16.1657    16.8340   
8.1492     13.2936   

# Frame28

# x        y
7.1128     5.5417    
9.6523     33.1141   
14.9866    28.7175   
7.7674     33.7675   
16.1657    16.8340   
8.1492     13.2936   

# Frame29

# x        y
6.6678     5.8630    
9.6523     33.1141   
14.9866    28.7175   
7.7674     33.7675   
16.1657    16.8340   
8.1492     13.2936   

# Frame30

# x        y
6.2303     6.1789    
9.6523     33.1141   
14.9866    28.7175   
7.7674     33.7675   
16.1657    16.8340   
8.1492     13.2936   

# Frame31

# x        y
5.8001     6.4895    
9.6523     33.1141   
14.9866    28.7175   
7.7674     33.7675   
16.1657    16.8340   
8.1492     13.2936   

# Frame32

# x        y
5.3770     6.7950    
9.6523     33.1141   
14.9866    28.7175   
7.7674     33.7675   
16.1657    16.8340   
8.1492     13.2936   

# Frame33

# x        y
4.9610     7.0954    
9.6523     33.1141   
14.9866    28.7175   
7.7674     33.7675   
16.1657    16.8340   
8.1492     13.2936   

# Frame34

# x        y
4.5519     7.3907    
9.6523     33.1141   
14.9866    28.7175   
7.7674     33.7675   
16.1657    16.8340   
8.1492     13.2936   

# Frame35

# x        y
4.1497     7.6812    
9.6523     33.1141   
14.9866    28.7175   
7.7674     33.7675   
16.1657    16.8340   
8.1492     13.2936   

# Frame36

# x        y
3.7541     7.9668    
9.6523     33.1141   
14.9866    28.7175   
7.7674     33.7675   
16.1657    16.8340   
8.1492     13.2936   

# Frame37

# x        y
3.3652     8.2477    
9.6523     33.1141   
14.9866    28.7175   
7.7674     33.7675   
16.1657    16.8340   
8.1492     13.2936   

# Frame38

# x        y
2.9827     8.5238    
9.6523     33.1141   
14.9866    28.7175   
7.7674     33.7675   
16.1657    16.8340   
8.1492     13.2936   

# Frame39

# x        y
2.6066     8.7954    
9.6523     33.1141   
14.9866    28.7175   
7.7674     33.7675   
16.1657    16.8340   
8.1492     13.2936   

# Frame40

# x        y
2.2368     9.0624    
9.6523     33.1141   
14.9866    28.7175   
7.7674     33.7675   
16.1657    16.8340   
8.1492     13.2936   

# Frame41

# x        y
1.8731     9.3250    
9.6523     33.1141   
14.9866    28.7175   
7.7674     33.7675   
16.1657    16.8340   
8.1492     13.2936   

# Frame42

# x        y
1.5155     9.5832    
9.6523     33.1141   
14.9866    28.7175   
7.7674     33.7675   
16.1657    16.8340   
8.1492     13.2936   

# Frame43

# x        y
1.1638     9.8371    
9.6523     33.1141   
14.9866    28.7175   
7.7674     33.7675   
16.1657    16.8340   
8.1492     13.2936   

# Frame44

# x        y
1.0933     10.0807   
9.6523     33.1141   
14.9866    28.7175   
7.7674     33.7675   
16.1657    16.8340   
8.1492     13.2936   

# Frame45

# x        y
1.2633     10.3146   
9.6523     33.1141   
14.9866    28.7175   
7.7674     33.7675   
16.1657    16.8340   
8.1492     13.2936   

# Frame46

# x        y
1.4305     10.5446   
9.6523     33.1141   
14.9866    28.7175   
7.7674     33.7675   
16.1657    16.8340   
8.1492     13.2936   

# Frame47

# x        y
1.5949     10.7707   
9.6523     33.1141   
14.9866    28.7175   
7.7674     33.7675   
16.1657    16.8340   
8.1492     13.2936   

# Frame48

# x        y
1.7566     10.9931   
9.6523     33.1141   
14.9866    28.7175   
7.7674     33.7675   
16.1657    16.8340   
8.1492     13.2936   

# Frame49

# x        y
1.9155     11.2117   
9.6523     33.1141   
14.9866    28.7175   
7.7674     33.7675   
16.1657    16.8340   
8.1492     13.2936   

# Frame50

# x        y
2.0718     11.4268   
9.6523     33.1141   
14.9866    28.7175   
7.7674     33.7675   
16.1657    16.8340   
8.1492     13.2936   

# Frame51

# x        y
2.2255     11.6382   
9.6523     33.1141   
14.9866    28.7175   
7.7674     33.7675   
16.1657    16.8340   
8.1492     13.2936   

# Frame52

# x        y
2.3767     11.8461   
9.6523     33.1141   
14.9866    28.7175   
7.7674     33.7675   
16.1657    16.8340   
8.1492     13.2936   

# Frame53

# x        y
2.5253     12.0505   
9.6523     33.1141   
14.9866    28.7175   
7.7674     33.7675   
16.1657    16.8340   
8.1492     13.2936   

# Frame54

# x        y
2.6714     12.2516   
9.6523     33.1141   
14.9866    28.7175   
7.7674     33.7675   
16.1657    16.8340   
8.1492     13.2936   

# Frame55

# x        y
2.8151     12.4493   
9.6523     33.1141   
14.9866    28.7175   
7.7674     33.7675   
16.1657    16.8340   
8.1492     13.2936   

# Frame56

# x        y
2.9565     12.6437   
9.6523     33.1141   
14.9866    28.7175   
7.7674     33.7675   
16.1657    16.8340   
8.1492     13.2936   

# Frame57

# x        y
3.0954     12.8348   
9.6523     33.1141   
14.9866    28.7175   
7.7674     33.7675   
16.1657    16.8340   
8.1492     13.2936   

# Frame58

# x        y
3.2321     13.0228   
9.6523     33.1141   
14.9866    28.7175   
7.7674     33.7675   
16.1657    16.8340   
8.1492     13.2936   

# Frame59

# x        y
3.3664     13.2076   
9.6523     33.1141   
14.9866    28.7175   
7.7674     33.7675   
16.1657    16.8340   
8.1492     13.2936   

# Frame60

# x        y
3.4986     13.3894   
9.6523     33.1141   
14.9866    28.7175   
7.7674     33.7675   
16.1657    16.8340   
8.1492     13.2936   

# Frame61

# x        y
3.6285     13.5681   
9.6523     33.1141   
14.9866    28.7175   
7.7674     33.7675   
16.1657    16.8340   
8.1492     13.2936   

# Frame62

# x        y
3.7562     13.7438   
9.6523     33.1141   
14.9866    28.7175   
7.7674     33.7675   
16.1657    16.8340   
8.1492     13.2936   

# Frame63

# x        y
3.8819     13.9166   
9.6523     33.1141   
14.9866    28.7175   
7.7674     33.7675   
16.1657    16.8340   
8.1492     13.2936   

# Frame64

# x        y
4.0054     14.0866   
9.6523     33.1141   
14.9866    28.7175   
7.7674     33.7675   
16.1657    16.8340   
8.1492     13.2936   

# Frame65

# x        y
4.1269     14.2537   
9.6523     33.1141   
14.9866    28.7175   
7.7674     33.7675   
16.1657    16.8340   
8.1492     13.2936   

# Frame66

# x        y
4.2463     14.4180   
9.6523     33.1141   
14.9866    28.7175   
7.7674     33.7675   
16.1657    16.8340   
8.1492     13.2936   

# Frame67

# x        y
4.3638     14.5796   
9.6523     33.1141   
14.9866    28.7175   
7.7674     33.7675   
16.1657    16.8340   
8.1492     13.2936   

# Frame68

# x        y
4.4793     14.7385   
9.6523     33.1141   
14.9866    28.7175   
7.7674     33.7675   
16.1657    16.8340   
8.1492     13.2936   

# Frame69

# x        y
4.5929     14.8947   
9.6523     33.1141   
14.9866    28.7175   
7.7674     33.7675   
16.1657    16.8340   
8.1492     13.2936   

# Frame70

# x        y
4.7046     15.0483   
9.6523     33.1141   
14.9866    28.7175   
7.7674     33.7675   
16.1657    16.8340   
8.1492     13.2936   

# Frame71

# x        y
4.8144     15.1994   
9.6523     33.1141   
14.9866    28.7175   
7.7674     33.7675   
16.1657    16.8340   
8.1492     13.2936   

# Frame72

# x        y
4.9224     15.3480   
9.6523     33.1141   
14.9866    28.7175   
7.7674     33.7675   
16.1657    16.8340   
8.1492     13.2936   

# Frame73

# x        y
5.0286     15.4940   
9.6523     33.1141   
14.9866    28.7175   
7.7674     33.7675   
16.1657    16.8340   
8.1492     13.2936   

# Frame74

# x        y
5.1330     15.6377   
9.6523     33.1141   
14.9866    28.7175   
7.7674     33.7675   
16.1657    16.8340   
8.1492     13.2936   

# Frame75

# x        y
5.2357     15.7789   
9.6523     33.1141   
14.9866    28.7175   
7.7674     33.7675   
16.1657    16.8340   
8.1492     13.2936   

# Frame76

# x        y
5.3367     15.9178   
9.6523     33.1141   
14.9866    28.7175   
7.7674     33.7675   
16.1657    16.8340   
8.1492     13.2936   

# Frame77

# x        y
5.4359     16.0544   
9.6523     33.1141   
14.9866    28.7175   
7.7674     33.7675   
16.1657    16.8340   
8.1492     13.2936   

# Frame78

# x        y
5.5336     16.1887   
9.6523     33.1141   
14.9866    28.7175   
7.7674     33.7675   
16.1657    16.8340   
8.1492     13.2936   

# Frame79

# x        y
5.6296     16.3208   
9.6523     33.1141   
14.9866    28.7175   
7.7674     33.7675   
16.1657    16.8340   
8.1492     13.2936   

# Frame80

# x        y
5.7240     16.4506   
9.6523     33.1141   
14.9866    28.7175   
7.7674     33.7675   
16.1657    16.8340   
8.1492     13.2936   

# Frame81

# x        y
5.8168     16.5783   
9.6523     33.1141   
14.9866    28.7175   
7.7674     33.7675   
16.1657    16.8340   
8.1492     13.2936   

# Frame82

# x        y
5.9081     16.7039   
9.6523     33.1141   
14.9866    28.7175   
7.7674     33.7675   
16.1657    16.8340   
8.1492     13.2936   

# Frame83

# x        y
5.9979     16.8274   
9.6523     33.1141   
14.9866    28.7175   
7.7674     33.7675   
16.1657    16.8340   
8.1492     13.2936   

# Frame84

# x        y
6.0862     16.9488   
9.6523     33.1141   
14.9866    28.7175   
7.7674     33.7675   
16.1657    16.8340   
8.1492     13.2936   

# Frame85

# x        y
6.1729     17.0682   
9.6523     33.1141   
14.9866    28.7175   
7.7674     33.7675   
16.1657    16.8340   
8.1492     13.2936   

# Frame86

# x        y
6.2583     17.1856   
9.6523     33.1141   
14.9866    28.7175   
7.7674     33.7675   
16.1657    16.8340   
8.1492     13.2936   

# Frame87

# x        y
6.3422     17.3011   
9.6523     33.1141   
14.9866    28.7175   
7.7674     33.7675   
16.1657    16.8340   
8.1492     13.2936   

# Frame88

# x        y
6.4248     17.4146   
9.6523     33.1141   
14.9866    28.7175   
7.7674     33.7675   
16.1657    16.8340   
8.1492     13.2936   

# Frame89

# x        y
6.5059     17.5262   
9.6523     33.1141   
14.9866    28.7175   
7.7674     33.7675   
16.1657    16.8340   
8.1492     13.2936   

# Frame90

# x        y
6.5857     17.6360   
9.6523     33.1141   
14.9866    28.7175   
7.7674     33.7675   
16.1657    16.8340   
8.1492     13.2936   

# Frame91

# x        y
6.6642     17.7440   
9.6523     33.1141   
14.9866    28.7175   
7.7674     33.7675   
16.1657    16.8340   
8.1492     13.2936   

# Frame92

# x        y
6.7414     17.8501   
9.6523     33.1141   
14.9866    28.7175   
7.7674     33.7675   
16.1657    16.8340   
8.1492     13.2936   

# Frame93

# x        y
6.8172     17.9545   
9.6523     33.1141   
14.9866    28.7175   
7.7674     33.7675   
16.1657    16.8340   
8.1492     13.2936   

# Frame94

# x        y
6.8918     18.0571   
9.6523     33.1141   
14.9866    28.7175   
7.7674     33.7675   
16.1657    16.8340   
8.1492     13.2936   

# Frame95

# x        y
6.9652     18.1580   
9.6523     33.1141   
14.9866    28.7175   
7.7674     33.7675   
16.1657    16.8340   
8.1492     13.2936   

# Frame96

# x        y
7.0374     18.2573   
9.6523     33.1141   
14.9866    28.7175   
7.7674     33.7675   
16.1657    16.8340   
8.1492     13.2936   

# Frame97

# x        y
7.1083     18.3549   
9.6523     33.1141   
14.9866    28.7175   
7.7674     33.7675   
16.1657    16.8340   
8.1492     13.2936   

# Frame98

# x        y
7.1781     18.4508   
9.6523     33.1141   
14.9866    28.7175   
7.7674     33.7675   
16.1657    16.8340   
8.1492     13.2936   

# Frame99

# x        y
7.2467     18.5452   
9.6523     33.1141   
14.9866    28.7175   
7.7674     33.7675   
16.1657    16.8340   
8.1492     13.2936   

# Frame100

# x        y
7.3141     18.6380   
9.6523     33.1141   
14.9866    28.7175   
7.7674     33.7675   
16.1657    16.8340   
8.1492     13.2936   

# Frame101

# x        y
7.3805     18.7292   
9.6523     33.1141   
14.9866    28.7175   
7.7674     33.7675   
16.1657    16.8340   
8.1492     13.2936   

# Frame102

# x        y
7.4457     18.8190   
9.6523     33.1141   
14.9866    28.7175   
7.7674     33.7675   
16.1657    16.8340   
8.1492     13.2936   

# Frame103

# x        y
7.5098     18.9072   
9.6523     33.1141   
14.9866    28.7175   
7.7674     33.7675   
16.1657    16.8340   
8.1492     13.2936   

# Frame104

# x        y
7.5729     18.9940   
9.6523     33.1141   
14.9866    28.7175   
7.7674     33.7675   
16.1657    16.8340   
8.1492     13.2936   

# Frame105

# x        y
7.6349     19.0793   
9.6523     33.1141   
14.9866    28.7175   
7.7674     33.7675   
16.1657    16.8340   
8.1492     13.2936   

# Frame106

# x        y
7.6959     19.1632   
9.6523     33.1141   
14.9866    28.7175   
7.7674     33.7675   
16.1657    16.8340   
8.1492     13.2936   

# Frame107

# x        y
7.7559     19.2456   
9.6523     33.1141   
14.9866    28.7175   
7.7674     33.7675   
16.1657    16.8340   
8.1492     13.2936   

# Frame108

# x        y
7.8148     19.3268   
9.6523     33.1141   
14.9866    28.7175   
7.7674     33.7675   
16.1657    16.8340   
8.1492     13.2936   

# Frame109

# x        y
7.8728     19.4065   
9.6523     33.1141   
14.9866    28.7175   
7.7674     33.7675   
16.1657    16.8340   
8.1492     13.2936   

# Frame110

# x        y
7.9298     19.4850   
9.6523     33.1141   
14.9866    28.7175   
7.7674     33.7675   
16.1657    16.8340   
8.1492     13.2936   

# Frame111

# x        y
7.9859     19.5621   
9.6523     33.1141   
14.9866    28.7175   
7.7674     33.7675   
16.1657    16.8340   
8.1492     13.2936   

# Frame112

# x        y
8.0410     19.6379   
9.6523     33.1141   
14.9866    28.7175   
7.7674     33.7675   
16.1657    16.8340   
8.1492     13.2936   

# Frame113

# x        y
8.0953     19.7125   
9.6523     33.1141   
14.9866    28.7175   
7.7674     33.7675   
16.1657    16.8340   
8.1492     13.2936   

# Frame114

# x        y
8.1486     19.7859   
9.6523     33.1141   
14.9866    28.7175   
7.7674     33.7675   
16.1657    16.8340   
8.1492     13.2936   

# Frame115

# x        y
8.2010     19.8580   
9.6523     33.1141   
14.9866    28.7175   
7.7674     33.7675   
16.1657    16.8340   
8.1492     13.2936   

# Frame116

# x        y
8.2526     19.9289   
9.6523     33.1141   
14.9866    28.7175   
7.7674     33.7675   
16.1657    16.8340   
8.1492     13.2936   

# Frame117

# x        y
8.3032     19.9986   
9.6523     33.1141   
14.9866    28.7175   
7.7674     33.7675   
16.1657    16.8340   
8.1492     13.2936   

# Frame118

# x        y
8.3531     20.0672   
9.6523     33.1141   
14.9866    28.7175   
7.7674     33.7675   
16.1657    16.8340   
8.1492     13.2936   

# Frame119

# x        y
8.4021     20.1346   
9.6523     33.1141   
14.9866    28.7175   
7.7674     33.7675   
16.1657    16.8340   
8.1492     13.2936   

# Frame120

# x        y
8.4503     20.2009   
9.6523     33.1141   
14.9866    28.7175   
7.7674     33.7675   
16.1657    16.8340   
8.1492     13.2936   

# Frame121

# x        y
8.4977     20.2661   
9.6523     33.1141   
14.9866    28.7175   
7.7674     33.7675   
16.1657    16.8340   
8.1492     13.2936   

# Frame122

# x        y
8.5443     20.3302   
9.6523     33.1141   
14.9866    28.7175   
7.7674     33.7675   
16.1657    16.8340   
8.1492     13.2936   

# Frame123

# x        y
8.5901     20.3933   
9.6523     33.1141   
14.9866    28.7175   
7.7674     33.7675   
16.1657    16.8340   
8.1492     13.2936   

# Frame124

# x        y
8.6352     20.4552   
9.6523     33.1141   
14.9866    28.7175   
7.7674     33.7675   
16.1657    16.8340   
8.1492     13.2936   

# Frame125

# x        y
8.6795     20.5162   
9.6523     33.1141   
14.9866    28.7175   
7.7674     33.7675   
16.1657    16.8340   
8.1492     13.2936   

# Frame126

# x        y
8.7231     20.5761   
9.6523     33.1141   
14.9866    28.7175   
7.7674     33.7675   
16.1657    16.8340   
8.1492     13.2936   

# Frame127

# x        y
8.7659     20.6351   
9.6523     33.1141   
14.9866    28.7175   
7.7674     33.7675   
16.1657    16.8340   
8.1492     13.2936   

# Frame128

# x        y
8.8081     20.6931   
9.6523     33.1141   
14.9866    28.7175   
7.7674     33.7675   
16.1657    16.8340   
8.1492     13.2936   

# Frame129

# x        y
8.8495     20.7500   
9.6523     33.1141   
14.9866    28.7175   
7.7674     33.7675   
16.1657    16.8340   
8.1492     13.2936   

# Frame130

# x        y
8.8902     20.8061   
9.6523     33.1141   
14.9866    28.7175   
7.7674     33.7675   
16.1657    16.8340   
8.1492     13.2936   

# Frame131

# x        y
8.9303     20.8612   
9.6523     33.1141   
14.9866    28.7175   
7.7674     33.7675   
16.1657    16.8340   
8.1492     13.2936   

# Frame132

# x        y
8.9697     20.9154   
9.6523     33.1141   
14.9866    28.7175   
7.7674     33.7675   
16.1657    16.8340   
8.1492     13.2936   

# Frame133

# x        y
9.0084     20.9687   
9.6523     33.1141   
14.9866    28.7175   
7.7674     33.7675   
16.1657    16.8340   
8.1492     13.2936   

# Frame134

# x        y
9.0465     21.0211   
9.6523     33.1141   
14.9866    28.7175   
7.7674     33.7675   
16.1657    16.8340   
8.1492     13.2936   

# Frame135

# x        y
9.0840     21.0726   
9.6523     33.1141   
14.9866    28.7175   
7.7674     33.7675   
16.1657    16.8340   
8.1492     13.2936   

# Frame136

# x        y
9.1208     21.1233   
9.6523     33.1141   
14.9866    28.7175   
7.7674     33.7675   
16.1657    16.8340   
8.1492     13.2936   

# Frame137

# x        y
9.1571     21.1731   
9.6523     33.1141   
14.9866    28.7175   
7.7674     33.7675   
16.1657    16.8340   
8.1492     13.2936   

# Frame138

# x        y
9.1927     21.2221   
9.6523     33.1141   
14.9866    28.7175   
7.7674     33.7675   
16.1657    16.8340   
8.1492     13.2936   

# Frame139

# x        y
9.2277     21.2703   
9.6523     33.1141   
14.9866    28.7175   
7.7674     33.7675   
16.1657    16.8340   
8.1492     13.2936   

# Frame140

# x        y
9.2621     21.3176   
9.6523     33.1141   
14.9866    28.7175   
7.7674     33.7675   
16.1657    16.8340   
8.1492     13.2936   

# Frame141

# x        y
9.2960     21.3642   
9.6523     33.1141   
14.9866    28.7175   
7.7674     33.7675   
16.1657    16.8340   
8.1492     13.2936   

# Frame142

# x        y
9.3293     21.4100   
9.6523     33.1141   
14.9866    28.7175   
7.7674     33.7675   
16.1657    16.8340   
8.1492     13.2936   

# Frame143

# x        y
9.3620     21.4551   
9.6523     33.1141   
14.9866    28.7175   
7.7674     33.7675   
16.1657    16.8340   
8.1492     13.2936   

# Frame144

# x        y
9.3942     21.4994   
9.6523     33.1141   
14.9866    28.7175   
7.7674     33.7675   
16.1657    16.8340   
8.1492     13.2936   

# Frame145

# x        y
9.4259     21.5429   
9.6523     33.1141   
14.9866    28.7175   
7.7674     33.7675   
16.1657    16.8340   
8.1492     13.2936   

# Frame146

# x        y
9.4570     21.5858   
9.6523     33.1141   
14.9866    28.7175   
7.7674     33.7675   
16.1657    16.8340   
8.1492     13.2936   

# Frame147

# x        y
9.4877     21.6279   
9.6523     33.1141   
14.9866    28.7175   
7.7674     33.7675   
16.1657    16.8340   
8.1492     13.2936   

# Frame148

# x        y
9.5178     21.6693   
9.6523     33.1141   
14.9866    28.7175   
7.7674     33.7675   
16.1657    16.8340   
8.1492     13.2936   

# Frame149

# x        y
9.5474     21.7100   
9.6523     33.1141   
14.9866    28.7175   
7.7674     33.7675   
16.1657    16.8340   
8.1492     13.2936   

# Frame150

# x        y
9.5765     21.7501   
9.6523     33.1141   
14.9866    28.7175   
7.7674     33.7675   
16.1657    16.8340   
8.1492     13.2936   

# Frame151

# x        y
9.6051     21.7894   
9.6523     33.1141   
14.9866    28.7175   
7.7674     33.7675   
16.1657    16.8340   
8.1492     13.2936   

# Frame152

# x        y
9.6333     21.8282   
9.6523     33.1141   
14.9866    28.7175   
7.7674     33.7675   
16.1657    16.8340   
8.1492     13.2936   

# Frame153

# x        y
9.6609     21.8662   
9.6523     33.1141   
14.9866    28.7175   
7.7674     33.7675   
16.1657    16.8340   
8.1492     13.2936   

# Frame154

# x        y
9.6882     21.9037   
9.6523     33.1141   
14.9866    28.7175   
7.7674     33.7675   
16.1657    16.8340   
8.1492     13.2936   

# Frame155

# x        y
9.7149     21.9405   
9.6523     33.1141   
14.9866    28.7175   
7.7674     33.7675   
16.1657    16.8340   
8.1492     13.2936   

# Frame156

# x        y
9.7412     21.9767   
9.6523     33.1141   
14.9866    28.7175   
7.7674     33.7675   
16.1657    16.8340   
8.1492     13.2936   

# Frame157

# x        y
9.7671     22.0123   
9.6523     33.1141   
14.9866    28.7175   
7.7674     33.7675   
16.1657    16.8340   
8.1492     13.2936   

# Frame158

# x        y
9.7926     22.0473   
9.6523     33.1141   
14.9866    28.7175   
7.7674     33.7675   
16.1657    16.8340   
8.1492     13.2936   

# Frame159

# x        y
9.8176     22.0817   
9.6523     33.1141   
14.9866    28.7175   
7.7674     33.7675   
16.1657    16.8340   
8.1492     13.2936   

# Frame160

# x        y
9.8422     22.1156   
9.6523     33.1141   
14.9866    28.7175   
7.7674     33.7675   
16.1657    16.8340   
8.1492     13.2936   

# Frame161

# x        y
9.8664     22.1489   
9.6523     33.1141   
14.9866    28.7175   
7.7674     33.7675   
16.1657    16.8340   
8.1492     13.2936   

# Frame162

# x        y
9.8902     22.1816   
9.6523     33.1141   
14.9866    28.7175   
7.7674     33.7675   
16.1657    16.8340   
8.1492     13.2936   

# Frame163

# x        y
9.9136     22.2138   
9.6523     33.1141   
14.9866    28.7175   
7.7674     33.7675   
16.1657    16.8340   
8.1492     13.2936   

# Frame164

# x        y
9.9366     22.2454   
9.6523     33.1141   
14.9866    28.7175   
7.7674     33.7675   
16.1657    16.8340   
8.1492     13.2936   

# Frame165

# x        y
9.9592     22.2766   
9.6523     33.1141   
14.9866    28.7175   
7.7674     33.7675   
16.1657    16.8340   
8.1492     13.2936   

# Frame166

# x        y
9.9815     22.3072   
9.6523     33.1141   
14.9866    28.7175   
7.7674     33.7675   
16.1657    16.8340   
8.1492     13.2936   

# Frame167

# x        y
10.0033    22.3372   
9.6523     33.1141   
14.9866    28.7175   
7.7674     33.7675   
16.1657    16.8340   
8.1492     13.2936   

# Frame168

# x        y
10.0249    22.3668   
9.6523     33.1141   
14.9866    28.7175   
7.7674     33.7675   
16.1657    16.8340   
8.1492     13.2936   

# Frame169

# x        y
10.0460    22.3959   
9.6523     33.1141   
14.9866    28.7175   
7.7674     33.7675   
16.1657    16.8340   
8.1492     13.2936   

# Frame170

# x        y
10.0668    22.4245   
9.6523     33.1141   
14.9866    28.7175   
7.7674     33.7675   
16.1657    16.8340   
8.1492     13.2936   

# Frame171

# x        y
10.0873    22.4527   
9.6523     33.1141   
14.9866    28.7175   
7.7674     33.7675   
16.1657    16.8340   
8.1492     13.2936   

# Frame172

# x        y
10.1074    22.4804   
9.6523     33.1141   
14.9866    28.7175   
7.7674     33.7675   
16.1657    16.8340   
8.1492     13.2936   

# Frame173

# x        y
10.1272    22.5076   
9.6523     33.1141   
14.9866    28.7175   
7.7674     33.7675   
16.1657    16.8340   
8.1492     13.2936   

# Frame174

# x        y
10.1466    22.5343   
9.6523     33.1141   
14.9866    28.7175   
7.7674     33.7675   
16.1657    16.8340   
8.1492     13.2936   

# Frame175

# x        y
10.1657    22.5606   
9.6523     33.1141   
14.9866    28.7175   
7.7674     33.7675   
16.1657    16.8340   
8.1492     13.2936   

# Frame176

# x        y
10.1845    22.5865   
9.6523     33.1141   
14.9866    28.7175   
7.7674     33.7675   
16.1657    16.8340   
8.1492     13.2936   

# Frame177

# x        y
10.2030    22.6119   
9.6523     33.1141   
14.9866    28.7175   
7.7674     33.7675   
16.1657    16.8340   
8.1492     13.2936   

# Frame178

# x        y
10.2212    22.6369   
9.6523     33.1141   
14.9866    28.7175   
7.7674     33.7675   
16.1657    16.8340   
8.1492     13.2936   

# Frame179

# x        y
10.2391    22.6615   
9.6523     33.1141   
14.9866    28.7175   
7.7674     33.7675   
16.1657    16.8340   
8.1492     13.2936   

# Frame180

# x        y
10.2567    22.6857   
9.6523     33.1141   
14.9866    28.7175   
7.7674     33.7675   
16.1657    16.8340   
8.1492     13.2936   

# Frame181

# x        y
10.2740    22.7095   
9.6523     33.1141   
14.9866    28.7175   
7.7674     33.7675   
16.1657    16.8340   
8.1492     13.2936   

# Frame182

# x        y
10.2910    22.7329   
9.6523     33.1141   
14.9866    28.7175   
7.7674     33.7675   
16.1657    16.8340   
8.1492     13.2936   

# Frame183

# x        y
10.3077    22.7559   
9.6523     33.1141   
14.9866    28.7175   
7.7674     33.7675   
16.1657    16.8340   
8.1492     13.2936   

# Frame184

# x        y
10.3241    22.7785   
9.6523     33.1141   
14.9866    28.7175   
7.7674     33.7675   
16.1657    16.8340   
8.1492     13.2936   

# Frame185

# x        y
10.3403    22.8007   
9.6523     33.1141   
14.9866    28.7175   
7.7674     33.7675   
16.1657    16.8340   
8.1492     13.2936   

# Frame186

# x        y
10.3562    22.8226   
9.6523     33.1141   
14.9866    28.7175   
7.7674     33.7675   
16.1657    16.8340   
8.1492     13.2936   

# Frame187

# x        y
10.3718    22.8441   
9.6523     33.1141   
14.9866    28.7175   
7.7674     33.7675   
16.1657    16.8340   
8.1492     13.2936   

# Frame188

# x        y
10.3872    22.8652   
9.6523     33.1141   
14.9866    28.7175   
7.7674     33.7675   
16.1657    16.8340   
8.1492     13.2936   

# Frame189

# x        y
10.4023    22.8860   
9.6523     33.1141   
14.9866    28.7175   
7.7674     33.7675   
16.1657    16.8340   
8.1492     13.2936   

# Frame190

# x        y
10.4172    22.9065   
9.6523     33.1141   
14.9866    28.7175   
7.7674     33.7675   
16.1657    16.8340   
8.1492     13.2936   

# Frame191

# x        y
10.4318    22.9266   
9.6523     33.1141   
14.9866    28.7175   
7.7674     33.7675   
16.1657    16.8340   
8.1492     13.2936   

# Frame192

# x        y
10.4461    22.9464   
9.6523     33.1141   
14.9866    28.7175   
7.7674     33.7675   
16.1657    16.8340   
8.1492     13.2936   

# Frame193

# x        y
10.4603    22.9658   
9.6523     33.1141   
14.9866    28.7175   
7.7674     33.7675   
16.1657    16.8340   
8.1492     13.2936   

# Frame194

# x        y
10.4742    22.9849   
9.6523     33.1141   
14.9866    28.7175   
7.7674     33.7675   
16.1657    16.8340   
8.1492     13.2936   

# Frame195

# x        y
10.4878    23.0037   
9.6523     33.1141   
14.9866    28.7175   
7.7674     33.7675   
16.1657    16.8340   
8.1492     13.2936   

# Frame196

# x        y
10.5013    23.0222   
9.6523     33.1141   
14.9866    28.7175   
7.7674     33.7675   
16.1657    16.8340   
8.1492     13.2936   

# Frame197

# x        y
10.5145    23.0404   
9.6523     33.1141   
14.9866    28.7175   
7.7674     33.7675   
16.1657    16.8340   
8.1492     13.2936   

# Frame198

# x        y
10.5275    23.0582   
9.6523     33.1141   
14.9866    28.7175   
7.7674     33.7675   
16.1657    16.8340   
8.1492     13.2936   

# Frame199

# x        y
10.5403    23.0758   
9.6523     33.1141   
14.9866    28.7175   
7.7674     33.7675   
16.1657    16.8340   
8.1492     13.2936   

# Frame200

# x        y
10.5528    23.0931   
9.6523     33.1141   
14.9866    28.7175   
7.7674     33.7675   
16.1657    16.8340   
8.1492     13.2936   

# Frame201

# x        y
10.5652    23.1101   
9.6523     33.1141   
14.9866    28.7175   
7.7674     33.7675   
16.1657    16.8340   
8.1492     13.2936   

# Frame202

# x        y
10.5773    23.1268   
9.6523     33.1141   
14.9866    28.7175   
7.7674     33.7675   
16.1657    16.8340   
8.1492     13.2936   

# Frame203

# x        y
10.5893    23.1432   
9.6523     33.1141   
14.9866    28.7175   
7.7674     33.7675   
16.1657    16.8340   
8.1492     13.2936   

# Frame204

# x        y
10.6010    23.1594   
9.6523     33.1141   
14.9866    28.7175   
7.7674     33.7675   
16.1657    16.8340   
8.1492     13.2936   

# Frame205

# x        y
10.6126    23.1753   
9.6523     33.1141   
14.9866    28.7175   
7.7674     33.7675   
16.1657    16.8340   
8.1492     13.2936   

# Frame206

# x        y
10.6239    23.1909   
9.6523     33.1141   
14.9866    28.7175   
7.7674     33.7675   
16.1657    16.8340   
8.1492     13.2936   

# Frame207

# x        y
10.6351    23.2063   
9.6523     33.1141   
14.9866    28.7175   
7.7674     33.7675   
16.1657    16.8340   
8.1492     13.2936   

# Frame208

# x        y
10.6461    23.2214   
9.6523     33.1141   
14.9866    28.7175   
7.7674     33.7675   
16.1657    16.8340   
8.1492     13.2936   

# Frame209

# x        y
10.6569    23.2362   
9.6523     33.1141   
14.9866    28.7175   
7.7674     33.7675   
16.1657    16.8340   
8.1492     13.2936   

# Frame210

# x        y
10.6675    23.2508   
9.6523     33.1141   
14.9866    28.7175   
7.7674     33.7675   
16.1657    16.8340   
8.1492     13.2936   

# Frame211

# x        y
10.6779    23.2652   
9.6523     33.1141   
14.9866    28.7175   
7.7674     33.7675   
16.1657    16.8340   
8.1492     13.2936   

# Frame212

# x        y
10.6882    23.2793   
9.6523     33.1141   
14.9866    28.7175   
7.7674     33.7675   
16.1657    16.8340   
8.1492     13.2936   

# Frame213

# x        y
10.6983    23.2932   
9.6523     33.1141   
14.9866    28.7175   
7.7674     33.7675   
16.1657    16.8340   
8.1492     13.2936   

# Frame214

# x        y
10.7082    23.3069   
9.6523     33.1141   
14.9866    28.7175   
7.7674     33.7675   
16.1657    16.8340   
8.1492     13.2936   

# Frame215

# x        y
10.7180    23.3203   
9.6523     33.1141   
14.9866    28.7175   
7.7674     33.7675   
16.1657    16.8340   
8.1492     13.2936   

# Frame216

# x        y
10.7276    23.3335   
9.6523     33.1141   
14.9866    28.7175   
7.7674     33.7675   
16.1657    16.8340   
8.1492     13.2936   

# Frame217

# x        y
10.7370    23.3465   
9.6523     33.1141   
14.9866    28.7175   
7.7674     33.7675   
16.1657    16.8340   
8.1492     13.2936   

# Frame218

# x        y
10.7463    23.3593   
9.6523     33.1141   
14.9866    28.7175   
7.7674     33.7675   
16.1657    16.8340   
8.1492     13.2936   

# Frame219

# x        y
10.7554    23.3718   
9.6523     33.1141   
14.9866    28.7175   
7.7674     33.7675   
16.1657    16.8340   
8.1492     13.2936   

# Frame220

# x        y
10.7644    23.3842   
9.6523     33.1141   
14.9866    28.7175   
7.7674     33.7675   
16.1657    16.8340   
8.1492     13.2936   

# Frame221

# x        y
10.7732    23.3963   
9.6523     33.1141   
14.9866    28.7175   
7.7674     33.7675   
16.1657    16.8340   
8.1492     13.2936   

# Frame222

# x        y
10.7819    23.4083   
9.6523     33.1141   
14.9866    28.7175   
7.7674     33.7675   
16.1657    16.8340   
8.1492     13.2936   

# Frame223

# x        y
10.7905    23.4200   
9.6523     33.1141   
14.9866    28.7175   
7.7674     33.7675   
16.1657    16.8340   
8.1492     13.2936   

# Frame224

# x        y
10.7989    23.4315   
9.6523     33.1141   
14.9866    28.7175   
7.7674     33.7675   
16.1657    16.8340   
8.1492     13.2936   

# Frame225

# x        y
10.8071    23.4429   
9.6523     33.1141   
14.9866    28.7175   
7.7674     33.7675   
16.1657    16.8340   
8.1492     13.2936   

# Frame226

# x        y
10.8152    23.4541   
9.6523     33.1141   
14.9866    28.7175   
7.7674     33.7675   
16.1657    16.8340   
8.1492     13.2936   

# Frame227

# x        y
10.8232    23.4650   
9.6523     33.1141   
14.9866    28.7175   
7.7674     33.7675   
16.1657    16.8340   
8.1492     13.2936   

# Frame228

# x        y
10.8310    23.4758   
9.6523     33.1141   
14.9866    28.7175   
7.7674     33.7675   
16.1657    16.8340   
8.1492     13.2936   

# Frame229

# x        y
10.8388    23.4864   
9.6523     33.1141   
14.9866    28.7175   
7.7674     33.7675   
16.1657    16.8340   
8.1492     13.2936   

# Frame230

# x        y
10.8464    23.4969   
9.6523     33.1141   
14.9866    28.7175   
7.7674     33.7675   
16.1657    16.8340   
8.1492     13.2936   

# Frame231

# x        y
10.8538    23.5071   
9.6523     33.1141   
14.9866    28.7175   
7.7674     33.7675   
16.1657    16.8340   
8.1492     13.2936   

# Frame232

# x        y
10.8612    23.5172   
9.6523     33.1141   
14.9866    28.7175   
7.7674     33.7675   
16.1657    16.8340   
8.1492     13.2936   

# Frame233

# x        y
10.8684    23.5272   
9.6523     33.1141   
14.9866    28.7175   
7.7674     33.7675   
16.1657    16.8340   
8.1492     13.2936   

# Frame234

# x        y
10.8755    23.5369   
9.6523     33.1141   
14.9866    28.7175   
7.7674     33.7675   
16.1657    16.8340   
8.1492     13.2936   

# Frame235

# x        y
10.8824    23.5465   
9.6523     33.1141   
14.9866    28.7175   
7.7674     33.7675   
16.1657    16.8340   
8.1492     13.2936   

# Frame236

# x        y
10.8893    23.5560   
9.6523     33.1141   
14.9866    28.7175   
7.7674     33.7675   
16.1657    16.8340   
8.1492     13.2936   

# Frame237

# x        y
10.8960    23.5652   
9.6523     33.1141   
14.9866    28.7175   
7.7674     33.7675   
16.1657    16.8340   
8.1492     13.2936   

# Frame238

# x        y
10.9027    23.5744   
9.6523     33.1141   
14.9866    28.7175   
7.7674     33.7675   
16.1657    16.8340   
8.1492     13.2936   

# Frame239

# x        y
10.9092    23.5833   
9.6523     33.1141   
14.9866    28.7175   
7.7674     33.7675   
16.1657    16.8340   
8.1492     13.2936   

# Frame240

# x        y
10.9156    23.5922   
9.6523     33.1141   
14.9866    28.7175   
7.7674     33.7675   
16.1657    16.8340   
8.1492     13.2936   

# Frame241

# x        y
10.9219    23.6008   
9.6523     33.1141   
14.9866    28.7175   
7.7674     33.7675   
16.1657    16.8340   
8.1492     13.2936   

# Frame242

# x        y
10.9281    23.6094   
9.6523     33.1141   
14.9866    28.7175   
7.7674     33.7675   
16.1657    16.8340   
8.1492     13.2936   

# Frame243

# x        y
10.9342    23.6178   
9.6523     33.1141   
14.9866    28.7175   
7.7674     33.7675   
16.1657    16.8340   
8.1492     13.2936   

# Frame244

# x        y
10.9402    23.6260   
9.6523     33.1141   
14.9866    28.7175   
7.7674     33.7675   
16.1657    16.8340   
8.1492     13.2936   

# Frame245

# x        y
10.9461    23.6341   
9.6523     33.1141   
14.9866    28.7175   
7.7674     33.7675   
16.1657    16.8340   
8.1492     13.2936   

# Frame246

# x        y
10.9519    23.6421   
9.6523     33.1141   
14.9866    28.7175   
7.7674     33.7675   
16.1657    16.8340   
8.1492     13.2936   

# Frame247

# x        y
10.9576    23.6499   
9.6523     33.1141   
14.9866    28.7175   
7.7674     33.7675   
16.1657    16.8340   
8.1492     13.2936   

# Frame248

# x        y
10.9632    23.6576   
9.6523     33.1141   
14.9866    28.7175   
7.7674     33.7675   
16.1657    16.8340   
8.1492     13.2936   

# Frame249

# x        y
10.9687    23.6652   
9.6523     33.1141   
14.9866    28.7175   
7.7674     33.7675   
16.1657    16.8340   
8.1492     13.2936   

# Frame250

# x        y
10.9742    23.6727   
9.6523     33.1141   
14.9866    28.7175   
7.7674     33.7675   
16.1657    16.8340   
8.1492     13.2936   

# Frame251

# x        y
10.9795    23.6800   
9.6523     33.1141   
14.9866    28.7175   
7.7674     33.7675   
16.1657    16.8340   
8.1492     13.2936   

# Frame252

# x        y
10.9847    23.6872   
9.6523     33.1141   
14.9866    28.7175   
7.7674     33.7675   
16.1657    16.8340   
8.1492     13.2936   

# Frame253

# x        y
10.9899    23.6943   
9.6523     33.1141   
14.9866    28.7175   
7.7674     33.7675   
16.1657    16.8340   
8.1492     13.2936   

# Frame254

# x        y
10.9950    23.7013   
9.6523     33.1141   
14.9866    28.7175   
7.7674     33.7675   
16.1657    16.8340   
8.1492     13.2936   

# Frame255

# x        y
10.9999    23.7082   
9.6523     33.1141   
14.9866    28.7175   
7.7674     33.7675   
16.1657    16.8340   
8.1492     13.2936   

# Frame256

# x        y
11.0048    23.7149   
9.6523     33.1141   
14.9866    28.7175   
7.7674     33.7675   
16.1657    16.8340   
8.1492     13.2936   

# Frame257

# x        y
11.0097    23.7215   
9.6523     33.1141   
14.9866    28.7175   
7.7674     33.7675   
16.1657    16.8340   
8.1492     13.2936   

# Frame258

# x        y
11.0144    23.7280   
9.6523     33.1141   
14.9866    28.7175   
7.7674     33.7675   
16.1657    16.8340   
8.1492     13.2936   

# Frame259

# x        y
11.0191    23.7345   
9.6523     33.1141   
14.9866    28.7175   
7.7674     33.7675   
16.1657    16.8340   
8.1492     13.2936   

# Frame260

# x        y
11.0236    23.7408   
9.6523     33.1141   
14.9866    28.7175   
7.7674     33.7675   
16.1657    16.8340   
8.1492     13.2936   

# Frame261

# x        y
11.0281    23.7470   
9.6523     33.1141   
14.9866    28.7175   
7.7674     33.7675   
16.1657    16.8340   
8.1492     13.2936   

# Frame262

# x        y
11.0326    23.7531   
9.6523     33.1141   
14.9866    28.7175   
7.7674     33.7675   
16.1657    16.8340   
8.1492     13.2936   

# Frame263

# x        y
11.0369    23.7591   
9.6523     33.1141   
14.9866    28.7175   
7.7674     33.7675   
16.1657    16.8340   
8.1492     13.2936   

# Frame264

# x        y
11.0412    23.7649   
9.6523     33.1141   
14.9866    28.7175   
7.7674     33.7675   
16.1657    16.8340   
8.1492     13.2936   

# Frame265

# x        y
11.0454    23.7707   
9.6523     33.1141   
14.9866    28.7175   
7.7674     33.7675   
16.1657    16.8340   
8.1492     13.2936   

# Frame266

# x        y
11.0496    23.7764   
9.6523     33.1141   
14.9866    28.7175   
7.7674     33.7675   
16.1657    16.8340   
8.1492     13.2936   

# Frame267

# x        y
11.0537    23.7820   
9.6523     33.1141   
14.9866    28.7175   
7.7674     33.7675   
16.1657    16.8340   
8.1492     13.2936   

# Frame268

# x        y
11.0577    23.7876   
9.6523     33.1141   
14.9866    28.7175   
7.7674     33.7675   
16.1657    16.8340   
8.1492     13.2936   

# Frame269

# x        y
11.0616    23.7930   
9.6523     33.1141   
14.9866    28.7175   
7.7674     33.7675   
16.1657    16.8340   
8.1492     13.2936   

# Frame270

# x        y
11.0655    23.7983   
9.6523     33.1141   
14.9866    28.7175   
7.7674     33.7675   
16.1657    16.8340   
8.1492     13.2936   

# Frame271

# x        y
11.0693    23.8035   
9.6523     33.1141   
14.9866    28.7175   
7.7674     33.7675   
16.1657    16.8340   
8.1492     13.2936   

# Frame272

# x        y
11.0730    23.8087   
9.6523     33.1141   
14.9866    28.7175   
7.7674     33.7675   
16.1657    16.8340   
8.1492     13.2936   

# Frame273

# x        y
11.0767    23.8138   
9.6523     33.1141   
14.9866    28.7175   
7.7674     33.7675   
16.1657    16.8340   
8.1492     13.2936   

# Frame274

# x        y
11.0803    23.8187   
9.6523     33.1141   
14.9866    28.7175   
7.7674     33.7675   
16.1657    16.8340   
8.1492     13.2936   

# Frame275

# x        y
11.0839    23.8236   
9.6523     33.1141   
14.9866    28.7175   
7.7674     33.7675   
16.1657    16.8340   
8.1492     13.2936   

# Frame276

# x        y
11.0874    23.8285   
9.6523     33.1141   
14.9866    28.7175   
7.7674     33.7675   
16.1657    16.8340   
8.1492     13.2936   

# Frame277

# x        y
11.0908    23.8332   
9.6523     33.1141   
14.9866    28.7175   
7.7674     33.7675   
16.1657    16.8340   
8.1492     13.2936   

# Frame278

# x        y
11.0942    23.8379   
9.6523     33.1141   
14.9866    28.7175   
7.7674     33.7675   
16.1657    16.8340   
8.1492     13.2936   

# Frame279

# x        y
11.0976    23.8424   
9.6523     33.1141   
14.9866    28.7175   
7.7674     33.7675   
16.1657    16.8340   
8.1492     13.2936   

# Frame280

# x        y
11.1008    23.8469   
9.6523     33.1141   
14.9866    28.7175   
7.7674     33.7675   
16.1657    16.8340   
8.1492     13.2936   

# Frame281

# x        y
11.1041    23.8514   
9.6523     33.1141   
14.9866    28.7175   
7.7674     33.7675   
16.1657    16.8340   
8.1492     13.2936   

# Frame282

# x        y
11.1072    23.8557   
9.6523     33.1141   
14.9866    28.7175   
7.7674     33.7675   
16.1657    16.8340   
8.1492     13.2936   

# Frame283

# x        y
11.1103    23.8600   
9.6523     33.1141   
14.9866    28.7175   
7.7674     33.7675   
16.1657    16.8340   
8.1492     13.2936   

# Frame284

# x        y
11.1134    23.8642   
9.6523     33.1141   
14.9866    28.7175   
7.7674     33.7675   
16.1657    16.8340   
8.1492     13.2936   

# Frame285

# x        y
11.1164    23.8684   
9.6523     33.1141   
14.9866    28.7175   
7.7674     33.7675   
16.1657    16.8340   
8.1492     13.2936   

# Frame286

# x        y
11.1194    23.8724   
9.6523     33.1141   
14.9866    28.7175   
7.7674     33.7675   
16.1657    16.8340   
8.1492     13.2936   

# Frame287

# x        y
11.1223    23.8764   
9.6523     33.1141   
14.9866    28.7175   
7.7674     33.7675   
16.1657    16.8340   
8.1492     13.2936   

# Frame288

# x        y
11.1251    23.8804   
9.6523     33.1141   
14.9866    28.7175   
7.7674     33.7675   
16.1657    16.8340   
8.1492     13.2936   

# Frame289

# x        y
11.1280    23.8843   
9.6523     33.1141   
14.9866    28.7175   
7.7674     33.7675   
16.1657    16.8340   
8.1492     13.2936   

# Frame290

# x        y
11.1307    23.8881   
9.6523     33.1141   
14.9866    28.7175   
7.7674     33.7675   
16.1657    16.8340   
8.1492     13.2936   

# Frame291

# x        y
11.1334    23.8918   
9.6523     33.1141   
14.9866    28.7175   
7.7674     33.7675   
16.1657    16.8340   
8.1492     13.2936   

# Frame292

# x        y
11.1361    23.8955   
9.6523     33.1141   
14.9866    28.7175   
7.7674     33.7675   
16.1657    16.8340   
8.1492     13.2936   

# Frame293

# x        y
11.1388    23.8991   
9.6523     33.1141   
14.9866    28.7175   
7.7674     33.7675   
16.1657    16.8340   
8.1492     13.2936   

# Frame294

# x        y
11.1413    23.9027   
9.6523     33.1141   
14.9866    28.7175   
7.7674     33.7675   
16.1657    16.8340   
8.1492     13.2936   

# Frame295

# x        y
11.1439    23.9062   
9.6523     33.1141   
14.9866    28.7175   
7.7674     33.7675   
16.1657    16.8340   
8.1492     13.2936   

# Frame296

# x        y
11.1464    23.9096   
9.6523     33.1141   
14.9866    28.7175   
7.7674     33.7675   
16.1657    16.8340   
8.1492     13.2936   

# Frame297

# x        y
11.1488    23.9130   
9.6523     33.1141   
14.9866    28.7175   
7.7674     33.7675   
16.1657    16.8340   
8.1492     13.2936   

# Frame298

# x        y
11.1513    23.9163   
9.6523     33.1141   
14.9866    28.7175   
7.7674     33.7675   
16.1657    16.8340   
8.1492     13.2936   

# Frame299

# x        y
11.1536    23.9196   
9.6523     33.1141   
14.9866    28.7175   
7.7674     33.7675   
16.1657    16.8340   
8.1492     13.2936   

# Frame300

# x        y
11.1560    23.9228   
9.6523     33.1141   
14.9866    28.7175   
7.7674     33.7675   
16.1657    16.8340   
8.1492     13.2936   

# Frame301

# x        y
11.1583    23.9260   
9.6523     33.1141   
14.9866    28.7175   
7.7674     33.7675   
16.1657    16.8340   
8.1492     13.2936   

# Frame302

# x        y
11.1606    23.9291   
9.6523     33.1141   
14.9866    28.7175   
7.7674     33.7675   
16.1657    16.8340   
8.1492     13.2936   

# Frame303

# x        y
11.1628    23.9322   
9.6523     33.1141   
14.9866    28.7175   
7.7674     33.7675   
16.1657    16.8340   
8.1492     13.2936   

# Frame304

# x        y
11.1650    23.9352   
9.6523     33.1141   
14.9866    28.7175   
7.7674     33.7675   
16.1657    16.8340   
8.1492     13.2936   

# Frame305

# x        y
11.1671    23.9381   
9.6523     33.1141   
14.9866    28.7175   
7.7674     33.7675   
16.1657    16.8340   
8.1492     13.2936   

# Frame306

# x        y
11.1692    23.9410   
9.6523     33.1141   
14.9866    28.7175   
7.7674     33.7675   
16.1657    16.8340   
8.1492     13.2936   

# Frame307

# x        y
11.1713    23.9439   
9.6523     33.1141   
14.9866    28.7175   
7.7674     33.7675   
16.1657    16.8340   
8.1492     13.2936   

# Frame308

# x        y
11.1734    23.9467   
9.6523     33.1141   
14.9866    28.7175   
7.7674     33.7675   
16.1657    16.8340   
8.1492     13.2936   

# Frame309

# x        y
11.1754    23.9495   
9.6523     33.1141   
14.9866    28.7175   
7.7674     33.7675   
16.1657    16.8340   
8.1492     13.2936   

# Frame310

# x        y
11.1773    23.9522   
9.6523     33.1141   
14.9866    28.7175   
7.7674     33.7675   
16.1657    16.8340   
8.1492     13.2936   

# Frame311

# x        y
11.1793    23.9549   
9.6523     33.1141   
14.9866    28.7175   
7.7674     33.7675   
16.1657    16.8340   
8.1492     13.2936   

# Frame312

# x        y
11.1812    23.9575   
9.6523     33.1141   
14.9866    28.7175   
7.7674     33.7675   
16.1657    16.8340   
8.1492     13.2936   

# Frame313

# x        y
11.1831    23.9601   
9.6523     33.1141   
14.9866    28.7175   
7.7674     33.7675   
16.1657    16.8340   
8.1492     13.2936   

# Frame314

# x        y
11.1849    23.9626   
9.6523     33.1141   
14.9866    28.7175   
7.7674     33.7675   
16.1657    16.8340   
8.1492     13.2936   

# Frame315

# x        y
11.1868    23.9651   
9.6523     33.1141   
14.9866    28.7175   
7.7674     33.7675   
16.1657    16.8340   
8.1492     13.2936   

# Frame316

# x        y
11.1885    23.9676   
9.6523     33.1141   
14.9866    28.7175   
7.7674     33.7675   
16.1657    16.8340   
8.1492     13.2936   

# Frame317

# x        y
11.1903    23.9700   
9.6523     33.1141   
14.9866    28.7175   
7.7674     33.7675   
16.1657    16.8340   
8.1492     13.2936   

# Frame318

# x        y
11.1920    23.9724   
9.6523     33.1141   
14.9866    28.7175   
7.7674     33.7675   
16.1657    16.8340   
8.1492     13.2936   

# Frame319

# x        y
11.1937    23.9747   
9.6523     33.1141   
14.9866    28.7175   
7.7674     33.7675   
16.1657    16.8340   
8.1492     13.2936   

# Frame320

# x        y
11.1954    23.9770   
9.6523     33.1141   
14.9866    28.7175   
7.7674     33.7675   
16.1657    16.8340   
8.1492     13.2936   

# Frame321

# x        y
11.1970    23.9793   
9.6523     33.1141   
14.9866    28.7175   
7.7674     33.7675   
16.1657    16.8340   
8.1492     13.2936   

# Frame322

# x        y
11.1987    23.9815   
9.6523     33.1141   
14.9866    28.7175   
7.7674     33.7675   
16.1657    16.8340   
8.1492     13.2936   

# Frame323

# x        y
11.2002    23.9837   
9.6523     33.1141   
14.9866    28.7175   
7.7674     33.7675   
16.1657    16.8340   
8.1492     13.2936   

# Frame324

# x        y
11.2018    23.9858   
9.6523     33.1141   
14.9866    28.7175   
7.7674     33.7675   
16.1657    16.8340   
8.1492     13.2936   

# Frame325

# x        y
11.2033    23.9880   
9.6523     33.1141   
14.9866    28.7175   
7.7674     33.7675   
16.1657    16.8340   
8.1492     13.2936   

# Frame326

# x        y
11.2049    23.9900   
9.6523     33.1141   
14.9866    28.7175   
7.7674     33.7675   
16.1657    16.8340   
8.1492     13.2936   

# Frame327

# x        y
11.2063    23.9921   
9.6523     33.1141   
14.9866    28.7175   
7.7674     33.7675   
16.1657    16.8340   
8.1492     13.2936   

# Frame328

# x        y
11.2078    23.9941   
9.6523     33.1141   
14.9866    28.7175   
7.7674     33.7675   
16.1657    16.8340   
8.1492     13.2936   

# Frame329

# x        y
11.2092    23.9961   
9.6523     33.1141   
14.9866    28.7175   
7.7674     33.7675   
16.1657    16.8340   
8.1492     13.2936   

# Frame330

# x        y
11.2107    23.9980   
9.6523     33.1141   
14.9866    28.7175   
7.7674     33.7675   
16.1657    16.8340   
8.1492     13.2936   

# Frame331

# x        y
11.2120    23.9999   
9.6523     33.1141   
14.9866    28.7175   
7.7674     33.7675   
16.1657    16.8340   
8.1492     13.2936   

# Frame332

# x        y
11.2134    24.0018   
9.6523     33.1141   
14.9866    28.7175   
7.7674     33.7675   
16.1657    16.8340   
8.1492     13.2936   

# Frame333

# x        y
11.2148    24.0037   
9.6523     33.1141   
14.9866    28.7175   
7.7674     33.7675   
16.1657    16.8340   
8.1492     13.2936   

# Frame334

# x        y
11.2161    24.0055   
9.6523     33.1141   
14.9866    28.7175   
7.7674     33.7675   
16.1657    16.8340   
8.1492     13.2936   

# Frame335

# x        y
11.2174    24.0073   
9.6523     33.1141   
14.9866    28.7175   
7.7674     33.7675   
16.1657    16.8340   
8.1492     13.2936   

# Frame336

# x        y
11.2187    24.0090   
9.6523     33.1141   
14.9866    28.7175   
7.7674     33.7675   
16.1657    16.8340   
8.1492     13.2936   

# Frame337

# x        y
11.2199    24.0107   
9.6523     33.1141   
14.9866    28.7175   
7.7674     33.7675   
16.1657    16.8340   
8.1492     13.2936   

# Frame338

# x        y
11.2211    24.0124   
9.6523     33.1141   
14.9866    28.7175   
7.7674     33.7675   
16.1657    16.8340   
8.1492     13.2936   

# Frame339

# x        y
11.2224    24.0141   
9.6523     33.1141   
14.9866    28.7175   
7.7674     33.7675   
16.1657    16.8340   
8.1492     13.2936   

# Frame340

# x        y
11.2236    24.0158   
9.6523     33.1141   
14.9866    28.7175   
7.7674     33.7675   
16.1657    16.8340   
8.1492     13.2936   

# Frame341

# x        y
11.2247    24.0174   
9.6523     33.1141   
14.9866    28.7175   
7.7674     33.7675   
16.1657    16.8340   
8.1492     13.2936   

# Frame342

# x        y
11.2259    24.0190   
9.6523     33.1141   
14.9866    28.7175   
7.7674     33.7675   
16.1657    16.8340   
8.1492     13.2936   

# Frame343

# x        y
11.2270    24.0205   
9.6523     33.1141   
14.9866    28.7175   
7.7674     33.7675   
16.1657    16.8340   
8.1492     13.2936   

# Frame344

# x        y
11.2281    24.0221   
9.6523     33.1141   
14.9866    28.7175   
7.7674     33.7675   
16.1657    16.8340   
8.1492     13.2936   

# Frame345

# x        y
11.2292    24.0236   
9.6523     33.1141   
14.9866    28.7175   
7.7674     33.7675   
16.1657    16.8340   
8.1492     13.2936   

# Frame346

# x        y
11.2303    24.0251   
9.6523     33.1141   
14.9866    28.7175   
7.7674     33.7675   
16.1657    16.8340   
8.1492     13.2936   

# Frame347

# x        y
11.2314    24.0265   
9.6523     33.1141   
14.9866    28.7175   
7.7674     33.7675   
16.1657    16.8340   
8.1492     13.2936   

# Frame348

# x        y
11.2324    24.0280   
9.6523     33.1141   
14.9866    28.7175   
7.7674     33.7675   
16.1657    16.8340   
8.1492     13.2936   

# Frame349

# x        y
11.2335    24.0294   
9.6523     33.1141   
14.9866    28.7175   
7.7674     33.7675   
16.1657    16.8340   
8.1492     13.2936   

# Frame350

# x        y
11.2345    24.0308   
9.6523     33.1141   
14.9866    28.7175   
7.7674     33.7675   
16.1657    16.8340   
8.1492     13.2936   

# Frame351

# x        y
11.2355    24.0321   
9.6523     33.1141   
14.9866    28.7175   
7.7674     33.7675   
16.1657    16.8340   
8.1492     13.2936   

# Frame352

# x        y
11.2364    24.0335   
9.6523     33.1141   
14.9866    28.7175   
7.7674     33.7675   
16.1657    16.8340   
8.1492     13.2936   

# Frame353

# x        y
11.2374    24.0348   
9.6523     33.1141   
14.9866    28.7175   
7.7674     33.7675   
16.1657    16.8340   
8.1492     13.2936   

# Frame354

# x        y
11.2383    24.0361   
9.6523     33.1141   
14.9866    28.7175   
7.7674     33.7675   
16.1657    16.8340   
8.1492     13.2936   

# Frame355

# x        y
11.2393    24.0374   
9.6523     33.1141   
14.9866    28.7175   
7.7674     33.7675   
16.1657    16.8340   
8.1492     13.2936   

# Frame356

# x        y
11.2402    24.0386   
9.6523     33.1141   
14.9866    28.7175   
7.7674     33.7675   
16.1657    16.8340   
8.1492     13.2936   

# Frame357

# x        y
11.2411    24.0399   
9.6523     33.1141   
14.9866    28.7175   
7.7674     33.7675   
16.1657    16.8340   
8.1492     13.2936   

# Frame358

# x        y
11.2420    24.0411   
9.6523     33.1141   
14.9866    28.7175   
7.7674     33.7675   
16.1657    16.8340   
8.1492     13.2936   

# Frame359

# x        y
11.2428    24.0423   
9.6523     33.1141   
14.9866    28.7175   
7.7674     33.7675   
16.1657    16.8340   
8.1492     13.2936   

# Frame360

# x        y
11.2437    24.0434   
9.6523     33.1141   
14.9866    28.7175   
7.7674     33.7675   
16.1657    16.8340   
8.1492     13.2936   

# Frame361

# x        y
11.2445    24.0446   
9.6523     33.1141   
14.9866    28.7175   
7.7674     33.7675   
16.1657    16.8340   
8.1492     13.2936   

# Frame362

# x        y
11.2453    24.0457   
9.6523     33.1141   
14.9866    28.7175   
7.7674     33.7675   
16.1657    16.8340   
8.1492     13.2936   

# Frame363

# x        y
11.2462    24.0468   
9.6523     33.1141   
14.9866    28.7175   
7.7674     33.7675   
16.1657    16.8340   
8.1492     13.2936   

# Frame364

# x        y
11.2470    24.0479   
9.6523     33.1141   
14.9866    28.7175   
7.7674     33.7675   
16.1657    16.8340   
8.1492     13.2936   

# Frame365

# x        y
11.2477    24.0490   
9.6523     33.1141   
14.9866    28.7175   
7.7674     33.7675   
16.1657    16.8340   
8.1492     13.2936   

# Frame366

# x        y
11.2485    24.0501   
9.6523     33.1141   
14.9866    28.7175   
7.7674     33.7675   
16.1657    16.8340   
8.1492     13.2936   

# Frame367

# x        y
11.2493    24.0511   
9.6523     33.1141   
14.9866    28.7175   
7.7674     33.7675   
16.1657    16.8340   
8.1492     13.2936   

# Frame368

# x        y
11.2500    24.0522   
9.6523     33.1141   
14.9866    28.7175   
7.7674     33.7675   
16.1657    16.8340   
8.1492     13.2936   

# Frame369

# x        y
11.2507    24.0532   
9.6523     33.1141   
14.9866    28.7175   
7.7674     33.7675   
16.1657    16.8340   
8.1492     13.2936   

# Frame370

# x        y
11.2515    24.0542   
9.6523     33.1141   
14.9866    28.7175   
7.7674     33.7675   
16.1657    16.8340   
8.1492     13.2936   

# Frame371

# x        y
11.2522    24.0551   
9.6523     33.1141   
14.9866    28.7175   
7.7674     33.7675   
16.1657    16.8340   
8.1492     13.2936   

# Frame372

# x        y
11.2529    24.0561   
9.6523     33.1141   
14.9866    28.7175   
7.7674     33.7675   
16.1657    16.8340   
8.1492     13.2936   

# Frame373

# x        y
11.2536    24.0570   
9.6523     33.1141   
14.9866    28.7175   
7.7674     33.7675   
16.1657    16.8340   
8.1492     13.2936   

# Frame374

# x        y
11.2542    24.0580   
9.6523     33.1141   
14.9866    28.7175   
7.7674     33.7675   
16.1657    16.8340   
8.1492     13.2936   

# Frame375

# x        y
11.2549    24.0589   
9.6523     33.1141   
14.9866    28.7175   
7.7674     33.7675   
16.1657    16.8340   
8.1492     13.2936   

# Frame376

# x        y
11.2556    24.0598   
9.6523     33.1141   
14.9866    28.7175   
7.7674     33.7675   
16.1657    16.8340   
8.1492     13.2936   

# Frame377

# x        y
11.2562    24.0607   
9.6523     33.1141   
14.9866    28.7175   
7.7674     33.7675   
16.1657    16.8340   
8.1492     13.2936   

# Frame378

# x        y
11.2568    24.0615   
9.6523     33.1141   
14.9866    28.7175   
7.7674     33.7675   
16.1657    16.8340   
8.1492     13.2936   

# Frame379

# x        y
11.2574    24.0624   
9.6523     33.1141   
14.9866    28.7175   
7.7674     33.7675   
16.1657    16.8340   
8.1492     13.2936   

# Frame380

# x        y
11.2581    24.0632   
9.6523     33.1141   
14.9866    28.7175   
7.7674     33.7675   
16.1657    16.8340   
8.1492     13.2936   

# Frame381

# x        y
11.2587    24.0640   
9.6523     33.1141   
14.9866    28.7175   
7.7674     33.7675   
16.1657    16.8340   
8.1492     13.2936   

# Frame382

# x        y
11.2592    24.0648   
9.6523     33.1141   
14.9866    28.7175   
7.7674     33.7675   
16.1657    16.8340   
8.1492     13.2936   

# Frame383

# x        y
11.2598    24.0656   
9.6523     33.1141   
14.9866    28.7175   
7.7674     33.7675   
16.1657    16.8340   
8.1492     13.2936   

# Frame384

# x        y
11.2604    24.0664   
9.6523     33.1141   
14.9866    28.7175   
7.7674     33.7675   
16.1657    16.8340   
8.1492     13.2936   

# Frame385

# x        y
11.2610    24.0672   
9.6523     33.1141   
14.9866    28.7175   
7.7674     33.7675   
16.1657    16.8340   
8.1492     13.2936   

# Frame386

# x        y
11.2615    24.0680   
9.6523     33.1141   
14.9866    28.7175   
7.7674     33.7675   
16.1657    16.8340   
8.1492     13.2936   

# Frame387

# x        y
11.2620    24.0687   
9.6523     33.1141   
14.9866    28.7175   
7.7674     33.7675   
16.1657    16.8340   
8.1492     13.2936   

# Frame388

# x        y
11.2626    24.0694   
9.6523     33.1141   
14.9866    28.7175   
7.7674     33.7675   
16.1657    16.8340   
8.1492     13.2936   

# Frame389

# x        y
11.2631    24.0702   
9.6523     33.1141   
14.9866    28.7175   
7.7674     33.7675   
16.1657    16.8340   
8.1492     13.2936   

# Frame390

# x        y
11.2636    24.0709   
9.6523     33.1141   
14.9866    28.7175   
7.7674     33.7675   
16.1657    16.8340   
8.1492     13.2936   

# Frame391

# x        y
11.2641    24.0716   
9.6523     33.1141   
14.9866    28.7175   
7.7674     33.7675   
16.1657    16.8340   
8.1492     13.2936   

# Frame392

# x        y
11.2646    24.0723   
9.6523     33.1141   
14.9866    28.7175   
7.7674     33.7675   
16.1657    16.8340   
8.1492     13.2936   

# Frame393

# x        y
11.2651    24.0729   
9.6523     33.1141   
14.9866    28.7175   
7.7674     33.7675   
16.1657    16.8340   
8.1492     13.2936   

# Frame394

# x        y
11.2656    24.0736   
9.6523     33.1141   
14.9866    28.7175   
7.7674     33.7675   
16.1657    16.8340   
8.1492     13.2936   

# Frame395

# x        y
11.2661    24.0742   
9.6523     33.1141   
14.9866    28.7175   
7.7674     33.7675   
16.1657    16.8340   
8.1492     13.2936   

# Frame396

# x        y
11.2665    24.0749   
9.6523     33.1141   
14.9866    28.7175   
7.7674     33.7675   
16.1657    16.8340   
8.1492     13.2936   

# Frame397

# x        y
11.2670    24.0755   
9.6523     33.1141   
14.9866    28.7175   
7.7674     33.7675   
16.1657    16.8340   
8.1492     13.2936   

# Frame398

# x        y
11.2674    24.0761   
9.6523     33.1141   
14.9866    28.7175   
7.7674     33.7675   
16.1657    16.8340   
8.1492     13.2936   

# Frame399

# x        y
11.2679    24.0767   
9.6523     33.1141   
14.9866    28.7175   
7.7674     33.7675   
16.1657    16.8340   
8.1492     13.2936   

# Frame400

# x        y
11.2683    24.0773   
9.6523     33.1141   
14.9866    28.7175   
7.7674     33.7675   
16.1657    16.8340   
8.1492     13.2936   

# Frame401

# x        y
11.2688    24.0779   
9.6523     33.1141   
14.9866    28.7175   
7.7674     33.7675   
16.1657    16.8340   
8.1492     13.2936   

# Frame402

# x        y
11.2692    24.0785   
9.6523     33.1141   
14.9866    28.7175   
7.7674     33.7675   
16.1657    16.8340   
8.1492     13.2936   

# Frame403

# x        y
11.2696    24.0791   
9.6523     33.1141   
14.9866    28.7175   
7.7674     33.7675   
16.1657    16.8340   
8.1492     13.2936   

# Frame404

# x        y
11.2700    24.0796   
9.6523     33.1141   
14.9866    28.7175   
7.7674     33.7675   
16.1657    16.8340   
8.1492     13.2936   

# Frame405

# x        y
11.2704    24.0802   
9.6523     33.1141   
14.9866    28.7175   
7.7674     33.7675   
16.1657    16.8340   
8.1492     13.2936   

# Frame406

# x        y
11.2708    24.0807   
9.6523     33.1141   
14.9866    28.7175   
7.7674     33.7675   
16.1657    16.8340   
8.1492     13.2936   

# Frame407

# x        y
11.2712    24.0813   
9.6523     33.1141   
14.9866    28.7175   
7.7674     33.7675   
16.1657    16.8340   
8.1492     13.2936   

# Frame408

# x        y
11.2716    24.0818   
9.6523     33.1141   
14.9866    28.7175   
7.7674     33.7675   
16.1657    16.8340   
8.1492     13.2936   

# Frame409

# x        y
11.2719    24.0823   
9.6523     33.1141   
14.9866    28.7175   
7.7674     33.7675   
16.1657    16.8340   
8.1492     13.2936   

# Frame410

# x        y
11.2723    24.0828   
9.6523     33.1141   
14.9866    28.7175   
7.7674     33.7675   
16.1657    16.8340   
8.1492     13.2936   

# Frame411

# x        y
11.2727    24.0833   
9.6523     33.1141   
14.9866    28.7175   
7.7674     33.7675   
16.1657    16.8340   
8.1492     13.2936   

# Frame412

# x        y
11.2730    24.0838   
9.6523     33.1141   
14.9866    28.7175   
7.7674     33.7675   
16.1657    16.8340   
8.1492     13.2936   

# Frame413

# x        y
11.2734    24.0843   
9.6523     33.1141   
14.9866    28.7175   
7.7674     33.7675   
16.1657    16.8340   
8.1492     13.2936   

# Frame414

# x        y
11.2737    24.0848   
9.6523     33.1141   
14.9866    28.7175   
7.7674     33.7675   
16.1657    16.8340   
8.1492     13.2936   

# Frame415

# x        y
11.2741    24.0852   
9.6523     33.1141   
14.9866    28.7175   
7.7674     33.7675   
16.1657    16.8340   
8.1492     13.2936   

# Frame416

# x        y
11.2744    24.0857   
9.6523     33.1141   
14.9866    28.7175   
7.7674     33.7675   
16.1657    16.8340   
8.1492     13.2936   

# Frame417

# x        y
11.2747    24.0861   
9.6523     33.1141   
14.9866    28.7175   
7.7674     33.7675   
16.1657    16.8340   
8.1492     13.2936   

# Frame418

# x        y
11.2750    24.0866   
9.6523     33.1141   
14.9866    28.7175   
7.7674     33.7675   
16.1657    16.8340   
8.1492     13.2936   

# Frame419

# x        y
11.2754    24.0870   
9.6523     33.1141   
14.9866    28.7175   
7.7674     33.7675   
16.1657    16.8340   
8.1492     13.2936   

# Frame420

# x        y
11.2757    24.0874   
9.6523     33.1141   
14.9866    28.7175   
7.7674     33.7675   
16.1657    16.8340   
8.1492     13.2936   

# Frame421

# x        y
11.2760    24.0879   
9.6523     33.1141   
14.9866    28.7175   
7.7674     33.7675   
16.1657    16.8340   
8.1492     13.2936   

# Frame422

# x        y
11.2763    24.0883   
9.6523     33.1141   
14.9866    28.7175   
7.7674     33.7675   
16.1657    16.8340   
8.1492     13.2936   

# Frame423

# x        y
11.2766    24.0887   
9.6523     33.1141   
14.9866    28.7175   
7.7674     33.7675   
16.1657    16.8340   
8.1492     13.2936   

# Frame424

# x        y
11.2769    24.0891   
9.6523     33.1141   
14.9866    28.7175   
7.7674     33.7675   
16.1657    16.8340   
8.1492     13.2936   

# Frame425

# x        y
11.2771    24.0895   
9.6523     33.1141   
14.9866    28.7175   
7.7674     33.7675   
16.1657    16.8340   
8.1492     13.2936   

# Frame426

# x        y
11.2774    24.0899   
9.6523     33.1141   
14.9866    28.7175   
7.7674     33.7675   
16.1657    16.8340   
8.1492     13.2936   

# Frame427

# x        y
11.2777    24.0903   
9.6523     33.1141   
14.9866    28.7175   
7.7674     33.7675   
16.1657    16.8340   
8.1492     13.2936   

# Frame428

# x        y
11.2780    24.0906   
9.6523     33.1141   
14.9866    28.7175   
7.7674     33.7675   
16.1657    16.8340   
8.1492     13.2936   

# Frame429

# x        y
11.2782    24.0910   
9.6523     33.1141   
14.9866    28.7175   
7.7674     33.7675   
16.1657    16.8340   
8.1492     13.2936   

# Frame430

# x        y
11.2785    24.0914   
9.6523     33.1141   
14.9866    28.7175   
7.7674     33.7675   
16.1657    16.8340   
8.1492     13.2936   

# Frame431

# x        y
11.2788    24.0917   
9.6523     33.1141   
14.9866    28.7175   
7.7674     33.7675   
16.1657    16.8340   
8.1492     13.2936   

# Frame432

# x        y
11.2790    24.0921   
9.6523     33.1141   
14.9866    28.7175   
7.7674     33.7675   
16.1657    16.8340   
8.1492     13.2936   

# Frame433

# x        y
11.2793    24.0924   
9.6523     33.1141   
14.9866    28.7175   
7.7674     33.7675   
16.1657    16.8340   
8.1492     13.2936   

# Frame434

# x        y
11.2795    24.0927   
9.6523     33.1141   
14.9866    28.7175   
7.7674     33.7675   
16.1657    16.8340   
8.1492     13.2936   

# Frame435

# x        y
11.2798    24.0931   
9.6523     33.1141   
14.9866    28.7175   
7.7674     33.7675   
16.1657    16.8340   
8.1492     13.2936   

# Frame436

# x        y
11.2800    24.0934   
9.6523     33.1141   
14.9866    28.7175   
7.7674     33.7675   
16.1657    16.8340   
8.1492     13.2936   

# Frame437

# x        y
11.2802    24.0937   
9.6523     33.1141   
14.9866    28.7175   
7.7674     33.7675   
16.1657    16.8340   
8.1492     13.2936   

# Frame438

# x        y
11.2805    24.0940   
9.6523     33.1141   
14.9866    28.7175   
7.7674     33.7675   
16.1657    16.8340   
8.1492     13.2936   

# Frame439

# x        y
11.2807    24.0944   
9.6523     33.1141   
14.9866    28.7175   
7.7674     33.7675   
16.1657    16.8340   
8.1492     13.2936   

# Frame440

# x        y
11.2809    24.0947   
9.6523     33.1141   
14.9866    28.7175   
7.7674     33.7675   
16.1657    16.8340   
8.1492     13.2936   

# Frame441

# x        y
11.2811    24.0950   
9.6523     33.1141   
14.9866    28.7175   
7.7674     33.7675   
16.1657    16.8340   
8.1492     13.2936   

# Frame442

# x        y
11.2813    24.0953   
9.6523     33.1141   
14.9866    28.7175   
7.7674     33.7675   
16.1657    16.8340   
8.1492     13.2936   

# Frame443

# x        y
11.2816    24.0955   
9.6523     33.1141   
14.9866    28.7175   
7.7674     33.7675   
16.1657    16.8340   
8.1492     13.2936   

# Frame444

# x        y
11.2818    24.0958   
9.6523     33.1141   
14.9866    28.7175   
7.7674     33.7675   
16.1657    16.8340   
8.1492     13.2936   

# Frame445

# x        y
11.2820    24.0961   
9.6523     33.1141   
14.9866    28.7175   
7.7674     33.7675   
16.1657    16.8340   
8.1492     13.2936   

# Frame446

# x        y
11.2822    24.0964   
9.6523     33.1141   
14.9866    28.7175   
7.7674     33.7675   
16.1657    16.8340   
8.1492     13.2936   

# Frame447

# x        y
11.2824    24.0967   
9.6523     33.1141   
14.9866    28.7175   
7.7674     33.7675   
16.1657    16.8340   
8.1492     13.2936   

# Frame448

# x        y
11.2826    24.0969   
9.6523     33.1141   
14.9866    28.7175   
7.7674     33.7675   
16.1657    16.8340   
8.1492     13.2936   

# Frame449

# x        y
11.2827    24.0972   
9.6523     33.1141   
14.9866    28.7175   
7.7674     33.7675   
16.1657    16.8340   
8.1492     13.2936   

# Frame450

# x        y
11.2829    24.0975   
9.6523     33.1141   
14.9866    28.7175   
7.7674     33.7675   
16.1657    16.8340   
8.1492     13.2936   

# Frame451

# x        y
11.2831    24.0977   
9.6523     33.1141   
14.9866    28.7175   
7.7674     33.7675   
16.1657    16.8340   
8.1492     13.2936   

# Frame452

# x        y
11.2833    24.0980   
9.6523     33.1141   
14.9866    28.7175   
7.7674     33.7675   
16.1657    16.8340   
8.1492     13.2936   

# Frame453

# x        y
11.2835    24.0982   
9.6523     33.1141   
14.9866    28.7175   
7.7674     33.7675   
16.1657    16.8340   
8.1492     13.2936   

# Frame454

# x        y
11.2837    24.0984   
9.6523     33.1141   
14.9866    28.7175   
7.7674     33.7675   
16.1657    16.8340   
8.1492     13.2936   

# Frame455

# x        y
11.2838    24.0987   
9.6523     33.1141   
14.9866    28.7175   
7.7674     33.7675   
16.1657    16.8340   
8.1492     13.2936   

# Frame456

# x        y
11.2840    24.0989   
9.6523     33.1141   
14.9866    28.7175   
7.7674     33.7675   
16.1657    16.8340   
8.1492     13.2936   

# Frame457

# x        y
11.2842    24.0992   
9.6523     33.1141   
14.9866    28.7175   
7.7674     33.7675   
16.1657    16.8340   
8.1492     13.2936   

# Frame458

# x        y
11.2843    24.0994   
9.6523     33.1141   
14.9866    28.7175   
7.7674     33.7675   
16.1657    16.8340   
8.1492     13.2936   

# Frame459

# x        y
11.2845    24.0996   
9.6523     33.1141   
14.9866    28.7175   
7.7674     33.7675   
16.1657    16.8340   
8.1492     13.2936   

# Frame460

# x        y
11.2847    24.0998   
9.6523     33.1141   
14.9866    28.7175   
7.7674     33.7675   
16.1657    16.8340   
8.1492     13.2936   

# Frame461

# x        y
11.2848    24.1000   
9.6523     33.1141   
14.9866    28.7175   
7.7674     33.7675   
16.1657    16.8340   
8.1492     13.2936   

# Frame462

# x        y
11.2850    24.1002   
9.6523     33.1141   
14.9866    28.7175   
7.7674     33.7675   
16.1657    16.8340   
8.1492     13.2936   

# Frame463

# x        y
11.2851    24.1005   
9.6523     33.1141   
14.9866    28.7175   
7.7674     33.7675   
16.1657    16.8340   
8.1492     13.2936   

# Frame464

# x        y
11.2853    24.1007   
9.6523     33.1141   
14.9866    28.7175   
7.7674     33.7675   
16.1657    16.8340   
8.1492     13.2936   

# Frame465

# x        y
11.2854    24.1009   
9.6523     33.1141   
14.9866    28.7175   
7.7674     33.7675   
16.1657    16.8340   
8.1492     13.2936   

# Frame466

# x        y
11.2856    24.1011   
9.6523     33.1141   
14.9866    28.7175   
7.7674     33.7675   
16.1657    16.8340   
8.1492     13.2936   

# Frame467

# x        y
11.2857    24.1013   
9.6523     33.1141   
14.9866    28.7175   
7.7674     33.7675   
16.1657    16.8340   
8.1492     13.2936   

# Frame468

# x        y
11.2858    24.1014   
9.6523     33.1141   
14.9866    28.7175   
7.7674     33.7675   
16.1657    16.8340   
8.1492     13.2936   

# Frame469

# x        y
11.2860    24.1016   
9.6523     33.1141   
14.9866    28.7175   
7.7674     33.7675   
16.1657    16.8340   
8.1492     13.2936   

# Frame470

# x        y
11.2861    24.1018   
9.6523     33.1141   
14.9866    28.7175   
7.7674     33.7675   
16.1657    16.8340   
8.1492     13.2936   

# Frame471

# x        y
11.2862    24.1020   
9.6523     33.1141   
14.9866    28.7175   
7.7674     33.7675   
16.1657    16.8340   
8.1492     13.2936   

# Frame472

# x        y
11.2864    24.1022   
9.6523     33.1141   
14.9866    28.7175   
7.7674     33.7675   
16.1657    16.8340   
8.1492     13.2936   

# Frame473

# x        y
11.2865    24.1024   
9.6523     33.1141   
14.9866    28.7175   
7.7674     33.7675   
16.1657    16.8340   
8.1492     13.2936   

# Frame474

# x        y
11.2866    24.1025   
9.6523     33.1141   
14.9866    28.7175   
7.7674     33.7675   
16.1657    16.8340   
8.1492     13.2936   

# Frame475

# x        y
11.2867    24.1027   
9.6523     33.1141   
14.9866    28.7175   
7.7674     33.7675   
16.1657    16.8340   
8.1492     13.2936   

# Frame476

# x        y
11.2869    24.1029   
9.6523     33.1141   
14.9866    28.7175   
7.7674     33.7675   
16.1657    16.8340   
8.1492     13.2936   

# Frame477

# x        y
11.2870    24.1030   
9.6523     33.1141   
14.9866    28.7175   
7.7674     33.7675   
16.1657    16.8340   
8.1492     13.2936   

# Frame478

# x        y
11.2871    24.1032   
9.6523     33.1141   
14.9866    28.7175   
7.7674     33.7675   
16.1657    16.8340   
8.1492     13.2936   

# Frame479

# x        y
11.2872    24.1033   
9.6523     33.1141   
14.9866    28.7175   
7.7674     33.7675   
16.1657    16.8340   
8.1492     13.2936   

# Frame480

# x        y
11.2873    24.1035   
9.6523     33.1141   
14.9866    28.7175   
7.7674     33.7675   
16.1657    16.8340   
8.1492     13.2936   

# Frame481

# x        y
11.2874    24.1037   
9.6523     33.1141   
14.9866    28.7175   
7.7674     33.7675   
16.1657    16.8340   
8.1492     13.2936   

# Frame482

# x        y
11.2876    24.1038   
9.6523     33.1141   
14.9866    28.7175   
7.7674     33.7675   
16.1657    16.8340   
8.1492     13.2936   

# Frame483

# x        y
11.2877    24.1040   
9.6523     33.1141   
14.9866    28.7175   
7.7674     33.7675   
16.1657    16.8340   
8.1492     13.2936   

# Frame484

# x        y
11.2878    24.1041   
9.6523     33.1141   
14.9866    28.7175   
7.7674     33.7675   
16.1657    16.8340   
8.1492     13.2936   

# Frame485

# x        y
11.2879    24.1042   
9.6523     33.1141   
14.9866    28.7175   
7.7674     33.7675   
16.1657    16.8340   
8.1492     13.2936   

# Frame486

# x        y
11.2880    24.1044   
9.6523     33.1141   
14.9866    28.7175   
7.7674     33.7675   
16.1657    16.8340   
8.1492     13.2936   

# Frame487

# x        y
11.2881    24.1045   
9.6523     33.1141   
14.9866    28.7175   
7.7674     33.7675   
16.1657    16.8340   
8.1492     13.2936   

# Frame488

# x        y
11.2882    24.1047   
9.6523     33.1141   
14.9866    28.7175   
7.7674     33.7675   
16.1657    16.8340   
8.1492     13.2936   

# Frame489

# x        y
11.2883    24.1048   
9.6523     33.1141   
14.9866    28.7175   
7.7674     33.7675   
16.1657    16.8340   
8.1492     13.2936   

# Frame490

# x        y
11.2884    24.1049   
9.6523     33.1141   
14.9866    28.7175   
7.7674     33.7675   
16.1657    16.8340   
8.1492     13.2936   

# Frame491

# x        y
11.2885    24.1051   
9.6523     33.1141   
14.9866    28.7175   
7.7674     33.7675   
16.1657    16.8340   
8.1492     13.2936   

# Frame492

# x        y
11.2886    24.1052   
9.6523     33.1141   
14.9866    28.7175   
7.7674     33.7675   
16.1657    16.8340   
8.1492     13.2936   

# Frame493

# x        y
11.2886    24.1053   
9.6523     33.1141   
14.9866    28.7175   
7.7674     33.7675   
16.1657    16.8340   
8.1492     13.2936   

# Frame494

# x        y
11.2887    24.1054   
9.6523     33.1141   
14.9866    28.7175   
7.7674     33.7675   
16.1657    16.8340   
8.1492     13.2936   

# Frame495

# x        y
11.2888    24.1056   
9.6523     33.1141   
14.9866    28.7175   
7.7674     33.7675   
16.1657    16.8340   
8.1492     13.2936   

# Frame496

# x        y
11.2889    24.1057   
9.6523     33.1141   
14.9866    28.7175   
7.7674     33.7675   
16.1657    16.8340   
8.1492     13.2936   

# Frame497

# x        y
11.2890    24.1058   
9.6523     33.1141   
14.9866    28.7175   
7.7674     33.7675   
16.1657    16.8340   
8.1492     13.2936   

# Frame498

# x        y
11.2891    24.1059   
9.6523     33.1141   
14.9866    28.7175   
7.7674     33.7675   
16.1657    16.8340   
8.1492     13.2936   

# Frame499

# x        y
11.2892    24.1060   
9.6523     33.1141   
14.9866    28.7175   
7.7674     33.7675   
16.1657    16.8340   
8.1492     13.2936   

# Frame500

# x        y
11.2892    24.1061   
9.6523     33.1141   
14.9866    28.7175   
7.7674     33.7675   
16.1657    16.8340   
8.1492     13.2936   

# Frame501

# x        y
11.2893    24.1063   
9.6523     33.1141   
14.9866    28.7175   
7.7674     33.7675   
16.1657    16.8340   
8.1492     13.2936   

# Frame502

# x        y
11.2894    24.1064   
9.6523     33.1141   
14.9866    28.7175   
7.7674     33.7675   
16.1657    16.8340   
8.1492     13.2936   

# Frame503

# x        y
11.2895    24.1065   
9.6523     33.1141   
14.9866    28.7175   
7.7674     33.7675   
16.1657    16.8340   
8.1492     13.2936   

# Frame504

# x        y
11.2896    24.1066   
9.6523     33.1141   
14.9866    28.7175   
7.7674     33.7675   
16.1657    16.8340   
8.1492     13.2936   

# Frame505

# x        y
11.2896    24.1067   
9.6523     33.1141   
14.9866    28.7175   
7.7674     33.7675   
16.1657    16.8340   
8.1492     13.2936   

# Frame506

# x        y
11.2897    24.1068   
9.6523     33.1141   
14.9866    28.7175   
7.7674     33.7675   
16.1657    16.8340   
8.1492     13.2936   

# Frame507

# x        y
11.2898    24.1069   
9.6523     33.1141   
14.9866    28.7175   
7.7674     33.7675   
16.1657    16.8340   
8.1492     13.2936   

# Frame508

# x        y
11.2898    24.1070   
9.6523     33.1141   
14.9866    28.7175   
7.7674     33.7675   
16.1657    16.8340   
8.1492     13.2936   

# Frame509

# x        y
11.2899    24.1071   
9.6523     33.1141   
14.9866    28.7175   
7.7674     33.7675   
16.1657    16.8340   
8.1492     13.2936   

# Frame510

# x        y
11.2900    24.1072   
9.6523     33.1141   
14.9866    28.7175   
7.7674     33.7675   
16.1657    16.8340   
8.1492     13.2936   

# Frame511

# x        y
11.2901    24.1073   
9.6523     33.1141   
14.9866    28.7175   
7.7674     33.7675   
16.1657    16.8340   
8.1492     13.2936   

# Frame512

# x        y
11.2901    24.1073   
9.6523     33.1141   
14.9866    28.7175   
7.7674     33.7675   
16.1657    16.8340   
8.1492     13.2936   

# Frame513

# x        y
11.2902    24.1074   
9.6523     33.1141   
14.9866    28.7175   
7.7674     33.7675   
16.1657    16.8340   
8.1492     13.2936   

# Frame514

# x        y
11.2902    24.1075   
9.6523     33.1141   
14.9866    28.7175   
7.7674     33.7675   
16.1657    16.8340   
8.1492     13.2936   

# Frame515

# x        y
11.2903    24.1076   
9.6523     33.1141   
14.9866    28.7175   
7.7674     33.7675   
16.1657    16.8340   
8.1492     13.2936   

# Frame516

# x        y
11.2904    24.1077   
9.6523     33.1141   
14.9866    28.7175   
7.7674     33.7675   
16.1657    16.8340   
8.1492     13.2936   

# Frame517

# x        y
11.2904    24.1078   
9.6523     33.1141   
14.9866    28.7175   
7.7674     33.7675   
16.1657    16.8340   
8.1492     13.2936   

# Frame518

# x        y
11.2905    24.1079   
9.6523     33.1141   
14.9866    28.7175   
7.7674     33.7675   
16.1657    16.8340   
8.1492     13.2936   

# Frame519

