# x        y
16.5913    18.8818   
18.8711    15.3365   
16.2292    35.1939   
15.7054    3.3535    
1.7482     1.3953    
16.9733    5.0244    

# Frame1

# x        y
14.8518    19.8687   
18.8711    15.3365   
16.2292    35.1939   
15.7054    3.3535    
1.7482     1.3953    
16.9733    5.0244    

# Frame2

# x        y
13.1412    20.8392   
18.8711    15.3365   
16.2292    35.1939   
15.7054    3.3535    
1.7482     1.3953    
16.9733    5.0244    

# Frame3

# x        y
11.4592    21.7935   
18.8711    15.3365   
16.2292    35.1939   
15.7054    3.3535    
1.7482     1.3953    
16.9733    5.0244    

# Frame4

# x        y
9.8052     22.7319   
18.8711    15.3365   
16.2292    35.1939   
15.7054    3.3535    
1.7482     1.3953    
16.9733    5.0244    

# Frame5

# x        y
8.1788     23.6547   
18.8711    15.3365   
16.2292    35.1939   
15.7054    3.3535    
1.7482     1.3953    
16.9733    5.0244    

# Frame6

# x        y
6.5795     24.5621   
18.8711    15.3365   
16.2292    35.1939   
15.7054    3.3535    
1.7482     1.3953    
16.9733    5.0244    

# Frame7

# x        y
5.0068     25.4543   
18.8711    15.3365   
16.2292    35.1939   
15.7054    3.3535    
1.7482     1.3953    
16.9733    5.0244    

# Frame8

# x        y
3.4603     26.3317   
18.8711    15.3365   
16.2292    35.1939   
15.7054    3.3535    
1.7482     1.3953    
16.9733    5.0244    

# Frame9

# x        y
1.9397     27.1945   
18.8711    15.3365   
16.2292    35.1939   
15.7054    3.3535    
1.7482     1.3953    
16.9733    5.0244    

# Frame10

# x        y
1.2802     27.9384   
18.8711    15.3365   
16.2292    35.1939   
15.7054    3.3535    
1.7482     1.3953    
16.9733    5.0244    

# Frame11

# x        y
2.0154     28.4936   
18.8711    15.3365   
16.2292    35.1939   
15.7054    3.3535    
1.7482     1.3953    
16.9733    5.0244    

# Frame12

# x        y
2.7383     29.0395   
18.8711    15.3365   
16.2292    35.1939   
15.7054    3.3535    
1.7482     1.3953    
16.9733    5.0244    

# Frame13

# x        y
3.4492     29.5764   
18.8711    15.3365   
16.2292    35.1939   
15.7054    3.3535    
1.7482     1.3953    
16.9733    5.0244    

# Frame14

# x        y
4.1483     30.1043   
18.8711    15.3365   
16.2292    35.1939   
15.7054    3.3535    
1.7482     1.3953    
16.9733    5.0244    

# Frame15

# x        y
4.8357     30.6234   
18.8711    15.3365   
16.2292    35.1939   
15.7054    3.3535    
1.7482     1.3953    
16.9733    5.0244    

# Frame16

# x        y
5.5117     31.1339   
18.8711    15.3365   
16.2292    35.1939   
15.7054    3.3535    
1.7482     1.3953    
16.9733    5.0244    

# Frame17

# x        y
6.1763     31.6358   
18.8711    15.3365   
16.2292    35.1939   
15.7054    3.3535    
1.7482     1.3953    
16.9733    5.0244    

# Frame18

# x        y
6.8299     32.1294   
18.8711    15.3365   
16.2292    35.1939   
15.7054    3.3535    
1.7482     1.3953    
16.9733    5.0244    

# Frame19

# x        y
7.4727     32.6147   
18.8711    15.3365   
16.2292    35.1939   
15.7054    3.3535    
1.7482     1.3953    
16.9733    5.0244    

# Frame20

# x        y
8.1047     33.0920   
18.8711    15.3365   
16.2292    35.1939   
15.7054    3.3535    
1.7482     1.3953    
16.9733    5.0244    

# Frame21

# x        y
8.7261     33.5613   
18.8711    15.3365   
16.2292    35.1939   
15.7054    3.3535    
1.7482     1.3953    
16.9733    5.0244    

# Frame22

# x        y
9.3372     34.0228   
18.8711    15.3365   
16.2292    35.1939   
15.7054    3.3535    
1.7482     1.3953    
16.9733    5.0244    

# Frame23

# x        y
9.9381     34.4766   
18.8711    15.3365   
16.2292    35.1939   
15.7054    3.3535    
1.7482     1.3953    
16.9733    5.0244    

# Frame24

# x        y
10.5291    34.9229   
18.8711    15.3365   
16.2292    35.1939   
15.7054    3.3535    
1.7482     1.3953    
16.9733    5.0244    

# Frame25

# x        y
11.1101    35.3617   
18.8711    15.3365   
16.2292    35.1939   
15.7054    3.3535    
1.7482     1.3953    
16.9733    5.0244    

# Frame26

# x        y
11.6815    35.7931   
18.8711    15.3365   
16.2292    35.1939   
15.7054    3.3535    
1.7482     1.3953    
16.9733    5.0244    

# Frame27

# x        y
12.2433    36.2174   
18.8711    15.3365   
16.2292    35.1939   
15.7054    3.3535    
1.7482     1.3953    
16.9733    5.0244    

# Frame28

# x        y
12.7958    36.6347   
18.8711    15.3365   
16.2292    35.1939   
15.7054    3.3535    
1.7482     1.3953    
16.9733    5.0244    

# Frame29

# x        y
13.3391    37.0449   
18.8711    15.3365   
16.2292    35.1939   
15.7054    3.3535    
1.7482     1.3953    
16.9733    5.0244    

# Frame30

# x        y
13.8733    37.4484   
18.8711    15.3365   
16.2292    35.1939   
15.7054    3.3535    
1.7482     1.3953    
16.9733    5.0244    

# Frame31

# x        y
14.3987    37.8451   
18.8711    15.3365   
16.2292    35.1939   
15.7054    3.3535    
1.7482     1.3953    
16.9733    5.0244    

# Frame32

# x        y
14.9152    38.2352   
18.8711    15.3365   
16.2292    35.1939   
15.7054    3.3535    
1.7482     1.3953    
16.9733    5.0244    

# Frame33

# x        y
15.4232    38.6188   
18.8711    15.3365   
16.2292    35.1939   
15.7054    3.3535    
1.7482     1.3953    
16.9733    5.0244    

# Frame34

# x        y
15.9227    38.9960   
18.8711    15.3365   
16.2292    35.1939   
15.7054    3.3535    
1.7482     1.3953    
16.9733    5.0244    

# Frame35

# x        y
16.3304    38.8105   
18.8711    15.3365   
16.2292    35.1939   
15.7054    3.3535    
1.7482     1.3953    
16.9733    5.0244    

# Frame36

# x        y
16.7313    38.6281   
18.8711    15.3365   
16.2292    35.1939   
15.7054    3.3535    
1.7482     1.3953    
16.9733    5.0244    

# Frame37

# x        y
17.1256    38.4488   
18.8711    15.3365   
16.2292    35.1939   
15.7054    3.3535    
1.7482     1.3953    
16.9733    5.0244    

# Frame38

# x        y
17.5132    38.2725   
18.8711    15.3365   
16.2292    35.1939   
15.7054    3.3535    
1.7482     1.3953    
16.9733    5.0244    

# Frame39

# x        y
17.8944    38.0991   
18.8711    15.3365   
16.2292    35.1939   
15.7054    3.3535    
1.7482     1.3953    
16.9733    5.0244    

# Frame40

# x        y
18.2693    37.9286   
18.8711    15.3365   
16.2292    35.1939   
15.7054    3.3535    
1.7482     1.3953    
16.9733    5.0244    

# Frame41

# x        y
18.6379    37.7609   
18.8711    15.3365   
16.2292    35.1939   
15.7054    3.3535    
1.7482     1.3953    
16.9733    5.0244    

# Frame42

# x        y
19.0004    37.5960   
18.8711    15.3365   
16.2292    35.1939   
15.7054    3.3535    
1.7482     1.3953    
16.9733    5.0244    

# Frame43

# x        y
18.8222    37.3842   
18.8711    15.3365   
16.2292    35.1939   
15.7054    3.3535    
1.7482     1.3953    
16.9733    5.0244    

# Frame44

# x        y
18.6469    37.1759   
18.8711    15.3365   
16.2292    35.1939   
15.7054    3.3535    
1.7482     1.3953    
16.9733    5.0244    

# Frame45

# x        y
18.4746    36.9711   
18.8711    15.3365   
16.2292    35.1939   
15.7054    3.3535    
1.7482     1.3953    
16.9733    5.0244    

# Frame46

# x        y
18.3051    36.7697   
18.8711    15.3365   
16.2292    35.1939   
15.7054    3.3535    
1.7482     1.3953    
16.9733    5.0244    

# Frame47

# x        y
18.1385    36.5716   
18.8711    15.3365   
16.2292    35.1939   
15.7054    3.3535    
1.7482     1.3953    
16.9733    5.0244    

# Frame48

# x        y
17.9747    36.3769   
18.8711    15.3365   
16.2292    35.1939   
15.7054    3.3535    
1.7482     1.3953    
16.9733    5.0244    

# Frame49

# x        y
17.8797    36.2524   
18.8711    15.3365   
16.1631    35.1269   
15.7054    3.3535    
1.7482     1.3953    
16.9733    5.0244    

# Frame50

# x        y
17.8472    36.1945   
18.8711    15.3365   
16.0372    34.9965   
15.7054    3.3535    
1.7482     1.3953    
16.9733    5.0244    

# Frame51

# x        y
17.8152    36.1375   
18.8711    15.3365   
15.9134    34.8683   
15.7054    3.3535    
1.7482     1.3953    
16.9733    5.0244    

# Frame52

# x        y
17.7837    36.0815   
18.8711    15.3365   
15.7916    34.7422   
15.7054    3.3535    
1.7482     1.3953    
16.9733    5.0244    

# Frame53

# x        y
17.7528    36.0264   
18.8711    15.3365   
15.6719    34.6183   
15.7054    3.3535    
1.7482     1.3953    
16.9733    5.0244    

# Frame54

# x        y
17.7224    35.9723   
18.8711    15.3365   
15.5542    34.4964   
15.7054    3.3535    
1.7482     1.3953    
16.9733    5.0244    

# Frame55

# x        y
17.6925    35.9190   
18.8711    15.3365   
15.4384    34.3765   
15.7054    3.3535    
1.7482     1.3953    
16.9733    5.0244    

# Frame56

# x        y
17.6631    35.8666   
18.8711    15.3365   
15.3246    34.2586   
15.7054    3.3535    
1.7482     1.3953    
16.9733    5.0244    

# Frame57

# x        y
17.6342    35.8151   
18.8711    15.3365   
15.2127    34.1427   
15.7054    3.3535    
1.7482     1.3953    
16.9733    5.0244    

# Frame58

# x        y
17.6057    35.7645   
18.8711    15.3365   
15.1026    34.0288   
15.7054    3.3535    
1.7482     1.3953    
16.9733    5.0244    

# Frame59

# x        y
17.5778    35.7147   
18.8711    15.3365   
14.9944    33.9167   
15.7054    3.3535    
1.7482     1.3953    
16.9733    5.0244    

# Frame60

# x        y
17.5503    35.6657   
18.8711    15.3365   
14.8879    33.8065   
15.7054    3.3535    
1.7482     1.3953    
16.9733    5.0244    

# Frame61

# x        y
17.5233    35.6175   
18.8711    15.3365   
14.7833    33.6981   
15.7054    3.3535    
1.7482     1.3953    
16.9733    5.0244    

# Frame62

# x        y
17.4967    35.5702   
18.8711    15.3365   
14.6804    33.5915   
15.7054    3.3535    
1.7482     1.3953    
16.9733    5.0244    

# Frame63

# x        y
17.4705    35.5236   
18.8711    15.3365   
14.5792    33.4868   
15.7054    3.3535    
1.7482     1.3953    
16.9733    5.0244    

# Frame64

# x        y
17.4448    35.4778   
18.8711    15.3365   
14.4797    33.3837   
15.7054    3.3535    
1.7482     1.3953    
16.9733    5.0244    

# Frame65

# x        y
17.4195    35.4328   
18.8711    15.3365   
14.3818    33.2824   
15.7054    3.3535    
1.7482     1.3953    
16.9733    5.0244    

# Frame66

# x        y
17.3947    35.3885   
18.8711    15.3365   
14.2856    33.1828   
15.7054    3.3535    
1.7482     1.3953    
16.9733    5.0244    

# Frame67

# x        y
17.3702    35.3450   
18.8711    15.3365   
14.1910    33.0848   
15.7054    3.3535    
1.7482     1.3953    
16.9733    5.0244    

# Frame68

# x        y
17.3462    35.3022   
18.8711    15.3365   
14.0979    32.9885   
15.7054    3.3535    
1.7482     1.3953    
16.9733    5.0244    

# Frame69

# x        y
17.3226    35.2601   
18.8711    15.3365   
14.0065    32.8937   
15.7054    3.3535    
1.7482     1.3953    
16.9733    5.0244    

# Frame70

# x        y
17.2993    35.2187   
18.8711    15.3365   
13.9165    32.8006   
15.7054    3.3535    
1.7482     1.3953    
16.9733    5.0244    

# Frame71

# x        y
17.2765    35.1780   
18.8711    15.3365   
13.8280    32.7090   
15.7054    3.3535    
1.7482     1.3953    
16.9733    5.0244    

# Frame72

# x        y
17.2540    35.1380   
18.8711    15.3365   
13.7410    32.6189   
15.7054    3.3535    
1.7482     1.3953    
16.9733    5.0244    

# Frame73

# x        y
17.2319    35.0986   
18.8711    15.3365   
13.6555    32.5303   
15.7054    3.3535    
1.7482     1.3953    
16.9733    5.0244    

# Frame74

# x        y
17.2102    35.0599   
18.8711    15.3365   
13.5714    32.4432   
15.7054    3.3535    
1.7482     1.3953    
16.9733    5.0244    

# Frame75

# x        y
17.1888    35.0219   
18.8711    15.3365   
13.4887    32.3576   
15.7054    3.3535    
1.7482     1.3953    
16.9733    5.0244    

# Frame76

# x        y
17.1678    34.9844   
18.8711    15.3365   
13.4073    32.2733   
15.7054    3.3535    
1.7482     1.3953    
16.9733    5.0244    

# Frame77

# x        y
17.1471    34.9476   
18.8711    15.3365   
13.3274    32.1905   
15.7054    3.3535    
1.7482     1.3953    
16.9733    5.0244    

# Frame78

# x        y
17.1268    34.9114   
18.8711    15.3365   
13.2487    32.1091   
15.7054    3.3535    
1.7482     1.3953    
16.9733    5.0244    

# Frame79

# x        y
17.1068    34.8759   
18.8711    15.3365   
13.1714    32.0290   
15.7054    3.3535    
1.7482     1.3953    
16.9733    5.0244    

# Frame80

# x        y
17.0872    34.8409   
18.8711    15.3365   
13.0953    31.9503   
15.7054    3.3535    
1.7482     1.3953    
16.9733    5.0244    

# Frame81

# x        y
17.0679    34.8065   
18.8711    15.3365   
13.0206    31.8728   
15.7054    3.3535    
1.7482     1.3953    
16.9733    5.0244    

# Frame82

# x        y
17.0489    34.7726   
18.8711    15.3365   
12.9470    31.7967   
15.7054    3.3535    
1.7482     1.3953    
16.9733    5.0244    

# Frame83

# x        y
17.0302    34.7393   
18.8711    15.3365   
12.8747    31.7218   
15.7054    3.3535    
1.7482     1.3953    
16.9733    5.0244    

# Frame84

# x        y
17.0118    34.7066   
18.8711    15.3365   
12.8036    31.6482   
15.7054    3.3535    
1.7482     1.3953    
16.9733    5.0244    

# Frame85

# x        y
16.9938    34.6745   
18.8711    15.3365   
12.7337    31.5758   
15.7054    3.3535    
1.7482     1.3953    
16.9733    5.0244    

# Frame86

# x        y
16.9760    34.6428   
18.8711    15.3365   
12.6650    31.5046   
15.7054    3.3535    
1.7482     1.3953    
16.9733    5.0244    

# Frame87

# x        y
16.9586    34.6117   
18.8711    15.3365   
12.5974    31.4346   
15.7054    3.3535    
1.7482     1.3953    
16.9733    5.0244    

# Frame88

# x        y
16.9414    34.5811   
18.8711    15.3365   
12.5309    31.3658   
15.7054    3.3535    
1.7482     1.3953    
16.9733    5.0244    

# Frame89

# x        y
16.9245    34.5511   
18.8711    15.3365   
12.4655    31.2981   
15.7054    3.3535    
1.7482     1.3953    
16.9733    5.0244    

# Frame90

# x        y
16.9079    34.5215   
18.8711    15.3365   
12.4012    31.2315   
15.7054    3.3535    
1.7482     1.3953    
16.9733    5.0244    

# Frame91

# x        y
16.8916    34.4924   
18.8711    15.3365   
12.3380    31.1661   
15.7054    3.3535    
1.7482     1.3953    
16.9733    5.0244    

# Frame92

# x        y
16.8755    34.4638   
18.8711    15.3365   
12.2759    31.1017   
15.7054    3.3535    
1.7482     1.3953    
16.9733    5.0244    

# Frame93

# x        y
16.8597    34.4357   
18.8711    15.3365   
12.2147    31.0384   
15.7054    3.3535    
1.7482     1.3953    
16.9733    5.0244    

# Frame94

# x        y
16.8442    34.4080   
18.8711    15.3365   
12.1546    30.9762   
15.7054    3.3535    
1.7482     1.3953    
16.9733    5.0244    

# Frame95

# x        y
16.8289    34.3808   
18.8711    15.3365   
12.0955    30.9150   
15.7054    3.3535    
1.7482     1.3953    
16.9733    5.0244    

# Frame96

# x        y
16.8139    34.3541   
18.8711    15.3365   
12.0374    30.8548   
15.7054    3.3535    
1.7482     1.3953    
16.9733    5.0244    

# Frame97

# x        y
16.7991    34.3278   
18.8711    15.3365   
11.9803    30.7956   
15.7054    3.3535    
1.7482     1.3953    
16.9733    5.0244    

# Frame98

# x        y
16.7846    34.3019   
18.8711    15.3365   
11.9241    30.7374   
15.7054    3.3535    
1.7482     1.3953    
16.9733    5.0244    

# Frame99

# x        y
16.7704    34.2765   
18.8711    15.3365   
11.8688    30.6802   
15.7054    3.3535    
1.7482     1.3953    
16.9733    5.0244    

# Frame100

# x        y
16.7563    34.2515   
18.8711    15.3365   
11.8145    30.6240   
15.7054    3.3535    
1.7482     1.3953    
16.9733    5.0244    

# Frame101

# x        y
16.7425    34.2269   
18.8711    15.3365   
11.7611    30.5686   
15.7054    3.3535    
1.7482     1.3953    
16.9733    5.0244    

# Frame102

# x        y
16.7289    34.2027   
18.8711    15.3365   
11.7085    30.5142   
15.7054    3.3535    
1.7482     1.3953    
16.9733    5.0244    

# Frame103

# x        y
16.7156    34.1790   
18.8711    15.3365   
11.6569    30.4607   
15.7054    3.3535    
1.7482     1.3953    
16.9733    5.0244    

# Frame104

# x        y
16.7025    34.1556   
18.8711    15.3365   
11.6061    30.4081   
15.7054    3.3535    
1.7482     1.3953    
16.9733    5.0244    

# Frame105

# x        y
16.6896    34.1326   
18.8711    15.3365   
11.5561    30.3564   
15.7054    3.3535    
1.7482     1.3953    
16.9733    5.0244    

# Frame106

# x        y
16.6769    34.1100   
18.8711    15.3365   
11.5070    30.3055   
15.7054    3.3535    
1.7482     1.3953    
16.9733    5.0244    

# Frame107

# x        y
16.6644    34.0878   
18.8711    15.3365   
11.4587    30.2555   
15.7054    3.3535    
1.7482     1.3953    
16.9733    5.0244    

# Frame108

# x        y
16.6521    34.0659   
18.8711    15.3365   
11.4112    30.2063   
15.7054    3.3535    
1.7482     1.3953    
16.9733    5.0244    

# Frame109

# x        y
16.6401    34.0444   
18.8711    15.3365   
11.3645    30.1580   
15.7054    3.3535    
1.7482     1.3953    
16.9733    5.0244    

# Frame110

# x        y
16.6282    34.0233   
18.8711    15.3365   
11.3185    30.1104   
15.7054    3.3535    
1.7482     1.3953    
16.9733    5.0244    

# Frame111

# x        y
16.6165    34.0025   
18.8711    15.3365   
11.2734    30.0636   
15.7054    3.3535    
1.7482     1.3953    
16.9733    5.0244    

# Frame112

# x        y
16.6051    33.9821   
18.8711    15.3365   
11.2290    30.0176   
15.7054    3.3535    
1.7482     1.3953    
16.9733    5.0244    

# Frame113

# x        y
16.5938    33.9620   
18.8711    15.3365   
11.1853    29.9724   
15.7054    3.3535    
1.7482     1.3953    
16.9733    5.0244    

# Frame114

# x        y
16.5827    33.9422   
18.8711    15.3365   
11.1423    29.9279   
15.7054    3.3535    
1.7482     1.3953    
16.9733    5.0244    

# Frame115

# x        y
16.5718    33.9228   
18.8711    15.3365   
11.1001    29.8842   
15.7054    3.3535    
1.7482     1.3953    
16.9733    5.0244    

# Frame116

# x        y
16.5611    33.9037   
18.8711    15.3365   
11.0586    29.8412   
15.7054    3.3535    
1.7482     1.3953    
16.9733    5.0244    

# Frame117

# x        y
16.5505    33.8849   
18.8711    15.3365   
11.0178    29.7989   
15.7054    3.3535    
1.7482     1.3953    
16.9733    5.0244    

# Frame118

# x        y
16.5401    33.8664   
18.8711    15.3365   
10.9776    29.7574   
15.7054    3.3535    
1.7482     1.3953    
16.9733    5.0244    

# Frame119

# x        y
16.5299    33.8483   
18.8711    15.3365   
10.9381    29.7165   
15.7054    3.3535    
1.7482     1.3953    
16.9733    5.0244    

# Frame120

# x        y
16.5199    33.8304   
18.8711    15.3365   
10.8993    29.6763   
15.7054    3.3535    
1.7482     1.3953    
16.9733    5.0244    

# Frame121

# x        y
16.5100    33.8128   
18.8711    15.3365   
10.8611    29.6367   
15.7054    3.3535    
1.7482     1.3953    
16.9733    5.0244    

# Frame122

# x        y
16.5003    33.7955   
18.8711    15.3365   
10.8236    29.5979   
15.7054    3.3535    
1.7482     1.3953    
16.9733    5.0244    

# Frame123

# x        y
16.4908    33.7786   
18.8711    15.3365   
10.7867    29.5596   
15.7054    3.3535    
1.7482     1.3953    
16.9733    5.0244    

# Frame124

# x        y
16.4814    33.7619   
18.8711    15.3365   
10.7504    29.5221   
15.7054    3.3535    
1.7482     1.3953    
16.9733    5.0244    

# Frame125

# x        y
16.4722    33.7454   
18.8711    15.3365   
10.7147    29.4851   
15.7054    3.3535    
1.7482     1.3953    
16.9733    5.0244    

# Frame126

# x        y
16.4631    33.7293   
18.8711    15.3365   
10.6796    29.4487   
15.7054    3.3535    
1.7482     1.3953    
16.9733    5.0244    

# Frame127

# x        y
16.4542    33.7134   
18.8711    15.3365   
10.6451    29.4130   
15.7054    3.3535    
1.7482     1.3953    
16.9733    5.0244    

# Frame128

# x        y
16.4455    33.6978   
18.8711    15.3365   
10.6111    29.3779   
15.7054    3.3535    
1.7482     1.3953    
16.9733    5.0244    

# Frame129

# x        y
16.4368    33.6824   
18.8711    15.3365   
10.5777    29.3433   
15.7054    3.3535    
1.7482     1.3953    
16.9733    5.0244    

# Frame130

# x        y
16.4284    33.6673   
18.8711    15.3365   
10.5449    29.3093   
15.7054    3.3535    
1.7482     1.3953    
16.9733    5.0244    

# Frame131

# x        y
16.4200    33.6525   
18.8711    15.3365   
10.5127    29.2759   
15.7054    3.3535    
1.7482     1.3953    
16.9733    5.0244    

# Frame132

# x        y
16.4118    33.6379   
18.8711    15.3365   
10.4809    29.2430   
15.7054    3.3535    
1.7482     1.3953    
16.9733    5.0244    

# Frame133

# x        y
16.4038    33.6235   
18.8711    15.3365   
10.4497    29.2107   
15.7054    3.3535    
1.7482     1.3953    
16.9733    5.0244    

# Frame134

# x        y
16.3958    33.6094   
18.8711    15.3365   
10.4190    29.1790   
15.7054    3.3535    
1.7482     1.3953    
16.9733    5.0244    

# Frame135

# x        y
16.3880    33.5955   
18.8711    15.3365   
10.3889    29.1477   
15.7054    3.3535    
1.7482     1.3953    
16.9733    5.0244    

# Frame136

# x        y
16.3804    33.5819   
18.8711    15.3365   
10.3592    29.1170   
15.7054    3.3535    
1.7482     1.3953    
16.9733    5.0244    

# Frame137

# x        y
16.3728    33.5684   
18.8711    15.3365   
10.3300    29.0868   
15.7054    3.3535    
1.7482     1.3953    
16.9733    5.0244    

# Frame138

# x        y
16.3654    33.5552   
18.8711    15.3365   
10.3013    29.0571   
15.7054    3.3535    
1.7482     1.3953    
16.9733    5.0244    

# Frame139

# x        y
16.3581    33.5422   
18.8711    15.3365   
10.2731    29.0279   
15.7054    3.3535    
1.7482     1.3953    
16.9733    5.0244    

# Frame140

# x        y
16.3510    33.5295   
18.8711    15.3365   
10.2454    28.9991   
15.7054    3.3535    
1.7482     1.3953    
16.9733    5.0244    

# Frame141

# x        y
16.3439    33.5169   
18.8711    15.3365   
10.2181    28.9709   
15.7054    3.3535    
1.7482     1.3953    
16.9733    5.0244    

# Frame142

# x        y
16.3370    33.5046   
18.8711    15.3365   
10.1913    28.9431   
15.7054    3.3535    
1.7482     1.3953    
16.9733    5.0244    

# Frame143

# x        y
16.3302    33.4925   
18.8711    15.3365   
10.1649    28.9158   
15.7054    3.3535    
1.7482     1.3953    
16.9733    5.0244    

# Frame144

# x        y
16.3235    33.4805   
18.8711    15.3365   
10.1390    28.8889   
15.7054    3.3535    
1.7482     1.3953    
16.9733    5.0244    

# Frame145

# x        y
16.3169    33.4688   
18.8711    15.3365   
10.1135    28.8625   
15.7054    3.3535    
1.7482     1.3953    
16.9733    5.0244    

# Frame146

# x        y
16.3104    33.4572   
18.8711    15.3365   
10.0884    28.8366   
15.7054    3.3535    
1.7482     1.3953    
16.9733    5.0244    

# Frame147

# x        y
16.3040    33.4459   
18.8711    15.3365   
10.0637    28.8110   
15.7054    3.3535    
1.7482     1.3953    
16.9733    5.0244    

# Frame148

# x        y
16.2978    33.4347   
18.8711    15.3365   
10.0395    28.7859   
15.7054    3.3535    
1.7482     1.3953    
16.9733    5.0244    

# Frame149

# x        y
16.2916    33.4238   
18.8711    15.3365   
10.0156    28.7612   
15.7054    3.3535    
1.7482     1.3953    
16.9733    5.0244    

# Frame150

# x        y
16.2856    33.4130   
18.8711    15.3365   
9.9922     28.7369   
15.7054    3.3535    
1.7482     1.3953    
16.9733    5.0244    

# Frame151

# x        y
16.2796    33.4024   
18.8711    15.3365   
9.9691     28.7131   
15.7054    3.3535    
1.7482     1.3953    
16.9733    5.0244    

# Frame152

# x        y
16.2737    33.3919   
18.8711    15.3365   
9.9464     28.6896   
15.7054    3.3535    
1.7482     1.3953    
16.9733    5.0244    

# Frame153

# x        y
16.2680    33.3817   
18.8711    15.3365   
9.9241     28.6665   
15.7054    3.3535    
1.7482     1.3953    
16.9733    5.0244    

# Frame154

# x        y
16.2623    33.3716   
18.8711    15.3365   
9.9022     28.6438   
15.7054    3.3535    
1.7482     1.3953    
16.9733    5.0244    

# Frame155

# x        y
16.2568    33.3617   
18.8711    15.3365   
9.8807     28.6215   
15.7054    3.3535    
1.7482     1.3953    
16.9733    5.0244    

# Frame156

# x        y
16.2513    33.3519   
18.8711    15.3365   
9.8595     28.5995   
15.7054    3.3535    
1.7482     1.3953    
16.9733    5.0244    

# Frame157

# x        y
16.2459    33.3423   
18.8711    15.3365   
9.8386     28.5779   
15.7054    3.3535    
1.7482     1.3953    
16.9733    5.0244    

# Frame158

# x        y
16.2406    33.3329   
18.8711    15.3365   
9.8181     28.5567   
15.7054    3.3535    
1.7482     1.3953    
16.9733    5.0244    

# Frame159

# x        y
16.2354    33.3236   
18.8711    15.3365   
9.7980     28.5358   
15.7054    3.3535    
1.7482     1.3953    
16.9733    5.0244    

# Frame160

# x        y
16.2303    33.3145   
18.8711    15.3365   
9.7781     28.5153   
15.7054    3.3535    
1.7482     1.3953    
16.9733    5.0244    

# Frame161

# x        y
16.2252    33.3055   
18.8711    15.3365   
9.7586     28.4951   
15.7054    3.3535    
1.7482     1.3953    
16.9733    5.0244    

# Frame162

# x        y
16.2203    33.2967   
18.8711    15.3365   
9.7395     28.4753   
15.7054    3.3535    
1.7482     1.3953    
16.9733    5.0244    

# Frame163

# x        y
16.2154    33.2880   
18.8711    15.3365   
9.7206     28.4558   
15.7054    3.3535    
1.7482     1.3953    
16.9733    5.0244    

# Frame164

# x        y
16.2106    33.2795   
18.8711    15.3365   
9.7021     28.4366   
15.7054    3.3535    
1.7482     1.3953    
16.9733    5.0244    

# Frame165

# x        y
16.2059    33.2711   
18.8711    15.3365   
9.6839     28.4177   
15.7054    3.3535    
1.7482     1.3953    
16.9733    5.0244    

# Frame166

# x        y
16.2013    33.2629   
18.8711    15.3365   
9.6660     28.3991   
15.7054    3.3535    
1.7482     1.3953    
16.9733    5.0244    

# Frame167

# x        y
16.1967    33.2548   
18.8711    15.3365   
9.6483     28.3809   
15.7054    3.3535    
1.7482     1.3953    
16.9733    5.0244    

# Frame168

# x        y
16.1923    33.2468   
18.8711    15.3365   
9.6310     28.3630   
15.7054    3.3535    
1.7482     1.3953    
16.9733    5.0244    

# Frame169

# x        y
16.1879    33.2390   
18.8711    15.3365   
9.6140     28.3453   
15.7054    3.3535    
1.7482     1.3953    
16.9733    5.0244    

# Frame170

# x        y
16.1835    33.2312   
18.8711    15.3365   
9.5972     28.3280   
15.7054    3.3535    
1.7482     1.3953    
16.9733    5.0244    

# Frame171

# x        y
16.1793    33.2237   
18.8711    15.3365   
9.5807     28.3109   
15.7054    3.3535    
1.7482     1.3953    
16.9733    5.0244    

# Frame172

# x        y
16.1751    33.2162   
18.8711    15.3365   
9.5645     28.2941   
15.7054    3.3535    
1.7482     1.3953    
16.9733    5.0244    

# Frame173

# x        y
16.1710    33.2089   
18.8711    15.3365   
9.5486     28.2776   
15.7054    3.3535    
1.7482     1.3953    
16.9733    5.0244    

# Frame174

# x        y
16.1669    33.2017   
18.8711    15.3365   
9.5329     28.2614   
15.7054    3.3535    
1.7482     1.3953    
16.9733    5.0244    

# Frame175

# x        y
16.1629    33.1946   
18.8711    15.3365   
9.5175     28.2455   
15.7054    3.3535    
1.7482     1.3953    
16.9733    5.0244    

# Frame176

# x        y
16.1590    33.1876   
18.8711    15.3365   
9.5024     28.2298   
15.7054    3.3535    
1.7482     1.3953    
16.9733    5.0244    

# Frame177

# x        y
16.1552    33.1808   
18.8711    15.3365   
9.4875     28.2143   
15.7054    3.3535    
1.7482     1.3953    
16.9733    5.0244    

# Frame178

# x        y
16.1514    33.1740   
18.8711    15.3365   
9.4728     28.1992   
15.7054    3.3535    
1.7482     1.3953    
16.9733    5.0244    

# Frame179

# x        y
16.1477    33.1674   
18.8711    15.3365   
9.4584     28.1843   
15.7054    3.3535    
1.7482     1.3953    
16.9733    5.0244    

# Frame180

# x        y
16.1440    33.1609   
18.8711    15.3365   
9.4443     28.1696   
15.7054    3.3535    
1.7482     1.3953    
16.9733    5.0244    

# Frame181

# x        y
16.1404    33.1545   
18.8711    15.3365   
9.4304     28.1552   
15.7054    3.3535    
1.7482     1.3953    
16.9733    5.0244    

# Frame182

# x        y
16.1369    33.1482   
18.8711    15.3365   
9.4167     28.1410   
15.7054    3.3535    
1.7482     1.3953    
16.9733    5.0244    

# Frame183

# x        y
16.1334    33.1420   
18.8711    15.3365   
9.4032     28.1271   
15.7054    3.3535    
1.7482     1.3953    
16.9733    5.0244    

# Frame184

# x        y
16.1300    33.1359   
18.8711    15.3365   
9.3900     28.1133   
15.7054    3.3535    
1.7482     1.3953    
16.9733    5.0244    

# Frame185

# x        y
16.1266    33.1299   
18.8711    15.3365   
9.3769     28.0999   
15.7054    3.3535    
1.7482     1.3953    
16.9733    5.0244    

# Frame186

# x        y
16.1233    33.1240   
18.8711    15.3365   
9.3641     28.0866   
15.7054    3.3535    
1.7482     1.3953    
16.9733    5.0244    

# Frame187

# x        y
16.1201    33.1182   
18.8711    15.3365   
9.3515     28.0736   
15.7054    3.3535    
1.7482     1.3953    
16.9733    5.0244    

# Frame188

# x        y
16.1169    33.1125   
18.8711    15.3365   
9.3392     28.0607   
15.7054    3.3535    
1.7482     1.3953    
16.9733    5.0244    

# Frame189

# x        y
16.1137    33.1069   
18.8711    15.3365   
9.3270     28.0481   
15.7054    3.3535    
1.7482     1.3953    
16.9733    5.0244    

# Frame190

# x        y
16.1106    33.1014   
18.8711    15.3365   
9.3150     28.0357   
15.7054    3.3535    
1.7482     1.3953    
16.9733    5.0244    

# Frame191

# x        y
16.1076    33.0960   
18.8711    15.3365   
9.3032     28.0236   
15.7054    3.3535    
1.7482     1.3953    
16.9733    5.0244    

# Frame192

# x        y
16.1046    33.0906   
18.8711    15.3365   
9.2917     28.0116   
15.7054    3.3535    
1.7482     1.3953    
16.9733    5.0244    

# Frame193

# x        y
16.1017    33.0854   
18.8711    15.3365   
9.2803     27.9998   
15.7054    3.3535    
1.7482     1.3953    
16.9733    5.0244    

# Frame194

# x        y
16.0988    33.0803   
18.8711    15.3365   
9.2691     27.9882   
15.7054    3.3535    
1.7482     1.3953    
16.9733    5.0244    

# Frame195

# x        y
16.0959    33.0752   
18.8711    15.3365   
9.2581     27.9768   
15.7054    3.3535    
1.7482     1.3953    
16.9733    5.0244    

# Frame196

# x        y
16.0931    33.0702   
18.8711    15.3365   
9.2473     27.9656   
15.7054    3.3535    
1.7482     1.3953    
16.9733    5.0244    

# Frame197

# x        y
16.0904    33.0653   
18.8711    15.3365   
9.2366     27.9546   
15.7054    3.3535    
1.7482     1.3953    
16.9733    5.0244    

# Frame198

# x        y
16.0877    33.0605   
18.8711    15.3365   
9.2261     27.9437   
15.7054    3.3535    
1.7482     1.3953    
16.9733    5.0244    

# Frame199

# x        y
16.0850    33.0558   
18.8711    15.3365   
9.2159     27.9331   
15.7054    3.3535    
1.7482     1.3953    
16.9733    5.0244    

# Frame200

# x        y
16.0824    33.0511   
18.8711    15.3365   
9.2057     27.9226   
15.7054    3.3535    
1.7482     1.3953    
16.9733    5.0244    

# Frame201

# x        y
16.0798    33.0465   
18.8711    15.3365   
9.1958     27.9123   
15.7054    3.3535    
1.7482     1.3953    
16.9733    5.0244    

# Frame202

# x        y
16.0773    33.0420   
18.8711    15.3365   
9.1860     27.9021   
15.7054    3.3535    
1.7482     1.3953    
16.9733    5.0244    

# Frame203

# x        y
16.0748    33.0376   
18.8711    15.3365   
9.1764     27.8922   
15.7054    3.3535    
1.7482     1.3953    
16.9733    5.0244    

# Frame204

# x        y
16.0724    33.0332   
18.8711    15.3365   
9.1669     27.8824   
15.7054    3.3535    
1.7482     1.3953    
16.9733    5.0244    

# Frame205

# x        y
16.0700    33.0290   
18.8711    15.3365   
9.1576     27.8728   
15.7054    3.3535    
1.7482     1.3953    
16.9733    5.0244    

# Frame206

# x        y
16.0676    33.0248   
18.8711    15.3365   
9.1485     27.8633   
15.7054    3.3535    
1.7482     1.3953    
16.9733    5.0244    

# Frame207

# x        y
16.0653    33.0206   
18.8711    15.3365   
9.1395     27.8540   
15.7054    3.3535    
1.7482     1.3953    
16.9733    5.0244    

# Frame208

# x        y
16.0630    33.0165   
18.8711    15.3365   
9.1306     27.8448   
15.7054    3.3535    
1.7482     1.3953    
16.9733    5.0244    

# Frame209

# x        y
16.0607    33.0125   
18.8711    15.3365   
9.1219     27.8358   
15.7054    3.3535    
1.7482     1.3953    
16.9733    5.0244    

# Frame210

# x        y
16.0585    33.0086   
18.8711    15.3365   
9.1134     27.8269   
15.7054    3.3535    
1.7482     1.3953    
16.9733    5.0244    

# Frame211

# x        y
16.0564    33.0047   
18.8711    15.3365   
9.1050     27.8182   
15.7054    3.3535    
1.7482     1.3953    
16.9733    5.0244    

# Frame212

# x        y
16.0542    33.0009   
18.8711    15.3365   
9.0967     27.8097   
15.7054    3.3535    
1.7482     1.3953    
16.9733    5.0244    

# Frame213

# x        y
16.0521    32.9972   
18.8711    15.3365   
9.0886     27.8012   
15.7054    3.3535    
1.7482     1.3953    
16.9733    5.0244    

# Frame214

# x        y
16.0501    32.9935   
18.8711    15.3365   
9.0806     27.7930   
15.7054    3.3535    
1.7482     1.3953    
16.9733    5.0244    

# Frame215

# x        y
16.0480    32.9899   
18.8711    15.3365   
9.0727     27.7848   
15.7054    3.3535    
1.7482     1.3953    
16.9733    5.0244    

# Frame216

# x        y
16.0460    32.9863   
18.8711    15.3365   
9.0650     27.7768   
15.7054    3.3535    
1.7482     1.3953    
16.9733    5.0244    

# Frame217

# x        y
16.0441    32.9828   
18.8711    15.3365   
9.0574     27.7689   
15.7054    3.3535    
1.7482     1.3953    
16.9733    5.0244    

# Frame218

# x        y
16.0421    32.9794   
18.8711    15.3365   
9.0499     27.7612   
15.7054    3.3535    
1.7482     1.3953    
16.9733    5.0244    

# Frame219

# x        y
16.0402    32.9760   
18.8711    15.3365   
9.0425     27.7536   
15.7054    3.3535    
1.7482     1.3953    
16.9733    5.0244    

# Frame220

# x        y
16.0384    32.9727   
18.8711    15.3365   
9.0353     27.7461   
15.7054    3.3535    
1.7482     1.3953    
16.9733    5.0244    

# Frame221

# x        y
16.0365    32.9694   
18.8711    15.3365   
9.0282     27.7387   
15.7054    3.3535    
1.7482     1.3953    
16.9733    5.0244    

# Frame222

# x        y
16.0347    32.9662   
18.8711    15.3365   
9.0212     27.7315   
15.7054    3.3535    
1.7482     1.3953    
16.9733    5.0244    

# Frame223

# x        y
16.0330    32.9630   
18.8711    15.3365   
9.0143     27.7244   
15.7054    3.3535    
1.7482     1.3953    
16.9733    5.0244    

# Frame224

# x        y
16.0312    32.9599   
18.8711    15.3365   
9.0076     27.7174   
15.7054    3.3535    
1.7482     1.3953    
16.9733    5.0244    

# Frame225

# x        y
16.0295    32.9569   
18.8711    15.3365   
9.0009     27.7105   
15.7054    3.3535    
1.7482     1.3953    
16.9733    5.0244    

# Frame226

# x        y
16.0278    32.9538   
18.8711    15.3365   
8.9944     27.7037   
15.7054    3.3535    
1.7482     1.3953    
16.9733    5.0244    

# Frame227

# x        y
16.0261    32.9509   
18.8711    15.3365   
8.9879     27.6971   
15.7054    3.3535    
1.7482     1.3953    
16.9733    5.0244    

# Frame228

# x        y
16.0245    32.9480   
18.8711    15.3365   
8.9816     27.6905   
15.7054    3.3535    
1.7482     1.3953    
16.9733    5.0244    

# Frame229

# x        y
16.0229    32.9451   
18.8711    15.3365   
8.9754     27.6841   
15.7054    3.3535    
1.7482     1.3953    
16.9733    5.0244    

# Frame230

# x        y
16.0213    32.9423   
18.8711    15.3365   
8.9693     27.6777   
15.7054    3.3535    
1.7482     1.3953    
16.9733    5.0244    

# Frame231

# x        y
16.0198    32.9395   
18.8711    15.3365   
8.9633     27.6715   
15.7054    3.3535    
1.7482     1.3953    
16.9733    5.0244    

# Frame232

# x        y
16.0182    32.9368   
18.8711    15.3365   
8.9574     27.6654   
15.7054    3.3535    
1.7482     1.3953    
16.9733    5.0244    

# Frame233

# x        y
16.0167    32.9342   
18.8711    15.3365   
8.9516     27.6594   
15.7054    3.3535    
1.7482     1.3953    
16.9733    5.0244    

# Frame234

# x        y
16.0153    32.9315   
18.8711    15.3365   
8.9458     27.6535   
15.7054    3.3535    
1.7482     1.3953    
16.9733    5.0244    

# Frame235

# x        y
16.0138    32.9289   
18.8711    15.3365   
8.9402     27.6476   
15.7054    3.3535    
1.7482     1.3953    
16.9733    5.0244    

# Frame236

# x        y
16.0124    32.9264   
18.8711    15.3365   
8.9347     27.6419   
15.7054    3.3535    
1.7482     1.3953    
16.9733    5.0244    

# Frame237

# x        y
16.0110    32.9239   
18.8711    15.3365   
8.9293     27.6363   
15.7054    3.3535    
1.7482     1.3953    
16.9733    5.0244    

# Frame238

# x        y
16.0096    32.9214   
18.8711    15.3365   
8.9239     27.6308   
15.7054    3.3535    
1.7482     1.3953    
16.9733    5.0244    

# Frame239

# x        y
16.0082    32.9190   
18.8711    15.3365   
8.9187     27.6253   
15.7054    3.3535    
1.7482     1.3953    
16.9733    5.0244    

# Frame240

# x        y
16.0069    32.9166   
18.8711    15.3365   
8.9135     27.6200   
15.7054    3.3535    
1.7482     1.3953    
16.9733    5.0244    

# Frame241

# x        y
16.0056    32.9143   
18.8711    15.3365   
8.9084     27.6147   
15.7054    3.3535    
1.7482     1.3953    
16.9733    5.0244    

# Frame242

# x        y
16.0043    32.9120   
18.8711    15.3365   
8.9034     27.6095   
15.7054    3.3535    
1.7482     1.3953    
16.9733    5.0244    

# Frame243

# x        y
16.0030    32.9097   
18.8711    15.3365   
8.8985     27.6045   
15.7054    3.3535    
1.7482     1.3953    
16.9733    5.0244    

# Frame244

# x        y
16.0018    32.9075   
18.8711    15.3365   
8.8937     27.5995   
15.7054    3.3535    
1.7482     1.3953    
16.9733    5.0244    

# Frame245

# x        y
16.0006    32.9053   
18.8711    15.3365   
8.8889     27.5945   
15.7054    3.3535    
1.7482     1.3953    
16.9733    5.0244    

# Frame246

# x        y
15.9994    32.9032   
18.8711    15.3365   
8.8843     27.5897   
15.7054    3.3535    
1.7482     1.3953    
16.9733    5.0244    

# Frame247

# x        y
15.9982    32.9011   
18.8711    15.3365   
8.8797     27.5849   
15.7054    3.3535    
1.7482     1.3953    
16.9733    5.0244    

# Frame248

# x        y
15.9970    32.8990   
18.8711    15.3365   
8.8752     27.5803   
15.7054    3.3535    
1.7482     1.3953    
16.9733    5.0244    

# Frame249

# x        y
15.9959    32.8969   
18.8711    15.3365   
8.8707     27.5757   
15.7054    3.3535    
1.7482     1.3953    
16.9733    5.0244    

# Frame250

# x        y
15.9947    32.8949   
18.8711    15.3365   
8.8663     27.5711   
15.7054    3.3535    
1.7482     1.3953    
16.9733    5.0244    

# Frame251

# x        y
15.9936    32.8930   
18.8711    15.3365   
8.8621     27.5667   
15.7054    3.3535    
1.7482     1.3953    
16.9733    5.0244    

# Frame252

# x        y
15.9925    32.8910   
18.8711    15.3365   
8.8578     27.5623   
15.7054    3.3535    
1.7482     1.3953    
16.9733    5.0244    

# Frame253

# x        y
15.9915    32.8891   
18.8711    15.3365   
8.8537     27.5580   
15.7054    3.3535    
1.7482     1.3953    
16.9733    5.0244    

# Frame254

# x        y
15.9904    32.8872   
18.8711    15.3365   
8.8496     27.5538   
15.7054    3.3535    
1.7482     1.3953    
16.9733    5.0244    

# Frame255

# x        y
15.9894    32.8854   
18.8711    15.3365   
8.8456     27.5496   
15.7054    3.3535    
1.7482     1.3953    
16.9733    5.0244    

# Frame256

# x        y
15.9883    32.8836   
18.8711    15.3365   
8.8416     27.5455   
15.7054    3.3535    
1.7482     1.3953    
16.9733    5.0244    

# Frame257

# x        y
15.9873    32.8818   
18.8711    15.3365   
8.8377     27.5415   
15.7054    3.3535    
1.7482     1.3953    
16.9733    5.0244    

# Frame258

# x        y
15.9864    32.8800   
18.8711    15.3365   
8.8339     27.5376   
15.7054    3.3535    
1.7482     1.3953    
16.9733    5.0244    

# Frame259

# x        y
15.9854    32.8783   
18.8711    15.3365   
8.8302     27.5337   
15.7054    3.3535    
1.7482     1.3953    
16.9733    5.0244    

# Frame260

# x        y
15.9844    32.8766   
18.8711    15.3365   
8.8265     27.5299   
15.7054    3.3535    
1.7482     1.3953    
16.9733    5.0244    

# Frame261

# x        y
15.9835    32.8749   
18.8711    15.3365   
8.8229     27.5261   
15.7054    3.3535    
1.7482     1.3953    
16.9733    5.0244    

# Frame262

# x        y
15.9826    32.8733   
18.8711    15.3365   
8.8193     27.5224   
15.7054    3.3535    
1.7482     1.3953    
16.9733    5.0244    

# Frame263

# x        y
15.9817    32.8717   
18.8711    15.3365   
8.8158     27.5188   
15.7054    3.3535    
1.7482     1.3953    
16.9733    5.0244    

# Frame264

# x        y
15.9808    32.8701   
18.8711    15.3365   
8.8123     27.5152   
15.7054    3.3535    
1.7482     1.3953    
16.9733    5.0244    

# Frame265

# x        y
15.9799    32.8685   
18.8711    15.3365   
8.8089     27.5117   
15.7054    3.3535    
1.7482     1.3953    
16.9733    5.0244    

# Frame266

# x        y
15.9790    32.8670   
18.8711    15.3365   
8.8056     27.5082   
15.7054    3.3535    
1.7482     1.3953    
16.9733    5.0244    

# Frame267

# x        y
15.9782    32.8655   
18.8711    15.3365   
8.8023     27.5048   
15.7054    3.3535    
1.7482     1.3953    
16.9733    5.0244    

# Frame268

# x        y
15.9774    32.8640   
18.8711    15.3365   
8.7991     27.5015   
15.7054    3.3535    
1.7482     1.3953    
16.9733    5.0244    

# Frame269

# x        y
15.9765    32.8625   
18.8711    15.3365   
8.7959     27.4982   
15.7054    3.3535    
1.7482     1.3953    
16.9733    5.0244    

# Frame270

# x        y
15.9757    32.8611   
18.8711    15.3365   
8.7928     27.4950   
15.7054    3.3535    
1.7482     1.3953    
16.9733    5.0244    

# Frame271

# x        y
15.9749    32.8597   
18.8711    15.3365   
8.7897     27.4918   
15.7054    3.3535    
1.7482     1.3953    
16.9733    5.0244    

# Frame272

# x        y
15.9742    32.8583   
18.8711    15.3365   
8.7867     27.4887   
15.7054    3.3535    
1.7482     1.3953    
16.9733    5.0244    

# Frame273

# x        y
15.9734    32.8569   
18.8711    15.3365   
8.7837     27.4856   
15.7054    3.3535    
1.7482     1.3953    
16.9733    5.0244    

# Frame274

# x        y
15.9726    32.8556   
18.8711    15.3365   
8.7808     27.4826   
15.7054    3.3535    
1.7482     1.3953    
16.9733    5.0244    

# Frame275

# x        y
15.9719    32.8543   
18.8711    15.3365   
8.7780     27.4796   
15.7054    3.3535    
1.7482     1.3953    
16.9733    5.0244    

# Frame276

# x        y
15.9712    32.8530   
18.8711    15.3365   
8.7751     27.4767   
15.7054    3.3535    
1.7482     1.3953    
16.9733    5.0244    

# Frame277

# x        y
15.9704    32.8517   
18.8711    15.3365   
8.7724     27.4738   
15.7054    3.3535    
1.7482     1.3953    
16.9733    5.0244    

# Frame278

# x        y
15.9697    32.8504   
18.8711    15.3365   
8.7696     27.4710   
15.7054    3.3535    
1.7482     1.3953    
16.9733    5.0244    

# Frame279

# x        y
15.9690    32.8492   
18.8711    15.3365   
8.7669     27.4682   
15.7054    3.3535    
1.7482     1.3953    
16.9733    5.0244    

# Frame280

# x        y
15.9684    32.8480   
18.8711    15.3365   
8.7643     27.4655   
15.7054    3.3535    
1.7482     1.3953    
16.9733    5.0244    

# Frame281

# x        y
15.9677    32.8468   
18.8711    15.3365   
8.7617     27.4628   
15.7054    3.3535    
1.7482     1.3953    
16.9733    5.0244    

# Frame282

# x        y
15.9670    32.8456   
18.8711    15.3365   
8.7592     27.4601   
15.7054    3.3535    
1.7482     1.3953    
16.9733    5.0244    

# Frame283

# x        y
15.9664    32.8445   
18.8711    15.3365   
8.7567     27.4575   
15.7054    3.3535    
1.7482     1.3953    
16.9733    5.0244    

# Frame284

# x        y
15.9658    32.8433   
18.8711    15.3365   
8.7542     27.4550   
15.7054    3.3535    
1.7482     1.3953    
16.9733    5.0244    

# Frame285

# x        y
15.9651    32.8422   
18.8711    15.3365   
8.7518     27.4525   
15.7054    3.3535    
1.7482     1.3953    
16.9733    5.0244    

# Frame286

# x        y
15.9645    32.8411   
18.8711    15.3365   
8.7494     27.4500   
15.7054    3.3535    
1.7482     1.3953    
16.9733    5.0244    

# Frame287

# x        y
15.9639    32.8400   
18.8711    15.3365   
8.7470     27.4476   
15.7054    3.3535    
1.7482     1.3953    
16.9733    5.0244    

# Frame288

# x        y
15.9633    32.8390   
18.8711    15.3365   
8.7447     27.4452   
15.7054    3.3535    
1.7482     1.3953    
16.9733    5.0244    

# Frame289

# x        y
15.9627    32.8379   
18.8711    15.3365   
8.7425     27.4428   
15.7054    3.3535    
1.7482     1.3953    
16.9733    5.0244    

# Frame290

# x        y
15.9621    32.8369   
18.8711    15.3365   
8.7402     27.4405   
15.7054    3.3535    
1.7482     1.3953    
16.9733    5.0244    

# Frame291

# x        y
15.9616    32.8359   
18.8711    15.3365   
8.7380     27.4383   
15.7054    3.3535    
1.7482     1.3953    
16.9733    5.0244    

# Frame292

# x        y
15.9610    32.8349   
18.8711    15.3365   
8.7359     27.4360   
15.7054    3.3535    
1.7482     1.3953    
16.9733    5.0244    

# Frame293

# x        y
15.9605    32.8339   
18.8711    15.3365   
8.7338     27.4338   
15.7054    3.3535    
1.7482     1.3953    
16.9733    5.0244    

# Frame294

# x        y
15.9599    32.8330   
18.8711    15.3365   
8.7317     27.4317   
15.7054    3.3535    
1.7482     1.3953    
16.9733    5.0244    

# Frame295

# x        y
15.9594    32.8320   
18.8711    15.3365   
8.7296     27.4296   
15.7054    3.3535    
1.7482     1.3953    
16.9733    5.0244    

# Frame296

# x        y
15.9589    32.8311   
18.8711    15.3365   
8.7276     27.4275   
15.7054    3.3535    
1.7482     1.3953    
16.9733    5.0244    

# Frame297

# x        y
15.9584    32.8302   
18.8711    15.3365   
8.7256     27.4254   
15.7054    3.3535    
1.7482     1.3953    
16.9733    5.0244    

# Frame298

# x        y
15.9579    32.8293   
18.8711    15.3365   
8.7237     27.4234   
15.7054    3.3535    
1.7482     1.3953    
16.9733    5.0244    

# Frame299

# x        y
15.9574    32.8284   
18.8711    15.3365   
8.7218     27.4214   
15.7054    3.3535    
1.7482     1.3953    
16.9733    5.0244    

# Frame300

# x        y
15.9569    32.8275   
18.8711    15.3365   
8.7199     27.4195   
15.7054    3.3535    
1.7482     1.3953    
16.9733    5.0244    

# Frame301

# x        y
15.9564    32.8267   
18.8711    15.3365   
8.7180     27.4175   
15.7054    3.3535    
1.7482     1.3953    
16.9733    5.0244    

# Frame302

# x        y
15.9559    32.8259   
18.8711    15.3365   
8.7162     27.4157   
15.7054    3.3535    
1.7482     1.3953    
16.9733    5.0244    

# Frame303

# x        y
15.9555    32.8250   
18.8711    15.3365   
8.7144     27.4138   
15.7054    3.3535    
1.7482     1.3953    
16.9733    5.0244    

# Frame304

# x        y
15.9550    32.8242   
18.8711    15.3365   
8.7127     27.4120   
15.7054    3.3535    
1.7482     1.3953    
16.9733    5.0244    

# Frame305

# x        y
15.9546    32.8234   
18.8711    15.3365   
8.7109     27.4102   
15.7054    3.3535    
1.7482     1.3953    
16.9733    5.0244    

# Frame306

# x        y
15.9541    32.8226   
18.8711    15.3365   
8.7092     27.4084   
15.7054    3.3535    
1.7482     1.3953    
16.9733    5.0244    

# Frame307

# x        y
15.9537    32.8219   
18.8711    15.3365   
8.7075     27.4067   
15.7054    3.3535    
1.7482     1.3953    
16.9733    5.0244    

# Frame308

# x        y
15.9533    32.8211   
18.8711    15.3365   
8.7059     27.4050   
15.7054    3.3535    
1.7482     1.3953    
16.9733    5.0244    

# Frame309

# x        y
15.9529    32.8204   
18.8711    15.3365   
8.7043     27.4033   
15.7054    3.3535    
1.7482     1.3953    
16.9733    5.0244    

# Frame310

# x        y
15.9524    32.8196   
18.8711    15.3365   
8.7027     27.4017   
15.7054    3.3535    
1.7482     1.3953    
16.9733    5.0244    

# Frame311

# x        y
15.9520    32.8189   
18.8711    15.3365   
8.7011     27.4000   
15.7054    3.3535    
1.7482     1.3953    
16.9733    5.0244    

# Frame312

# x        y
15.9516    32.8182   
18.8711    15.3365   
8.6996     27.3984   
15.7054    3.3535    
1.7482     1.3953    
16.9733    5.0244    

# Frame313

# x        y
15.9513    32.8175   
18.8711    15.3365   
8.6981     27.3969   
15.7054    3.3535    
1.7482     1.3953    
16.9733    5.0244    

# Frame314

# x        y
15.9509    32.8168   
18.8711    15.3365   
8.6966     27.3953   
15.7054    3.3535    
1.7482     1.3953    
16.9733    5.0244    

# Frame315

# x        y
15.9505    32.8161   
18.8711    15.3365   
8.6951     27.3938   
15.7054    3.3535    
1.7482     1.3953    
16.9733    5.0244    

# Frame316

# x        y
15.9501    32.8155   
18.8711    15.3365   
8.6937     27.3923   
15.7054    3.3535    
1.7482     1.3953    
16.9733    5.0244    

# Frame317

# x        y
15.9498    32.8148   
18.8711    15.3365   
8.6922     27.3909   
15.7054    3.3535    
1.7482     1.3953    
16.9733    5.0244    

# Frame318

# x        y
15.9494    32.8142   
18.8711    15.3365   
8.6909     27.3894   
15.7054    3.3535    
1.7482     1.3953    
16.9733    5.0244    

# Frame319

# x        y
15.9490    32.8135   
18.8711    15.3365   
8.6895     27.3880   
15.7054    3.3535    
1.7482     1.3953    
16.9733    5.0244    

# Frame320

# x        y
15.9487    32.8129   
18.8711    15.3365   
8.6881     27.3866   
15.7054    3.3535    
1.7482     1.3953    
16.9733    5.0244    

# Frame321

# x        y
15.9483    32.8123   
18.8711    15.3365   
8.6868     27.3852   
15.7054    3.3535    
1.7482     1.3953    
16.9733    5.0244    

# Frame322

# x        y
15.9480    32.8117   
18.8711    15.3365   
8.6855     27.3839   
15.7054    3.3535    
1.7482     1.3953    
16.9733    5.0244    

# Frame323

# x        y
15.9477    32.8111   
18.8711    15.3365   
8.6842     27.3826   
15.7054    3.3535    
1.7482     1.3953    
16.9733    5.0244    

# Frame324

# x        y
15.9474    32.8106   
18.8711    15.3365   
8.6830     27.3812   
15.7054    3.3535    
1.7482     1.3953    
16.9733    5.0244    

# Frame325

# x        y
15.9470    32.8100   
18.8711    15.3365   
8.6817     27.3800   
15.7054    3.3535    
1.7482     1.3953    
16.9733    5.0244    

# Frame326

# x        y
15.9467    32.8094   
18.8711    15.3365   
8.6805     27.3787   
15.7054    3.3535    
1.7482     1.3953    
16.9733    5.0244    

# Frame327

# x        y
15.9464    32.8089   
18.8711    15.3365   
8.6793     27.3775   
15.7054    3.3535    
1.7482     1.3953    
16.9733    5.0244    

# Frame328

# x        y
15.9461    32.8083   
18.8711    15.3365   
8.6781     27.3762   
15.7054    3.3535    
1.7482     1.3953    
16.9733    5.0244    

# Frame329

# x        y
15.9458    32.8078   
18.8711    15.3365   
8.6770     27.3750   
15.7054    3.3535    
1.7482     1.3953    
16.9733    5.0244    

# Frame330

# x        y
15.9455    32.8073   
18.8711    15.3365   
8.6758     27.3739   
15.7054    3.3535    
1.7482     1.3953    
16.9733    5.0244    

# Frame331

# x        y
15.9452    32.8068   
18.8711    15.3365   
8.6747     27.3727   
15.7054    3.3535    
1.7482     1.3953    
16.9733    5.0244    

# Frame332

# x        y
15.9449    32.8063   
18.8711    15.3365   
8.6736     27.3716   
15.7054    3.3535    
1.7482     1.3953    
16.9733    5.0244    

# Frame333

# x        y
15.9447    32.8058   
18.8711    15.3365   
8.6725     27.3704   
15.7054    3.3535    
1.7482     1.3953    
16.9733    5.0244    

# Frame334

# x        y
15.9444    32.8053   
18.8711    15.3365   
8.6715     27.3693   
15.7054    3.3535    
1.7482     1.3953    
16.9733    5.0244    

# Frame335

# x        y
15.9441    32.8048   
18.8711    15.3365   
8.6704     27.3683   
15.7054    3.3535    
1.7482     1.3953    
16.9733    5.0244    

# Frame336

# x        y
15.9439    32.8043   
18.8711    15.3365   
8.6694     27.3672   
15.7054    3.3535    
1.7482     1.3953    
16.9733    5.0244    

# Frame337

# x        y
15.9436    32.8038   
18.8711    15.3365   
8.6684     27.3661   
15.7054    3.3535    
1.7482     1.3953    
16.9733    5.0244    

# Frame338

# x        y
15.9433    32.8034   
18.8711    15.3365   
8.6674     27.3651   
15.7054    3.3535    
1.7482     1.3953    
16.9733    5.0244    

# Frame339

# x        y
15.9431    32.8029   
18.8711    15.3365   
8.6664     27.3641   
15.7054    3.3535    
1.7482     1.3953    
16.9733    5.0244    

# Frame340

# x        y
15.9428    32.8025   
18.8711    15.3365   
8.6655     27.3631   
15.7054    3.3535    
1.7482     1.3953    
16.9733    5.0244    

# Frame341

# x        y
15.9426    32.8021   
18.8711    15.3365   
8.6645     27.3621   
15.7054    3.3535    
1.7482     1.3953    
16.9733    5.0244    

# Frame342

# x        y
15.9423    32.8016   
18.8711    15.3365   
8.6636     27.3612   
15.7054    3.3535    
1.7482     1.3953    
16.9733    5.0244    

# Frame343

# x        y
15.9421    32.8012   
18.8711    15.3365   
8.6627     27.3602   
15.7054    3.3535    
1.7482     1.3953    
16.9733    5.0244    

# Frame344

# x        y
15.9419    32.8008   
18.8711    15.3365   
8.6618     27.3593   
15.7054    3.3535    
1.7482     1.3953    
16.9733    5.0244    

# Frame345

# x        y
15.9416    32.8004   
18.8711    15.3365   
8.6609     27.3584   
15.7054    3.3535    
1.7482     1.3953    
16.9733    5.0244    

# Frame346

# x        y
15.9414    32.8000   
18.8711    15.3365   
8.6600     27.3575   
15.7054    3.3535    
1.7482     1.3953    
16.9733    5.0244    

# Frame347

# x        y
15.9412    32.7996   
18.8711    15.3365   
8.6592     27.3566   
15.7054    3.3535    
1.7482     1.3953    
16.9733    5.0244    

# Frame348

# x        y
15.9410    32.7992   
18.8711    15.3365   
8.6583     27.3557   
15.7054    3.3535    
1.7482     1.3953    
16.9733    5.0244    

# Frame349

# x        y
15.9408    32.7988   
18.8711    15.3365   
8.6575     27.3549   
15.7054    3.3535    
1.7482     1.3953    
16.9733    5.0244    

# Frame350

# x        y
15.9406    32.7985   
18.8711    15.3365   
8.6567     27.3540   
15.7054    3.3535    
1.7482     1.3953    
16.9733    5.0244    

# Frame351

# x        y
15.9404    32.7981   
18.8711    15.3365   
8.6559     27.3532   
15.7054    3.3535    
1.7482     1.3953    
16.9733    5.0244    

# Frame352

# x        y
15.9402    32.7977   
18.8711    15.3365   
8.6551     27.3524   
15.7054    3.3535    
1.7482     1.3953    
16.9733    5.0244    

# Frame353

# x        y
15.9400    32.7974   
18.8711    15.3365   
8.6543     27.3516   
15.7054    3.3535    
1.7482     1.3953    
16.9733    5.0244    

# Frame354

# x        y
15.9398    32.7970   
18.8711    15.3365   
8.6536     27.3508   
15.7054    3.3535    
1.7482     1.3953    
16.9733    5.0244    

# Frame355

# x        y
15.9396    32.7967   
18.8711    15.3365   
8.6528     27.3500   
15.7054    3.3535    
1.7482     1.3953    
16.9733    5.0244    

# Frame356

# x        y
15.9394    32.7963   
18.8711    15.3365   
8.6521     27.3493   
15.7054    3.3535    
1.7482     1.3953    
16.9733    5.0244    

# Frame357

# x        y
15.9392    32.7960   
18.8711    15.3365   
8.6513     27.3485   
15.7054    3.3535    
1.7482     1.3953    
16.9733    5.0244    

# Frame358

# x        y
15.9390    32.7957   
18.8711    15.3365   
8.6506     27.3478   
15.7054    3.3535    
1.7482     1.3953    
16.9733    5.0244    

# Frame359

# x        y
15.9388    32.7954   
18.8711    15.3365   
8.6499     27.3470   
15.7054    3.3535    
1.7482     1.3953    
16.9733    5.0244    

# Frame360

# x        y
15.9386    32.7950   
18.8711    15.3365   
8.6492     27.3463   
15.7054    3.3535    
1.7482     1.3953    
16.9733    5.0244    

# Frame361

# x        y
15.9385    32.7947   
18.8711    15.3365   
8.6486     27.3456   
15.7054    3.3535    
1.7482     1.3953    
16.9733    5.0244    

# Frame362

# x        y
15.9383    32.7944   
18.8711    15.3365   
8.6479     27.3449   
15.7054    3.3535    
1.7482     1.3953    
16.9733    5.0244    

# Frame363

# x        y
15.9381    32.7941   
18.8711    15.3365   
8.6473     27.3443   
15.7054    3.3535    
1.7482     1.3953    
16.9733    5.0244    

# Frame364

# x        y
15.9380    32.7938   
18.8711    15.3365   
8.6466     27.3436   
15.7054    3.3535    
1.7482     1.3953    
16.9733    5.0244    

# Frame365

# x        y
15.9378    32.7935   
18.8711    15.3365   
8.6460     27.3429   
15.7054    3.3535    
1.7482     1.3953    
16.9733    5.0244    

# Frame366

# x        y
15.9376    32.7933   
18.8711    15.3365   
8.6454     27.3423   
15.7054    3.3535    
1.7482     1.3953    
16.9733    5.0244    

# Frame367

# x        y
15.9375    32.7930   
18.8711    15.3365   
8.6447     27.3417   
15.7054    3.3535    
1.7482     1.3953    
16.9733    5.0244    

# Frame368

# x        y
15.9373    32.7927   
18.8711    15.3365   
8.6441     27.3410   
15.7054    3.3535    
1.7482     1.3953    
16.9733    5.0244    

# Frame369

# x        y
15.9372    32.7924   
18.8711    15.3365   
8.6436     27.3404   
15.7054    3.3535    
1.7482     1.3953    
16.9733    5.0244    

# Frame370

# x        y
15.9370    32.7922   
18.8711    15.3365   
8.6430     27.3398   
15.7054    3.3535    
1.7482     1.3953    
16.9733    5.0244    

# Frame371

# x        y
15.9369    32.7919   
18.8711    15.3365   
8.6424     27.3392   
15.7054    3.3535    
1.7482     1.3953    
16.9733    5.0244    

# Frame372

# x        y
15.9367    32.7916   
18.8711    15.3365   
8.6418     27.3387   
15.7054    3.3535    
1.7482     1.3953    
16.9733    5.0244    

# Frame373

# x        y
15.9366    32.7914   
18.8711    15.3365   
8.6413     27.3381   
15.7054    3.3535    
1.7482     1.3953    
16.9733    5.0244    

# Frame374

# x        y
15.9364    32.7911   
18.8711    15.3365   
8.6407     27.3375   
15.7054    3.3535    
1.7482     1.3953    
16.9733    5.0244    

# Frame375

# x        y
15.9363    32.7909   
18.8711    15.3365   
8.6402     27.3370   
15.7054    3.3535    
1.7482     1.3953    
16.9733    5.0244    

# Frame376

# x        y
15.9362    32.7906   
18.8711    15.3365   
8.6397     27.3364   
15.7054    3.3535    
1.7482     1.3953    
16.9733    5.0244    

# Frame377

# x        y
15.9360    32.7904   
18.8711    15.3365   
8.6392     27.3359   
15.7054    3.3535    
1.7482     1.3953    
16.9733    5.0244    

# Frame378

# x        y
15.9359    32.7902   
18.8711    15.3365   
8.6387     27.3354   
15.7054    3.3535    
1.7482     1.3953    
16.9733    5.0244    

# Frame379

# x        y
15.9358    32.7899   
18.8711    15.3365   
8.6382     27.3348   
15.7054    3.3535    
1.7482     1.3953    
16.9733    5.0244    

# Frame380

# x        y
15.9357    32.7897   
18.8711    15.3365   
8.6377     27.3343   
15.7054    3.3535    
1.7482     1.3953    
16.9733    5.0244    

# Frame381

# x        y
15.9355    32.7895   
18.8711    15.3365   
8.6372     27.3338   
15.7054    3.3535    
1.7482     1.3953    
16.9733    5.0244    

# Frame382

# x        y
15.9354    32.7893   
18.8711    15.3365   
8.6367     27.3333   
15.7054    3.3535    
1.7482     1.3953    
16.9733    5.0244    

# Frame383

# x        y
15.9353    32.7891   
18.8711    15.3365   
8.6362     27.3329   
15.7054    3.3535    
1.7482     1.3953    
16.9733    5.0244    

# Frame384

# x        y
15.9352    32.7889   
18.8711    15.3365   
8.6358     27.3324   
15.7054    3.3535    
1.7482     1.3953    
16.9733    5.0244    

# Frame385

# x        y
15.9350    32.7887   
18.8711    15.3365   
8.6353     27.3319   
15.7054    3.3535    
1.7482     1.3953    
16.9733    5.0244    

# Frame386

# x        y
15.9349    32.7884   
18.8711    15.3365   
8.6349     27.3315   
15.7054    3.3535    
1.7482     1.3953    
16.9733    5.0244    

# Frame387

# x        y
15.9348    32.7882   
18.8711    15.3365   
8.6344     27.3310   
15.7054    3.3535    
1.7482     1.3953    
16.9733    5.0244    

# Frame388

# x        y
15.9347    32.7880   
18.8711    15.3365   
8.6340     27.3306   
15.7054    3.3535    
1.7482     1.3953    
16.9733    5.0244    

# Frame389

# x        y
15.9346    32.7878   
18.8711    15.3365   
8.6336     27.3301   
15.7054    3.3535    
1.7482     1.3953    
16.9733    5.0244    

# Frame390

# x        y
15.9345    32.7877   
18.8711    15.3365   
8.6332     27.3297   
15.7054    3.3535    
1.7482     1.3953    
16.9733    5.0244    

# Frame391

# x        y
15.9344    32.7875   
18.8711    15.3365   
8.6328     27.3293   
15.7054    3.3535    
1.7482     1.3953    
16.9733    5.0244    

# Frame392

# x        y
15.9343    32.7873   
18.8711    15.3365   
8.6324     27.3289   
15.7054    3.3535    
1.7482     1.3953    
16.9733    5.0244    

# Frame393

# x        y
15.9342    32.7871   
18.8711    15.3365   
8.6320     27.3285   
15.7054    3.3535    
1.7482     1.3953    
16.9733    5.0244    

# Frame394

# x        y
15.9341    32.7869   
18.8711    15.3365   
8.6316     27.3280   
15.7054    3.3535    
1.7482     1.3953    
16.9733    5.0244    

# Frame395

# x        y
15.9340    32.7868   
18.8711    15.3365   
8.6312     27.3277   
15.7054    3.3535    
1.7482     1.3953    
16.9733    5.0244    

# Frame396

# x        y
15.9339    32.7866   
18.8711    15.3365   
8.6308     27.3273   
15.7054    3.3535    
1.7482     1.3953    
16.9733    5.0244    

# Frame397

# x        y
15.9338    32.7864   
18.8711    15.3365   
8.6305     27.3269   
15.7054    3.3535    
1.7482     1.3953    
16.9733    5.0244    

# Frame398

# x        y
15.9337    32.7862   
18.8711    15.3365   
8.6301     27.3265   
15.7054    3.3535    
1.7482     1.3953    
16.9733    5.0244    

# Frame399

# x        y
15.9336    32.7861   
18.8711    15.3365   
8.6297     27.3261   
15.7054    3.3535    
1.7482     1.3953    
16.9733    5.0244    

# Frame400

# x        y
15.9335    32.7859   
18.8711    15.3365   
8.6294     27.3258   
15.7054    3.3535    
1.7482     1.3953    
16.9733    5.0244    

# Frame401

# x        y
15.9334    32.7858   
18.8711    15.3365   
8.6290     27.3254   
15.7054    3.3535    
1.7482     1.3953    
16.9733    5.0244    

# Frame402

# x        y
15.9333    32.7856   
18.8711    15.3365   
8.6287     27.3251   
15.7054    3.3535    
1.7482     1.3953    
16.9733    5.0244    

# Frame403

# x        y
15.9333    32.7854   
18.8711    15.3365   
8.6284     27.3247   
15.7054    3.3535    
1.7482     1.3953    
16.9733    5.0244    

# Frame404

# x        y
15.9332    32.7853   
18.8711    15.3365   
8.6280     27.3244   
15.7054    3.3535    
1.7482     1.3953    
16.9733    5.0244    

# Frame405

# x        y
15.9331    32.7851   
18.8711    15.3365   
8.6277     27.3240   
15.7054    3.3535    
1.7482     1.3953    
16.9733    5.0244    

# Frame406

# x        y
15.9330    32.7850   
18.8711    15.3365   
8.6274     27.3237   
15.7054    3.3535    
1.7482     1.3953    
16.9733    5.0244    

# Frame407

# x        y
15.9329    32.7849   
18.8711    15.3365   
8.6271     27.3234   
15.7054    3.3535    
1.7482     1.3953    
16.9733    5.0244    

# Frame408

# x        y
15.9328    32.7847   
18.8711    15.3365   
8.6268     27.3231   
15.7054    3.3535    
1.7482     1.3953    
16.9733    5.0244    

# Frame409

# x        y
15.9328    32.7846   
18.8711    15.3365   
8.6265     27.3228   
15.7054    3.3535    
1.7482     1.3953    
16.9733    5.0244    

# Frame410

# x        y
15.9327    32.7844   
18.8711    15.3365   
8.6262     27.3225   
15.7054    3.3535    
1.7482     1.3953    
16.9733    5.0244    

# Frame411

# x        y
15.9326    32.7843   
18.8711    15.3365   
8.6259     27.3222   
15.7054    3.3535    
1.7482     1.3953    
16.9733    5.0244    

# Frame412

# x        y
15.9325    32.7842   
18.8711    15.3365   
8.6256     27.3219   
15.7054    3.3535    
1.7482     1.3953    
16.9733    5.0244    

# Frame413

# x        y
15.9325    32.7840   
18.8711    15.3365   
8.6253     27.3216   
15.7054    3.3535    
1.7482     1.3953    
16.9733    5.0244    

# Frame414

# x        y
15.9324    32.7839   
18.8711    15.3365   
8.6251     27.3213   
15.7054    3.3535    
1.7482     1.3953    
16.9733    5.0244    

# Frame415

# x        y
15.9323    32.7838   
18.8711    15.3365   
8.6248     27.3210   
15.7054    3.3535    
1.7482     1.3953    
16.9733    5.0244    

# Frame416

# x        y
15.9323    32.7837   
18.8711    15.3365   
8.6245     27.3207   
15.7054    3.3535    
1.7482     1.3953    
16.9733    5.0244    

# Frame417

# x        y
15.9322    32.7835   
18.8711    15.3365   
8.6242     27.3204   
15.7054    3.3535    
1.7482     1.3953    
16.9733    5.0244    

# Frame418

# x        y
15.9321    32.7834   
18.8711    15.3365   
8.6240     27.3202   
15.7054    3.3535    
1.7482     1.3953    
16.9733    5.0244    

# Frame419

# x        y
15.9321    32.7833   
18.8711    15.3365   
8.6237     27.3199   
15.7054    3.3535    
1.7482     1.3953    
16.9733    5.0244    

# Frame420

# x        y
15.9320    32.7832   
18.8711    15.3365   
8.6235     27.3197   
15.7054    3.3535    
1.7482     1.3953    
16.9733    5.0244    

# Frame421

# x        y
15.9319    32.7831   
18.8711    15.3365   
8.6232     27.3194   
15.7054    3.3535    
1.7482     1.3953    
16.9733    5.0244    

# Frame422

# x        y
15.9319    32.7830   
18.8711    15.3365   
8.6230     27.3191   
15.7054    3.3535    
1.7482     1.3953    
16.9733    5.0244    

# Frame423

# x        y
15.9318    32.7829   
18.8711    15.3365   
8.6228     27.3189   
15.7054    3.3535    
1.7482     1.3953    
16.9733    5.0244    

# Frame424

# x        y
15.9317    32.7828   
18.8711    15.3365   
8.6225     27.3187   
15.7054    3.3535    
1.7482     1.3953    
16.9733    5.0244    

# Frame425

# x        y
15.9317    32.7826   
18.8711    15.3365   
8.6223     27.3184   
15.7054    3.3535    
1.7482     1.3953    
16.9733    5.0244    

# Frame426

# x        y
15.9316    32.7825   
18.8711    15.3365   
8.6221     27.3182   
15.7054    3.3535    
1.7482     1.3953    
16.9733    5.0244    

# Frame427

# x        y
15.9316    32.7824   
18.8711    15.3365   
8.6218     27.3180   
15.7054    3.3535    
1.7482     1.3953    
16.9733    5.0244    

# Frame428

# x        y
15.9315    32.7823   
18.8711    15.3365   
8.6216     27.3177   
15.7054    3.3535    
1.7482     1.3953    
16.9733    5.0244    

# Frame429

# x        y
15.9315    32.7822   
18.8711    15.3365   
8.6214     27.3175   
15.7054    3.3535    
1.7482     1.3953    
16.9733    5.0244    

# Frame430

# x        y
15.9314    32.7821   
18.8711    15.3365   
8.6212     27.3173   
15.7054    3.3535    
1.7482     1.3953    
16.9733    5.0244    

# Frame431

# x        y
15.9313    32.7820   
18.8711    15.3365   
8.6210     27.3171   
15.7054    3.3535    
1.7482     1.3953    
16.9733    5.0244    

# Frame432

# x        y
15.9313    32.7820   
18.8711    15.3365   
8.6208     27.3169   
15.7054    3.3535    
1.7482     1.3953    
16.9733    5.0244    

# Frame433

# x        y
15.9312    32.7819   
18.8711    15.3365   
8.6206     27.3167   
15.7054    3.3535    
1.7482     1.3953    
16.9733    5.0244    

# Frame434

# x        y
15.9312    32.7818   
18.8711    15.3365   
8.6204     27.3164   
15.7054    3.3535    
1.7482     1.3953    
16.9733    5.0244    

# Frame435

# x        y
15.9311    32.7817   
18.8711    15.3365   
8.6202     27.3162   
15.7054    3.3535    
1.7482     1.3953    
16.9733    5.0244    

# Frame436

# x        y
15.9311    32.7816   
18.8711    15.3365   
8.6200     27.3160   
15.7054    3.3535    
1.7482     1.3953    
16.9733    5.0244    

# Frame437

# x        y
15.9311    32.7816   
18.8711    15.3365   
8.6198     27.3158   
15.7054    3.3535    
1.7482     1.3953    
16.9733    5.0244    

# Frame438

# x        y
15.9311    32.7816   
18.8711    15.3365   
8.6196     27.3157   
15.7054    3.3535    
1.7482     1.3953    
16.9733    5.0244    

# Frame439

# x        y
15.9311    32.7816   
18.8711    15.3365   
8.6194     27.3155   
15.7054    3.3535    
1.7482     1.3953    
16.9733    5.0244    

# Frame440

# x        y
15.9311    32.7816   
18.8711    15.3365   
8.6193     27.3153   
15.7054    3.3535    
1.7482     1.3953    
16.9733    5.0244    

# Frame441

# x        y
15.9311    32.7816   
18.8711    15.3365   
8.6191     27.3151   
15.7054    3.3535    
1.7482     1.3953    
16.9733    5.0244    

# Frame442

# x        y
15.9311    32.7816   
18.8711    15.3365   
8.6189     27.3149   
15.7054    3.3535    
1.7482     1.3953    
16.9733    5.0244    

# Frame443

# x        y
15.9311    32.7816   
18.8711    15.3365   
8.6187     27.3147   
15.7054    3.3535    
1.7482     1.3953    
16.9733    5.0244    

# Frame444

# x        y
15.9311    32.7816   
18.8711    15.3365   
8.6186     27.3146   
15.7054    3.3535    
1.7482     1.3953    
16.9733    5.0244    

# Frame445

# x        y
15.9311    32.7816   
18.8711    15.3365   
8.6184     27.3144   
15.7054    3.3535    
1.7482     1.3953    
16.9733    5.0244    

# Frame446

# x        y
15.9311    32.7816   
18.8711    15.3365   
8.6182     27.3142   
15.7054    3.3535    
1.7482     1.3953    
16.9733    5.0244    

# Frame447

# x        y
15.9311    32.7816   
18.8711    15.3365   
8.6181     27.3141   
15.7054    3.3535    
1.7482     1.3953    
16.9733    5.0244    

# Frame448

# x        y
15.9311    32.7816   
18.8711    15.3365   
8.6179     27.3139   
15.7054    3.3535    
1.7482     1.3953    
16.9733    5.0244    

# Frame449

# x        y
15.9311    32.7816   
18.8711    15.3365   
8.6178     27.3137   
15.7054    3.3535    
1.7482     1.3953    
16.9733    5.0244    

# Frame450

# x        y
15.9311    32.7816   
18.8711    15.3365   
8.6176     27.3136   
15.7054    3.3535    
1.7482     1.3953    
16.9733    5.0244    

# Frame451

# x        y
15.9311    32.7816   
18.8711    15.3365   
8.6175     27.3134   
15.7054    3.3535    
1.7482     1.3953    
16.9733    5.0244    

# Frame452

# x        y
15.9311    32.7816   
18.8711    15.3365   
8.6173     27.3133   
15.7054    3.3535    
1.7482     1.3953    
16.9733    5.0244    

# Frame453

# x        y
15.9311    32.7816   
18.8711    15.3365   
8.6172     27.3131   
15.7054    3.3535    
1.7482     1.3953    
16.9733    5.0244    

# Frame454

# x        y
15.9311    32.7816   
18.8711    15.3365   
8.6170     27.3130   
15.7054    3.3535    
1.7482     1.3953    
16.9733    5.0244    

# Frame455

# x        y
15.9311    32.7816   
18.8711    15.3365   
8.6169     27.3128   
15.7054    3.3535    
1.7482     1.3953    
16.9733    5.0244    

# Frame456

# x        y
15.9311    32.7816   
18.8711    15.3365   
8.6168     27.3127   
15.7054    3.3535    
1.7482     1.3953    
16.9733    5.0244    

# Frame457

# x        y
15.9311    32.7816   
18.8711    15.3365   
8.6166     27.3126   
15.7054    3.3535    
1.7482     1.3953    
16.9733    5.0244    

# Frame458

# x        y
15.9311    32.7816   
18.8711    15.3365   
8.6165     27.3124   
15.7054    3.3535    
1.7482     1.3953    
16.9733    5.0244    

# Frame459

# x        y
15.9311    32.7816   
18.8711    15.3365   
8.6164     27.3123   
15.7054    3.3535    
1.7482     1.3953    
16.9733    5.0244    

# Frame460

# x        y
15.9311    32.7816   
18.8711    15.3365   
8.6162     27.3122   
15.7054    3.3535    
1.7482     1.3953    
16.9733    5.0244    

# Frame461

# x        y
15.9311    32.7816   
18.8711    15.3365   
8.6161     27.3120   
15.7054    3.3535    
1.7482     1.3953    
16.9733    5.0244    

# Frame462

# x        y
15.9311    32.7816   
18.8711    15.3365   
8.6160     27.3119   
15.7054    3.3535    
1.7482     1.3953    
16.9733    5.0244    

# Frame463

# x        y
15.9311    32.7816   
18.8711    15.3365   
8.6159     27.3118   
15.7054    3.3535    
1.7482     1.3953    
16.9733    5.0244    

# Frame464

# x        y
15.9311    32.7816   
18.8711    15.3365   
8.6157     27.3116   
15.7054    3.3535    
1.7482     1.3953    
16.9733    5.0244    

# Frame465

# x        y
15.9311    32.7816   
18.8711    15.3365   
8.6156     27.3115   
15.7054    3.3535    
1.7482     1.3953    
16.9733    5.0244    

# Frame466

# x        y
15.9311    32.7816   
18.8711    15.3365   
8.6155     27.3114   
15.7054    3.3535    
1.7482     1.3953    
16.9733    5.0244    

# Frame467

# x        y
15.9311    32.7816   
18.8711    15.3365   
8.6154     27.3113   
15.7054    3.3535    
1.7482     1.3953    
16.9733    5.0244    

# Frame468

# x        y
15.9311    32.7816   
18.8711    15.3365   
8.6153     27.3112   
15.7054    3.3535    
1.7482     1.3953    
16.9733    5.0244    

# Frame469

# x        y
15.9311    32.7816   
18.8711    15.3365   
8.6152     27.3111   
15.7054    3.3535    
1.7482     1.3953    
16.9733    5.0244    

# Frame470

# x        y
15.9311    32.7816   
18.8711    15.3365   
8.6151     27.3109   
15.7054    3.3535    
1.7482     1.3953    
16.9733    5.0244    

# Frame471

# x        y
15.9311    32.7816   
18.8711    15.3365   
8.6150     27.3108   
15.7054    3.3535    
1.7482     1.3953    
16.9733    5.0244    

# Frame472

# x        y
15.9311    32.7816   
18.8711    15.3365   
8.6149     27.3107   
15.7054    3.3535    
1.7482     1.3953    
16.9733    5.0244    

# Frame473

# x        y
15.9311    32.7816   
18.8711    15.3365   
8.6148     27.3106   
15.7054    3.3535    
1.7482     1.3953    
16.9733    5.0244    

# Frame474

# x        y
15.9311    32.7816   
18.8711    15.3365   
8.6147     27.3105   
15.7054    3.3535    
1.7482     1.3953    
16.9733    5.0244    

# Frame475

# x        y
15.9311    32.7816   
18.8711    15.3365   
8.6146     27.3104   
15.7054    3.3535    
1.7482     1.3953    
16.9733    5.0244    

# Frame476

# x        y
15.9311    32.7816   
18.8711    15.3365   
8.6145     27.3103   
15.7054    3.3535    
1.7482     1.3953    
16.9733    5.0244    

# Frame477

# x        y
15.9311    32.7816   
18.8711    15.3365   
8.6144     27.3102   
15.7054    3.3535    
1.7482     1.3953    
16.9733    5.0244    

# Frame478

# x        y
15.9311    32.7816   
18.8711    15.3365   
8.6143     27.3101   
15.7054    3.3535    
1.7482     1.3953    
16.9733    5.0244    

# Frame479

# x        y
15.9311    32.7816   
18.8711    15.3365   
8.6142     27.3100   
15.7054    3.3535    
1.7482     1.3953    
16.9733    5.0244    

# Frame480

# x        y
15.9311    32.7816   
18.8711    15.3365   
8.6141     27.3099   
15.7054    3.3535    
1.7482     1.3953    
16.9733    5.0244    

# Frame481

# x        y
15.9311    32.7816   
18.8711    15.3365   
8.6140     27.3098   
15.7054    3.3535    
1.7482     1.3953    
16.9733    5.0244    

# Frame482

# x        y
15.9311    32.7816   
18.8711    15.3365   
8.6139     27.3097   
15.7054    3.3535    
1.7482     1.3953    
16.9733    5.0244    

# Frame483

# x        y
15.9311    32.7816   
18.8711    15.3365   
8.6138     27.3096   
15.7054    3.3535    
1.7482     1.3953    
16.9733    5.0244    

# Frame484

# x        y
15.9311    32.7816   
18.8711    15.3365   
8.6137     27.3096   
15.7054    3.3535    
1.7482     1.3953    
16.9733    5.0244    

# Frame485

# x        y
15.9311    32.7816   
18.8711    15.3365   
8.6136     27.3095   
15.7054    3.3535    
1.7482     1.3953    
16.9733    5.0244    

# Frame486

# x        y
15.9311    32.7816   
18.8711    15.3365   
8.6136     27.3094   
15.7054    3.3535    
1.7482     1.3953    
16.9733    5.0244    

# Frame487

# x        y
15.9311    32.7816   
18.8711    15.3365   
8.6135     27.3093   
15.7054    3.3535    
1.7482     1.3953    
16.9733    5.0244    

# Frame488

# x        y
15.9311    32.7816   
18.8711    15.3365   
8.6134     27.3092   
15.7054    3.3535    
1.7482     1.3953    
16.9733    5.0244    

# Frame489

# x        y
15.9311    32.7816   
18.8711    15.3365   
8.6133     27.3091   
15.7054    3.3535    
1.7482     1.3953    
16.9733    5.0244    

# Frame490

# x        y
15.9311    32.7816   
18.8711    15.3365   
8.6132     27.3091   
15.7054    3.3535    
1.7482     1.3953    
16.9733    5.0244    

# Frame491

# x        y
15.9311    32.7816   
18.8711    15.3365   
8.6132     27.3090   
15.7054    3.3535    
1.7482     1.3953    
16.9733    5.0244    

# Frame492

# x        y
15.9311    32.7816   
18.8711    15.3365   
8.6131     27.3089   
15.7054    3.3535    
1.7482     1.3953    
16.9733    5.0244    

# Frame493

# x        y
15.9311    32.7816   
18.8711    15.3365   
8.6130     27.3088   
15.7054    3.3535    
1.7482     1.3953    
16.9733    5.0244    

# Frame494

# x        y
15.9311    32.7816   
18.8711    15.3365   
8.6129     27.3087   
15.7054    3.3535    
1.7482     1.3953    
16.9733    5.0244    

# Frame495

# x        y
15.9311    32.7816   
18.8711    15.3365   
8.6129     27.3087   
15.7054    3.3535    
1.7482     1.3953    
16.9733    5.0244    

# Frame496

