# x        y
14.5954    25.5607   
17.9233    38.9952   
18.5276    26.4849   
1.3039     31.5250   
3.8974     10.2490   
16.1943    4.3865    

# Frame1

# x        y
16.0397    24.1773   
17.9233    38.9951   
18.5276    26.4849   
1.3039     31.5250   
3.8974     10.2490   
16.1943    4.3865    

# Frame2

# x        y
17.4600    22.8169   
17.9233    38.9951   
18.5276    26.4849   
1.3039     31.5250   
3.8974     10.2490   
16.1943    4.3865    

# Frame3

# x        y
18.8565    21.4791   
17.9233    38.9951   
18.5276    26.4849   
1.3039     31.5250   
3.8974     10.2490   
16.1943    4.3865    

# Frame4

# x        y
18.3832    20.5563   
17.9233    38.9951   
18.5276    26.4849   
1.3039     31.5250   
3.8974     10.2490   
16.1943    4.3865    

# Frame5

# x        y
17.7080    19.6956   
17.9233    38.9951   
18.5276    26.4849   
1.3039     31.5250   
3.8974     10.2490   
16.1943    4.3865    

# Frame6

# x        y
17.0440    18.8492   
17.9233    38.9950   
18.5276    26.4849   
1.3039     31.5250   
3.8974     10.2490   
16.1943    4.3865    

# Frame7

# x        y
16.3911    18.0169   
17.9233    38.9950   
18.5276    26.4849   
1.3039     31.5250   
3.8974     10.2490   
16.1943    4.3865    

# Frame8

# x        y
15.7491    17.1985   
17.9233    38.9950   
18.5276    26.4849   
1.3039     31.5250   
3.8974     10.2490   
16.1943    4.3865    

# Frame9

# x        y
15.1178    16.3938   
17.9233    38.9950   
18.5276    26.4849   
1.3039     31.5250   
3.8974     10.2490   
16.1943    4.3865    

# Frame10

# x        y
14.4970    15.6024   
17.9233    38.9950   
18.5276    26.4849   
1.3039     31.5250   
3.8974     10.2490   
16.1943    4.3865    

# Frame11

# x        y
13.8866    14.8243   
17.9233    38.9950   
18.5276    26.4849   
1.3039     31.5250   
3.8974     10.2490   
16.1943    4.3865    

# Frame12

# x        y
13.2863    14.0591   
17.9233    38.9950   
18.5276    26.4849   
1.3039     31.5250   
3.8974     10.2490   
16.1943    4.3865    

# Frame13

# x        y
12.6961    13.3067   
17.9233    38.9950   
18.5276    26.4849   
1.3039     31.5250   
3.8974     10.2490   
16.1943    4.3865    

# Frame14

# x        y
12.1157    12.5668   
17.9233    38.9950   
18.5276    26.4849   
1.3039     31.5250   
3.8974     10.2490   
16.1943    4.3865    

# Frame15

# x        y
11.5449    11.8393   
17.9233    38.9950   
18.5276    26.4849   
1.3039     31.5250   
3.8974     10.2490   
16.1943    4.3865    

# Frame16

# x        y
10.9837    11.1238   
17.9233    38.9950   
18.5276    26.4849   
1.3039     31.5250   
3.8974     10.2490   
16.1943    4.3865    

# Frame17

# x        y
10.4318    10.4203   
17.9233    38.9950   
18.5276    26.4849   
1.3039     31.5250   
3.8974     10.2490   
16.1943    4.3865    

# Frame18

# x        y
9.8891     9.7285    
17.9233    38.9950   
18.5276    26.4849   
1.3039     31.5250   
3.8974     10.2490   
16.1943    4.3865    

# Frame19

# x        y
9.3555     9.0483    
17.9233    38.9950   
18.5276    26.4849   
1.3039     31.5250   
3.8974     10.2490   
16.1943    4.3865    

# Frame20

# x        y
8.8307     8.3794    
17.9233    38.9950   
18.5276    26.4849   
1.3039     31.5250   
3.8974     10.2490   
16.1943    4.3865    

# Frame21

# x        y
8.3147     7.7216    
17.9233    38.9950   
18.5276    26.4849   
1.3039     31.5250   
3.8974     10.2490   
16.1943    4.3865    

# Frame22

# x        y
7.8073     7.0748    
17.9233    38.9950   
18.5276    26.4849   
1.3039     31.5250   
3.8974     10.2490   
16.1943    4.3865    

# Frame23

# x        y
7.3084     6.4388    
17.9233    38.9950   
18.5276    26.4849   
1.3039     31.5250   
3.8974     10.2490   
16.1943    4.3865    

# Frame24

# x        y
6.8177     5.8134    
17.9233    38.9950   
18.5276    26.4849   
1.3039     31.5250   
3.8974     10.2490   
16.1943    4.3865    

# Frame25

# x        y
6.3353     5.1984    
17.9233    38.9950   
18.5276    26.4849   
1.3039     31.5250   
3.8974     10.2490   
16.1943    4.3865    

# Frame26

# x        y
5.8609     4.5936    
17.9233    38.9950   
18.5276    26.4849   
1.3039     31.5250   
3.8974     10.2490   
16.1943    4.3865    

# Frame27

# x        y
5.3944     3.9990    
17.9233    38.9950   
18.5276    26.4849   
1.3039     31.5250   
3.8974     10.2490   
16.1943    4.3865    

# Frame28

# x        y
4.9357     3.4142    
17.9233    38.9950   
18.5276    26.4849   
1.3039     31.5250   
3.8974     10.2490   
16.1943    4.3865    

# Frame29

# x        y
4.4846     2.8392    
17.9233    38.9950   
18.5276    26.4849   
1.3039     31.5250   
3.8974     10.2490   
16.1943    4.3865    

# Frame30

# x        y
4.0410     2.2738    
17.9233    38.9950   
18.5276    26.4849   
1.3039     31.5250   
3.8974     10.2490   
16.1943    4.3865    

# Frame31

# x        y
3.6048     1.7178    
17.9233    38.9950   
18.5276    26.4849   
1.3039     31.5250   
3.8974     10.2490   
16.1943    4.3865    

# Frame32

# x        y
3.1759     1.1710    
17.9233    38.9950   
18.5276    26.4849   
1.3039     31.5250   
3.8974     10.2490   
16.1943    4.3865    

# Frame33

# x        y
2.7754     1.1856    
17.9233    38.9950   
18.5276    26.4849   
1.3039     31.5250   
3.8974     10.2490   
16.1943    4.3865    

# Frame34

# x        y
2.3916     1.4500    
17.9233    38.9950   
18.5276    26.4849   
1.3039     31.5250   
3.8974     10.2490   
16.1943    4.3865    

# Frame35

# x        y
2.0143     1.7099    
17.9233    38.9950   
18.5276    26.4849   
1.3039     31.5250   
3.8974     10.2490   
16.1943    4.3865    

# Frame36

# x        y
1.6432     1.9655    
17.9233    38.9950   
18.5276    26.4849   
1.3039     31.5250   
3.8974     10.2490   
16.1943    4.3865    

# Frame37

# x        y
1.2783     2.2168    
17.9233    38.9950   
18.5276    26.4849   
1.3039     31.5250   
3.8974     10.2490   
16.1943    4.3865    

# Frame38

# x        y
1.0426     2.4698    
17.9233    38.9950   
18.5276    26.4849   
1.3039     31.5250   
3.8974     10.2490   
16.1943    4.3865    

# Frame39

# x        y
1.2190     2.7398    
17.9233    38.9950   
18.5276    26.4849   
1.3039     31.5250   
3.8974     10.2490   
16.1943    4.3865    

# Frame40

# x        y
1.3924     3.0054    
17.9233    38.9950   
18.5276    26.4849   
1.3039     31.5250   
3.8974     10.2490   
16.1943    4.3865    

# Frame41

# x        y
1.5630     3.2666    
17.9233    38.9950   
18.5276    26.4849   
1.3039     31.5250   
3.8974     10.2490   
16.1943    4.3865    

# Frame42

# x        y
1.7307     3.5234    
17.9233    38.9950   
18.5276    26.4849   
1.3039     31.5250   
3.8974     10.2490   
16.1943    4.3865    

# Frame43

# x        y
1.8957     3.7759    
17.9233    38.9950   
18.5276    26.4849   
1.3039     31.5250   
3.8974     10.2490   
16.1943    4.3865    

# Frame44

# x        y
2.0579     4.0242    
17.9233    38.9950   
18.5276    26.4849   
1.3039     31.5250   
3.8974     10.2490   
16.1943    4.3865    

# Frame45

# x        y
2.2174     4.2684    
17.9233    38.9950   
18.5276    26.4849   
1.3039     31.5250   
3.8974     10.2490   
16.1943    4.3865    

# Frame46

# x        y
2.3742     4.5085    
17.9233    38.9950   
18.5276    26.4849   
1.3039     31.5250   
3.8974     10.2490   
16.1943    4.3865    

# Frame47

# x        y
2.5284     4.7446    
17.9233    38.9950   
18.5276    26.4849   
1.3039     31.5250   
3.8974     10.2490   
16.1943    4.3865    

# Frame48

# x        y
2.6800     4.9768    
17.9233    38.9950   
18.5276    26.4849   
1.3039     31.5250   
3.8974     10.2490   
16.1943    4.3865    

# Frame49

# x        y
2.8291     5.2050    
17.9233    38.9950   
18.5276    26.4849   
1.3039     31.5250   
3.8974     10.2490   
16.1943    4.3865    

# Frame50

# x        y
2.9758     5.4295    
17.9233    38.9950   
18.5276    26.4849   
1.3039     31.5250   
3.8974     10.2490   
16.1943    4.3865    

# Frame51

# x        y
3.1200     5.6503    
17.9233    38.9950   
18.5276    26.4849   
1.3039     31.5250   
3.8974     10.2490   
16.1943    4.3865    

# Frame52

# x        y
3.2617     5.8674    
17.9233    38.9950   
18.5276    26.4849   
1.3039     31.5250   
3.8974     10.2490   
16.1943    4.3865    

# Frame53

# x        y
3.4012     6.0808    
17.9233    38.9950   
18.5276    26.4849   
1.3039     31.5250   
3.8974     10.2490   
16.1943    4.3865    

# Frame54

# x        y
3.5383     6.2907    
17.9233    38.9950   
18.5276    26.4849   
1.3039     31.5250   
3.8974     10.2490   
16.1943    4.3865    

# Frame55

# x        y
3.6731     6.4971    
17.9233    38.9950   
18.5276    26.4849   
1.3039     31.5250   
3.8974     10.2490   
16.1943    4.3865    

# Frame56

# x        y
3.8056     6.7001    
17.9233    38.9950   
18.5276    26.4849   
1.3039     31.5250   
3.8974     10.2490   
16.1943    4.3865    

# Frame57

# x        y
3.9360     6.8996    
17.9233    38.9950   
18.5276    26.4849   
1.3039     31.5250   
3.8974     10.2490   
16.1943    4.3865    

# Frame58

# x        y
4.0642     7.0959    
17.9233    38.9950   
18.5276    26.4849   
1.3039     31.5250   
3.8974     10.2490   
16.1943    4.3865    

# Frame59

# x        y
4.1902     7.2889    
17.9233    38.9950   
18.5276    26.4849   
1.3039     31.5250   
3.8974     10.2490   
16.1943    4.3865    

# Frame60

# x        y
4.3142     7.4786    
17.9233    38.9950   
18.5276    26.4849   
1.3039     31.5250   
3.8974     10.2490   
16.1943    4.3865    

# Frame61

# x        y
4.4360     7.6652    
17.9233    38.9950   
18.5276    26.4849   
1.3039     31.5250   
3.8974     10.2490   
16.1943    4.3865    

# Frame62

# x        y
4.5559     7.8487    
17.9233    38.9950   
18.5276    26.4849   
1.3039     31.5250   
3.8974     10.2490   
16.1943    4.3865    

# Frame63

# x        y
4.6737     8.0292    
17.9233    38.9950   
18.5276    26.4849   
1.3039     31.5250   
3.8974     10.2490   
16.1943    4.3865    

# Frame64

# x        y
4.7896     8.2066    
17.9233    38.9950   
18.5276    26.4849   
1.3039     31.5250   
3.8974     10.2490   
16.1943    4.3865    

# Frame65

# x        y
4.9036     8.3810    
17.9233    38.9950   
18.5276    26.4849   
1.3039     31.5250   
3.8974     10.2490   
16.1943    4.3865    

# Frame66

# x        y
5.0156     8.5526    
17.9233    38.9950   
18.5276    26.4849   
1.3039     31.5250   
3.8974     10.2490   
16.1943    4.3865    

# Frame67

# x        y
5.1359     8.6987    
17.9233    38.9950   
18.5276    26.4849   
1.3039     31.5250   
3.8873     10.2716   
16.1943    4.3865    

# Frame68

# x        y
5.2635     8.8151    
17.9233    38.9950   
18.5276    26.4849   
1.3039     31.5250   
3.8681     10.3211   
16.1943    4.3865    

# Frame69

# x        y
5.3889     8.9296    
17.9233    38.9950   
18.5276    26.4849   
1.3039     31.5250   
3.8493     10.3697   
16.1943    4.3865    

# Frame70

# x        y
5.5122     9.0421    
17.9233    38.9950   
18.5276    26.4849   
1.3039     31.5250   
3.8307     10.4176   
16.1943    4.3865    

# Frame71

# x        y
5.6334     9.1528    
17.9233    38.9950   
18.5276    26.4849   
1.3039     31.5250   
3.8125     10.4646   
16.1943    4.3865    

# Frame72

# x        y
5.7526     9.2617    
17.9233    38.9950   
18.5276    26.4849   
1.3039     31.5250   
3.7946     10.5109   
16.1943    4.3865    

# Frame73

# x        y
5.8699     9.3687    
17.9233    38.9950   
18.5276    26.4849   
1.3039     31.5250   
3.7770     10.5564   
16.1943    4.3865    

# Frame74

# x        y
5.9852     9.4739    
17.9233    38.9950   
18.5276    26.4849   
1.3039     31.5250   
3.7596     10.6011   
16.1943    4.3865    

# Frame75

# x        y
6.0985     9.5774    
17.9233    38.9950   
18.5276    26.4849   
1.3039     31.5250   
3.7426     10.6451   
16.1943    4.3865    

# Frame76

# x        y
6.2100     9.6792    
17.9233    38.9950   
18.5276    26.4849   
1.3039     31.5250   
3.7258     10.6883   
16.1943    4.3865    

# Frame77

# x        y
6.3196     9.7793    
17.9233    38.9950   
18.5276    26.4849   
1.3039     31.5250   
3.7094     10.7308   
16.1943    4.3865    

# Frame78

# x        y
6.4274     9.8777    
17.9233    38.9950   
18.5276    26.4849   
1.3039     31.5250   
3.6932     10.7727   
16.1943    4.3865    

# Frame79

# x        y
6.5334     9.9744    
17.9233    38.9950   
18.5276    26.4849   
1.3039     31.5250   
3.6772     10.8138   
16.1943    4.3865    

# Frame80

# x        y
6.6377     10.0696   
17.9233    38.9950   
18.5276    26.4849   
1.3039     31.5250   
3.6616     10.8542   
16.1943    4.3865    

# Frame81

# x        y
6.7402     10.1632   
17.9233    38.9950   
18.5276    26.4849   
1.3039     31.5250   
3.6462     10.8940   
16.1943    4.3865    

# Frame82

# x        y
6.8409     10.2552   
17.9233    38.9950   
18.5276    26.4849   
1.3039     31.5250   
3.6310     10.9331   
16.1943    4.3865    

# Frame83

# x        y
6.9400     10.3456   
17.9233    38.9950   
18.5276    26.4849   
1.3039     31.5250   
3.6161     10.9716   
16.1943    4.3865    

# Frame84

# x        y
7.0375     10.4346   
17.9233    38.9950   
18.5276    26.4849   
1.3039     31.5250   
3.6015     11.0094   
16.1943    4.3865    

# Frame85

# x        y
7.1333     10.5221   
17.9233    38.9950   
18.5276    26.4849   
1.3039     31.5250   
3.5870     11.0465   
16.1943    4.3865    

# Frame86

# x        y
7.2276     10.6081   
17.9233    38.9950   
18.5276    26.4849   
1.3039     31.5250   
3.5729     11.0831   
16.1943    4.3865    

# Frame87

# x        y
7.3202     10.6927   
17.9233    38.9950   
18.5276    26.4849   
1.3039     31.5250   
3.5590     11.1191   
16.1943    4.3865    

# Frame88

# x        y
7.4113     10.7759   
17.9233    38.9950   
18.5276    26.4849   
1.3039     31.5250   
3.5453     11.1544   
16.1943    4.3865    

# Frame89

# x        y
7.5009     10.8577   
17.9233    38.9950   
18.5276    26.4849   
1.3039     31.5250   
3.5318     11.1892   
16.1943    4.3865    

# Frame90

# x        y
7.5890     10.9381   
17.9233    38.9950   
18.5276    26.4849   
1.3039     31.5250   
3.5185     11.2233   
16.1943    4.3865    

# Frame91

# x        y
7.6757     11.0172   
17.9233    38.9950   
18.5276    26.4849   
1.3039     31.5250   
3.5055     11.2570   
16.1943    4.3865    

# Frame92

# x        y
7.7609     11.0949   
17.9233    38.9950   
18.5276    26.4849   
1.3039     31.5250   
3.4927     11.2900   
16.1943    4.3865    

# Frame93

# x        y
7.8446     11.1714   
17.9233    38.9950   
18.5276    26.4849   
1.3039     31.5250   
3.4801     11.3225   
16.1943    4.3865    

# Frame94

# x        y
7.9270     11.2466   
17.9233    38.9950   
18.5276    26.4849   
1.3039     31.5250   
3.4677     11.3545   
16.1943    4.3865    

# Frame95

# x        y
8.0080     11.3206   
17.9233    38.9950   
18.5276    26.4849   
1.3039     31.5250   
3.4556     11.3859   
16.1943    4.3865    

# Frame96

# x        y
8.0877     11.3933   
17.9233    38.9950   
18.5276    26.4849   
1.3039     31.5250   
3.4436     11.4168   
16.1943    4.3865    

# Frame97

# x        y
8.1660     11.4648   
17.9233    38.9950   
18.5276    26.4849   
1.3039     31.5250   
3.4318     11.4472   
16.1943    4.3865    

# Frame98

# x        y
8.2430     11.5351   
17.9233    38.9950   
18.5276    26.4849   
1.3039     31.5250   
3.4202     11.4771   
16.1943    4.3865    

# Frame99

# x        y
8.3188     11.6042   
17.9233    38.9950   
18.5276    26.4849   
1.3039     31.5250   
3.4088     11.5065   
16.1943    4.3865    

# Frame100

# x        y
8.3932     11.6722   
17.9233    38.9950   
18.5276    26.4849   
1.3039     31.5250   
3.3977     11.5354   
16.1943    4.3865    

# Frame101

# x        y
8.4665     11.7391   
17.9233    38.9950   
18.5276    26.4849   
1.3039     31.5250   
3.3866     11.5638   
16.1943    4.3865    

# Frame102

# x        y
8.5385     11.8048   
17.9233    38.9950   
18.5276    26.4849   
1.3039     31.5250   
3.3758     11.5917   
16.1943    4.3865    

# Frame103

# x        y
8.6093     11.8695   
17.9233    38.9950   
18.5276    26.4849   
1.3039     31.5250   
3.3652     11.6192   
16.1943    4.3865    

# Frame104

# x        y
8.6789     11.9330   
17.9233    38.9950   
18.5276    26.4849   
1.3039     31.5250   
3.3547     11.6462   
16.1943    4.3865    

# Frame105

# x        y
8.7474     11.9955   
17.9233    38.9950   
18.5276    26.4849   
1.3039     31.5250   
3.3444     11.6728   
16.1943    4.3865    

# Frame106

# x        y
8.8147     12.0570   
17.9233    38.9950   
18.5276    26.4849   
1.3039     31.5250   
3.3343     11.6989   
16.1943    4.3865    

# Frame107

# x        y
8.8809     12.1174   
17.9233    38.9950   
18.5276    26.4849   
1.3039     31.5250   
3.3243     11.7246   
16.1943    4.3865    

# Frame108

# x        y
8.9460     12.1769   
17.9233    38.9950   
18.5276    26.4849   
1.3039     31.5250   
3.3146     11.7498   
16.1943    4.3865    

# Frame109

# x        y
9.0101     12.2353   
17.9233    38.9950   
18.5276    26.4849   
1.3039     31.5250   
3.3049     11.7747   
16.1943    4.3865    

# Frame110

# x        y
9.0730     12.2928   
17.9233    38.9950   
18.5276    26.4849   
1.3039     31.5250   
3.2955     11.7991   
16.1943    4.3865    

# Frame111

# x        y
9.1349     12.3493   
17.9233    38.9950   
18.5276    26.4849   
1.3039     31.5250   
3.2862     11.8231   
16.1943    4.3865    

# Frame112

# x        y
9.1958     12.4049   
17.9233    38.9950   
18.5276    26.4849   
1.3039     31.5250   
3.2770     11.8467   
16.1943    4.3865    

# Frame113

# x        y
9.2556     12.4595   
17.9233    38.9950   
18.5276    26.4849   
1.3039     31.5250   
3.2680     11.8700   
16.1943    4.3865    

# Frame114

# x        y
9.3145     12.5132   
17.9233    38.9950   
18.5276    26.4849   
1.3039     31.5250   
3.2592     11.8928   
16.1943    4.3865    

# Frame115

# x        y
9.3724     12.5661   
17.9233    38.9950   
18.5276    26.4849   
1.3039     31.5250   
3.2505     11.9152   
16.1943    4.3865    

# Frame116

# x        y
9.4293     12.6180   
17.9233    38.9950   
18.5276    26.4849   
1.3039     31.5250   
3.2419     11.9373   
16.1943    4.3865    

# Frame117

# x        y
9.4853     12.6691   
17.9233    38.9950   
18.5276    26.4849   
1.3039     31.5250   
3.2335     11.9590   
16.1943    4.3865    

# Frame118

# x        y
9.5403     12.7194   
17.9233    38.9950   
18.5276    26.4849   
1.3039     31.5250   
3.2252     11.9804   
16.1943    4.3865    

# Frame119

# x        y
9.5944     12.7688   
17.9233    38.9950   
18.5276    26.4849   
1.3039     31.5250   
3.2171     12.0014   
16.1943    4.3865    

# Frame120

# x        y
9.6476     12.8173   
17.9233    38.9950   
18.5276    26.4849   
1.3039     31.5250   
3.2091     12.0220   
16.1943    4.3865    

# Frame121

# x        y
9.7000     12.8651   
17.9233    38.9950   
18.5276    26.4849   
1.3039     31.5250   
3.2012     12.0423   
16.1943    4.3865    

# Frame122

# x        y
9.7514     12.9121   
17.9233    38.9950   
18.5276    26.4849   
1.3039     31.5250   
3.1935     12.0623   
16.1943    4.3865    

# Frame123

# x        y
9.8020     12.9583   
17.9233    38.9950   
18.5276    26.4849   
1.3039     31.5250   
3.1859     12.0819   
16.1943    4.3865    

# Frame124

# x        y
9.8518     13.0037   
17.9233    38.9950   
18.5276    26.4849   
1.3039     31.5250   
3.1784     12.1012   
16.1943    4.3865    

# Frame125

# x        y
9.9007     13.0484   
17.9233    38.9950   
18.5276    26.4849   
1.3039     31.5250   
3.1710     12.1202   
16.1943    4.3865    

# Frame126

# x        y
9.9488     13.0923   
17.9233    38.9950   
18.5276    26.4849   
1.3039     31.5250   
3.1638     12.1389   
16.1943    4.3865    

# Frame127

# x        y
9.9961     13.1355   
17.9233    38.9950   
18.5276    26.4849   
1.3039     31.5250   
3.1567     12.1572   
16.1943    4.3865    

# Frame128

# x        y
10.0426    13.1779   
17.9233    38.9950   
18.5276    26.4849   
1.3039     31.5250   
3.1497     12.1753   
16.1943    4.3865    

# Frame129

# x        y
10.0884    13.2197   
17.9233    38.9950   
18.5276    26.4849   
1.3039     31.5250   
3.1428     12.1930   
16.1943    4.3865    

# Frame130

# x        y
10.1333    13.2607   
17.9233    38.9950   
18.5276    26.4849   
1.3039     31.5250   
3.1361     12.2105   
16.1943    4.3865    

# Frame131

# x        y
10.1776    13.3011   
17.9233    38.9950   
18.5276    26.4849   
1.3039     31.5250   
3.1294     12.2276   
16.1943    4.3865    

# Frame132

# x        y
10.2211    13.3408   
17.9233    38.9950   
18.5276    26.4849   
1.3039     31.5250   
3.1229     12.2445   
16.1943    4.3865    

# Frame133

# x        y
10.2638    13.3799   
17.9233    38.9950   
18.5276    26.4849   
1.3039     31.5250   
3.1165     12.2611   
16.1943    4.3865    

# Frame134

# x        y
10.3059    13.4183   
17.9233    38.9950   
18.5276    26.4849   
1.3039     31.5250   
3.1101     12.2774   
16.1943    4.3865    

# Frame135

# x        y
10.3472    13.4560   
17.9233    38.9950   
18.5276    26.4849   
1.3039     31.5250   
3.1039     12.2935   
16.1943    4.3865    

# Frame136

# x        y
10.3879    13.4931   
17.9233    38.9950   
18.5276    26.4849   
1.3039     31.5250   
3.0978     12.3093   
16.1943    4.3865    

# Frame137

# x        y
10.4279    13.5296   
17.9233    38.9950   
18.5276    26.4849   
1.3039     31.5250   
3.0918     12.3248   
16.1943    4.3865    

# Frame138

# x        y
10.4672    13.5655   
17.9233    38.9950   
18.5276    26.4849   
1.3039     31.5250   
3.0859     12.3400   
16.1943    4.3865    

# Frame139

# x        y
10.5059    13.6008   
17.9233    38.9950   
18.5276    26.4849   
1.3039     31.5250   
3.0801     12.3550   
16.1943    4.3865    

# Frame140

# x        y
10.5439    13.6355   
17.9233    38.9950   
18.5276    26.4849   
1.3039     31.5250   
3.0744     12.3698   
16.1943    4.3865    

# Frame141

# x        y
10.5813    13.6697   
17.9233    38.9950   
18.5276    26.4849   
1.3039     31.5250   
3.0687     12.3843   
16.1943    4.3865    

# Frame142

# x        y
10.6181    13.7032   
17.9233    38.9950   
18.5276    26.4849   
1.3039     31.5250   
3.0632     12.3985   
16.1943    4.3865    

# Frame143

# x        y
10.6542    13.7362   
17.9233    38.9950   
18.5276    26.4849   
1.3039     31.5250   
3.0578     12.4126   
16.1943    4.3865    

# Frame144

# x        y
10.6898    13.7687   
17.9233    38.9950   
18.5276    26.4849   
1.3039     31.5250   
3.0524     12.4264   
16.1943    4.3865    

# Frame145

# x        y
10.7247    13.8006   
17.9233    38.9950   
18.5276    26.4849   
1.3039     31.5250   
3.0472     12.4399   
16.1943    4.3865    

# Frame146

# x        y
10.7591    13.8320   
17.9233    38.9950   
18.5276    26.4849   
1.3039     31.5250   
3.0420     12.4533   
16.1943    4.3865    

# Frame147

# x        y
10.7929    13.8629   
17.9233    38.9950   
18.5276    26.4849   
1.3039     31.5250   
3.0369     12.4664   
16.1943    4.3865    

# Frame148

# x        y
10.8261    13.8932   
17.9233    38.9950   
18.5276    26.4849   
1.3039     31.5250   
3.0319     12.4793   
16.1943    4.3865    

# Frame149

# x        y
10.8588    13.9230   
17.9233    38.9950   
18.5276    26.4849   
1.3039     31.5250   
3.0270     12.4920   
16.1943    4.3865    

# Frame150

# x        y
10.8910    13.9524   
17.9233    38.9950   
18.5276    26.4849   
1.3039     31.5250   
3.0222     12.5044   
16.1943    4.3865    

# Frame151

# x        y
10.9226    13.9812   
17.9233    38.9950   
18.5276    26.4849   
1.3039     31.5250   
3.0174     12.5167   
16.1943    4.3865    

# Frame152

# x        y
10.9537    14.0096   
17.9233    38.9950   
18.5276    26.4849   
1.3039     31.5250   
3.0128     12.5287   
16.1943    4.3865    

# Frame153

# x        y
10.9842    14.0375   
17.9233    38.9950   
18.5276    26.4849   
1.3039     31.5250   
3.0082     12.5406   
16.1943    4.3865    

# Frame154

# x        y
11.0143    14.0649   
17.9233    38.9950   
18.5276    26.4849   
1.3039     31.5250   
3.0036     12.5523   
16.1943    4.3865    

# Frame155

# x        y
11.0438    14.0919   
17.9233    38.9950   
18.5276    26.4849   
1.3039     31.5250   
2.9992     12.5637   
16.1943    4.3865    

# Frame156

# x        y
11.0729    14.1184   
17.9233    38.9950   
18.5276    26.4849   
1.3039     31.5250   
2.9948     12.5750   
16.1943    4.3865    

# Frame157

# x        y
11.1014    14.1445   
17.9233    38.9950   
18.5276    26.4849   
1.3039     31.5250   
2.9905     12.5861   
16.1943    4.3865    

# Frame158

# x        y
11.1295    14.1702   
17.9233    38.9950   
18.5276    26.4849   
1.3039     31.5250   
2.9863     12.5970   
16.1943    4.3865    

# Frame159

# x        y
11.1572    14.1954   
17.9233    38.9950   
18.5276    26.4849   
1.3039     31.5250   
2.9822     12.6077   
16.1943    4.3865    

# Frame160

# x        y
11.1843    14.2202   
17.9233    38.9950   
18.5276    26.4849   
1.3039     31.5250   
2.9781     12.6182   
16.1943    4.3865    

# Frame161

# x        y
11.2110    14.2446   
17.9233    38.9950   
18.5276    26.4849   
1.3039     31.5250   
2.9741     12.6286   
16.1943    4.3865    

# Frame162

# x        y
11.2373    14.2685   
17.9233    38.9950   
18.5276    26.4849   
1.3039     31.5250   
2.9701     12.6388   
16.1943    4.3865    

# Frame163

# x        y
11.2631    14.2921   
17.9233    38.9950   
18.5276    26.4849   
1.3039     31.5250   
2.9662     12.6488   
16.1943    4.3865    

# Frame164

# x        y
11.2886    14.3153   
17.9233    38.9950   
18.5276    26.4849   
1.3039     31.5250   
2.9624     12.6587   
16.1943    4.3865    

# Frame165

# x        y
11.3135    14.3381   
17.9233    38.9950   
18.5276    26.4849   
1.3039     31.5250   
2.9587     12.6684   
16.1943    4.3865    

# Frame166

# x        y
11.3381    14.3605   
17.9233    38.9950   
18.5276    26.4849   
1.3039     31.5250   
2.9550     12.6779   
16.1943    4.3865    

# Frame167

# x        y
11.3622    14.3826   
17.9233    38.9950   
18.5276    26.4849   
1.3039     31.5250   
2.9513     12.6873   
16.1943    4.3865    

# Frame168

# x        y
11.3860    14.4043   
17.9233    38.9950   
18.5276    26.4849   
1.3039     31.5250   
2.9478     12.6965   
16.1943    4.3865    

# Frame169

# x        y
11.4093    14.4256   
17.9233    38.9950   
18.5276    26.4849   
1.3039     31.5250   
2.9443     12.7055   
16.1943    4.3865    

# Frame170

# x        y
11.4323    14.4466   
17.9233    38.9950   
18.5276    26.4849   
1.3039     31.5250   
2.9408     12.7145   
16.1943    4.3865    

# Frame171

# x        y
11.4549    14.4672   
17.9233    38.9950   
18.5276    26.4849   
1.3039     31.5250   
2.9374     12.7232   
16.1943    4.3865    

# Frame172

# x        y
11.4771    14.4874   
17.9233    38.9950   
18.5276    26.4849   
1.3039     31.5250   
2.9341     12.7318   
16.1943    4.3865    

# Frame173

# x        y
11.4989    14.5074   
17.9233    38.9950   
18.5276    26.4849   
1.3039     31.5250   
2.9308     12.7403   
16.1943    4.3865    

# Frame174

# x        y
11.5204    14.5270   
17.9233    38.9950   
18.5276    26.4849   
1.3039     31.5250   
2.9276     12.7486   
16.1943    4.3865    

# Frame175

# x        y
11.5415    14.5463   
17.9233    38.9950   
18.5276    26.4849   
1.3039     31.5250   
2.9244     12.7568   
16.1943    4.3865    

# Frame176

# x        y
11.5623    14.5652   
17.9233    38.9950   
18.5276    26.4849   
1.3039     31.5250   
2.9213     12.7649   
16.1943    4.3865    

# Frame177

# x        y
11.5827    14.5838   
17.9233    38.9950   
18.5276    26.4849   
1.3039     31.5250   
2.9182     12.7728   
16.1943    4.3865    

# Frame178

# x        y
11.6028    14.6022   
17.9233    38.9950   
18.5276    26.4849   
1.3039     31.5250   
2.9152     12.7806   
16.1943    4.3865    

# Frame179

# x        y
11.6225    14.6202   
17.9233    38.9950   
18.5276    26.4849   
1.3039     31.5250   
2.9122     12.7882   
16.1943    4.3865    

# Frame180

# x        y
11.6419    14.6379   
17.9233    38.9950   
18.5276    26.4849   
1.3039     31.5250   
2.9093     12.7958   
16.1943    4.3865    

# Frame181

# x        y
11.6610    14.6553   
17.9233    38.9950   
18.5276    26.4849   
1.3039     31.5250   
2.9064     12.8032   
16.1943    4.3865    

# Frame182

# x        y
11.6798    14.6725   
17.9233    38.9950   
18.5276    26.4849   
1.3039     31.5250   
2.9036     12.8105   
16.1943    4.3865    

# Frame183

# x        y
11.6982    14.6893   
17.9233    38.9950   
18.5276    26.4849   
1.3039     31.5250   
2.9008     12.8176   
16.1943    4.3865    

# Frame184

# x        y
11.7164    14.7059   
17.9233    38.9950   
18.5276    26.4849   
1.3039     31.5250   
2.8981     12.8247   
16.1943    4.3865    

# Frame185

# x        y
11.7342    14.7222   
17.9233    38.9950   
18.5276    26.4849   
1.3039     31.5250   
2.8954     12.8316   
16.1943    4.3865    

# Frame186

# x        y
11.7518    14.7382   
17.9233    38.9950   
18.5276    26.4849   
1.3039     31.5250   
2.8928     12.8384   
16.1943    4.3865    

# Frame187

# x        y
11.7690    14.7540   
17.9233    38.9950   
18.5276    26.4849   
1.3039     31.5250   
2.8902     12.8451   
16.1943    4.3865    

# Frame188

# x        y
11.7860    14.7694   
17.9233    38.9950   
18.5276    26.4849   
1.3039     31.5250   
2.8876     12.8517   
16.1943    4.3865    

# Frame189

# x        y
11.8027    14.7847   
17.9233    38.9950   
18.5276    26.4849   
1.3039     31.5250   
2.8851     12.8582   
16.1943    4.3865    

# Frame190

# x        y
11.8191    14.7997   
17.9233    38.9950   
18.5276    26.4849   
1.3039     31.5250   
2.8827     12.8645   
16.1943    4.3865    

# Frame191

# x        y
11.8352    14.8144   
17.9233    38.9950   
18.5276    26.4849   
1.3039     31.5250   
2.8802     12.8708   
16.1943    4.3865    

# Frame192

# x        y
11.8511    14.8289   
17.9233    38.9950   
18.5276    26.4849   
1.3039     31.5250   
2.8778     12.8769   
16.1943    4.3865    

# Frame193

# x        y
11.8667    14.8431   
17.9233    38.9950   
18.5276    26.4849   
1.3039     31.5250   
2.8755     12.8830   
16.1943    4.3865    

# Frame194

# x        y
11.8821    14.8571   
17.9233    38.9950   
18.5276    26.4849   
1.3039     31.5250   
2.8732     12.8889   
16.1943    4.3865    

# Frame195

# x        y
11.8971    14.8709   
17.9233    38.9950   
18.5276    26.4849   
1.3039     31.5250   
2.8709     12.8948   
16.1943    4.3865    

# Frame196

# x        y
11.9120    14.8844   
17.9233    38.9950   
18.5276    26.4849   
1.3039     31.5250   
2.8687     12.9006   
16.1943    4.3865    

# Frame197

# x        y
11.9266    14.8978   
17.9233    38.9950   
18.5276    26.4849   
1.3039     31.5250   
2.8665     12.9062   
16.1943    4.3865    

# Frame198

# x        y
11.9409    14.9109   
17.9233    38.9950   
18.5276    26.4849   
1.3039     31.5250   
2.8643     12.9118   
16.1943    4.3865    

# Frame199

# x        y
11.9550    14.9237   
17.9233    38.9950   
18.5276    26.4849   
1.3039     31.5250   
2.8622     12.9173   
16.1943    4.3865    

# Frame200

# x        y
11.9689    14.9364   
17.9233    38.9950   
18.5276    26.4849   
1.3039     31.5250   
2.8601     12.9226   
16.1943    4.3865    

# Frame201

# x        y
11.9825    14.9488   
17.9233    38.9950   
18.5276    26.4849   
1.3039     31.5250   
2.8581     12.9279   
16.1943    4.3865    

# Frame202

# x        y
11.9959    14.9611   
17.9233    38.9950   
18.5276    26.4849   
1.3039     31.5250   
2.8561     12.9331   
16.1943    4.3865    

# Frame203

# x        y
12.0091    14.9731   
17.9233    38.9950   
18.5276    26.4849   
1.3039     31.5250   
2.8541     12.9382   
16.1943    4.3865    

# Frame204

# x        y
12.0221    14.9850   
17.9233    38.9950   
18.5276    26.4849   
1.3039     31.5250   
2.8521     12.9433   
16.1943    4.3865    

# Frame205

# x        y
12.0348    14.9966   
17.9233    38.9950   
18.5276    26.4849   
1.3039     31.5250   
2.8502     12.9482   
16.1943    4.3865    

# Frame206

# x        y
12.0474    15.0080   
17.9233    38.9950   
18.5276    26.4849   
1.3039     31.5250   
2.8483     12.9531   
16.1943    4.3865    

# Frame207

# x        y
12.0597    15.0193   
17.9233    38.9950   
18.5276    26.4849   
1.3039     31.5250   
2.8465     12.9579   
16.1943    4.3865    

# Frame208

# x        y
12.0718    15.0304   
17.9233    38.9950   
18.5276    26.4849   
1.3039     31.5250   
2.8447     12.9626   
16.1943    4.3865    

# Frame209

# x        y
12.0838    15.0413   
17.9233    38.9950   
18.5276    26.4849   
1.3039     31.5250   
2.8429     12.9672   
16.1943    4.3865    

# Frame210

# x        y
12.0955    15.0520   
17.9233    38.9950   
18.5276    26.4849   
1.3039     31.5250   
2.8411     12.9718   
16.1943    4.3865    

# Frame211

# x        y
12.1070    15.0625   
17.9233    38.9950   
18.5276    26.4849   
1.3039     31.5250   
2.8394     12.9762   
16.1943    4.3865    

# Frame212

# x        y
12.1184    15.0728   
17.9233    38.9950   
18.5276    26.4849   
1.3039     31.5250   
2.8377     12.9806   
16.1943    4.3865    

# Frame213

# x        y
12.1295    15.0830   
17.9233    38.9950   
18.5276    26.4849   
1.3039     31.5250   
2.8360     12.9850   
16.1943    4.3865    

# Frame214

# x        y
12.1405    15.0930   
17.9233    38.9950   
18.5276    26.4849   
1.3039     31.5250   
2.8344     12.9892   
16.1943    4.3865    

# Frame215

# x        y
12.1512    15.1029   
17.9233    38.9950   
18.5276    26.4849   
1.3039     31.5250   
2.8327     12.9934   
16.1943    4.3865    

# Frame216

# x        y
12.1618    15.1125   
17.9233    38.9950   
18.5276    26.4849   
1.3039     31.5250   
2.8311     12.9975   
16.1943    4.3865    

# Frame217

# x        y
12.1723    15.1221   
17.9233    38.9950   
18.5276    26.4849   
1.3039     31.5250   
2.8296     13.0015   
16.1943    4.3865    

# Frame218

# x        y
12.1825    15.1314   
17.9233    38.9950   
18.5276    26.4849   
1.3039     31.5250   
2.8280     13.0055   
16.1943    4.3865    

# Frame219

# x        y
12.1926    15.1406   
17.9233    38.9950   
18.5276    26.4849   
1.3039     31.5250   
2.8265     13.0094   
16.1943    4.3865    

# Frame220

# x        y
12.2025    15.1497   
17.9233    38.9950   
18.5276    26.4849   
1.3039     31.5250   
2.8250     13.0133   
16.1943    4.3865    

# Frame221

# x        y
12.2122    15.1586   
17.9233    38.9950   
18.5276    26.4849   
1.3039     31.5250   
2.8236     13.0171   
16.1943    4.3865    

# Frame222

# x        y
12.2218    15.1673   
17.9233    38.9950   
18.5276    26.4849   
1.3039     31.5250   
2.8221     13.0208   
16.1943    4.3865    

# Frame223

# x        y
12.2313    15.1759   
17.9233    38.9950   
18.5276    26.4849   
1.3039     31.5250   
2.8207     13.0244   
16.1943    4.3865    

# Frame224

# x        y
12.2405    15.1844   
17.9233    38.9950   
18.5276    26.4849   
1.3039     31.5250   
2.8193     13.0280   
16.1943    4.3865    

# Frame225

# x        y
12.2496    15.1927   
17.9233    38.9950   
18.5276    26.4849   
1.3039     31.5250   
2.8179     13.0316   
16.1943    4.3865    

# Frame226

# x        y
12.2586    15.2009   
17.9233    38.9950   
18.5276    26.4849   
1.3039     31.5250   
2.8166     13.0350   
16.1943    4.3865    

# Frame227

# x        y
12.2674    15.2089   
17.9233    38.9950   
18.5276    26.4849   
1.3039     31.5250   
2.8153     13.0385   
16.1943    4.3865    

# Frame228

# x        y
12.2761    15.2168   
17.9233    38.9950   
18.5276    26.4849   
1.3039     31.5250   
2.8140     13.0418   
16.1943    4.3865    

# Frame229

# x        y
12.2846    15.2246   
17.9233    38.9950   
18.5276    26.4849   
1.3039     31.5250   
2.8127     13.0451   
16.1943    4.3865    

# Frame230

# x        y
12.2930    15.2322   
17.9233    38.9950   
18.5276    26.4849   
1.3039     31.5250   
2.8114     13.0484   
16.1943    4.3865    

# Frame231

# x        y
12.3012    15.2398   
17.9233    38.9950   
18.5276    26.4849   
1.3039     31.5250   
2.8102     13.0516   
16.1943    4.3865    

# Frame232

# x        y
12.3093    15.2472   
17.9233    38.9950   
18.5276    26.4849   
1.3039     31.5250   
2.8090     13.0547   
16.1943    4.3865    

# Frame233

# x        y
12.3173    15.2544   
17.9233    38.9950   
18.5276    26.4849   
1.3039     31.5250   
2.8078     13.0578   
16.1943    4.3865    

# Frame234

# x        y
12.3251    15.2616   
17.9233    38.9950   
18.5276    26.4849   
1.3039     31.5250   
2.8066     13.0608   
16.1943    4.3865    

# Frame235

# x        y
12.3328    15.2686   
17.9233    38.9950   
18.5276    26.4849   
1.3039     31.5250   
2.8054     13.0638   
16.1943    4.3865    

# Frame236

# x        y
12.3404    15.2755   
17.9233    38.9950   
18.5276    26.4849   
1.3039     31.5250   
2.8043     13.0668   
16.1943    4.3865    

# Frame237

# x        y
12.3478    15.2823   
17.9233    38.9950   
18.5276    26.4849   
1.3039     31.5250   
2.8032     13.0697   
16.1943    4.3865    

# Frame238

# x        y
12.3551    15.2890   
17.9233    38.9950   
18.5276    26.4849   
1.3039     31.5250   
2.8021     13.0725   
16.1943    4.3865    

# Frame239

# x        y
12.3623    15.2956   
17.9233    38.9950   
18.5276    26.4849   
1.3039     31.5250   
2.8010     13.0753   
16.1943    4.3865    

# Frame240

# x        y
12.3694    15.3020   
17.9233    38.9950   
18.5276    26.4849   
1.3039     31.5250   
2.7999     13.0780   
16.1943    4.3865    

# Frame241

# x        y
12.3764    15.3084   
17.9233    38.9950   
18.5276    26.4849   
1.3039     31.5250   
2.7989     13.0807   
16.1943    4.3865    

# Frame242

# x        y
12.3832    15.3146   
17.9233    38.9950   
18.5276    26.4849   
1.3039     31.5250   
2.7979     13.0834   
16.1943    4.3865    

# Frame243

# x        y
12.3900    15.3208   
17.9233    38.9950   
18.5276    26.4849   
1.3039     31.5250   
2.7968     13.0860   
16.1943    4.3865    

# Frame244

# x        y
12.3966    15.3268   
17.9233    38.9950   
18.5276    26.4849   
1.3039     31.5250   
2.7958     13.0886   
16.1943    4.3865    

# Frame245

# x        y
12.4031    15.3328   
17.9233    38.9950   
18.5276    26.4849   
1.3039     31.5250   
2.7949     13.0911   
16.1943    4.3865    

# Frame246

# x        y
12.4095    15.3386   
17.9233    38.9950   
18.5276    26.4849   
1.3039     31.5250   
2.7939     13.0936   
16.1943    4.3865    

# Frame247

# x        y
12.4158    15.3444   
17.9233    38.9950   
18.5276    26.4849   
1.3039     31.5250   
2.7930     13.0960   
16.1943    4.3865    

# Frame248

# x        y
12.4220    15.3500   
17.9233    38.9950   
18.5276    26.4849   
1.3039     31.5250   
2.7920     13.0984   
16.1943    4.3865    

# Frame249

# x        y
12.4281    15.3556   
17.9233    38.9950   
18.5276    26.4849   
1.3039     31.5250   
2.7911     13.1008   
16.1943    4.3865    

# Frame250

# x        y
12.4341    15.3610   
17.9233    38.9950   
18.5276    26.4849   
1.3039     31.5250   
2.7902     13.1031   
16.1943    4.3865    

# Frame251

# x        y
12.4400    15.3664   
17.9233    38.9950   
18.5276    26.4849   
1.3039     31.5250   
2.7893     13.1054   
16.1943    4.3865    

# Frame252

# x        y
12.4457    15.3717   
17.9233    38.9950   
18.5276    26.4849   
1.3039     31.5250   
2.7885     13.1076   
16.1943    4.3865    

# Frame253

# x        y
12.4514    15.3769   
17.9233    38.9950   
18.5276    26.4849   
1.3039     31.5250   
2.7876     13.1099   
16.1943    4.3865    

# Frame254

# x        y
12.4570    15.3820   
17.9233    38.9950   
18.5276    26.4849   
1.3039     31.5250   
2.7868     13.1120   
16.1943    4.3865    

# Frame255

# x        y
12.4625    15.3870   
17.9233    38.9950   
18.5276    26.4849   
1.3039     31.5250   
2.7859     13.1142   
16.1943    4.3865    

# Frame256

# x        y
12.4679    15.3920   
17.9233    38.9950   
18.5276    26.4849   
1.3039     31.5250   
2.7851     13.1163   
16.1943    4.3865    

# Frame257

# x        y
12.4733    15.3968   
17.9233    38.9950   
18.5276    26.4849   
1.3039     31.5250   
2.7843     13.1183   
16.1943    4.3865    

# Frame258

# x        y
12.4785    15.4016   
17.9233    38.9950   
18.5276    26.4849   
1.3039     31.5250   
2.7835     13.1204   
16.1943    4.3865    

# Frame259

# x        y
12.4836    15.4063   
17.9233    38.9950   
18.5276    26.4849   
1.3039     31.5250   
2.7828     13.1224   
16.1943    4.3865    

# Frame260

# x        y
12.4887    15.4109   
17.9233    38.9950   
18.5276    26.4849   
1.3039     31.5250   
2.7820     13.1243   
16.1943    4.3865    

# Frame261

# x        y
12.4937    15.4155   
17.9233    38.9950   
18.5276    26.4849   
1.3039     31.5250   
2.7813     13.1262   
16.1943    4.3865    

# Frame262

# x        y
12.4986    15.4199   
17.9233    38.9950   
18.5276    26.4849   
1.3039     31.5250   
2.7805     13.1281   
16.1943    4.3865    

# Frame263

# x        y
12.5034    15.4243   
17.9233    38.9950   
18.5276    26.4849   
1.3039     31.5250   
2.7798     13.1300   
16.1943    4.3865    

# Frame264

# x        y
12.5081    15.4286   
17.9233    38.9950   
18.5276    26.4849   
1.3039     31.5250   
2.7791     13.1318   
16.1943    4.3865    

# Frame265

# x        y
12.5128    15.4329   
17.9233    38.9950   
18.5276    26.4849   
1.3039     31.5250   
2.7784     13.1337   
16.1943    4.3865    

# Frame266

# x        y
12.5173    15.4371   
17.9233    38.9950   
18.5276    26.4849   
1.3039     31.5250   
2.7777     13.1354   
16.1943    4.3865    

# Frame267

# x        y
12.5218    15.4412   
17.9233    38.9950   
18.5276    26.4849   
1.3039     31.5250   
2.7770     13.1372   
16.1943    4.3865    

# Frame268

# x        y
12.5263    15.4452   
17.9233    38.9950   
18.5276    26.4849   
1.3039     31.5250   
2.7764     13.1389   
16.1943    4.3865    

# Frame269

# x        y
12.5306    15.4492   
17.9233    38.9950   
18.5276    26.4849   
1.3039     31.5250   
2.7757     13.1406   
16.1943    4.3865    

# Frame270

# x        y
12.5349    15.4531   
17.9233    38.9950   
18.5276    26.4849   
1.3039     31.5250   
2.7751     13.1422   
16.1943    4.3865    

# Frame271

# x        y
12.5391    15.4569   
17.9233    38.9950   
18.5276    26.4849   
1.3039     31.5250   
2.7744     13.1439   
16.1943    4.3865    

# Frame272

# x        y
12.5432    15.4607   
17.9233    38.9950   
18.5276    26.4849   
1.3039     31.5250   
2.7738     13.1455   
16.1943    4.3865    

# Frame273

# x        y
12.5473    15.4644   
17.9233    38.9950   
18.5276    26.4849   
1.3039     31.5250   
2.7732     13.1470   
16.1943    4.3865    

# Frame274

# x        y
12.5513    15.4681   
17.9233    38.9950   
18.5276    26.4849   
1.3039     31.5250   
2.7726     13.1486   
16.1943    4.3865    

# Frame275

# x        y
12.5552    15.4717   
17.9233    38.9950   
18.5276    26.4849   
1.3039     31.5250   
2.7720     13.1501   
16.1943    4.3865    

# Frame276

# x        y
12.5591    15.4752   
17.9233    38.9950   
18.5276    26.4849   
1.3039     31.5250   
2.7714     13.1516   
16.1943    4.3865    

# Frame277

# x        y
12.5629    15.4787   
17.9233    38.9950   
18.5276    26.4849   
1.3039     31.5250   
2.7708     13.1531   
16.1943    4.3865    

# Frame278

# x        y
12.5666    15.4821   
17.9233    38.9950   
18.5276    26.4849   
1.3039     31.5250   
2.7703     13.1545   
16.1943    4.3865    

# Frame279

# x        y
12.5703    15.4854   
17.9233    38.9950   
18.5276    26.4849   
1.3039     31.5250   
2.7697     13.1560   
16.1943    4.3865    

# Frame280

# x        y
12.5739    15.4887   
17.9233    38.9950   
18.5276    26.4849   
1.3039     31.5250   
2.7692     13.1574   
16.1943    4.3865    

# Frame281

# x        y
12.5775    15.4920   
17.9233    38.9950   
18.5276    26.4849   
1.3039     31.5250   
2.7687     13.1588   
16.1943    4.3865    

# Frame282

# x        y
12.5810    15.4952   
17.9233    38.9950   
18.5276    26.4849   
1.3039     31.5250   
2.7681     13.1601   
16.1943    4.3865    

# Frame283

# x        y
12.5844    15.4983   
17.9233    38.9950   
18.5276    26.4849   
1.3039     31.5250   
2.7676     13.1614   
16.1943    4.3865    

# Frame284

# x        y
12.5878    15.5014   
17.9233    38.9950   
18.5276    26.4849   
1.3039     31.5250   
2.7671     13.1628   
16.1943    4.3865    

# Frame285

# x        y
12.5911    15.5044   
17.9233    38.9950   
18.5276    26.4849   
1.3039     31.5250   
2.7666     13.1640   
16.1943    4.3865    

# Frame286

# x        y
12.5944    15.5074   
17.9233    38.9950   
18.5276    26.4849   
1.3039     31.5250   
2.7661     13.1653   
16.1943    4.3865    

# Frame287

# x        y
12.5976    15.5103   
17.9233    38.9950   
18.5276    26.4849   
1.3039     31.5250   
2.7656     13.1666   
16.1943    4.3865    

# Frame288

# x        y
12.6008    15.5132   
17.9233    38.9950   
18.5276    26.4849   
1.3039     31.5250   
2.7652     13.1678   
16.1943    4.3865    

# Frame289

# x        y
12.6039    15.5161   
17.9233    38.9950   
18.5276    26.4849   
1.3039     31.5250   
2.7647     13.1690   
16.1943    4.3865    

# Frame290

# x        y
12.6069    15.5188   
17.9233    38.9950   
18.5276    26.4849   
1.3039     31.5250   
2.7642     13.1702   
16.1943    4.3865    

# Frame291

# x        y
12.6099    15.5216   
17.9233    38.9950   
18.5276    26.4849   
1.3039     31.5250   
2.7638     13.1713   
16.1943    4.3865    

# Frame292

# x        y
12.6129    15.5243   
17.9233    38.9950   
18.5276    26.4849   
1.3039     31.5250   
2.7633     13.1725   
16.1943    4.3865    

# Frame293

# x        y
12.6158    15.5269   
17.9233    38.9950   
18.5276    26.4849   
1.3039     31.5250   
2.7629     13.1736   
16.1943    4.3865    

# Frame294

# x        y
12.6186    15.5295   
17.9233    38.9950   
18.5276    26.4849   
1.3039     31.5250   
2.7625     13.1747   
16.1943    4.3865    

# Frame295

# x        y
12.6215    15.5321   
17.9233    38.9950   
18.5276    26.4849   
1.3039     31.5250   
2.7620     13.1758   
16.1943    4.3865    

# Frame296

# x        y
12.6242    15.5346   
17.9233    38.9950   
18.5276    26.4849   
1.3039     31.5250   
2.7616     13.1769   
16.1943    4.3865    

# Frame297

# x        y
12.6269    15.5371   
17.9233    38.9950   
18.5276    26.4849   
1.3039     31.5250   
2.7612     13.1779   
16.1943    4.3865    

# Frame298

# x        y
12.6296    15.5396   
17.9233    38.9950   
18.5276    26.4849   
1.3039     31.5250   
2.7608     13.1790   
16.1943    4.3865    

# Frame299

# x        y
12.6322    15.5420   
17.9233    38.9950   
18.5276    26.4849   
1.3039     31.5250   
2.7604     13.1800   
16.1943    4.3865    

# Frame300

# x        y
12.6348    15.5443   
17.9233    38.9950   
18.5276    26.4849   
1.3039     31.5250   
2.7600     13.1810   
16.1943    4.3865    

# Frame301

# x        y
12.6374    15.5466   
17.9233    38.9950   
18.5276    26.4849   
1.3039     31.5250   
2.7597     13.1820   
16.1943    4.3865    

# Frame302

# x        y
12.6399    15.5489   
17.9233    38.9950   
18.5276    26.4849   
1.3039     31.5250   
2.7593     13.1830   
16.1943    4.3865    

# Frame303

# x        y
12.6423    15.5512   
17.9233    38.9950   
18.5276    26.4849   
1.3039     31.5250   
2.7589     13.1839   
16.1943    4.3865    

# Frame304

# x        y
12.6447    15.5534   
17.9233    38.9950   
18.5276    26.4849   
1.3039     31.5250   
2.7585     13.1848   
16.1943    4.3865    

# Frame305

# x        y
12.6471    15.5555   
17.9233    38.9950   
18.5276    26.4849   
1.3039     31.5250   
2.7582     13.1858   
16.1943    4.3865    

# Frame306

# x        y
12.6494    15.5577   
17.9233    38.9950   
18.5276    26.4849   
1.3039     31.5250   
2.7578     13.1867   
16.1943    4.3865    

# Frame307

# x        y
12.6517    15.5598   
17.9233    38.9950   
18.5276    26.4849   
1.3039     31.5250   
2.7575     13.1876   
16.1943    4.3865    

# Frame308

# x        y
12.6540    15.5618   
17.9233    38.9950   
18.5276    26.4849   
1.3039     31.5250   
2.7572     13.1884   
16.1943    4.3865    

# Frame309

# x        y
12.6562    15.5638   
17.9233    38.9950   
18.5276    26.4849   
1.3039     31.5250   
2.7568     13.1893   
16.1943    4.3865    

# Frame310

# x        y
12.6584    15.5658   
17.9233    38.9950   
18.5276    26.4849   
1.3039     31.5250   
2.7565     13.1902   
16.1943    4.3865    

# Frame311

# x        y
12.6605    15.5678   
17.9233    38.9950   
18.5276    26.4849   
1.3039     31.5250   
2.7562     13.1910   
16.1943    4.3865    

# Frame312

# x        y
12.6627    15.5697   
17.9233    38.9950   
18.5276    26.4849   
1.3039     31.5250   
2.7559     13.1918   
16.1943    4.3865    

# Frame313

# x        y
12.6647    15.5716   
17.9233    38.9950   
18.5276    26.4849   
1.3039     31.5250   
2.7555     13.1926   
16.1943    4.3865    

# Frame314

# x        y
12.6668    15.5735   
17.9233    38.9950   
18.5276    26.4849   
1.3039     31.5250   
2.7552     13.1934   
16.1943    4.3865    

# Frame315

# x        y
12.6688    15.5753   
17.9233    38.9950   
18.5276    26.4849   
1.3039     31.5250   
2.7549     13.1942   
16.1943    4.3865    

# Frame316

# x        y
12.6708    15.5771   
17.9233    38.9950   
18.5276    26.4849   
1.3039     31.5250   
2.7546     13.1949   
16.1943    4.3865    

# Frame317

# x        y
12.6727    15.5789   
17.9233    38.9950   
18.5276    26.4849   
1.3039     31.5250   
2.7543     13.1957   
16.1943    4.3865    

# Frame318

# x        y
12.6746    15.5806   
17.9233    38.9950   
18.5276    26.4849   
1.3039     31.5250   
2.7541     13.1964   
16.1943    4.3865    

# Frame319

# x        y
12.6765    15.5823   
17.9233    38.9950   
18.5276    26.4849   
1.3039     31.5250   
2.7538     13.1972   
16.1943    4.3865    

# Frame320

# x        y
12.6783    15.5840   
17.9233    38.9950   
18.5276    26.4849   
1.3039     31.5250   
2.7535     13.1979   
16.1943    4.3865    

# Frame321

# x        y
12.6801    15.5857   
17.9233    38.9950   
18.5276    26.4849   
1.3039     31.5250   
2.7532     13.1986   
16.1943    4.3865    

# Frame322

# x        y
12.6819    15.5873   
17.9233    38.9950   
18.5276    26.4849   
1.3039     31.5250   
2.7530     13.1993   
16.1943    4.3865    

# Frame323

# x        y
12.6837    15.5889   
17.9233    38.9950   
18.5276    26.4849   
1.3039     31.5250   
2.7527     13.2000   
16.1943    4.3865    

# Frame324

# x        y
12.6854    15.5905   
17.9233    38.9950   
18.5276    26.4849   
1.3039     31.5250   
2.7524     13.2006   
16.1943    4.3865    

# Frame325

# x        y
12.6871    15.5920   
17.9233    38.9950   
18.5276    26.4849   
1.3039     31.5250   
2.7522     13.2013   
16.1943    4.3865    

# Frame326

# x        y
12.6888    15.5936   
17.9233    38.9950   
18.5276    26.4849   
1.3039     31.5250   
2.7519     13.2019   
16.1943    4.3865    

# Frame327

# x        y
12.6904    15.5951   
17.9233    38.9950   
18.5276    26.4849   
1.3039     31.5250   
2.7517     13.2026   
16.1943    4.3865    

# Frame328

# x        y
12.6920    15.5965   
17.9233    38.9950   
18.5276    26.4849   
1.3039     31.5250   
2.7514     13.2032   
16.1943    4.3865    

# Frame329

# x        y
12.6936    15.5980   
17.9233    38.9950   
18.5276    26.4849   
1.3039     31.5250   
2.7512     13.2038   
16.1943    4.3865    

# Frame330

# x        y
12.6952    15.5994   
17.9233    38.9950   
18.5276    26.4849   
1.3039     31.5250   
2.7510     13.2044   
16.1943    4.3865    

# Frame331

# x        y
12.6967    15.6008   
17.9233    38.9950   
18.5276    26.4849   
1.3039     31.5250   
2.7507     13.2050   
16.1943    4.3865    

# Frame332

# x        y
12.6982    15.6022   
17.9233    38.9950   
18.5276    26.4849   
1.3039     31.5250   
2.7505     13.2056   
16.1943    4.3865    

# Frame333

# x        y
12.6997    15.6035   
17.9233    38.9950   
18.5276    26.4849   
1.3039     31.5250   
2.7503     13.2062   
16.1943    4.3865    

# Frame334

# x        y
12.7012    15.6049   
17.9233    38.9950   
18.5276    26.4849   
1.3039     31.5250   
2.7501     13.2067   
16.1943    4.3865    

# Frame335

# x        y
12.7026    15.6062   
17.9233    38.9950   
18.5276    26.4849   
1.3039     31.5250   
2.7498     13.2073   
16.1943    4.3865    

# Frame336

# x        y
12.7040    15.6075   
17.9233    38.9950   
18.5276    26.4849   
1.3039     31.5250   
2.7496     13.2078   
16.1943    4.3865    

# Frame337

# x        y
12.7054    15.6087   
17.9233    38.9950   
18.5276    26.4849   
1.3039     31.5250   
2.7494     13.2084   
16.1943    4.3865    

# Frame338

# x        y
12.7068    15.6100   
17.9233    38.9950   
18.5276    26.4849   
1.3039     31.5250   
2.7492     13.2089   
16.1943    4.3865    

# Frame339

# x        y
12.7081    15.6112   
17.9233    38.9950   
18.5276    26.4849   
1.3039     31.5250   
2.7490     13.2094   
16.1943    4.3865    

# Frame340

# x        y
12.7094    15.6124   
17.9233    38.9950   
18.5276    26.4849   
1.3039     31.5250   
2.7488     13.2099   
16.1943    4.3865    

# Frame341

# x        y
12.7107    15.6136   
17.9233    38.9950   
18.5276    26.4849   
1.3039     31.5250   
2.7486     13.2105   
16.1943    4.3865    

# Frame342

# x        y
12.7120    15.6148   
17.9233    38.9950   
18.5276    26.4849   
1.3039     31.5250   
2.7484     13.2109   
16.1943    4.3865    

# Frame343

# x        y
12.7132    15.6159   
17.9233    38.9950   
18.5276    26.4849   
1.3039     31.5250   
2.7482     13.2114   
16.1943    4.3865    

# Frame344

# x        y
12.7145    15.6170   
17.9233    38.9950   
18.5276    26.4849   
1.3039     31.5250   
2.7481     13.2119   
16.1943    4.3865    

# Frame345

# x        y
12.7157    15.6181   
17.9233    38.9950   
18.5276    26.4849   
1.3039     31.5250   
2.7479     13.2124   
16.1943    4.3865    

# Frame346

# x        y
12.7169    15.6192   
17.9233    38.9950   
18.5276    26.4849   
1.3039     31.5250   
2.7477     13.2128   
16.1943    4.3865    

# Frame347

# x        y
12.7181    15.6203   
17.9233    38.9950   
18.5276    26.4849   
1.3039     31.5250   
2.7475     13.2133   
16.1943    4.3865    

# Frame348

# x        y
12.7192    15.6213   
17.9233    38.9950   
18.5276    26.4849   
1.3039     31.5250   
2.7474     13.2137   
16.1943    4.3865    

# Frame349

# x        y
12.7203    15.6224   
17.9233    38.9950   
18.5276    26.4849   
1.3039     31.5250   
2.7472     13.2142   
16.1943    4.3865    

# Frame350

# x        y
12.7215    15.6234   
17.9233    38.9950   
18.5276    26.4849   
1.3039     31.5250   
2.7470     13.2146   
16.1943    4.3865    

# Frame351

# x        y
12.7226    15.6244   
17.9233    38.9950   
18.5276    26.4849   
1.3039     31.5250   
2.7468     13.2150   
16.1943    4.3865    

# Frame352

# x        y
12.7236    15.6254   
17.9233    38.9950   
18.5276    26.4849   
1.3039     31.5250   
2.7467     13.2155   
16.1943    4.3865    

# Frame353

# x        y
12.7247    15.6264   
17.9233    38.9950   
18.5276    26.4849   
1.3039     31.5250   
2.7465     13.2159   
16.1943    4.3865    

# Frame354

# x        y
12.7257    15.6273   
17.9233    38.9950   
18.5276    26.4849   
1.3039     31.5250   
2.7464     13.2163   
16.1943    4.3865    

# Frame355

# x        y
12.7268    15.6282   
17.9233    38.9950   
18.5276    26.4849   
1.3039     31.5250   
2.7462     13.2167   
16.1943    4.3865    

# Frame356

# x        y
12.7278    15.6292   
17.9233    38.9950   
18.5276    26.4849   
1.3039     31.5250   
2.7461     13.2171   
16.1943    4.3865    

# Frame357

# x        y
12.7288    15.6301   
17.9233    38.9950   
18.5276    26.4849   
1.3039     31.5250   
2.7459     13.2175   
16.1943    4.3865    

# Frame358

# x        y
12.7297    15.6310   
17.9233    38.9950   
18.5276    26.4849   
1.3039     31.5250   
2.7458     13.2178   
16.1943    4.3865    

# Frame359

# x        y
12.7307    15.6318   
17.9233    38.9950   
18.5276    26.4849   
1.3039     31.5250   
2.7456     13.2182   
16.1943    4.3865    

# Frame360

# x        y
12.7316    15.6327   
17.9233    38.9950   
18.5276    26.4849   
1.3039     31.5250   
2.7455     13.2186   
16.1943    4.3865    

# Frame361

# x        y
12.7326    15.6335   
17.9233    38.9950   
18.5276    26.4849   
1.3039     31.5250   
2.7453     13.2189   
16.1943    4.3865    

# Frame362

# x        y
12.7335    15.6344   
17.9233    38.9950   
18.5276    26.4849   
1.3039     31.5250   
2.7452     13.2193   
16.1943    4.3865    

# Frame363

# x        y
12.7344    15.6352   
17.9233    38.9950   
18.5276    26.4849   
1.3039     31.5250   
2.7451     13.2196   
16.1943    4.3865    

# Frame364

# x        y
12.7352    15.6360   
17.9233    38.9950   
18.5276    26.4849   
1.3039     31.5250   
2.7449     13.2200   
16.1943    4.3865    

# Frame365

# x        y
12.7361    15.6368   
17.9233    38.9950   
18.5276    26.4849   
1.3039     31.5250   
2.7448     13.2203   
16.1943    4.3865    

# Frame366

# x        y
12.7370    15.6376   
17.9233    38.9950   
18.5276    26.4849   
1.3039     31.5250   
2.7447     13.2206   
16.1943    4.3865    

# Frame367

# x        y
12.7378    15.6383   
17.9233    38.9950   
18.5276    26.4849   
1.3039     31.5250   
2.7446     13.2210   
16.1943    4.3865    

# Frame368

# x        y
12.7386    15.6391   
17.9233    38.9950   
18.5276    26.4849   
1.3039     31.5250   
2.7444     13.2213   
16.1943    4.3865    

# Frame369

# x        y
12.7394    15.6398   
17.9233    38.9950   
18.5276    26.4849   
1.3039     31.5250   
2.7443     13.2216   
16.1943    4.3865    

# Frame370

# x        y
12.7402    15.6405   
17.9233    38.9950   
18.5276    26.4849   
1.3039     31.5250   
2.7442     13.2219   
16.1943    4.3865    

# Frame371

# x        y
12.7410    15.6413   
17.9233    38.9950   
18.5276    26.4849   
1.3039     31.5250   
2.7441     13.2222   
16.1943    4.3865    

# Frame372

# x        y
12.7418    15.6420   
17.9233    38.9950   
18.5276    26.4849   
1.3039     31.5250   
2.7440     13.2225   
16.1943    4.3865    

# Frame373

# x        y
12.7425    15.6427   
17.9233    38.9950   
18.5276    26.4849   
1.3039     31.5250   
2.7438     13.2228   
16.1943    4.3865    

# Frame374

# x        y
12.7433    15.6433   
17.9233    38.9950   
18.5276    26.4849   
1.3039     31.5250   
2.7437     13.2231   
16.1943    4.3865    

# Frame375

# x        y
12.7440    15.6440   
17.9233    38.9950   
18.5276    26.4849   
1.3039     31.5250   
2.7436     13.2234   
16.1943    4.3865    

# Frame376

# x        y
12.7447    15.6447   
17.9233    38.9950   
18.5276    26.4849   
1.3039     31.5250   
2.7435     13.2237   
16.1943    4.3865    

# Frame377

# x        y
12.7454    15.6453   
17.9233    38.9950   
18.5276    26.4849   
1.3039     31.5250   
2.7434     13.2239   
16.1943    4.3865    

# Frame378

# x        y
12.7461    15.6459   
17.9233    38.9950   
18.5276    26.4849   
1.3039     31.5250   
2.7433     13.2242   
16.1943    4.3865    

# Frame379

# x        y
12.7468    15.6466   
17.9233    38.9950   
18.5276    26.4849   
1.3039     31.5250   
2.7432     13.2245   
16.1943    4.3865    

# Frame380

# x        y
12.7475    15.6472   
17.9233    38.9950   
18.5276    26.4849   
1.3039     31.5250   
2.7431     13.2247   
16.1943    4.3865    

# Frame381

# x        y
12.7482    15.6478   
17.9233    38.9950   
18.5276    26.4849   
1.3039     31.5250   
2.7430     13.2250   
16.1943    4.3865    

# Frame382

# x        y
12.7488    15.6484   
17.9233    38.9950   
18.5276    26.4849   
1.3039     31.5250   
2.7429     13.2252   
16.1943    4.3865    

# Frame383

# x        y
12.7495    15.6490   
17.9233    38.9950   
18.5276    26.4849   
1.3039     31.5250   
2.7428     13.2255   
16.1943    4.3865    

# Frame384

# x        y
12.7501    15.6495   
17.9233    38.9950   
18.5276    26.4849   
1.3039     31.5250   
2.7427     13.2257   
16.1943    4.3865    

# Frame385

# x        y
12.7507    15.6501   
17.9233    38.9950   
18.5276    26.4849   
1.3039     31.5250   
2.7426     13.2260   
16.1943    4.3865    

# Frame386

# x        y
12.7513    15.6507   
17.9233    38.9950   
18.5276    26.4849   
1.3039     31.5250   
2.7425     13.2262   
16.1943    4.3865    

# Frame387

# x        y
12.7519    15.6512   
17.9233    38.9950   
18.5276    26.4849   
1.3039     31.5250   
2.7424     13.2264   
16.1943    4.3865    

# Frame388

# x        y
12.7525    15.6517   
17.9233    38.9950   
18.5276    26.4849   
1.3039     31.5250   
2.7423     13.2267   
16.1943    4.3865    

# Frame389

# x        y
12.7531    15.6523   
17.9233    38.9950   
18.5276    26.4849   
1.3039     31.5250   
2.7423     13.2269   
16.1943    4.3865    

# Frame390

# x        y
12.7536    15.6528   
17.9233    38.9950   
18.5276    26.4849   
1.3039     31.5250   
2.7422     13.2271   
16.1943    4.3865    

# Frame391

# x        y
12.7542    15.6533   
17.9233    38.9950   
18.5276    26.4849   
1.3039     31.5250   
2.7421     13.2273   
16.1943    4.3865    

# Frame392

# x        y
12.7548    15.6538   
17.9233    38.9950   
18.5276    26.4849   
1.3039     31.5250   
2.7420     13.2275   
16.1943    4.3865    

# Frame393

# x        y
12.7553    15.6543   
17.9233    38.9950   
18.5276    26.4849   
1.3039     31.5250   
2.7419     13.2277   
16.1943    4.3865    

# Frame394

# x        y
12.7558    15.6548   
17.9233    38.9950   
18.5276    26.4849   
1.3039     31.5250   
2.7418     13.2280   
16.1943    4.3865    

# Frame395

# x        y
12.7564    15.6553   
17.9233    38.9950   
18.5276    26.4849   
1.3039     31.5250   
2.7418     13.2282   
16.1943    4.3865    

# Frame396

# x        y
12.7569    15.6557   
17.9233    38.9950   
18.5276    26.4849   
1.3039     31.5250   
2.7417     13.2284   
16.1943    4.3865    

# Frame397

# x        y
12.7574    15.6562   
17.9233    38.9950   
18.5276    26.4849   
1.3039     31.5250   
2.7416     13.2286   
16.1943    4.3865    

# Frame398

# x        y
12.7579    15.6566   
17.9233    38.9950   
18.5276    26.4849   
1.3039     31.5250   
2.7415     13.2287   
16.1943    4.3865    

# Frame399

# x        y
12.7584    15.6571   
17.9233    38.9950   
18.5276    26.4849   
1.3039     31.5250   
2.7415     13.2289   
16.1943    4.3865    

# Frame400

# x        y
12.7588    15.6575   
17.9233    38.9950   
18.5276    26.4849   
1.3039     31.5250   
2.7414     13.2291   
16.1943    4.3865    

# Frame401

# x        y
12.7593    15.6580   
17.9233    38.9950   
18.5276    26.4849   
1.3039     31.5250   
2.7413     13.2293   
16.1943    4.3865    

# Frame402

# x        y
12.7598    15.6584   
17.9233    38.9950   
18.5276    26.4849   
1.3039     31.5250   
2.7413     13.2295   
16.1943    4.3865    

# Frame403

# x        y
12.7602    15.6588   
17.9233    38.9950   
18.5276    26.4849   
1.3039     31.5250   
2.7412     13.2297   
16.1943    4.3865    

# Frame404

# x        y
12.7607    15.6592   
17.9233    38.9950   
18.5276    26.4849   
1.3039     31.5250   
2.7411     13.2298   
16.1943    4.3865    

# Frame405

# x        y
12.7611    15.6596   
17.9233    38.9950   
18.5276    26.4849   
1.3039     31.5250   
2.7410     13.2300   
16.1943    4.3865    

# Frame406

# x        y
12.7616    15.6600   
17.9233    38.9950   
18.5276    26.4849   
1.3039     31.5250   
2.7410     13.2302   
16.1943    4.3865    

# Frame407

# x        y
12.7620    15.6604   
17.9233    38.9950   
18.5276    26.4849   
1.3039     31.5250   
2.7409     13.2303   
16.1943    4.3865    

# Frame408

# x        y
12.7624    15.6608   
17.9233    38.9950   
18.5276    26.4849   
1.3039     31.5250   
2.7409     13.2305   
16.1943    4.3865    

# Frame409

# x        y
12.7628    15.6612   
17.9233    38.9950   
18.5276    26.4849   
1.3039     31.5250   
2.7408     13.2307   
16.1943    4.3865    

# Frame410

# x        y
12.7632    15.6615   
17.9233    38.9950   
18.5276    26.4849   
1.3039     31.5250   
2.7407     13.2308   
16.1943    4.3865    

# Frame411

# x        y
12.7636    15.6619   
17.9233    38.9950   
18.5276    26.4849   
1.3039     31.5250   
2.7407     13.2310   
16.1943    4.3865    

# Frame412

# x        y
12.7640    15.6623   
17.9233    38.9950   
18.5276    26.4849   
1.3039     31.5250   
2.7406     13.2311   
16.1943    4.3865    

# Frame413

# x        y
12.7644    15.6626   
17.9233    38.9950   
18.5276    26.4849   
1.3039     31.5250   
2.7406     13.2313   
16.1943    4.3865    

# Frame414

# x        y
12.7648    15.6630   
17.9233    38.9950   
18.5276    26.4849   
1.3039     31.5250   
2.7405     13.2314   
16.1943    4.3865    

# Frame415

# x        y
12.7652    15.6633   
17.9233    38.9950   
18.5276    26.4849   
1.3039     31.5250   
2.7404     13.2316   
16.1943    4.3865    

# Frame416

# x        y
12.7655    15.6636   
17.9233    38.9950   
18.5276    26.4849   
1.3039     31.5250   
2.7404     13.2317   
16.1943    4.3865    

# Frame417

# x        y
12.7659    15.6640   
17.9233    38.9950   
18.5276    26.4849   
1.3039     31.5250   
2.7403     13.2319   
16.1943    4.3865    

# Frame418

# x        y
12.7663    15.6643   
17.9233    38.9950   
18.5276    26.4849   
1.3039     31.5250   
2.7403     13.2320   
16.1943    4.3865    

# Frame419

# x        y
12.7666    15.6646   
17.9233    38.9950   
18.5276    26.4849   
1.3039     31.5250   
2.7402     13.2321   
16.1943    4.3865    

# Frame420

# x        y
12.7669    15.6649   
17.9233    38.9950   
18.5276    26.4849   
1.3039     31.5250   
2.7402     13.2323   
16.1943    4.3865    

# Frame421

# x        y
12.7673    15.6652   
17.9233    38.9950   
18.5276    26.4849   
1.3039     31.5250   
2.7401     13.2324   
16.1943    4.3865    

# Frame422

# x        y
12.7676    15.6655   
17.9233    38.9950   
18.5276    26.4849   
1.3039     31.5250   
2.7401     13.2325   
16.1943    4.3865    

# Frame423

# x        y
12.7679    15.6658   
17.9233    38.9950   
18.5276    26.4849   
1.3039     31.5250   
2.7400     13.2327   
16.1943    4.3865    

# Frame424

# x        y
12.7683    15.6661   
17.9233    38.9950   
18.5276    26.4849   
1.3039     31.5250   
2.7400     13.2328   
16.1943    4.3865    

# Frame425

# x        y
12.7686    15.6664   
17.9233    38.9950   
18.5276    26.4849   
1.3039     31.5250   
2.7399     13.2329   
16.1943    4.3865    

# Frame426

# x        y
12.7689    15.6667   
17.9233    38.9950   
18.5276    26.4849   
1.3039     31.5250   
2.7399     13.2330   
16.1943    4.3865    

# Frame427

# x        y
12.7692    15.6670   
17.9233    38.9950   
18.5276    26.4849   
1.3039     31.5250   
2.7398     13.2331   
16.1943    4.3865    

# Frame428

# x        y
12.7695    15.6673   
17.9233    38.9950   
18.5276    26.4849   
1.3039     31.5250   
2.7398     13.2333   
16.1943    4.3865    

# Frame429

# x        y
12.7698    15.6675   
17.9233    38.9950   
18.5276    26.4849   
1.3039     31.5250   
2.7397     13.2334   
16.1943    4.3865    

# Frame430

# x        y
12.7701    15.6678   
17.9233    38.9950   
18.5276    26.4849   
1.3039     31.5250   
2.7397     13.2335   
16.1943    4.3865    

# Frame431

# x        y
12.7704    15.6681   
17.9233    38.9950   
18.5276    26.4849   
1.3039     31.5250   
2.7397     13.2336   
16.1943    4.3865    

# Frame432

# x        y
12.7707    15.6683   
17.9233    38.9950   
18.5276    26.4849   
1.3039     31.5250   
2.7396     13.2337   
16.1943    4.3865    

# Frame433

# x        y
12.7709    15.6686   
17.9233    38.9950   
18.5276    26.4849   
1.3039     31.5250   
2.7396     13.2338   
16.1943    4.3865    

# Frame434

# x        y
12.7712    15.6688   
17.9233    38.9950   
18.5276    26.4849   
1.3039     31.5250   
2.7395     13.2339   
16.1943    4.3865    

# Frame435

# x        y
12.7715    15.6691   
17.9233    38.9950   
18.5276    26.4849   
1.3039     31.5250   
2.7395     13.2340   
16.1943    4.3865    

# Frame436

# x        y
12.7717    15.6693   
17.9233    38.9950   
18.5276    26.4849   
1.3039     31.5250   
2.7395     13.2341   
16.1943    4.3865    

# Frame437

# x        y
12.7720    15.6695   
17.9233    38.9950   
18.5276    26.4849   
1.3039     31.5250   
2.7394     13.2342   
16.1943    4.3865    

# Frame438

# x        y
12.7722    15.6698   
17.9233    38.9950   
18.5276    26.4849   
1.3039     31.5250   
2.7394     13.2343   
16.1943    4.3865    

# Frame439

# x        y
12.7725    15.6700   
17.9233    38.9950   
18.5276    26.4849   
1.3039     31.5250   
2.7393     13.2344   
16.1943    4.3865    

# Frame440

# x        y
12.7727    15.6702   
17.9233    38.9950   
18.5276    26.4849   
1.3039     31.5250   
2.7393     13.2345   
16.1943    4.3865    

# Frame441

# x        y
12.7730    15.6704   
17.9233    38.9950   
18.5276    26.4849   
1.3039     31.5250   
2.7393     13.2345   
16.1943    4.3865    

# Frame442

# x        y
12.7732    15.6707   
17.9233    38.9950   
18.5276    26.4849   
1.3039     31.5250   
2.7393     13.2345   
16.1943    4.3865    

# Frame443

# x        y
12.7734    15.6709   
17.9233    38.9950   
18.5276    26.4849   
1.3039     31.5250   
2.7393     13.2345   
16.1943    4.3865    

# Frame444

# x        y
12.7737    15.6711   
17.9233    38.9950   
18.5276    26.4849   
1.3039     31.5250   
2.7393     13.2345   
16.1943    4.3865    

# Frame445

# x        y
12.7739    15.6713   
17.9233    38.9950   
18.5276    26.4849   
1.3039     31.5250   
2.7393     13.2345   
16.1943    4.3865    

# Frame446

# x        y
12.7741    15.6715   
17.9233    38.9950   
18.5276    26.4849   
1.3039     31.5250   
2.7393     13.2345   
16.1943    4.3865    

# Frame447

# x        y
12.7743    15.6717   
17.9233    38.9950   
18.5276    26.4849   
1.3039     31.5250   
2.7393     13.2345   
16.1943    4.3865    

# Frame448

# x        y
12.7746    15.6719   
17.9233    38.9950   
18.5276    26.4849   
1.3039     31.5250   
2.7393     13.2345   
16.1943    4.3865    

# Frame449

# x        y
12.7748    15.6721   
17.9233    38.9950   
18.5276    26.4849   
1.3039     31.5250   
2.7393     13.2345   
16.1943    4.3865    

# Frame450

# x        y
12.7750    15.6723   
17.9233    38.9950   
18.5276    26.4849   
1.3039     31.5250   
2.7393     13.2345   
16.1943    4.3865    

# Frame451

# x        y
12.7752    15.6724   
17.9233    38.9950   
18.5276    26.4849   
1.3039     31.5250   
2.7393     13.2345   
16.1943    4.3865    

# Frame452

# x        y
12.7754    15.6726   
17.9233    38.9950   
18.5276    26.4849   
1.3039     31.5250   
2.7393     13.2345   
16.1943    4.3865    

# Frame453

# x        y
12.7756    15.6728   
17.9233    38.9950   
18.5276    26.4849   
1.3039     31.5250   
2.7393     13.2345   
16.1943    4.3865    

# Frame454

# x        y
12.7758    15.6730   
17.9233    38.9950   
18.5276    26.4849   
1.3039     31.5250   
2.7393     13.2345   
16.1943    4.3865    

# Frame455

# x        y
12.7760    15.6732   
17.9233    38.9950   
18.5276    26.4849   
1.3039     31.5250   
2.7393     13.2345   
16.1943    4.3865    

# Frame456

# x        y
12.7762    15.6733   
17.9233    38.9950   
18.5276    26.4849   
1.3039     31.5250   
2.7393     13.2345   
16.1943    4.3865    

# Frame457

# x        y
12.7763    15.6735   
17.9233    38.9950   
18.5276    26.4849   
1.3039     31.5250   
2.7393     13.2345   
16.1943    4.3865    

# Frame458

# x        y
12.7765    15.6737   
17.9233    38.9950   
18.5276    26.4849   
1.3039     31.5250   
2.7393     13.2345   
16.1943    4.3865    

# Frame459

# x        y
12.7767    15.6738   
17.9233    38.9950   
18.5276    26.4849   
1.3039     31.5250   
2.7393     13.2345   
16.1943    4.3865    

# Frame460

# x        y
12.7769    15.6740   
17.9233    38.9950   
18.5276    26.4849   
1.3039     31.5250   
2.7393     13.2345   
16.1943    4.3865    

# Frame461

# x        y
12.7770    15.6742   
17.9233    38.9950   
18.5276    26.4849   
1.3039     31.5250   
2.7393     13.2345   
16.1943    4.3865    

# Frame462

# x        y
12.7772    15.6743   
17.9233    38.9950   
18.5276    26.4849   
1.3039     31.5250   
2.7393     13.2345   
16.1943    4.3865    

# Frame463

# x        y
12.7774    15.6745   
17.9233    38.9950   
18.5276    26.4849   
1.3039     31.5250   
2.7393     13.2345   
16.1943    4.3865    

# Frame464

# x        y
12.7775    15.6746   
17.9233    38.9950   
18.5276    26.4849   
1.3039     31.5250   
2.7393     13.2345   
16.1943    4.3865    

# Frame465

# x        y
12.7777    15.6748   
17.9233    38.9950   
18.5276    26.4849   
1.3039     31.5250   
2.7393     13.2345   
16.1943    4.3865    

# Frame466

# x        y
12.7779    15.6749   
17.9233    38.9950   
18.5276    26.4849   
1.3039     31.5250   
2.7393     13.2345   
16.1943    4.3865    

# Frame467

# x        y
12.7780    15.6750   
17.9233    38.9950   
18.5276    26.4849   
1.3039     31.5250   
2.7393     13.2345   
16.1943    4.3865    

# Frame468

# x        y
12.7782    15.6752   
17.9233    38.9950   
18.5276    26.4849   
1.3039     31.5250   
2.7393     13.2345   
16.1943    4.3865    

# Frame469

# x        y
12.7783    15.6753   
17.9233    38.9950   
18.5276    26.4849   
1.3039     31.5250   
2.7393     13.2345   
16.1943    4.3865    

# Frame470

# x        y
12.7785    15.6755   
17.9233    38.9950   
18.5276    26.4849   
1.3039     31.5250   
2.7393     13.2345   
16.1943    4.3865    

# Frame471

# x        y
12.7786    15.6756   
17.9233    38.9950   
18.5276    26.4849   
1.3039     31.5250   
2.7393     13.2345   
16.1943    4.3865    

# Frame472

# x        y
12.7788    15.6757   
17.9233    38.9950   
18.5276    26.4849   
1.3039     31.5250   
2.7393     13.2345   
16.1943    4.3865    

# Frame473

# x        y
12.7789    15.6758   
17.9233    38.9950   
18.5276    26.4849   
1.3039     31.5250   
2.7393     13.2345   
16.1943    4.3865    

# Frame474

# x        y
12.7790    15.6760   
17.9233    38.9950   
18.5276    26.4849   
1.3039     31.5250   
2.7393     13.2345   
16.1943    4.3865    

# Frame475

# x        y
12.7792    15.6761   
17.9233    38.9950   
18.5276    26.4849   
1.3039     31.5250   
2.7393     13.2345   
16.1943    4.3865    

# Frame476

# x        y
12.7793    15.6762   
17.9233    38.9950   
18.5276    26.4849   
1.3039     31.5250   
2.7393     13.2345   
16.1943    4.3865    

# Frame477

# x        y
12.7794    15.6763   
17.9233    38.9950   
18.5276    26.4849   
1.3039     31.5250   
2.7393     13.2345   
16.1943    4.3865    

# Frame478

# x        y
12.7796    15.6765   
17.9233    38.9950   
18.5276    26.4849   
1.3039     31.5250   
2.7393     13.2345   
16.1943    4.3865    

# Frame479

# x        y
12.7797    15.6766   
17.9233    38.9950   
18.5276    26.4849   
1.3039     31.5250   
2.7393     13.2345   
16.1943    4.3865    

# Frame480

# x        y
12.7798    15.6767   
17.9233    38.9950   
18.5276    26.4849   
1.3039     31.5250   
2.7393     13.2345   
16.1943    4.3865    

# Frame481

# x        y
12.7800    15.6768   
17.9233    38.9950   
18.5276    26.4849   
1.3039     31.5250   
2.7393     13.2345   
16.1943    4.3865    

# Frame482

# x        y
12.7801    15.6769   
17.9233    38.9950   
18.5276    26.4849   
1.3039     31.5250   
2.7393     13.2345   
16.1943    4.3865    

# Frame483

# x        y
12.7802    15.6770   
17.9233    38.9950   
18.5276    26.4849   
1.3039     31.5250   
2.7393     13.2345   
16.1943    4.3865    

# Frame484

# x        y
12.7803    15.6771   
17.9233    38.9950   
18.5276    26.4849   
1.3039     31.5250   
2.7393     13.2345   
16.1943    4.3865    

# Frame485

# x        y
12.7804    15.6772   
17.9233    38.9950   
18.5276    26.4849   
1.3039     31.5250   
2.7393     13.2345   
16.1943    4.3865    

# Frame486

# x        y
12.7805    15.6773   
17.9233    38.9950   
18.5276    26.4849   
1.3039     31.5250   
2.7393     13.2345   
16.1943    4.3865    

# Frame487

# x        y
12.7807    15.6774   
17.9233    38.9950   
18.5276    26.4849   
1.3039     31.5250   
2.7393     13.2345   
16.1943    4.3865    

# Frame488

# x        y
12.7808    15.6775   
17.9233    38.9950   
18.5276    26.4849   
1.3039     31.5250   
2.7393     13.2345   
16.1943    4.3865    

# Frame489

# x        y
12.7809    15.6776   
17.9233    38.9950   
18.5276    26.4849   
1.3039     31.5250   
2.7393     13.2345   
16.1943    4.3865    

# Frame490

# x        y
12.7810    15.6777   
17.9233    38.9950   
18.5276    26.4849   
1.3039     31.5250   
2.7393     13.2345   
16.1943    4.3865    

# Frame491

# x        y
12.7811    15.6778   
17.9233    38.9950   
18.5276    26.4849   
1.3039     31.5250   
2.7393     13.2345   
16.1943    4.3865    

# Frame492

# x        y
12.7812    15.6779   
17.9233    38.9950   
18.5276    26.4849   
1.3039     31.5250   
2.7393     13.2345   
16.1943    4.3865    

# Frame493

# x        y
12.7813    15.6780   
17.9233    38.9950   
18.5276    26.4849   
1.3039     31.5250   
2.7393     13.2345   
16.1943    4.3865    

# Frame494

# x        y
12.7814    15.6781   
17.9233    38.9950   
18.5276    26.4849   
1.3039     31.5250   
2.7393     13.2345   
16.1943    4.3865    

# Frame495

# x        y
12.7815    15.6782   
17.9233    38.9950   
18.5276    26.4849   
1.3039     31.5250   
2.7393     13.2345   
16.1943    4.3865    

# Frame496

# x        y
12.7816    15.6783   
17.9233    38.9950   
18.5276    26.4849   
1.3039     31.5250   
2.7393     13.2345   
16.1943    4.3865    

# Frame497

# x        y
12.7817    15.6784   
17.9233    38.9950   
18.5276    26.4849   
1.3039     31.5250   
2.7393     13.2345   
16.1943    4.3865    

# Frame498

# x        y
12.7818    15.6785   
17.9233    38.9950   
18.5276    26.4849   
1.3039     31.5250   
2.7393     13.2345   
16.1943    4.3865    

# Frame499

# x        y
12.7819    15.6785   
17.9233    38.9950   
18.5276    26.4849   
1.3039     31.5250   
2.7393     13.2345   
16.1943    4.3865    

# Frame500

# x        y
12.7819    15.6786   
17.9233    38.9950   
18.5276    26.4849   
1.3039     31.5250   
2.7393     13.2345   
16.1943    4.3865    

# Frame501

# x        y
12.7820    15.6787   
17.9233    38.9950   
18.5276    26.4849   
1.3039     31.5250   
2.7393     13.2345   
16.1943    4.3865    

# Frame502

# x        y
12.7821    15.6788   
17.9233    38.9950   
18.5276    26.4849   
1.3039     31.5250   
2.7393     13.2345   
16.1943    4.3865    

# Frame503

# x        y
12.7822    15.6789   
17.9233    38.9950   
18.5276    26.4849   
1.3039     31.5250   
2.7393     13.2345   
16.1943    4.3865    

# Frame504

# x        y
12.7823    15.6789   
17.9233    38.9950   
18.5276    26.4849   
1.3039     31.5250   
2.7393     13.2345   
16.1943    4.3865    

# Frame505

# x        y
12.7824    15.6790   
17.9233    38.9950   
18.5276    26.4849   
1.3039     31.5250   
2.7393     13.2345   
16.1943    4.3865    

# Frame506

# x        y
12.7824    15.6791   
17.9233    38.9950   
18.5276    26.4849   
1.3039     31.5250   
2.7393     13.2345   
16.1943    4.3865    

# Frame507

# x        y
12.7825    15.6792   
17.9233    38.9950   
18.5276    26.4849   
1.3039     31.5250   
2.7393     13.2345   
16.1943    4.3865    

# Frame508

# x        y
12.7826    15.6792   
17.9233    38.9950   
18.5276    26.4849   
1.3039     31.5250   
2.7393     13.2345   
16.1943    4.3865    

# Frame509

# x        y
12.7827    15.6793   
17.9233    38.9950   
18.5276    26.4849   
1.3039     31.5250   
2.7393     13.2345   
16.1943    4.3865    

# Frame510

# x        y
12.7828    15.6794   
17.9233    38.9950   
18.5276    26.4849   
1.3039     31.5250   
2.7393     13.2345   
16.1943    4.3865    

# Frame511

# x        y
12.7828    15.6794   
17.9233    38.9950   
18.5276    26.4849   
1.3039     31.5250   
2.7393     13.2345   
16.1943    4.3865    

# Frame512

