# x        y
2.2133     25.7254   
1.8646     21.9219   
12.0888    7.6442    
18.0190    34.0801   
4.0175     14.8282   
11.9420    3.5553    

# Frame1

# x        y
1.0867     27.1139   
1.8646     21.9219   
12.0888    7.6442    
18.0190    34.0801   
4.0175     14.8282   
11.9420    3.5553    

# Frame2

# x        y
1.7661     28.0601   
1.8646     21.9219   
12.0888    7.6442    
18.0190    34.0801   
4.0175     14.8282   
11.9420    3.5553    

# Frame3

# x        y
2.4342     28.9904   
1.8646     21.9219   
12.0888    7.6442    
18.0190    34.0801   
4.0175     14.8282   
11.9420    3.5553    

# Frame4

# x        y
3.0912     29.9053   
1.8646     21.9219   
12.0888    7.6442    
18.0190    34.0801   
4.0175     14.8282   
11.9420    3.5553    

# Frame5

# x        y
3.7373     30.8050   
1.8646     21.9219   
12.0888    7.6442    
18.0190    34.0801   
4.0175     14.8282   
11.9420    3.5553    

# Frame6

# x        y
4.3725     31.6896   
1.8646     21.9219   
12.0888    7.6442    
18.0190    34.0801   
4.0175     14.8282   
11.9420    3.5553    

# Frame7

# x        y
4.9972     32.5595   
1.8646     21.9219   
12.0888    7.6442    
18.0190    34.0801   
4.0175     14.8282   
11.9420    3.5553    

# Frame8

# x        y
5.6115     33.4149   
1.8646     21.9219   
12.0888    7.6442    
18.0190    34.0801   
4.0175     14.8282   
11.9420    3.5553    

# Frame9

# x        y
6.2155     34.2560   
1.8646     21.9219   
12.0888    7.6442    
18.0190    34.0801   
4.0175     14.8282   
11.9420    3.5553    

# Frame10

# x        y
6.8095     35.0832   
1.8646     21.9219   
12.0888    7.6442    
18.0190    34.0801   
4.0175     14.8282   
11.9420    3.5553    

# Frame11

# x        y
7.3935     35.8965   
1.8646     21.9219   
12.0888    7.6442    
18.0190    34.0801   
4.0175     14.8282   
11.9420    3.5553    

# Frame12

# x        y
7.9679     36.6963   
1.8646     21.9219   
12.0888    7.6442    
18.0190    34.0801   
4.0175     14.8282   
11.9420    3.5553    

# Frame13

# x        y
8.5326     37.4827   
1.8646     21.9219   
12.0888    7.6442    
18.0190    34.0801   
4.0175     14.8282   
11.9420    3.5553    

# Frame14

# x        y
9.0880     38.2561   
1.8646     21.9219   
12.0888    7.6442    
18.0190    34.0801   
4.0175     14.8282   
11.9420    3.5553    

# Frame15

# x        y
9.6343     38.9894   
1.8646     21.9219   
12.0888    7.6442    
18.0190    34.0801   
4.0175     14.8282   
11.9420    3.5553    

# Frame16

# x        y
10.1886    38.6155   
1.8646     21.9219   
12.0888    7.6442    
18.0190    34.0801   
4.0175     14.8282   
11.9420    3.5553    

# Frame17

# x        y
10.7336    38.2478   
1.8646     21.9219   
12.0888    7.6442    
18.0190    34.0801   
4.0175     14.8282   
11.9420    3.5553    

# Frame18

# x        y
11.2696    37.8863   
1.8646     21.9219   
12.0888    7.6442    
18.0190    34.0801   
4.0175     14.8282   
11.9420    3.5553    

# Frame19

# x        y
11.7966    37.5308   
1.8646     21.9219   
12.0888    7.6442    
18.0190    34.0801   
4.0175     14.8282   
11.9420    3.5553    

# Frame20

# x        y
12.3148    37.1812   
1.8646     21.9219   
12.0888    7.6442    
18.0190    34.0801   
4.0175     14.8282   
11.9420    3.5553    

# Frame21

# x        y
12.8244    36.8375   
1.8646     21.9219   
12.0888    7.6442    
18.0190    34.0801   
4.0175     14.8282   
11.9420    3.5553    

# Frame22

# x        y
13.3255    36.4995   
1.8646     21.9219   
12.0888    7.6442    
18.0190    34.0801   
4.0175     14.8282   
11.9420    3.5553    

# Frame23

# x        y
13.8182    36.1671   
1.8646     21.9219   
12.0888    7.6442    
18.0190    34.0801   
4.0175     14.8282   
11.9420    3.5553    

# Frame24

# x        y
14.3027    35.8402   
1.8646     21.9219   
12.0888    7.6442    
18.0190    34.0801   
4.0175     14.8282   
11.9420    3.5553    

# Frame25

# x        y
14.7792    35.5188   
1.8646     21.9219   
12.0888    7.6442    
18.0190    34.0801   
4.0175     14.8282   
11.9420    3.5553    

# Frame26

# x        y
15.2477    35.2028   
1.8646     21.9219   
12.0888    7.6442    
18.0190    34.0801   
4.0175     14.8282   
11.9420    3.5553    

# Frame27

# x        y
15.7084    34.8920   
1.8646     21.9219   
12.0888    7.6442    
18.0190    34.0801   
4.0175     14.8282   
11.9420    3.5553    

# Frame28

# x        y
16.1128    34.5963   
1.8646     21.9219   
12.0888    7.6442    
18.0677    34.0701   
4.0175     14.8282   
11.9420    3.5553    

# Frame29

# x        y
16.1813    34.3698   
1.8646     21.9219   
12.0888    7.6442    
18.4447    33.9961   
4.0175     14.8282   
11.9420    3.5553    

# Frame30

# x        y
16.2486    34.1471   
1.8646     21.9219   
12.0888    7.6442    
18.8154    33.9233   
4.0175     14.8282   
11.9420    3.5553    

# Frame31

# x        y
16.3148    33.9282   
1.8646     21.9219   
12.0888    7.6442    
18.9081    33.8725   
4.0175     14.8282   
11.9420    3.5553    

# Frame32

# x        y
16.3799    33.7128   
1.8646     21.9219   
12.0888    7.6442    
18.7289    33.8446   
4.0175     14.8282   
11.9420    3.5553    

# Frame33

# x        y
16.4439    33.5011   
1.8646     21.9219   
12.0888    7.6442    
18.5526    33.8173   
4.0175     14.8282   
11.9420    3.5553    

# Frame34

# x        y
16.4673    33.2819   
1.8646     21.9219   
12.0888    7.6442    
18.4189    33.8013   
4.0175     14.8282   
11.9420    3.5553    

# Frame35

# x        y
16.3950    33.0392   
1.8646     21.9219   
12.0888    7.6442    
18.3826    33.8128   
4.0175     14.8282   
11.9420    3.5553    

# Frame36

# x        y
16.3239    32.8006   
1.8646     21.9219   
12.0888    7.6442    
18.3470    33.8240   
4.0175     14.8282   
11.9420    3.5553    

# Frame37

# x        y
16.2539    32.5660   
1.8646     21.9219   
12.0888    7.6442    
18.3120    33.8351   
4.0175     14.8282   
11.9420    3.5553    

# Frame38

# x        y
16.1852    32.3353   
1.8646     21.9219   
12.0888    7.6442    
18.2775    33.8460   
4.0175     14.8282   
11.9420    3.5553    

# Frame39

# x        y
16.1176    32.1084   
1.8646     21.9219   
12.0888    7.6442    
18.2436    33.8567   
4.0175     14.8282   
11.9420    3.5553    

# Frame40

# x        y
16.0511    31.8853   
1.8646     21.9219   
12.0888    7.6442    
18.2103    33.8672   
4.0175     14.8282   
11.9420    3.5553    

# Frame41

# x        y
15.9857    31.6659   
1.8646     21.9219   
12.0888    7.6442    
18.1776    33.8775   
4.0175     14.8282   
11.9420    3.5553    

# Frame42

# x        y
15.9215    31.4502   
1.8646     21.9219   
12.0888    7.6442    
18.1453    33.8877   
4.0175     14.8282   
11.9420    3.5553    

# Frame43

# x        y
15.8583    31.2380   
1.8646     21.9219   
12.0888    7.6442    
18.1137    33.8977   
4.0175     14.8282   
11.9420    3.5553    

# Frame44

# x        y
15.7961    31.0295   
1.8646     21.9219   
12.0888    7.6442    
18.0825    33.9075   
4.0175     14.8282   
11.9420    3.5553    

# Frame45

# x        y
15.7350    30.8243   
1.8646     21.9219   
12.0888    7.6442    
18.0519    33.9172   
4.0175     14.8282   
11.9420    3.5553    

# Frame46

# x        y
15.6749    30.6226   
1.8646     21.9219   
12.0888    7.6442    
18.0218    33.9267   
4.0175     14.8282   
11.9420    3.5553    

# Frame47

# x        y
15.6158    30.4243   
1.8646     21.9219   
12.0888    7.6442    
17.9922    33.9361   
4.0175     14.8282   
11.9420    3.5553    

# Frame48

# x        y
15.5577    30.2293   
1.8646     21.9219   
12.0888    7.6442    
17.9630    33.9453   
4.0175     14.8282   
11.9420    3.5553    

# Frame49

# x        y
15.5005    30.0375   
1.8646     21.9219   
12.0888    7.6442    
17.9344    33.9543   
4.0175     14.8282   
11.9420    3.5553    

# Frame50

# x        y
15.4443    29.8489   
1.8646     21.9219   
12.0888    7.6442    
17.9062    33.9632   
4.0175     14.8282   
11.9420    3.5553    

# Frame51

# x        y
15.3891    29.6635   
1.8646     21.9219   
12.0888    7.6442    
17.8785    33.9720   
4.0175     14.8282   
11.9420    3.5553    

# Frame52

# x        y
15.3347    29.4811   
1.8646     21.9219   
12.0888    7.6442    
17.8513    33.9805   
4.0175     14.8282   
11.9420    3.5553    

# Frame53

# x        y
15.2813    29.3018   
1.8646     21.9219   
12.0888    7.6442    
17.8245    33.9890   
4.0175     14.8282   
11.9420    3.5553    

# Frame54

# x        y
15.2288    29.1255   
1.8646     21.9219   
12.0888    7.6442    
17.7982    33.9973   
4.0175     14.8282   
11.9420    3.5553    

# Frame55

# x        y
15.1771    28.9521   
1.8646     21.9219   
12.0888    7.6442    
17.7723    34.0055   
4.0175     14.8282   
11.9420    3.5553    

# Frame56

# x        y
15.1263    28.7816   
1.8646     21.9219   
12.0888    7.6442    
17.7469    34.0135   
4.0175     14.8282   
11.9420    3.5553    

# Frame57

# x        y
15.0764    28.6140   
1.8646     21.9219   
12.0888    7.6442    
17.7218    34.0214   
4.0175     14.8282   
11.9420    3.5553    

# Frame58

# x        y
15.0272    28.4491   
1.8646     21.9219   
12.0888    7.6442    
17.6972    34.0292   
4.0175     14.8282   
11.9420    3.5553    

# Frame59

# x        y
14.9789    28.2870   
1.8646     21.9219   
12.0888    7.6442    
17.6730    34.0369   
4.0175     14.8282   
11.9420    3.5553    

# Frame60

# x        y
14.9314    28.1276   
1.8646     21.9219   
12.0888    7.6442    
17.6492    34.0444   
4.0175     14.8282   
11.9420    3.5553    

# Frame61

# x        y
14.8847    27.9708   
1.8646     21.9219   
12.0888    7.6442    
17.6258    34.0518   
4.0175     14.8282   
11.9420    3.5553    

# Frame62

# x        y
14.8388    27.8167   
1.8646     21.9219   
12.0888    7.6442    
17.6028    34.0590   
4.0175     14.8282   
11.9420    3.5553    

# Frame63

# x        y
14.7936    27.6651   
1.8646     21.9219   
12.0888    7.6442    
17.5801    34.0662   
4.0175     14.8282   
11.9420    3.5553    

# Frame64

# x        y
14.7492    27.5161   
1.8646     21.9219   
12.0888    7.6442    
17.5579    34.0732   
4.0175     14.8282   
11.9420    3.5553    

# Frame65

# x        y
14.7056    27.3695   
1.8646     21.9219   
12.0888    7.6442    
17.5360    34.0801   
4.0175     14.8282   
11.9420    3.5553    

# Frame66

# x        y
14.6626    27.2254   
1.8646     21.9219   
12.0888    7.6442    
17.5145    34.0869   
4.0175     14.8282   
11.9420    3.5553    

# Frame67

# x        y
14.6204    27.0837   
1.8646     21.9219   
12.0888    7.6442    
17.4933    34.0936   
4.0175     14.8282   
11.9420    3.5553    

# Frame68

# x        y
14.5789    26.9443   
1.8646     21.9219   
12.0888    7.6442    
17.4725    34.1002   
4.0175     14.8282   
11.9420    3.5553    

# Frame69

# x        y
14.5380    26.8073   
1.8646     21.9219   
12.0888    7.6442    
17.4520    34.1067   
4.0175     14.8282   
11.9420    3.5553    

# Frame70

# x        y
14.4979    26.6725   
1.8646     21.9219   
12.0888    7.6442    
17.4319    34.1130   
4.0175     14.8282   
11.9420    3.5553    

# Frame71

# x        y
14.4584    26.5400   
1.8646     21.9219   
12.0888    7.6442    
17.4121    34.1193   
4.0175     14.8282   
11.9420    3.5553    

# Frame72

# x        y
14.4196    26.4097   
1.8646     21.9219   
12.0888    7.6442    
17.3927    34.1254   
4.0175     14.8282   
11.9420    3.5553    

# Frame73

# x        y
14.3814    26.2816   
1.8646     21.9219   
12.0888    7.6442    
17.3735    34.1314   
4.0175     14.8282   
11.9420    3.5553    

# Frame74

# x        y
14.3439    26.1556   
1.8646     21.9219   
12.0888    7.6442    
17.3547    34.1374   
4.0175     14.8282   
11.9420    3.5553    

# Frame75

# x        y
14.3069    26.0317   
1.8646     21.9219   
12.0888    7.6442    
17.3362    34.1432   
4.0175     14.8282   
11.9420    3.5553    

# Frame76

# x        y
14.2706    25.9099   
1.8646     21.9219   
12.0888    7.6442    
17.3180    34.1490   
4.0175     14.8282   
11.9420    3.5553    

# Frame77

# x        y
14.2349    25.7901   
1.8646     21.9219   
12.0888    7.6442    
17.3001    34.1546   
4.0175     14.8282   
11.9420    3.5553    

# Frame78

# x        y
14.1998    25.6723   
1.8646     21.9219   
12.0888    7.6442    
17.2826    34.1602   
4.0175     14.8282   
11.9420    3.5553    

# Frame79

# x        y
14.1653    25.5565   
1.8646     21.9219   
12.0888    7.6442    
17.2653    34.1656   
4.0175     14.8282   
11.9420    3.5553    

# Frame80

# x        y
14.1314    25.4426   
1.8646     21.9219   
12.0888    7.6442    
17.2483    34.1710   
4.0175     14.8282   
11.9420    3.5553    

# Frame81

# x        y
14.0980    25.3306   
1.8646     21.9219   
12.0888    7.6442    
17.2315    34.1763   
4.0175     14.8282   
11.9420    3.5553    

# Frame82

# x        y
14.0652    25.2205   
1.8646     21.9219   
12.0888    7.6442    
17.2151    34.1815   
4.0175     14.8282   
11.9420    3.5553    

# Frame83

# x        y
14.0329    25.1122   
1.8646     21.9219   
12.0888    7.6442    
17.1989    34.1866   
4.0175     14.8282   
11.9420    3.5553    

# Frame84

# x        y
14.0012    25.0057   
1.8646     21.9219   
12.0888    7.6442    
17.1830    34.1916   
4.0175     14.8282   
11.9420    3.5553    

# Frame85

# x        y
13.9700    24.9009   
1.8646     21.9219   
12.0888    7.6442    
17.1674    34.1966   
4.0175     14.8282   
11.9420    3.5553    

# Frame86

# x        y
13.9393    24.7980   
1.8646     21.9219   
12.0888    7.6442    
17.1520    34.2014   
4.0175     14.8282   
11.9420    3.5553    

# Frame87

# x        y
13.9091    24.6967   
1.8646     21.9219   
12.0888    7.6442    
17.1369    34.2062   
4.0175     14.8282   
11.9420    3.5553    

# Frame88

# x        y
13.8795    24.5971   
1.8646     21.9219   
12.0888    7.6442    
17.1220    34.2109   
4.0175     14.8282   
11.9420    3.5553    

# Frame89

# x        y
13.8503    24.4992   
1.8646     21.9219   
12.0888    7.6442    
17.1074    34.2155   
4.0175     14.8282   
11.9420    3.5553    

# Frame90

# x        y
13.8216    24.4030   
1.8646     21.9219   
12.0888    7.6442    
17.0930    34.2200   
4.0175     14.8282   
11.9420    3.5553    

# Frame91

# x        y
13.7934    24.3083   
1.8646     21.9219   
12.0888    7.6442    
17.0789    34.2245   
4.0175     14.8282   
11.9420    3.5553    

# Frame92

# x        y
13.7657    24.2152   
1.8646     21.9219   
12.0888    7.6442    
17.0650    34.2289   
4.0175     14.8282   
11.9420    3.5553    

# Frame93

# x        y
13.7384    24.1236   
1.8646     21.9219   
12.0888    7.6442    
17.0513    34.2332   
4.0175     14.8282   
11.9420    3.5553    

# Frame94

# x        y
13.7116    24.0336   
1.8646     21.9219   
12.0888    7.6442    
17.0378    34.2375   
4.0175     14.8282   
11.9420    3.5553    

# Frame95

# x        y
13.6852    23.9451   
1.8646     21.9219   
12.0888    7.6442    
17.0246    34.2416   
4.0175     14.8282   
11.9420    3.5553    

# Frame96

# x        y
13.6592    23.8581   
1.8646     21.9219   
12.0888    7.6442    
17.0116    34.2457   
4.0175     14.8282   
11.9420    3.5553    

# Frame97

# x        y
13.6337    23.7725   
1.8646     21.9219   
12.0888    7.6442    
16.9989    34.2498   
4.0175     14.8282   
11.9420    3.5553    

# Frame98

# x        y
13.6087    23.6883   
1.8646     21.9219   
12.0888    7.6442    
16.9863    34.2537   
4.0175     14.8282   
11.9420    3.5553    

# Frame99

# x        y
13.5840    23.6055   
1.8646     21.9219   
12.0888    7.6442    
16.9739    34.2577   
4.0175     14.8282   
11.9420    3.5553    

# Frame100

# x        y
13.5598    23.5241   
1.8646     21.9219   
12.0888    7.6442    
16.9618    34.2615   
4.0175     14.8282   
11.9420    3.5553    

# Frame101

# x        y
13.5359    23.4441   
1.8646     21.9219   
12.0888    7.6442    
16.9498    34.2653   
4.0175     14.8282   
11.9420    3.5553    

# Frame102

# x        y
13.5125    23.3654   
1.8646     21.9219   
12.0888    7.6442    
16.9381    34.2690   
4.0175     14.8282   
11.9420    3.5553    

# Frame103

# x        y
13.4894    23.2880   
1.8646     21.9219   
12.0888    7.6442    
16.9265    34.2726   
4.0175     14.8282   
11.9420    3.5553    

# Frame104

# x        y
13.4667    23.2119   
1.8646     21.9219   
12.0888    7.6442    
16.9152    34.2762   
4.0175     14.8282   
11.9420    3.5553    

# Frame105

# x        y
13.4444    23.1371   
1.8646     21.9219   
12.0888    7.6442    
16.9040    34.2797   
4.0175     14.8282   
11.9420    3.5553    

# Frame106

# x        y
13.4225    23.0635   
1.8646     21.9219   
12.0888    7.6442    
16.8930    34.2832   
4.0175     14.8282   
11.9420    3.5553    

# Frame107

# x        y
13.4009    22.9912   
1.8646     21.9219   
12.0888    7.6442    
16.8822    34.2866   
4.0175     14.8282   
11.9420    3.5553    

# Frame108

# x        y
13.3797    22.9200   
1.8646     21.9219   
12.0888    7.6442    
16.8716    34.2900   
4.0175     14.8282   
11.9420    3.5553    

# Frame109

# x        y
13.3589    22.8501   
1.8646     21.9219   
12.0888    7.6442    
16.8611    34.2933   
4.0175     14.8282   
11.9420    3.5553    

# Frame110

# x        y
13.3384    22.7813   
1.8646     21.9219   
12.0888    7.6442    
16.8508    34.2965   
4.0175     14.8282   
11.9420    3.5553    

# Frame111

# x        y
13.3182    22.7136   
1.8646     21.9219   
12.0888    7.6442    
16.8407    34.2997   
4.0175     14.8282   
11.9420    3.5553    

# Frame112

# x        y
13.2984    22.6471   
1.8646     21.9219   
12.0888    7.6442    
16.8308    34.3028   
4.0175     14.8282   
11.9420    3.5553    

# Frame113

# x        y
13.2789    22.5817   
1.8646     21.9219   
12.0888    7.6442    
16.8210    34.3059   
4.0175     14.8282   
11.9420    3.5553    

# Frame114

# x        y
13.2598    22.5174   
1.8646     21.9219   
12.0888    7.6442    
16.8114    34.3090   
4.0175     14.8282   
11.9420    3.5553    

# Frame115

# x        y
13.2409    22.4541   
1.8646     21.9219   
12.0888    7.6442    
16.8020    34.3120   
4.0175     14.8282   
11.9420    3.5553    

# Frame116

# x        y
13.2224    22.3919   
1.8646     21.9219   
12.0888    7.6442    
16.7927    34.3149   
4.0175     14.8282   
11.9420    3.5553    

# Frame117

# x        y
13.2042    22.3308   
1.8646     21.9219   
12.0888    7.6442    
16.7836    34.3178   
4.0175     14.8282   
11.9420    3.5553    

# Frame118

# x        y
13.1862    22.2706   
1.8646     21.9219   
12.0888    7.6442    
16.7746    34.3206   
4.0175     14.8282   
11.9420    3.5553    

# Frame119

# x        y
13.1686    22.2115   
1.8646     21.9219   
12.0888    7.6442    
16.7658    34.3234   
4.0175     14.8282   
11.9420    3.5553    

# Frame120

# x        y
13.1513    22.1534   
1.8646     21.9219   
12.0888    7.6442    
16.7571    34.3261   
4.0175     14.8282   
11.9420    3.5553    

# Frame121

# x        y
13.1343    22.0962   
1.8646     21.9219   
12.0888    7.6442    
16.7485    34.3288   
4.0175     14.8282   
11.9420    3.5553    

# Frame122

# x        y
13.1175    22.0399   
1.8646     21.9219   
12.0888    7.6442    
16.7401    34.3315   
4.0175     14.8282   
11.9420    3.5553    

# Frame123

# x        y
13.1010    21.9847   
1.8646     21.9219   
12.0888    7.6442    
16.7319    34.3341   
4.0175     14.8282   
11.9420    3.5553    

# Frame124

# x        y
13.0848    21.9303   
1.8646     21.9219   
12.0888    7.6442    
16.7238    34.3367   
4.0175     14.8282   
11.9420    3.5553    

# Frame125

# x        y
13.0689    21.8768   
1.8646     21.9219   
12.0888    7.6442    
16.7158    34.3392   
4.0175     14.8282   
11.9420    3.5553    

# Frame126

# x        y
13.0532    21.8242   
1.8646     21.9219   
12.0888    7.6442    
16.7079    34.3417   
4.0175     14.8282   
11.9420    3.5553    

# Frame127

# x        y
13.0378    21.7725   
1.8646     21.9219   
12.0888    7.6442    
16.7002    34.3441   
4.0175     14.8282   
11.9420    3.5553    

# Frame128

# x        y
13.0227    21.7217   
1.8646     21.9219   
12.0888    7.6442    
16.6926    34.3465   
4.0175     14.8282   
11.9420    3.5553    

# Frame129

# x        y
13.0078    21.6717   
1.8646     21.9219   
12.0888    7.6442    
16.6852    34.3488   
4.0175     14.8282   
11.9420    3.5553    

# Frame130

# x        y
12.9931    21.6226   
1.8646     21.9219   
12.0888    7.6442    
16.6778    34.3512   
4.0175     14.8282   
11.9420    3.5553    

# Frame131

# x        y
12.9787    21.5742   
1.8646     21.9219   
12.0888    7.6442    
16.6706    34.3534   
4.0175     14.8282   
11.9420    3.5553    

# Frame132

# x        y
12.9646    21.5267   
1.8646     21.9219   
12.0888    7.6442    
16.6635    34.3557   
4.0175     14.8282   
11.9420    3.5553    

# Frame133

# x        y
12.9506    21.4800   
1.8646     21.9219   
12.0888    7.6442    
16.6565    34.3579   
4.0175     14.8282   
11.9420    3.5553    

# Frame134

# x        y
12.9370    21.4340   
1.8646     21.9219   
12.0888    7.6442    
16.6497    34.3601   
4.0175     14.8282   
11.9420    3.5553    

# Frame135

# x        y
12.9235    21.3888   
1.8646     21.9219   
12.0888    7.6442    
16.6429    34.3622   
4.0175     14.8282   
11.9420    3.5553    

# Frame136

# x        y
12.9102    21.3444   
1.8646     21.9219   
12.0888    7.6442    
16.6363    34.3643   
4.0175     14.8282   
11.9420    3.5553    

# Frame137

# x        y
12.8972    21.3007   
1.8646     21.9219   
12.0888    7.6442    
16.6298    34.3663   
4.0175     14.8282   
11.9420    3.5553    

# Frame138

# x        y
12.8844    21.2577   
1.8646     21.9219   
12.0888    7.6442    
16.6233    34.3684   
4.0175     14.8282   
11.9420    3.5553    

# Frame139

# x        y
12.8718    21.2155   
1.8646     21.9219   
12.0888    7.6442    
16.6170    34.3704   
4.0175     14.8282   
11.9420    3.5553    

# Frame140

# x        y
12.8595    21.1739   
1.8646     21.9219   
12.0888    7.6442    
16.6108    34.3723   
4.0175     14.8282   
11.9420    3.5553    

# Frame141

# x        y
12.8473    21.1330   
1.8646     21.9219   
12.0888    7.6442    
16.6047    34.3743   
4.0175     14.8282   
11.9420    3.5553    

# Frame142

# x        y
12.8353    21.0929   
1.8646     21.9219   
12.0888    7.6442    
16.5987    34.3761   
4.0175     14.8282   
11.9420    3.5553    

# Frame143

# x        y
12.8235    21.0534   
1.8646     21.9219   
12.0888    7.6442    
16.5928    34.3780   
4.0175     14.8282   
11.9420    3.5553    

# Frame144

# x        y
12.8120    21.0145   
1.8646     21.9219   
12.0888    7.6442    
16.5870    34.3798   
4.0175     14.8282   
11.9420    3.5553    

# Frame145

# x        y
12.8006    20.9763   
1.8646     21.9219   
12.0888    7.6442    
16.5813    34.3816   
4.0175     14.8282   
11.9420    3.5553    

# Frame146

# x        y
12.7894    20.9387   
1.8646     21.9219   
12.0888    7.6442    
16.5757    34.3834   
4.0175     14.8282   
11.9420    3.5553    

# Frame147

# x        y
12.7784    20.9018   
1.8646     21.9219   
12.0888    7.6442    
16.5702    34.3852   
4.0175     14.8282   
11.9420    3.5553    

# Frame148

# x        y
12.7676    20.8655   
1.8646     21.9219   
12.0888    7.6442    
16.5648    34.3869   
4.0175     14.8282   
11.9420    3.5553    

# Frame149

# x        y
12.7569    20.8298   
1.8646     21.9219   
12.0888    7.6442    
16.5594    34.3886   
4.0175     14.8282   
11.9420    3.5553    

# Frame150

# x        y
12.7464    20.7946   
1.8646     21.9219   
12.0888    7.6442    
16.5542    34.3902   
4.0175     14.8282   
11.9420    3.5553    

# Frame151

# x        y
12.7362    20.7601   
1.8646     21.9219   
12.0888    7.6442    
16.5490    34.3918   
4.0175     14.8282   
11.9420    3.5553    

# Frame152

# x        y
12.7260    20.7261   
1.8646     21.9219   
12.0888    7.6442    
16.5440    34.3934   
4.0175     14.8282   
11.9420    3.5553    

# Frame153

# x        y
12.7161    20.6928   
1.8646     21.9219   
12.0888    7.6442    
16.5390    34.3950   
4.0175     14.8282   
11.9420    3.5553    

# Frame154

# x        y
12.7063    20.6599   
1.8646     21.9219   
12.0888    7.6442    
16.5341    34.3966   
4.0175     14.8282   
11.9420    3.5553    

# Frame155

# x        y
12.6967    20.6276   
1.8646     21.9219   
12.0888    7.6442    
16.5292    34.3981   
4.0175     14.8282   
11.9420    3.5553    

# Frame156

# x        y
12.6872    20.5959   
1.8646     21.9219   
12.0888    7.6442    
16.5245    34.3996   
4.0175     14.8282   
11.9420    3.5553    

# Frame157

# x        y
12.6779    20.5646   
1.8646     21.9219   
12.0888    7.6442    
16.5198    34.4011   
4.0175     14.8282   
11.9420    3.5553    

# Frame158

# x        y
12.6688    20.5339   
1.8646     21.9219   
12.0888    7.6442    
16.5153    34.4025   
4.0175     14.8282   
11.9420    3.5553    

# Frame159

# x        y
12.6598    20.5037   
1.8646     21.9219   
12.0888    7.6442    
16.5107    34.4039   
4.0175     14.8282   
11.9420    3.5553    

# Frame160

# x        y
12.6509    20.4741   
1.8646     21.9219   
12.0888    7.6442    
16.5063    34.4053   
4.0175     14.8282   
11.9420    3.5553    

# Frame161

# x        y
12.6422    20.4449   
1.8646     21.9219   
12.0888    7.6442    
16.5020    34.4067   
4.0175     14.8282   
11.9420    3.5553    

# Frame162

# x        y
12.6337    20.4162   
1.8646     21.9219   
12.0888    7.6442    
16.4977    34.4081   
4.0175     14.8282   
11.9420    3.5553    

# Frame163

# x        y
12.6253    20.3879   
1.8646     21.9219   
12.0888    7.6442    
16.4935    34.4094   
4.0175     14.8282   
11.9420    3.5553    

# Frame164

# x        y
12.6170    20.3602   
1.8646     21.9219   
12.0888    7.6442    
16.4893    34.4107   
4.0175     14.8282   
11.9420    3.5553    

# Frame165

# x        y
12.6089    20.3329   
1.8646     21.9219   
12.0888    7.6442    
16.4852    34.4120   
4.0175     14.8282   
11.9420    3.5553    

# Frame166

# x        y
12.6009    20.3060   
1.8646     21.9219   
12.0888    7.6442    
16.4812    34.4133   
4.0175     14.8282   
11.9420    3.5553    

# Frame167

# x        y
12.5930    20.2796   
1.8646     21.9219   
12.0888    7.6442    
16.4773    34.4145   
4.0175     14.8282   
11.9420    3.5553    

# Frame168

# x        y
12.5853    20.2537   
1.8646     21.9219   
12.0888    7.6442    
16.4734    34.4157   
4.0175     14.8282   
11.9420    3.5553    

# Frame169

# x        y
12.5777    20.2282   
1.8646     21.9219   
12.0888    7.6442    
16.4696    34.4169   
4.0175     14.8282   
11.9420    3.5553    

# Frame170

# x        y
12.5702    20.2031   
1.8646     21.9219   
12.0888    7.6442    
16.4659    34.4181   
4.0175     14.8282   
11.9420    3.5553    

# Frame171

# x        y
12.5628    20.1784   
1.8646     21.9219   
12.0888    7.6442    
16.4622    34.4193   
4.0175     14.8282   
11.9420    3.5553    

# Frame172

# x        y
12.5556    20.1541   
1.8646     21.9219   
12.0888    7.6442    
16.4585    34.4204   
4.0175     14.8282   
11.9420    3.5553    

# Frame173

# x        y
12.5485    20.1303   
1.8646     21.9219   
12.0888    7.6442    
16.4550    34.4215   
4.0175     14.8282   
11.9420    3.5553    

# Frame174

# x        y
12.5415    20.1068   
1.8646     21.9219   
12.0888    7.6442    
16.4515    34.4226   
4.0175     14.8282   
11.9420    3.5553    

# Frame175

# x        y
12.5346    20.0837   
1.8646     21.9219   
12.0888    7.6442    
16.4480    34.4237   
4.0175     14.8282   
11.9420    3.5553    

# Frame176

# x        y
12.5279    20.0610   
1.8646     21.9219   
12.0888    7.6442    
16.4446    34.4248   
4.0175     14.8282   
11.9420    3.5553    

# Frame177

# x        y
12.5212    20.0387   
1.8646     21.9219   
12.0888    7.6442    
16.4413    34.4259   
4.0175     14.8282   
11.9420    3.5553    

# Frame178

# x        y
12.5147    20.0168   
1.8646     21.9219   
12.0888    7.6442    
16.4380    34.4269   
4.0175     14.8282   
11.9420    3.5553    

# Frame179

# x        y
12.5082    19.9952   
1.8646     21.9219   
12.0888    7.6442    
16.4348    34.4279   
4.0175     14.8282   
11.9420    3.5553    

# Frame180

# x        y
12.5019    19.9740   
1.8646     21.9219   
12.0888    7.6442    
16.4316    34.4289   
4.0175     14.8282   
11.9420    3.5553    

# Frame181

# x        y
12.4957    19.9532   
1.8646     21.9219   
12.0888    7.6442    
16.4285    34.4299   
4.0175     14.8282   
11.9420    3.5553    

# Frame182

# x        y
12.4896    19.9326   
1.8646     21.9219   
12.0888    7.6442    
16.4255    34.4309   
4.0175     14.8282   
11.9420    3.5553    

# Frame183

# x        y
12.4836    19.9125   
1.8646     21.9219   
12.0888    7.6442    
16.4225    34.4318   
4.0175     14.8282   
11.9420    3.5553    

# Frame184

# x        y
12.4777    19.8926   
1.8646     21.9219   
12.0888    7.6442    
16.4195    34.4327   
4.0175     14.8282   
11.9420    3.5553    

# Frame185

# x        y
12.4719    19.8731   
1.8646     21.9219   
12.0888    7.6442    
16.4166    34.4337   
4.0175     14.8282   
11.9420    3.5553    

# Frame186

# x        y
12.4661    19.8540   
1.8646     21.9219   
12.0888    7.6442    
16.4137    34.4346   
4.0175     14.8282   
11.9420    3.5553    

# Frame187

# x        y
12.4605    19.8351   
1.8646     21.9219   
12.0888    7.6442    
16.4109    34.4355   
4.0175     14.8282   
11.9420    3.5553    

# Frame188

# x        y
12.4550    19.8166   
1.8646     21.9219   
12.0888    7.6442    
16.4081    34.4363   
4.0175     14.8282   
11.9420    3.5553    

# Frame189

# x        y
12.4496    19.7983   
1.8646     21.9219   
12.0888    7.6442    
16.4054    34.4372   
4.0175     14.8282   
11.9420    3.5553    

# Frame190

# x        y
12.4442    19.7804   
1.8646     21.9219   
12.0888    7.6442    
16.4027    34.4380   
4.0175     14.8282   
11.9420    3.5553    

# Frame191

# x        y
12.4390    19.7628   
1.8646     21.9219   
12.0888    7.6442    
16.4001    34.4389   
4.0175     14.8282   
11.9420    3.5553    

# Frame192

# x        y
12.4338    19.7454   
1.8646     21.9219   
12.0888    7.6442    
16.3975    34.4397   
4.0175     14.8282   
11.9420    3.5553    

# Frame193

# x        y
12.4287    19.7284   
1.8646     21.9219   
12.0888    7.6442    
16.3950    34.4405   
4.0175     14.8282   
11.9420    3.5553    

# Frame194

# x        y
12.4237    19.7116   
1.8646     21.9219   
12.0888    7.6442    
16.3925    34.4413   
4.0175     14.8282   
11.9420    3.5553    

# Frame195

# x        y
12.4188    19.6951   
1.8646     21.9219   
12.0888    7.6442    
16.3900    34.4421   
4.0175     14.8282   
11.9420    3.5553    

# Frame196

# x        y
12.4140    19.6789   
1.8646     21.9219   
12.0888    7.6442    
16.3876    34.4428   
4.0175     14.8282   
11.9420    3.5553    

# Frame197

# x        y
12.4092    19.6630   
1.8646     21.9219   
12.0888    7.6442    
16.3852    34.4436   
4.0175     14.8282   
11.9420    3.5553    

# Frame198

# x        y
12.4046    19.6473   
1.8646     21.9219   
12.0888    7.6442    
16.3829    34.4443   
4.0175     14.8282   
11.9420    3.5553    

# Frame199

# x        y
12.4000    19.6319   
1.8646     21.9219   
12.0888    7.6442    
16.3806    34.4450   
4.0175     14.8282   
11.9420    3.5553    

# Frame200

# x        y
12.3955    19.6167   
1.8646     21.9219   
12.0888    7.6442    
16.3783    34.4458   
4.0175     14.8282   
11.9420    3.5553    

# Frame201

# x        y
12.3910    19.6018   
1.8646     21.9219   
12.0888    7.6442    
16.3761    34.4465   
4.0175     14.8282   
11.9420    3.5553    

# Frame202

# x        y
12.3866    19.5872   
1.8646     21.9219   
12.0888    7.6442    
16.3739    34.4471   
4.0175     14.8282   
11.9420    3.5553    

# Frame203

# x        y
12.3824    19.5727   
1.8646     21.9219   
12.0888    7.6442    
16.3717    34.4478   
4.0175     14.8282   
11.9420    3.5553    

# Frame204

# x        y
12.3781    19.5586   
1.8646     21.9219   
12.0888    7.6442    
16.3696    34.4485   
4.0175     14.8282   
11.9420    3.5553    

# Frame205

# x        y
12.3740    19.5446   
1.8646     21.9219   
12.0888    7.6442    
16.3675    34.4491   
4.0175     14.8282   
11.9420    3.5553    

# Frame206

# x        y
12.3699    19.5309   
1.8646     21.9219   
12.0888    7.6442    
16.3655    34.4498   
4.0175     14.8282   
11.9420    3.5553    

# Frame207

# x        y
12.3659    19.5175   
1.8646     21.9219   
12.0888    7.6442    
16.3635    34.4504   
4.0175     14.8282   
11.9420    3.5553    

# Frame208

# x        y
12.3619    19.5042   
1.8646     21.9219   
12.0888    7.6442    
16.3615    34.4511   
4.0175     14.8282   
11.9420    3.5553    

# Frame209

# x        y
12.3581    19.4912   
1.8646     21.9219   
12.0888    7.6442    
16.3595    34.4517   
4.0175     14.8282   
11.9420    3.5553    

# Frame210

# x        y
12.3542    19.4784   
1.8646     21.9219   
12.0888    7.6442    
16.3576    34.4523   
4.0175     14.8282   
11.9420    3.5553    

# Frame211

# x        y
12.3505    19.4658   
1.8646     21.9219   
12.0888    7.6442    
16.3558    34.4529   
4.0175     14.8282   
11.9420    3.5553    

# Frame212

# x        y
12.3468    19.4534   
1.8646     21.9219   
12.0888    7.6442    
16.3539    34.4534   
4.0175     14.8282   
11.9420    3.5553    

# Frame213

# x        y
12.3432    19.4412   
1.8646     21.9219   
12.0888    7.6442    
16.3521    34.4540   
4.0175     14.8282   
11.9420    3.5553    

# Frame214

# x        y
12.3396    19.4292   
1.8646     21.9219   
12.0888    7.6442    
16.3503    34.4546   
4.0175     14.8282   
11.9420    3.5553    

# Frame215

# x        y
12.3361    19.4174   
1.8646     21.9219   
12.0888    7.6442    
16.3485    34.4551   
4.0175     14.8282   
11.9420    3.5553    

# Frame216

# x        y
12.3326    19.4059   
1.8646     21.9219   
12.0888    7.6442    
16.3468    34.4557   
4.0175     14.8282   
11.9420    3.5553    

# Frame217

# x        y
12.3292    19.3945   
1.8646     21.9219   
12.0888    7.6442    
16.3451    34.4562   
4.0175     14.8282   
11.9420    3.5553    

# Frame218

# x        y
12.3259    19.3833   
1.8646     21.9219   
12.0888    7.6442    
16.3434    34.4568   
4.0175     14.8282   
11.9420    3.5553    

# Frame219

# x        y
12.3226    19.3723   
1.8646     21.9219   
12.0888    7.6442    
16.3418    34.4573   
4.0175     14.8282   
11.9420    3.5553    

# Frame220

# x        y
12.3194    19.3614   
1.8646     21.9219   
12.0888    7.6442    
16.3402    34.4578   
4.0175     14.8282   
11.9420    3.5553    

# Frame221

# x        y
12.3162    19.3508   
1.8646     21.9219   
12.0888    7.6442    
16.3386    34.4583   
4.0175     14.8282   
11.9420    3.5553    

# Frame222

# x        y
12.3131    19.3403   
1.8646     21.9219   
12.0888    7.6442    
16.3370    34.4588   
4.0175     14.8282   
11.9420    3.5553    

# Frame223

# x        y
12.3100    19.3300   
1.8646     21.9219   
12.0888    7.6442    
16.3355    34.4593   
4.0175     14.8282   
11.9420    3.5553    

# Frame224

# x        y
12.3070    19.3199   
1.8646     21.9219   
12.0888    7.6442    
16.3340    34.4597   
4.0175     14.8282   
11.9420    3.5553    

# Frame225

# x        y
12.3040    19.3099   
1.8646     21.9219   
12.0888    7.6442    
16.3325    34.4602   
4.0175     14.8282   
11.9420    3.5553    

# Frame226

# x        y
12.3011    19.3001   
1.8646     21.9219   
12.0888    7.6442    
16.3310    34.4607   
4.0175     14.8282   
11.9420    3.5553    

# Frame227

# x        y
12.2983    19.2905   
1.8646     21.9219   
12.0888    7.6442    
16.3296    34.4611   
4.0175     14.8282   
11.9420    3.5553    

# Frame228

# x        y
12.2954    19.2810   
1.8646     21.9219   
12.0888    7.6442    
16.3282    34.4616   
4.0175     14.8282   
11.9420    3.5553    

# Frame229

# x        y
12.2927    19.2717   
1.8646     21.9219   
12.0888    7.6442    
16.3268    34.4620   
4.0175     14.8282   
11.9420    3.5553    

# Frame230

# x        y
12.2899    19.2626   
1.8646     21.9219   
12.0888    7.6442    
16.3254    34.4624   
4.0175     14.8282   
11.9420    3.5553    

# Frame231

# x        y
12.2873    19.2536   
1.8646     21.9219   
12.0888    7.6442    
16.3241    34.4629   
4.0175     14.8282   
11.9420    3.5553    

# Frame232

# x        y
12.2846    19.2447   
1.8646     21.9219   
12.0888    7.6442    
16.3227    34.4633   
4.0175     14.8282   
11.9420    3.5553    

# Frame233

# x        y
12.2820    19.2360   
1.8646     21.9219   
12.0888    7.6442    
16.3214    34.4637   
4.0175     14.8282   
11.9420    3.5553    

# Frame234

# x        y
12.2795    19.2274   
1.8646     21.9219   
12.0888    7.6442    
16.3202    34.4641   
4.0175     14.8282   
11.9420    3.5553    

# Frame235

# x        y
12.2770    19.2190   
1.8646     21.9219   
12.0888    7.6442    
16.3189    34.4645   
4.0175     14.8282   
11.9420    3.5553    

# Frame236

# x        y
12.2745    19.2108   
1.8646     21.9219   
12.0888    7.6442    
16.3177    34.4649   
4.0175     14.8282   
11.9420    3.5553    

# Frame237

# x        y
12.2721    19.2026   
1.8646     21.9219   
12.0888    7.6442    
16.3165    34.4653   
4.0175     14.8282   
11.9420    3.5553    

# Frame238

# x        y
12.2697    19.1946   
1.8646     21.9219   
12.0888    7.6442    
16.3153    34.4656   
4.0175     14.8282   
11.9420    3.5553    

# Frame239

# x        y
12.2673    19.1867   
1.8646     21.9219   
12.0888    7.6442    
16.3141    34.4660   
4.0175     14.8282   
11.9420    3.5553    

# Frame240

# x        y
12.2650    19.1790   
1.8646     21.9219   
12.0888    7.6442    
16.3129    34.4664   
4.0175     14.8282   
11.9420    3.5553    

# Frame241

# x        y
12.2628    19.1714   
1.8646     21.9219   
12.0888    7.6442    
16.3118    34.4667   
4.0175     14.8282   
11.9420    3.5553    

# Frame242

# x        y
12.2605    19.1639   
1.8646     21.9219   
12.0888    7.6442    
16.3107    34.4671   
4.0175     14.8282   
11.9420    3.5553    

# Frame243

# x        y
12.2583    19.1566   
1.8646     21.9219   
12.0888    7.6442    
16.3096    34.4674   
4.0175     14.8282   
11.9420    3.5553    

# Frame244

# x        y
12.2562    19.1493   
1.8646     21.9219   
12.0888    7.6442    
16.3085    34.4678   
4.0175     14.8282   
11.9420    3.5553    

# Frame245

# x        y
12.2541    19.1422   
1.8646     21.9219   
12.0888    7.6442    
16.3074    34.4681   
4.0175     14.8282   
11.9420    3.5553    

# Frame246

# x        y
12.2520    19.1352   
1.8646     21.9219   
12.0888    7.6442    
16.3064    34.4684   
4.0175     14.8282   
11.9420    3.5553    

# Frame247

# x        y
12.2499    19.1283   
1.8646     21.9219   
12.0888    7.6442    
16.3054    34.4688   
4.0175     14.8282   
11.9420    3.5553    

# Frame248

# x        y
12.2479    19.1216   
1.8646     21.9219   
12.0888    7.6442    
16.3043    34.4691   
4.0175     14.8282   
11.9420    3.5553    

# Frame249

# x        y
12.2459    19.1149   
1.8646     21.9219   
12.0888    7.6442    
16.3034    34.4694   
4.0175     14.8282   
11.9420    3.5553    

# Frame250

# x        y
12.2440    19.1084   
1.8646     21.9219   
12.0888    7.6442    
16.3024    34.4697   
4.0175     14.8282   
11.9420    3.5553    

# Frame251

# x        y
12.2421    19.1019   
1.8646     21.9219   
12.0888    7.6442    
16.3014    34.4700   
4.0175     14.8282   
11.9420    3.5553    

# Frame252

# x        y
12.2402    19.0956   
1.8646     21.9219   
12.0888    7.6442    
16.3005    34.4703   
4.0175     14.8282   
11.9420    3.5553    

# Frame253

# x        y
12.2383    19.0894   
1.8646     21.9219   
12.0888    7.6442    
16.2995    34.4706   
4.0175     14.8282   
11.9420    3.5553    

# Frame254

# x        y
12.2365    19.0833   
1.8646     21.9219   
12.0888    7.6442    
16.2986    34.4709   
4.0175     14.8282   
11.9420    3.5553    

# Frame255

# x        y
12.2347    19.0773   
1.8646     21.9219   
12.0888    7.6442    
16.2977    34.4712   
4.0175     14.8282   
11.9420    3.5553    

# Frame256

# x        y
12.2330    19.0713   
1.8646     21.9219   
12.0888    7.6442    
16.2968    34.4715   
4.0175     14.8282   
11.9420    3.5553    

# Frame257

# x        y
12.2312    19.0655   
1.8646     21.9219   
12.0888    7.6442    
16.2960    34.4717   
4.0175     14.8282   
11.9420    3.5553    

# Frame258

# x        y
12.2295    19.0598   
1.8646     21.9219   
12.0888    7.6442    
16.2951    34.4720   
4.0175     14.8282   
11.9420    3.5553    

# Frame259

# x        y
12.2278    19.0542   
1.8646     21.9219   
12.0888    7.6442    
16.2943    34.4723   
4.0175     14.8282   
11.9420    3.5553    

# Frame260

# x        y
12.2262    19.0487   
1.8646     21.9219   
12.0888    7.6442    
16.2935    34.4725   
4.0175     14.8282   
11.9420    3.5553    

# Frame261

# x        y
12.2246    19.0432   
1.8646     21.9219   
12.0888    7.6442    
16.2926    34.4728   
4.0175     14.8282   
11.9420    3.5553    

# Frame262

# x        y
12.2230    19.0379   
1.8646     21.9219   
12.0888    7.6442    
16.2918    34.4730   
4.0175     14.8282   
11.9420    3.5553    

# Frame263

# x        y
12.2214    19.0326   
1.8646     21.9219   
12.0888    7.6442    
16.2911    34.4733   
4.0175     14.8282   
11.9420    3.5553    

# Frame264

# x        y
12.2199    19.0275   
1.8646     21.9219   
12.0888    7.6442    
16.2903    34.4735   
4.0175     14.8282   
11.9420    3.5553    

# Frame265

# x        y
12.2184    19.0224   
1.8646     21.9219   
12.0888    7.6442    
16.2895    34.4738   
4.0175     14.8282   
11.9420    3.5553    

# Frame266

# x        y
12.2169    19.0174   
1.8646     21.9219   
12.0888    7.6442    
16.2888    34.4740   
4.0175     14.8282   
11.9420    3.5553    

# Frame267

# x        y
12.2154    19.0125   
1.8646     21.9219   
12.0888    7.6442    
16.2880    34.4742   
4.0175     14.8282   
11.9420    3.5553    

# Frame268

# x        y
12.2140    19.0076   
1.8646     21.9219   
12.0888    7.6442    
16.2873    34.4745   
4.0175     14.8282   
11.9420    3.5553    

# Frame269

# x        y
12.2125    19.0029   
1.8646     21.9219   
12.0888    7.6442    
16.2866    34.4747   
4.0175     14.8282   
11.9420    3.5553    

# Frame270

# x        y
12.2112    18.9982   
1.8646     21.9219   
12.0888    7.6442    
16.2859    34.4749   
4.0175     14.8282   
11.9420    3.5553    

# Frame271

# x        y
12.2098    18.9936   
1.8646     21.9219   
12.0888    7.6442    
16.2852    34.4751   
4.0175     14.8282   
11.9420    3.5553    

# Frame272

# x        y
12.2084    18.9891   
1.8646     21.9219   
12.0888    7.6442    
16.2846    34.4753   
4.0175     14.8282   
11.9420    3.5553    

# Frame273

# x        y
12.2071    18.9846   
1.8646     21.9219   
12.0888    7.6442    
16.2839    34.4756   
4.0175     14.8282   
11.9420    3.5553    

# Frame274

# x        y
12.2058    18.9803   
1.8646     21.9219   
12.0888    7.6442    
16.2832    34.4758   
4.0175     14.8282   
11.9420    3.5553    

# Frame275

# x        y
12.2045    18.9760   
1.8646     21.9219   
12.0888    7.6442    
16.2826    34.4760   
4.0175     14.8282   
11.9420    3.5553    

# Frame276

# x        y
12.2033    18.9717   
1.8646     21.9219   
12.0888    7.6442    
16.2820    34.4762   
4.0175     14.8282   
11.9420    3.5553    

# Frame277

# x        y
12.2020    18.9676   
1.8646     21.9219   
12.0888    7.6442    
16.2814    34.4764   
4.0175     14.8282   
11.9420    3.5553    

# Frame278

# x        y
12.2008    18.9635   
1.8646     21.9219   
12.0888    7.6442    
16.2807    34.4766   
4.0175     14.8282   
11.9420    3.5553    

# Frame279

# x        y
12.1996    18.9595   
1.8646     21.9219   
12.0888    7.6442    
16.2801    34.4767   
4.0175     14.8282   
11.9420    3.5553    

# Frame280

# x        y
12.1984    18.9555   
1.8646     21.9219   
12.0888    7.6442    
16.2796    34.4769   
4.0175     14.8282   
11.9420    3.5553    

# Frame281

# x        y
12.1973    18.9517   
1.8646     21.9219   
12.0888    7.6442    
16.2790    34.4771   
4.0175     14.8282   
11.9420    3.5553    

# Frame282

# x        y
12.1961    18.9478   
1.8646     21.9219   
12.0888    7.6442    
16.2784    34.4773   
4.0175     14.8282   
11.9420    3.5553    

# Frame283

# x        y
12.1950    18.9441   
1.8646     21.9219   
12.0888    7.6442    
16.2778    34.4775   
4.0175     14.8282   
11.9420    3.5553    

# Frame284

# x        y
12.1939    18.9404   
1.8646     21.9219   
12.0888    7.6442    
16.2773    34.4776   
4.0175     14.8282   
11.9420    3.5553    

# Frame285

# x        y
12.1928    18.9368   
1.8646     21.9219   
12.0888    7.6442    
16.2767    34.4778   
4.0175     14.8282   
11.9420    3.5553    

# Frame286

# x        y
12.1918    18.9332   
1.8646     21.9219   
12.0888    7.6442    
16.2762    34.4780   
4.0175     14.8282   
11.9420    3.5553    

# Frame287

# x        y
12.1907    18.9297   
1.8646     21.9219   
12.0888    7.6442    
16.2757    34.4781   
4.0175     14.8282   
11.9420    3.5553    

# Frame288

# x        y
12.1897    18.9262   
1.8646     21.9219   
12.0888    7.6442    
16.2752    34.4783   
4.0175     14.8282   
11.9420    3.5553    

# Frame289

# x        y
12.1887    18.9228   
1.8646     21.9219   
12.0888    7.6442    
16.2747    34.4785   
4.0175     14.8282   
11.9420    3.5553    

# Frame290

# x        y
12.1877    18.9195   
1.8646     21.9219   
12.0888    7.6442    
16.2742    34.4786   
4.0175     14.8282   
11.9420    3.5553    

# Frame291

# x        y
12.1867    18.9162   
1.8646     21.9219   
12.0888    7.6442    
16.2737    34.4788   
4.0175     14.8282   
11.9420    3.5553    

# Frame292

# x        y
12.1858    18.9130   
1.8646     21.9219   
12.0888    7.6442    
16.2732    34.4789   
4.0175     14.8282   
11.9420    3.5553    

# Frame293

# x        y
12.1848    18.9098   
1.8646     21.9219   
12.0888    7.6442    
16.2727    34.4791   
4.0175     14.8282   
11.9420    3.5553    

# Frame294

# x        y
12.1839    18.9067   
1.8646     21.9219   
12.0888    7.6442    
16.2723    34.4792   
4.0175     14.8282   
11.9420    3.5553    

# Frame295

# x        y
12.1830    18.9036   
1.8646     21.9219   
12.0888    7.6442    
16.2718    34.4794   
4.0175     14.8282   
11.9420    3.5553    

# Frame296

# x        y
12.1821    18.9006   
1.8646     21.9219   
12.0888    7.6442    
16.2713    34.4795   
4.0175     14.8282   
11.9420    3.5553    

# Frame297

# x        y
12.1812    18.8976   
1.8646     21.9219   
12.0888    7.6442    
16.2709    34.4797   
4.0175     14.8282   
11.9420    3.5553    

# Frame298

# x        y
12.1803    18.8947   
1.8646     21.9219   
12.0888    7.6442    
16.2705    34.4798   
4.0175     14.8282   
11.9420    3.5553    

# Frame299

# x        y
12.1795    18.8918   
1.8646     21.9219   
12.0888    7.6442    
16.2700    34.4799   
4.0175     14.8282   
11.9420    3.5553    

# Frame300

# x        y
12.1786    18.8890   
1.8646     21.9219   
12.0888    7.6442    
16.2696    34.4801   
4.0175     14.8282   
11.9420    3.5553    

# Frame301

# x        y
12.1778    18.8862   
1.8646     21.9219   
12.0888    7.6442    
16.2692    34.4802   
4.0175     14.8282   
11.9420    3.5553    

# Frame302

# x        y
12.1770    18.8835   
1.8646     21.9219   
12.0888    7.6442    
16.2688    34.4803   
4.0175     14.8282   
11.9420    3.5553    

# Frame303

# x        y
12.1762    18.8808   
1.8646     21.9219   
12.0888    7.6442    
16.2684    34.4805   
4.0175     14.8282   
11.9420    3.5553    

# Frame304

# x        y
12.1754    18.8782   
1.8646     21.9219   
12.0888    7.6442    
16.2680    34.4806   
4.0175     14.8282   
11.9420    3.5553    

# Frame305

# x        y
12.1746    18.8756   
1.8646     21.9219   
12.0888    7.6442    
16.2676    34.4807   
4.0175     14.8282   
11.9420    3.5553    

# Frame306

# x        y
12.1739    18.8730   
1.8646     21.9219   
12.0888    7.6442    
16.2672    34.4808   
4.0175     14.8282   
11.9420    3.5553    

# Frame307

# x        y
12.1731    18.8705   
1.8646     21.9219   
12.0888    7.6442    
16.2669    34.4809   
4.0175     14.8282   
11.9420    3.5553    

# Frame308

# x        y
12.1724    18.8680   
1.8646     21.9219   
12.0888    7.6442    
16.2665    34.4811   
4.0175     14.8282   
11.9420    3.5553    

# Frame309

# x        y
12.1717    18.8656   
1.8646     21.9219   
12.0888    7.6442    
16.2661    34.4812   
4.0175     14.8282   
11.9420    3.5553    

# Frame310

# x        y
12.1709    18.8632   
1.8646     21.9219   
12.0888    7.6442    
16.2658    34.4813   
4.0175     14.8282   
11.9420    3.5553    

# Frame311

# x        y
12.1702    18.8609   
1.8646     21.9219   
12.0888    7.6442    
16.2654    34.4814   
4.0175     14.8282   
11.9420    3.5553    

# Frame312

# x        y
12.1696    18.8586   
1.8646     21.9219   
12.0888    7.6442    
16.2651    34.4815   
4.0175     14.8282   
11.9420    3.5553    

# Frame313

# x        y
12.1689    18.8563   
1.8646     21.9219   
12.0888    7.6442    
16.2647    34.4816   
4.0175     14.8282   
11.9420    3.5553    

# Frame314

# x        y
12.1682    18.8541   
1.8646     21.9219   
12.0888    7.6442    
16.2644    34.4817   
4.0175     14.8282   
11.9420    3.5553    

# Frame315

# x        y
12.1676    18.8519   
1.8646     21.9219   
12.0888    7.6442    
16.2641    34.4818   
4.0175     14.8282   
11.9420    3.5553    

# Frame316

# x        y
12.1669    18.8497   
1.8646     21.9219   
12.0888    7.6442    
16.2638    34.4819   
4.0175     14.8282   
11.9420    3.5553    

# Frame317

# x        y
12.1663    18.8476   
1.8646     21.9219   
12.0888    7.6442    
16.2634    34.4820   
4.0175     14.8282   
11.9420    3.5553    

# Frame318

# x        y
12.1657    18.8455   
1.8646     21.9219   
12.0888    7.6442    
16.2631    34.4821   
4.0175     14.8282   
11.9420    3.5553    

# Frame319

# x        y
12.1651    18.8435   
1.8646     21.9219   
12.0888    7.6442    
16.2628    34.4822   
4.0175     14.8282   
11.9420    3.5553    

# Frame320

# x        y
12.1644    18.8414   
1.8646     21.9219   
12.0888    7.6442    
16.2625    34.4823   
4.0175     14.8282   
11.9420    3.5553    

# Frame321

# x        y
12.1639    18.8395   
1.8646     21.9219   
12.0888    7.6442    
16.2622    34.4824   
4.0175     14.8282   
11.9420    3.5553    

# Frame322

# x        y
12.1633    18.8375   
1.8646     21.9219   
12.0888    7.6442    
16.2619    34.4825   
4.0175     14.8282   
11.9420    3.5553    

# Frame323

# x        y
12.1627    18.8356   
1.8646     21.9219   
12.0888    7.6442    
16.2616    34.4826   
4.0175     14.8282   
11.9420    3.5553    

# Frame324

# x        y
12.1621    18.8337   
1.8646     21.9219   
12.0888    7.6442    
16.2614    34.4827   
4.0175     14.8282   
11.9420    3.5553    

# Frame325

# x        y
12.1616    18.8318   
1.8646     21.9219   
12.0888    7.6442    
16.2611    34.4828   
4.0175     14.8282   
11.9420    3.5553    

# Frame326

# x        y
12.1610    18.8300   
1.8646     21.9219   
12.0888    7.6442    
16.2608    34.4829   
4.0175     14.8282   
11.9420    3.5553    

# Frame327

# x        y
12.1605    18.8282   
1.8646     21.9219   
12.0888    7.6442    
16.2605    34.4829   
4.0175     14.8282   
11.9420    3.5553    

# Frame328

# x        y
12.1600    18.8265   
1.8646     21.9219   
12.0888    7.6442    
16.2603    34.4830   
4.0175     14.8282   
11.9420    3.5553    

# Frame329

# x        y
12.1595    18.8247   
1.8646     21.9219   
12.0888    7.6442    
16.2600    34.4831   
4.0175     14.8282   
11.9420    3.5553    

# Frame330

# x        y
12.1590    18.8230   
1.8646     21.9219   
12.0888    7.6442    
16.2598    34.4832   
4.0175     14.8282   
11.9420    3.5553    

# Frame331

# x        y
12.1585    18.8214   
1.8646     21.9219   
12.0888    7.6442    
16.2595    34.4833   
4.0175     14.8282   
11.9420    3.5553    

# Frame332

# x        y
12.1580    18.8197   
1.8646     21.9219   
12.0888    7.6442    
16.2593    34.4833   
4.0175     14.8282   
11.9420    3.5553    

# Frame333

# x        y
12.1575    18.8181   
1.8646     21.9219   
12.0888    7.6442    
16.2590    34.4834   
4.0175     14.8282   
11.9420    3.5553    

# Frame334

# x        y
12.1570    18.8165   
1.8646     21.9219   
12.0888    7.6442    
16.2588    34.4835   
4.0175     14.8282   
11.9420    3.5553    

# Frame335

# x        y
12.1565    18.8149   
1.8646     21.9219   
12.0888    7.6442    
16.2586    34.4836   
4.0175     14.8282   
11.9420    3.5553    

# Frame336

# x        y
12.1561    18.8134   
1.8646     21.9219   
12.0888    7.6442    
16.2583    34.4836   
4.0175     14.8282   
11.9420    3.5553    

# Frame337

# x        y
12.1556    18.8119   
1.8646     21.9219   
12.0888    7.6442    
16.2581    34.4837   
4.0175     14.8282   
11.9420    3.5553    

# Frame338

# x        y
12.1552    18.8104   
1.8646     21.9219   
12.0888    7.6442    
16.2579    34.4838   
4.0175     14.8282   
11.9420    3.5553    

# Frame339

# x        y
12.1548    18.8089   
1.8646     21.9219   
12.0888    7.6442    
16.2577    34.4838   
4.0175     14.8282   
11.9420    3.5553    

# Frame340

# x        y
12.1543    18.8075   
1.8646     21.9219   
12.0888    7.6442    
16.2574    34.4839   
4.0175     14.8282   
11.9420    3.5553    

# Frame341

# x        y
12.1539    18.8061   
1.8646     21.9219   
12.0888    7.6442    
16.2572    34.4840   
4.0175     14.8282   
11.9420    3.5553    

# Frame342

# x        y
12.1535    18.8047   
1.8646     21.9219   
12.0888    7.6442    
16.2570    34.4841   
4.0175     14.8282   
11.9420    3.5553    

# Frame343

# x        y
12.1531    18.8033   
1.8646     21.9219   
12.0888    7.6442    
16.2568    34.4841   
4.0175     14.8282   
11.9420    3.5553    

# Frame344

# x        y
12.1527    18.8019   
1.8646     21.9219   
12.0888    7.6442    
16.2566    34.4842   
4.0175     14.8282   
11.9420    3.5553    

# Frame345

# x        y
12.1523    18.8006   
1.8646     21.9219   
12.0888    7.6442    
16.2564    34.4842   
4.0175     14.8282   
11.9420    3.5553    

# Frame346

# x        y
12.1519    18.7993   
1.8646     21.9219   
12.0888    7.6442    
16.2562    34.4843   
4.0175     14.8282   
11.9420    3.5553    

# Frame347

# x        y
12.1515    18.7980   
1.8646     21.9219   
12.0888    7.6442    
16.2560    34.4844   
4.0175     14.8282   
11.9420    3.5553    

# Frame348

# x        y
12.1511    18.7968   
1.8646     21.9219   
12.0888    7.6442    
16.2558    34.4844   
4.0175     14.8282   
11.9420    3.5553    

# Frame349

# x        y
12.1508    18.7955   
1.8646     21.9219   
12.0888    7.6442    
16.2557    34.4845   
4.0175     14.8282   
11.9420    3.5553    

# Frame350

# x        y
12.1504    18.7943   
1.8646     21.9219   
12.0888    7.6442    
16.2555    34.4845   
4.0175     14.8282   
11.9420    3.5553    

# Frame351

# x        y
12.1500    18.7931   
1.8646     21.9219   
12.0888    7.6442    
16.2553    34.4846   
4.0175     14.8282   
11.9420    3.5553    

# Frame352

# x        y
12.1497    18.7919   
1.8646     21.9219   
12.0888    7.6442    
16.2551    34.4847   
4.0175     14.8282   
11.9420    3.5553    

# Frame353

# x        y
12.1494    18.7908   
1.8646     21.9219   
12.0888    7.6442    
16.2549    34.4847   
4.0175     14.8282   
11.9420    3.5553    

# Frame354

# x        y
12.1490    18.7896   
1.8646     21.9219   
12.0888    7.6442    
16.2548    34.4848   
4.0175     14.8282   
11.9420    3.5553    

# Frame355

# x        y
12.1487    18.7885   
1.8646     21.9219   
12.0888    7.6442    
16.2546    34.4848   
4.0175     14.8282   
11.9420    3.5553    

# Frame356

# x        y
12.1484    18.7874   
1.8646     21.9219   
12.0888    7.6442    
16.2544    34.4849   
4.0175     14.8282   
11.9420    3.5553    

# Frame357

# x        y
12.1480    18.7863   
1.8646     21.9219   
12.0888    7.6442    
16.2543    34.4849   
4.0175     14.8282   
11.9420    3.5553    

# Frame358

# x        y
12.1477    18.7853   
1.8646     21.9219   
12.0888    7.6442    
16.2541    34.4850   
4.0175     14.8282   
11.9420    3.5553    

# Frame359

# x        y
12.1474    18.7842   
1.8646     21.9219   
12.0888    7.6442    
16.2540    34.4850   
4.0175     14.8282   
11.9420    3.5553    

# Frame360

# x        y
12.1471    18.7832   
1.8646     21.9219   
12.0888    7.6442    
16.2538    34.4851   
4.0175     14.8282   
11.9420    3.5553    

# Frame361

# x        y
12.1468    18.7822   
1.8646     21.9219   
12.0888    7.6442    
16.2537    34.4851   
4.0175     14.8282   
11.9420    3.5553    

# Frame362

# x        y
12.1465    18.7812   
1.8646     21.9219   
12.0888    7.6442    
16.2535    34.4852   
4.0175     14.8282   
11.9420    3.5553    

# Frame363

# x        y
12.1462    18.7802   
1.8646     21.9219   
12.0888    7.6442    
16.2534    34.4852   
4.0175     14.8282   
11.9420    3.5553    

# Frame364

# x        y
12.1459    18.7792   
1.8646     21.9219   
12.0888    7.6442    
16.2532    34.4853   
4.0175     14.8282   
11.9420    3.5553    

# Frame365

# x        y
12.1456    18.7783   
1.8646     21.9219   
12.0888    7.6442    
16.2531    34.4853   
4.0175     14.8282   
11.9420    3.5553    

# Frame366

# x        y
12.1454    18.7774   
1.8646     21.9219   
12.0888    7.6442    
16.2529    34.4853   
4.0175     14.8282   
11.9420    3.5553    

# Frame367

# x        y
12.1451    18.7765   
1.8646     21.9219   
12.0888    7.6442    
16.2528    34.4854   
4.0175     14.8282   
11.9420    3.5553    

# Frame368

# x        y
12.1448    18.7756   
1.8646     21.9219   
12.0888    7.6442    
16.2527    34.4854   
4.0175     14.8282   
11.9420    3.5553    

# Frame369

# x        y
12.1446    18.7747   
1.8646     21.9219   
12.0888    7.6442    
16.2525    34.4855   
4.0175     14.8282   
11.9420    3.5553    

# Frame370

# x        y
12.1443    18.7738   
1.8646     21.9219   
12.0888    7.6442    
16.2524    34.4855   
4.0175     14.8282   
11.9420    3.5553    

# Frame371

# x        y
12.1440    18.7729   
1.8646     21.9219   
12.0888    7.6442    
16.2523    34.4856   
4.0175     14.8282   
11.9420    3.5553    

# Frame372

# x        y
12.1438    18.7721   
1.8646     21.9219   
12.0888    7.6442    
16.2522    34.4856   
4.0175     14.8282   
11.9420    3.5553    

# Frame373

# x        y
12.1435    18.7713   
1.8646     21.9219   
12.0888    7.6442    
16.2520    34.4856   
4.0175     14.8282   
11.9420    3.5553    

# Frame374

# x        y
12.1433    18.7705   
1.8646     21.9219   
12.0888    7.6442    
16.2519    34.4857   
4.0175     14.8282   
11.9420    3.5553    

# Frame375

# x        y
12.1431    18.7697   
1.8646     21.9219   
12.0888    7.6442    
16.2518    34.4857   
4.0175     14.8282   
11.9420    3.5553    

# Frame376

# x        y
12.1428    18.7689   
1.8646     21.9219   
12.0888    7.6442    
16.2517    34.4857   
4.0175     14.8282   
11.9420    3.5553    

# Frame377

# x        y
12.1426    18.7681   
1.8646     21.9219   
12.0888    7.6442    
16.2516    34.4858   
4.0175     14.8282   
11.9420    3.5553    

# Frame378

# x        y
12.1424    18.7673   
1.8646     21.9219   
12.0888    7.6442    
16.2514    34.4858   
4.0175     14.8282   
11.9420    3.5553    

# Frame379

# x        y
12.1421    18.7666   
1.8646     21.9219   
12.0888    7.6442    
16.2513    34.4859   
4.0175     14.8282   
11.9420    3.5553    

# Frame380

# x        y
12.1419    18.7658   
1.8646     21.9219   
12.0888    7.6442    
16.2512    34.4859   
4.0175     14.8282   
11.9420    3.5553    

# Frame381

# x        y
12.1417    18.7651   
1.8646     21.9219   
12.0888    7.6442    
16.2511    34.4859   
4.0175     14.8282   
11.9420    3.5553    

# Frame382

# x        y
12.1415    18.7644   
1.8646     21.9219   
12.0888    7.6442    
16.2510    34.4860   
4.0175     14.8282   
11.9420    3.5553    

# Frame383

# x        y
12.1413    18.7637   
1.8646     21.9219   
12.0888    7.6442    
16.2509    34.4860   
4.0175     14.8282   
11.9420    3.5553    

# Frame384

# x        y
12.1411    18.7630   
1.8646     21.9219   
12.0888    7.6442    
16.2508    34.4860   
4.0175     14.8282   
11.9420    3.5553    

# Frame385

# x        y
12.1409    18.7623   
1.8646     21.9219   
12.0888    7.6442    
16.2507    34.4861   
4.0175     14.8282   
11.9420    3.5553    

# Frame386

# x        y
12.1407    18.7617   
1.8646     21.9219   
12.0888    7.6442    
16.2506    34.4861   
4.0175     14.8282   
11.9420    3.5553    

# Frame387

# x        y
12.1405    18.7610   
1.8646     21.9219   
12.0888    7.6442    
16.2505    34.4861   
4.0175     14.8282   
11.9420    3.5553    

# Frame388

# x        y
12.1403    18.7604   
1.8646     21.9219   
12.0888    7.6442    
16.2504    34.4861   
4.0175     14.8282   
11.9420    3.5553    

# Frame389

# x        y
12.1401    18.7598   
1.8646     21.9219   
12.0888    7.6442    
16.2504    34.4861   
4.0175     14.8282   
11.9420    3.5553    

# Frame390

# x        y
12.1399    18.7591   
1.8646     21.9219   
12.0888    7.6442    
16.2504    34.4861   
4.0175     14.8282   
11.9420    3.5553    

# Frame391

# x        y
12.1397    18.7585   
1.8646     21.9219   
12.0888    7.6442    
16.2504    34.4861   
4.0175     14.8282   
11.9420    3.5553    

# Frame392

# x        y
12.1396    18.7579   
1.8646     21.9219   
12.0888    7.6442    
16.2504    34.4861   
4.0175     14.8282   
11.9420    3.5553    

# Frame393

# x        y
12.1394    18.7573   
1.8646     21.9219   
12.0888    7.6442    
16.2504    34.4861   
4.0175     14.8282   
11.9420    3.5553    

# Frame394

# x        y
12.1392    18.7567   
1.8646     21.9219   
12.0888    7.6442    
16.2504    34.4861   
4.0175     14.8282   
11.9420    3.5553    

# Frame395

# x        y
12.1390    18.7562   
1.8646     21.9219   
12.0888    7.6442    
16.2504    34.4861   
4.0175     14.8282   
11.9420    3.5553    

# Frame396

# x        y
12.1389    18.7556   
1.8646     21.9219   
12.0888    7.6442    
16.2504    34.4861   
4.0175     14.8282   
11.9420    3.5553    

# Frame397

# x        y
12.1387    18.7551   
1.8646     21.9219   
12.0888    7.6442    
16.2504    34.4861   
4.0175     14.8282   
11.9420    3.5553    

# Frame398

# x        y
12.1385    18.7545   
1.8646     21.9219   
12.0888    7.6442    
16.2504    34.4861   
4.0175     14.8282   
11.9420    3.5553    

# Frame399

# x        y
12.1384    18.7540   
1.8646     21.9219   
12.0888    7.6442    
16.2504    34.4861   
4.0175     14.8282   
11.9420    3.5553    

# Frame400

# x        y
12.1382    18.7535   
1.8646     21.9219   
12.0888    7.6442    
16.2504    34.4861   
4.0175     14.8282   
11.9420    3.5553    

# Frame401

# x        y
12.1381    18.7529   
1.8646     21.9219   
12.0888    7.6442    
16.2504    34.4861   
4.0175     14.8282   
11.9420    3.5553    

# Frame402

# x        y
12.1379    18.7524   
1.8646     21.9219   
12.0888    7.6442    
16.2504    34.4861   
4.0175     14.8282   
11.9420    3.5553    

# Frame403

# x        y
12.1378    18.7519   
1.8646     21.9219   
12.0888    7.6442    
16.2504    34.4861   
4.0175     14.8282   
11.9420    3.5553    

# Frame404

# x        y
12.1376    18.7514   
1.8646     21.9219   
12.0888    7.6442    
16.2504    34.4861   
4.0175     14.8282   
11.9420    3.5553    

# Frame405

# x        y
12.1375    18.7510   
1.8646     21.9219   
12.0888    7.6442    
16.2504    34.4861   
4.0175     14.8282   
11.9420    3.5553    

# Frame406

# x        y
12.1373    18.7505   
1.8646     21.9219   
12.0888    7.6442    
16.2504    34.4861   
4.0175     14.8282   
11.9420    3.5553    

# Frame407

# x        y
12.1372    18.7500   
1.8646     21.9219   
12.0888    7.6442    
16.2504    34.4861   
4.0175     14.8282   
11.9420    3.5553    

# Frame408

# x        y
12.1371    18.7495   
1.8646     21.9219   
12.0888    7.6442    
16.2504    34.4861   
4.0175     14.8282   
11.9420    3.5553    

# Frame409

# x        y
12.1369    18.7491   
1.8646     21.9219   
12.0888    7.6442    
16.2504    34.4861   
4.0175     14.8282   
11.9420    3.5553    

# Frame410

# x        y
12.1368    18.7487   
1.8646     21.9219   
12.0888    7.6442    
16.2504    34.4861   
4.0175     14.8282   
11.9420    3.5553    

# Frame411

# x        y
12.1367    18.7482   
1.8646     21.9219   
12.0888    7.6442    
16.2504    34.4861   
4.0175     14.8282   
11.9420    3.5553    

# Frame412

# x        y
12.1365    18.7478   
1.8646     21.9219   
12.0888    7.6442    
16.2504    34.4861   
4.0175     14.8282   
11.9420    3.5553    

# Frame413

# x        y
12.1364    18.7474   
1.8646     21.9219   
12.0888    7.6442    
16.2504    34.4861   
4.0175     14.8282   
11.9420    3.5553    

# Frame414

# x        y
12.1363    18.7469   
1.8646     21.9219   
12.0888    7.6442    
16.2504    34.4861   
4.0175     14.8282   
11.9420    3.5553    

# Frame415

# x        y
12.1362    18.7465   
1.8646     21.9219   
12.0888    7.6442    
16.2504    34.4861   
4.0175     14.8282   
11.9420    3.5553    

# Frame416

# x        y
12.1360    18.7461   
1.8646     21.9219   
12.0888    7.6442    
16.2504    34.4861   
4.0175     14.8282   
11.9420    3.5553    

# Frame417

# x        y
12.1359    18.7457   
1.8646     21.9219   
12.0888    7.6442    
16.2504    34.4861   
4.0175     14.8282   
11.9420    3.5553    

# Frame418

# x        y
12.1358    18.7454   
1.8646     21.9219   
12.0888    7.6442    
16.2504    34.4861   
4.0175     14.8282   
11.9420    3.5553    

# Frame419

# x        y
12.1357    18.7450   
1.8646     21.9219   
12.0888    7.6442    
16.2504    34.4861   
4.0175     14.8282   
11.9420    3.5553    

# Frame420

# x        y
12.1356    18.7446   
1.8646     21.9219   
12.0888    7.6442    
16.2504    34.4861   
4.0175     14.8282   
11.9420    3.5553    

# Frame421

# x        y
12.1355    18.7442   
1.8646     21.9219   
12.0888    7.6442    
16.2504    34.4861   
4.0175     14.8282   
11.9420    3.5553    

# Frame422

# x        y
12.1354    18.7439   
1.8646     21.9219   
12.0888    7.6442    
16.2504    34.4861   
4.0175     14.8282   
11.9420    3.5553    

# Frame423

# x        y
12.1353    18.7435   
1.8646     21.9219   
12.0888    7.6442    
16.2504    34.4861   
4.0175     14.8282   
11.9420    3.5553    

# Frame424

# x        y
12.1352    18.7432   
1.8646     21.9219   
12.0888    7.6442    
16.2504    34.4861   
4.0175     14.8282   
11.9420    3.5553    

# Frame425

# x        y
12.1351    18.7428   
1.8646     21.9219   
12.0888    7.6442    
16.2504    34.4861   
4.0175     14.8282   
11.9420    3.5553    

# Frame426

# x        y
12.1350    18.7425   
1.8646     21.9219   
12.0888    7.6442    
16.2504    34.4861   
4.0175     14.8282   
11.9420    3.5553    

# Frame427

# x        y
12.1349    18.7421   
1.8646     21.9219   
12.0888    7.6442    
16.2504    34.4861   
4.0175     14.8282   
11.9420    3.5553    

# Frame428

# x        y
12.1348    18.7418   
1.8646     21.9219   
12.0888    7.6442    
16.2504    34.4861   
4.0175     14.8282   
11.9420    3.5553    

# Frame429

# x        y
12.1347    18.7415   
1.8646     21.9219   
12.0888    7.6442    
16.2504    34.4861   
4.0175     14.8282   
11.9420    3.5553    

# Frame430

# x        y
12.1346    18.7412   
1.8646     21.9219   
12.0888    7.6442    
16.2504    34.4861   
4.0175     14.8282   
11.9420    3.5553    

# Frame431

# x        y
12.1345    18.7409   
1.8646     21.9219   
12.0888    7.6442    
16.2504    34.4861   
4.0175     14.8282   
11.9420    3.5553    

# Frame432

# x        y
12.1344    18.7406   
1.8646     21.9219   
12.0888    7.6442    
16.2504    34.4861   
4.0175     14.8282   
11.9420    3.5553    

# Frame433

# x        y
12.1343    18.7402   
1.8646     21.9219   
12.0888    7.6442    
16.2504    34.4861   
4.0175     14.8282   
11.9420    3.5553    

# Frame434

# x        y
12.1342    18.7400   
1.8646     21.9219   
12.0888    7.6442    
16.2504    34.4861   
4.0175     14.8282   
11.9420    3.5553    

# Frame435

# x        y
12.1341    18.7397   
1.8646     21.9219   
12.0888    7.6442    
16.2504    34.4861   
4.0175     14.8282   
11.9420    3.5553    

# Frame436

# x        y
12.1340    18.7394   
1.8646     21.9219   
12.0888    7.6442    
16.2504    34.4861   
4.0175     14.8282   
11.9420    3.5553    

# Frame437

# x        y
12.1339    18.7391   
1.8646     21.9219   
12.0888    7.6442    
16.2504    34.4861   
4.0175     14.8282   
11.9420    3.5553    

# Frame438

# x        y
12.1339    18.7388   
1.8646     21.9219   
12.0888    7.6442    
16.2504    34.4861   
4.0175     14.8282   
11.9420    3.5553    

# Frame439

# x        y
12.1338    18.7385   
1.8646     21.9219   
12.0888    7.6442    
16.2504    34.4861   
4.0175     14.8282   
11.9420    3.5553    

# Frame440

# x        y
12.1337    18.7383   
1.8646     21.9219   
12.0888    7.6442    
16.2504    34.4861   
4.0175     14.8282   
11.9420    3.5553    

# Frame441

# x        y
12.1336    18.7380   
1.8646     21.9219   
12.0888    7.6442    
16.2504    34.4861   
4.0175     14.8282   
11.9420    3.5553    

# Frame442

# x        y
12.1335    18.7377   
1.8646     21.9219   
12.0888    7.6442    
16.2504    34.4861   
4.0175     14.8282   
11.9420    3.5553    

# Frame443

# x        y
12.1335    18.7375   
1.8646     21.9219   
12.0888    7.6442    
16.2504    34.4861   
4.0175     14.8282   
11.9420    3.5553    

# Frame444

# x        y
12.1334    18.7372   
1.8646     21.9219   
12.0888    7.6442    
16.2504    34.4861   
4.0175     14.8282   
11.9420    3.5553    

# Frame445

# x        y
12.1333    18.7370   
1.8646     21.9219   
12.0888    7.6442    
16.2504    34.4861   
4.0175     14.8282   
11.9420    3.5553    

# Frame446

# x        y
12.1333    18.7368   
1.8646     21.9219   
12.0888    7.6442    
16.2504    34.4861   
4.0175     14.8282   
11.9420    3.5553    

# Frame447

# x        y
12.1332    18.7365   
1.8646     21.9219   
12.0888    7.6442    
16.2504    34.4861   
4.0175     14.8282   
11.9420    3.5553    

# Frame448

# x        y
12.1331    18.7363   
1.8646     21.9219   
12.0888    7.6442    
16.2504    34.4861   
4.0175     14.8282   
11.9420    3.5553    

# Frame449

# x        y
12.1330    18.7360   
1.8646     21.9219   
12.0888    7.6442    
16.2504    34.4861   
4.0175     14.8282   
11.9420    3.5553    

# Frame450

# x        y
12.1330    18.7358   
1.8646     21.9219   
12.0888    7.6442    
16.2504    34.4861   
4.0175     14.8282   
11.9420    3.5553    

# Frame451

# x        y
12.1329    18.7356   
1.8646     21.9219   
12.0888    7.6442    
16.2504    34.4861   
4.0175     14.8282   
11.9420    3.5553    

# Frame452

# x        y
12.1328    18.7354   
1.8646     21.9219   
12.0888    7.6442    
16.2504    34.4861   
4.0175     14.8282   
11.9420    3.5553    

# Frame453

# x        y
12.1328    18.7352   
1.8646     21.9219   
12.0888    7.6442    
16.2504    34.4861   
4.0175     14.8282   
11.9420    3.5553    

# Frame454

# x        y
12.1327    18.7350   
1.8646     21.9219   
12.0888    7.6442    
16.2504    34.4861   
4.0175     14.8282   
11.9420    3.5553    

# Frame455

# x        y
12.1327    18.7347   
1.8646     21.9219   
12.0888    7.6442    
16.2504    34.4861   
4.0175     14.8282   
11.9420    3.5553    

# Frame456

# x        y
12.1326    18.7345   
1.8646     21.9219   
12.0888    7.6442    
16.2504    34.4861   
4.0175     14.8282   
11.9420    3.5553    

# Frame457

# x        y
12.1325    18.7343   
1.8646     21.9219   
12.0888    7.6442    
16.2504    34.4861   
4.0175     14.8282   
11.9420    3.5553    

# Frame458

# x        y
12.1325    18.7341   
1.8646     21.9219   
12.0888    7.6442    
16.2504    34.4861   
4.0175     14.8282   
11.9420    3.5553    

# Frame459

# x        y
12.1324    18.7339   
1.8646     21.9219   
12.0888    7.6442    
16.2504    34.4861   
4.0175     14.8282   
11.9420    3.5553    

# Frame460

# x        y
12.1324    18.7337   
1.8646     21.9219   
12.0888    7.6442    
16.2504    34.4861   
4.0175     14.8282   
11.9420    3.5553    

# Frame461

# x        y
12.1323    18.7336   
1.8646     21.9219   
12.0888    7.6442    
16.2504    34.4861   
4.0175     14.8282   
11.9420    3.5553    

# Frame462

# x        y
12.1322    18.7334   
1.8646     21.9219   
12.0888    7.6442    
16.2504    34.4861   
4.0175     14.8282   
11.9420    3.5553    

# Frame463

# x        y
12.1322    18.7332   
1.8646     21.9219   
12.0888    7.6442    
16.2504    34.4861   
4.0175     14.8282   
11.9420    3.5553    

# Frame464

# x        y
12.1321    18.7330   
1.8646     21.9219   
12.0888    7.6442    
16.2504    34.4861   
4.0175     14.8282   
11.9420    3.5553    

# Frame465

# x        y
12.1321    18.7328   
1.8646     21.9219   
12.0888    7.6442    
16.2504    34.4861   
4.0175     14.8282   
11.9420    3.5553    

# Frame466

# x        y
12.1320    18.7327   
1.8646     21.9219   
12.0888    7.6442    
16.2504    34.4861   
4.0175     14.8282   
11.9420    3.5553    

# Frame467

# x        y
12.1320    18.7325   
1.8646     21.9219   
12.0888    7.6442    
16.2504    34.4861   
4.0175     14.8282   
11.9420    3.5553    

# Frame468

# x        y
12.1319    18.7323   
1.8646     21.9219   
12.0888    7.6442    
16.2504    34.4861   
4.0175     14.8282   
11.9420    3.5553    

# Frame469

# x        y
12.1319    18.7322   
1.8646     21.9219   
12.0888    7.6442    
16.2504    34.4861   
4.0175     14.8282   
11.9420    3.5553    

# Frame470

# x        y
12.1318    18.7320   
1.8646     21.9219   
12.0888    7.6442    
16.2504    34.4861   
4.0175     14.8282   
11.9420    3.5553    

# Frame471

# x        y
12.1318    18.7318   
1.8646     21.9219   
12.0888    7.6442    
16.2504    34.4861   
4.0175     14.8282   
11.9420    3.5553    

# Frame472

# x        y
12.1317    18.7317   
1.8646     21.9219   
12.0888    7.6442    
16.2504    34.4861   
4.0175     14.8282   
11.9420    3.5553    

# Frame473

# x        y
12.1317    18.7315   
1.8646     21.9219   
12.0888    7.6442    
16.2504    34.4861   
4.0175     14.8282   
11.9420    3.5553    

# Frame474

# x        y
12.1317    18.7314   
1.8646     21.9219   
12.0888    7.6442    
16.2504    34.4861   
4.0175     14.8282   
11.9420    3.5553    

# Frame475

# x        y
12.1316    18.7312   
1.8646     21.9219   
12.0888    7.6442    
16.2504    34.4861   
4.0175     14.8282   
11.9420    3.5553    

# Frame476

# x        y
12.1316    18.7311   
1.8646     21.9219   
12.0888    7.6442    
16.2504    34.4861   
4.0175     14.8282   
11.9420    3.5553    

# Frame477

# x        y
12.1315    18.7309   
1.8646     21.9219   
12.0888    7.6442    
16.2504    34.4861   
4.0175     14.8282   
11.9420    3.5553    

# Frame478

# x        y
12.1315    18.7308   
1.8646     21.9219   
12.0888    7.6442    
16.2504    34.4861   
4.0175     14.8282   
11.9420    3.5553    

# Frame479

# x        y
12.1314    18.7307   
1.8646     21.9219   
12.0888    7.6442    
16.2504    34.4861   
4.0175     14.8282   
11.9420    3.5553    

# Frame480

# x        y
12.1314    18.7305   
1.8646     21.9219   
12.0888    7.6442    
16.2504    34.4861   
4.0175     14.8282   
11.9420    3.5553    

# Frame481

# x        y
12.1314    18.7304   
1.8646     21.9219   
12.0888    7.6442    
16.2504    34.4861   
4.0175     14.8282   
11.9420    3.5553    

# Frame482

# x        y
12.1313    18.7303   
1.8646     21.9219   
12.0888    7.6442    
16.2504    34.4861   
4.0175     14.8282   
11.9420    3.5553    

# Frame483

# x        y
12.1313    18.7301   
1.8646     21.9219   
12.0888    7.6442    
16.2504    34.4861   
4.0175     14.8282   
11.9420    3.5553    

# Frame484

# x        y
12.1312    18.7300   
1.8646     21.9219   
12.0888    7.6442    
16.2504    34.4861   
4.0175     14.8282   
11.9420    3.5553    

# Frame485

# x        y
12.1312    18.7299   
1.8646     21.9219   
12.0888    7.6442    
16.2504    34.4861   
4.0175     14.8282   
11.9420    3.5553    

# Frame486

# x        y
12.1312    18.7297   
1.8646     21.9219   
12.0888    7.6442    
16.2504    34.4861   
4.0175     14.8282   
11.9420    3.5553    

# Frame487

# x        y
12.1311    18.7296   
1.8646     21.9219   
12.0888    7.6442    
16.2504    34.4861   
4.0175     14.8282   
11.9420    3.5553    

# Frame488

# x        y
12.1311    18.7295   
1.8646     21.9219   
12.0888    7.6442    
16.2504    34.4861   
4.0175     14.8282   
11.9420    3.5553    

# Frame489

# x        y
12.1311    18.7294   
1.8646     21.9219   
12.0888    7.6442    
16.2504    34.4861   
4.0175     14.8282   
11.9420    3.5553    

# Frame490

# x        y
12.1310    18.7293   
1.8646     21.9219   
12.0888    7.6442    
16.2504    34.4861   
4.0175     14.8282   
11.9420    3.5553    

# Frame491

# x        y
12.1310    18.7292   
1.8646     21.9219   
12.0888    7.6442    
16.2504    34.4861   
4.0175     14.8282   
11.9420    3.5553    

# Frame492

# x        y
12.1310    18.7290   
1.8646     21.9219   
12.0888    7.6442    
16.2504    34.4861   
4.0175     14.8282   
11.9420    3.5553    

# Frame493

# x        y
12.1309    18.7289   
1.8646     21.9219   
12.0888    7.6442    
16.2504    34.4861   
4.0175     14.8282   
11.9420    3.5553    

# Frame494

# x        y
12.1309    18.7288   
1.8646     21.9219   
12.0888    7.6442    
16.2504    34.4861   
4.0175     14.8282   
11.9420    3.5553    

# Frame495

# x        y
12.1309    18.7287   
1.8646     21.9219   
12.0888    7.6442    
16.2504    34.4861   
4.0175     14.8282   
11.9420    3.5553    

# Frame496

# x        y
12.1308    18.7286   
1.8646     21.9219   
12.0888    7.6442    
16.2504    34.4861   
4.0175     14.8282   
11.9420    3.5553    

# Frame497

# x        y
12.1308    18.7285   
1.8646     21.9219   
12.0888    7.6442    
16.2504    34.4861   
4.0175     14.8282   
11.9420    3.5553    

# Frame498

# x        y
12.1308    18.7284   
1.8646     21.9219   
12.0888    7.6442    
16.2504    34.4861   
4.0175     14.8282   
11.9420    3.5553    

# Frame499

# x        y
12.1307    18.7283   
1.8646     21.9219   
12.0888    7.6442    
16.2504    34.4861   
4.0175     14.8282   
11.9420    3.5553    

# Frame500

# x        y
12.1307    18.7282   
1.8646     21.9219   
12.0888    7.6442    
16.2504    34.4861   
4.0175     14.8282   
11.9420    3.5553    

# Frame501

