# x        y
11.8757    20.7291   
8.3021     34.0838   
4.8256     32.0060   
11.9089    25.1113   
10.4480    28.4994   
1.7324     12.9309   

# Frame1

# x        y
13.4559    21.9550   
8.3021     34.0838   
4.8256     32.0060   
11.9089    25.1113   
10.4480    28.4994   
1.7324     12.9309   

# Frame2

# x        y
15.0099    23.1604   
8.3021     34.0838   
4.8256     32.0060   
11.9089    25.1113   
10.4480    28.4994   
1.7324     12.9309   

# Frame3

# x        y
16.5379    24.3457   
8.3021     34.0838   
4.8256     32.0060   
11.9089    25.1113   
10.4480    28.4994   
1.7324     12.9309   

# Frame4

# x        y
18.0405    25.5113   
8.3021     34.0838   
4.8256     32.0060   
11.9089    25.1113   
10.4480    28.4994   
1.7324     12.9309   

# Frame5

# x        y
18.7391    26.5244   
8.3021     34.0838   
4.8256     32.0060   
11.9089    25.1113   
10.4480    28.4994   
1.7324     12.9309   

# Frame6

# x        y
18.0127    27.2743   
8.3021     34.0838   
4.8256     32.0060   
11.9089    25.1113   
10.4480    28.4994   
1.7324     12.9309   

# Frame7

# x        y
17.2983    28.0118   
8.3021     34.0838   
4.8256     32.0060   
11.9089    25.1113   
10.4480    28.4994   
1.7324     12.9309   

# Frame8

# x        y
16.5959    28.7370   
8.3021     34.0838   
4.8256     32.0060   
11.9089    25.1113   
10.4480    28.4994   
1.7324     12.9309   

# Frame9

# x        y
15.9052    29.4500   
8.3021     34.0838   
4.8256     32.0060   
11.9089    25.1113   
10.4480    28.4994   
1.7324     12.9309   

# Frame10

# x        y
15.2260    30.1512   
8.3021     34.0838   
4.8256     32.0060   
11.9089    25.1113   
10.4480    28.4994   
1.7324     12.9309   

# Frame11

# x        y
14.5581    30.8408   
8.3021     34.0838   
4.8256     32.0060   
11.9089    25.1113   
10.4480    28.4994   
1.7324     12.9309   

# Frame12

# x        y
13.9013    31.5188   
8.3021     34.0838   
4.8256     32.0060   
11.9089    25.1113   
10.4480    28.4994   
1.7324     12.9309   

# Frame13

# x        y
13.2555    32.1855   
8.3021     34.0838   
4.8256     32.0060   
11.9089    25.1113   
10.4480    28.4994   
1.7324     12.9309   

# Frame14

# x        y
12.6204    32.8411   
8.3021     34.0838   
4.8256     32.0060   
11.9089    25.1113   
10.4480    28.4994   
1.7324     12.9309   

# Frame15

# x        y
11.9960    33.4858   
8.3021     34.0838   
4.8256     32.0060   
11.9089    25.1113   
10.4480    28.4994   
1.7324     12.9309   

# Frame16

# x        y
11.3819    34.1197   
8.3021     34.0838   
4.8256     32.0060   
11.9089    25.1113   
10.4480    28.4994   
1.7324     12.9309   

# Frame17

# x        y
10.7781    34.7431   
8.3021     34.0838   
4.8256     32.0060   
11.9089    25.1113   
10.4480    28.4994   
1.7324     12.9309   

# Frame18

# x        y
10.1843    35.3561   
8.3021     34.0838   
4.8256     32.0060   
11.9089    25.1113   
10.4480    28.4994   
1.7324     12.9309   

# Frame19

# x        y
9.6004     35.9589   
8.3021     34.0838   
4.8256     32.0060   
11.9089    25.1113   
10.4480    28.4994   
1.7324     12.9309   

# Frame20

# x        y
9.0263     36.5516   
8.3021     34.0838   
4.8256     32.0060   
11.9089    25.1113   
10.4480    28.4994   
1.7324     12.9309   

# Frame21

# x        y
8.4617     37.1344   
8.3021     34.0838   
4.8256     32.0060   
11.9089    25.1113   
10.4480    28.4994   
1.7324     12.9309   

# Frame22

# x        y
7.9066     37.7076   
8.3021     34.0838   
4.8256     32.0060   
11.9089    25.1113   
10.4480    28.4994   
1.7324     12.9309   

# Frame23

# x        y
7.3607     38.2711   
8.3021     34.0838   
4.8256     32.0060   
11.9089    25.1113   
10.4480    28.4994   
1.7324     12.9309   

# Frame24

# x        y
6.8239     38.8253   
8.3021     34.0838   
4.8256     32.0060   
11.9089    25.1113   
10.4480    28.4994   
1.7324     12.9309   

# Frame25

# x        y
6.3275     38.8125   
8.3021     34.0838   
4.8256     32.0060   
11.9089    25.1113   
10.4480    28.4994   
1.7324     12.9309   

# Frame26

# x        y
5.8547     38.5446   
8.3021     34.0838   
4.8256     32.0060   
11.9089    25.1113   
10.4480    28.4994   
1.7324     12.9309   

# Frame27

# x        y
5.3898     38.2811   
8.3021     34.0838   
4.8256     32.0060   
11.9089    25.1113   
10.4480    28.4994   
1.7324     12.9309   

# Frame28

# x        y
4.9326     38.0221   
8.3021     34.0838   
4.8256     32.0060   
11.9089    25.1113   
10.4480    28.4994   
1.7324     12.9309   

# Frame29

# x        y
4.4831     37.7673   
8.3021     34.0838   
4.8256     32.0060   
11.9089    25.1113   
10.4480    28.4994   
1.7324     12.9309   

# Frame30

# x        y
4.0410     37.5168   
8.3021     34.0838   
4.8256     32.0060   
11.9089    25.1113   
10.4480    28.4994   
1.7324     12.9309   

# Frame31

# x        y
3.6063     37.2704   
8.3021     34.0838   
4.8256     32.0060   
11.9089    25.1113   
10.4480    28.4994   
1.7324     12.9309   

# Frame32

# x        y
3.1788     37.0282   
8.3021     34.0838   
4.8256     32.0060   
11.9089    25.1113   
10.4480    28.4994   
1.7324     12.9309   

# Frame33

# x        y
2.7585     36.7900   
8.3021     34.0838   
4.8256     32.0060   
11.9089    25.1113   
10.4480    28.4994   
1.7324     12.9309   

# Frame34

# x        y
2.3452     36.5558   
8.3021     34.0838   
4.8256     32.0060   
11.9089    25.1113   
10.4480    28.4994   
1.7324     12.9309   

# Frame35

# x        y
1.9387     36.3255   
8.3021     34.0838   
4.8256     32.0060   
11.9089    25.1113   
10.4480    28.4994   
1.7324     12.9309   

# Frame36

# x        y
1.5391     36.0990   
8.3021     34.0838   
4.8256     32.0060   
11.9089    25.1113   
10.4480    28.4994   
1.7324     12.9309   

# Frame37

# x        y
1.1461     35.8763   
8.3021     34.0838   
4.8256     32.0060   
11.9089    25.1113   
10.4480    28.4994   
1.7324     12.9309   

# Frame38

# x        y
1.1225     35.6389   
8.3021     34.0838   
4.8256     32.0060   
11.9089    25.1113   
10.4480    28.4994   
1.7324     12.9309   

# Frame39

# x        y
1.3125     35.3938   
8.3021     34.0838   
4.8256     32.0060   
11.9089    25.1113   
10.4480    28.4994   
1.7324     12.9309   

# Frame40

# x        y
1.4994     35.1528   
8.3021     34.0838   
4.8256     32.0060   
11.9089    25.1113   
10.4480    28.4994   
1.7324     12.9309   

# Frame41

# x        y
1.6831     34.9158   
8.3021     34.0838   
4.8256     32.0060   
11.9089    25.1113   
10.4480    28.4994   
1.7324     12.9309   

# Frame42

# x        y
1.8638     34.6827   
8.3021     34.0838   
4.8256     32.0060   
11.9089    25.1113   
10.4480    28.4994   
1.7324     12.9309   

# Frame43

# x        y
2.0414     34.4536   
8.3021     34.0838   
4.8256     32.0060   
11.9089    25.1113   
10.4480    28.4994   
1.7324     12.9309   

# Frame44

# x        y
2.2161     34.2282   
8.3021     34.0838   
4.8256     32.0060   
11.9089    25.1113   
10.4480    28.4994   
1.7324     12.9309   

# Frame45

# x        y
2.3879     34.0066   
8.3021     34.0838   
4.8256     32.0060   
11.9089    25.1113   
10.4480    28.4994   
1.7324     12.9309   

# Frame46

# x        y
2.5568     33.7888   
8.3021     34.0838   
4.8256     32.0060   
11.9089    25.1113   
10.4480    28.4994   
1.7324     12.9309   

# Frame47

# x        y
2.7229     33.5745   
8.3021     34.0838   
4.8256     32.0060   
11.9089    25.1113   
10.4480    28.4994   
1.7324     12.9309   

# Frame48

# x        y
2.8862     33.3638   
8.3021     34.0838   
4.8256     32.0060   
11.9089    25.1113   
10.4480    28.4994   
1.7324     12.9309   

# Frame49

# x        y
3.0469     33.1566   
8.3021     34.0838   
4.8256     32.0060   
11.9089    25.1113   
10.4480    28.4994   
1.7324     12.9309   

# Frame50

# x        y
3.1416     33.0145   
8.3021     34.0838   
4.8888     31.9445   
11.9089    25.1113   
10.4480    28.4994   
1.7324     12.9309   

# Frame51

# x        y
3.1674     32.9432   
8.3021     34.0838   
5.0183     31.8154   
11.9089    25.1113   
10.4480    28.4994   
1.7324     12.9309   

# Frame52

# x        y
3.1928     32.8731   
8.3021     34.0838   
5.1456     31.6885   
11.9089    25.1113   
10.4480    28.4994   
1.7324     12.9309   

# Frame53

# x        y
3.2178     32.8042   
8.3021     34.0838   
5.2708     31.5636   
11.9089    25.1113   
10.4480    28.4994   
1.7324     12.9309   

# Frame54

# x        y
3.2423     32.7365   
8.3021     34.0838   
5.3939     31.4409   
11.9089    25.1113   
10.4480    28.4994   
1.7324     12.9309   

# Frame55

# x        y
3.2665     32.6699   
8.3021     34.0838   
5.5150     31.3202   
11.9089    25.1113   
10.4480    28.4994   
1.7324     12.9309   

# Frame56

# x        y
3.2902     32.6044   
8.3021     34.0838   
5.6340     31.2016   
11.9089    25.1113   
10.4480    28.4994   
1.7324     12.9309   

# Frame57

# x        y
3.3136     32.5400   
8.3021     34.0838   
5.7511     31.0849   
11.9089    25.1113   
10.4480    28.4994   
1.7324     12.9309   

# Frame58

# x        y
3.3365     32.4766   
8.3021     34.0838   
5.8662     30.9701   
11.9089    25.1113   
10.4480    28.4994   
1.7324     12.9309   

# Frame59

# x        y
3.3591     32.4143   
8.3021     34.0838   
5.9793     30.8573   
11.9089    25.1113   
10.4480    28.4994   
1.7324     12.9309   

# Frame60

# x        y
3.3813     32.3531   
8.3021     34.0838   
6.0906     30.7463   
11.9089    25.1113   
10.4480    28.4994   
1.7324     12.9309   

# Frame61

# x        y
3.4032     32.2928   
8.3021     34.0838   
6.2001     30.6372   
11.9089    25.1113   
10.4480    28.4994   
1.7324     12.9309   

# Frame62

# x        y
3.4246     32.2336   
8.3021     34.0838   
6.3077     30.5299   
11.9089    25.1113   
10.4480    28.4994   
1.7324     12.9309   

# Frame63

# x        y
3.4457     32.1754   
8.3021     34.0838   
6.4135     30.4244   
11.9089    25.1113   
10.4480    28.4994   
1.7324     12.9309   

# Frame64

# x        y
3.4665     32.1181   
8.3021     34.0838   
6.5176     30.3207   
11.9089    25.1113   
10.4480    28.4994   
1.7324     12.9309   

# Frame65

# x        y
3.4869     32.0618   
8.3021     34.0838   
6.6199     30.2187   
11.9089    25.1113   
10.4480    28.4994   
1.7324     12.9309   

# Frame66

# x        y
3.5070     32.0064   
8.3021     34.0838   
6.7205     30.1184   
11.9089    25.1113   
10.4480    28.4994   
1.7324     12.9309   

# Frame67

# x        y
3.5267     31.9520   
8.3021     34.0838   
6.8195     30.0197   
11.9089    25.1113   
10.4480    28.4994   
1.7324     12.9309   

# Frame68

# x        y
3.5461     31.8984   
8.3021     34.0838   
6.9168     29.9227   
11.9089    25.1113   
10.4480    28.4994   
1.7324     12.9309   

# Frame69

# x        y
3.5652     31.8458   
8.3021     34.0838   
7.0125     29.8273   
11.9089    25.1113   
10.4480    28.4994   
1.7324     12.9309   

# Frame70

# x        y
3.5840     31.7940   
8.3021     34.0838   
7.1065     29.7336   
11.9089    25.1113   
10.4480    28.4994   
1.7324     12.9309   

# Frame71

# x        y
3.6024     31.7431   
8.3021     34.0838   
7.1990     29.6413   
11.9089    25.1113   
10.4480    28.4994   
1.7324     12.9309   

# Frame72

# x        y
3.6206     31.6930   
8.3021     34.0838   
7.2900     29.5506   
11.9089    25.1113   
10.4480    28.4994   
1.7324     12.9309   

# Frame73

# x        y
3.6384     31.6438   
8.3021     34.0838   
7.3795     29.4615   
11.9089    25.1113   
10.4480    28.4994   
1.7324     12.9309   

# Frame74

# x        y
3.6560     31.5954   
8.3021     34.0838   
7.4674     29.3738   
11.9089    25.1113   
10.4480    28.4994   
1.7324     12.9309   

# Frame75

# x        y
3.6732     31.5478   
8.3021     34.0838   
7.5539     29.2875   
11.9089    25.1113   
10.4480    28.4994   
1.7324     12.9309   

# Frame76

# x        y
3.6902     31.5010   
8.3021     34.0838   
7.6390     29.2027   
11.9089    25.1113   
10.4480    28.4994   
1.7324     12.9309   

# Frame77

# x        y
3.7069     31.4549   
8.3021     34.0838   
7.7226     29.1194   
11.9089    25.1113   
10.4480    28.4994   
1.7324     12.9309   

# Frame78

# x        y
3.7233     31.4097   
8.3021     34.0838   
7.8049     29.0374   
11.9089    25.1113   
10.4480    28.4994   
1.7324     12.9309   

# Frame79

# x        y
3.7394     31.3652   
8.3021     34.0838   
7.8857     28.9567   
11.9089    25.1113   
10.4480    28.4994   
1.7324     12.9309   

# Frame80

# x        y
3.7553     31.3214   
8.3021     34.0838   
7.9653     28.8775   
11.9089    25.1113   
10.4480    28.4994   
1.7324     12.9309   

# Frame81

# x        y
3.7709     31.2784   
8.3021     34.0838   
8.0435     28.7995   
11.9089    25.1113   
10.4480    28.4994   
1.7324     12.9309   

# Frame82

# x        y
3.7862     31.2360   
8.3021     34.0838   
8.1204     28.7228   
11.9089    25.1113   
10.4480    28.4994   
1.7324     12.9309   

# Frame83

# x        y
3.8013     31.1944   
8.3021     34.0838   
8.1960     28.6475   
11.9089    25.1113   
10.4480    28.4994   
1.7324     12.9309   

# Frame84

# x        y
3.8161     31.1535   
8.3021     34.0838   
8.2703     28.5733   
11.9089    25.1113   
10.4480    28.4994   
1.7324     12.9309   

# Frame85

# x        y
3.8307     31.1133   
8.3021     34.0838   
8.3434     28.5004   
11.9089    25.1113   
10.4480    28.4994   
1.7324     12.9309   

# Frame86

# x        y
3.8451     31.0737   
8.3021     34.0838   
8.4153     28.4288   
11.9089    25.1113   
10.4480    28.4994   
1.7324     12.9309   

# Frame87

# x        y
3.8592     31.0348   
8.3021     34.0838   
8.4675     28.3595   
11.9089    25.1113   
10.4666    28.4981   
1.7324     12.9309   

# Frame88

# x        y
3.8730     30.9965   
8.3021     34.0838   
8.4877     28.2955   
11.9089    25.1113   
10.5159    28.4929   
1.7324     12.9309   

# Frame89

# x        y
3.8867     30.9589   
8.3021     34.0838   
8.5076     28.2325   
11.9089    25.1113   
10.5643    28.4877   
1.7324     12.9309   

# Frame90

# x        y
3.9001     30.9219   
8.3021     34.0838   
8.5272     28.1706   
11.9089    25.1113   
10.6120    28.4826   
1.7324     12.9309   

# Frame91

# x        y
3.9133     30.8855   
8.3021     34.0838   
8.5464     28.1097   
11.9089    25.1113   
10.6588    28.4776   
1.7324     12.9309   

# Frame92

# x        y
3.9262     30.8498   
8.3021     34.0838   
8.5654     28.0499   
11.9089    25.1113   
10.7049    28.4726   
1.7324     12.9309   

# Frame93

# x        y
3.9390     30.8146   
8.3021     34.0838   
8.5840     27.9910   
11.9089    25.1113   
10.7502    28.4678   
1.7324     12.9309   

# Frame94

# x        y
3.9515     30.7800   
8.3021     34.0838   
8.6023     27.9331   
11.9089    25.1113   
10.7948    28.4630   
1.7324     12.9309   

# Frame95

# x        y
3.9639     30.7460   
8.3021     34.0838   
8.6203     27.8762   
11.9089    25.1113   
10.8386    28.4583   
1.7324     12.9309   

# Frame96

# x        y
3.9760     30.7126   
8.3021     34.0838   
8.6379     27.8202   
11.9089    25.1113   
10.8817    28.4537   
1.7324     12.9309   

# Frame97

# x        y
3.9879     30.6797   
8.3021     34.0838   
8.6553     27.7652   
11.9089    25.1113   
10.9241    28.4492   
1.7324     12.9309   

# Frame98

# x        y
3.9996     30.6473   
8.3021     34.0838   
8.6724     27.7111   
11.9089    25.1113   
10.9657    28.4447   
1.7324     12.9309   

# Frame99

# x        y
4.0111     30.6155   
8.3021     34.0838   
8.6893     27.6578   
11.9089    25.1113   
11.0067    28.4403   
1.7324     12.9309   

# Frame100

# x        y
4.0225     30.5843   
8.3021     34.0838   
8.7058     27.6055   
11.9089    25.1113   
11.0470    28.4360   
1.7324     12.9309   

# Frame101

# x        y
4.0336     30.5535   
8.3021     34.0838   
8.7221     27.5540   
11.9089    25.1113   
11.0866    28.4318   
1.7324     12.9309   

# Frame102

# x        y
4.0446     30.5233   
8.3021     34.0838   
8.7381     27.5034   
11.9089    25.1113   
11.1255    28.4276   
1.7324     12.9309   

# Frame103

# x        y
4.0554     30.4935   
8.3021     34.0838   
8.7538     27.4537   
11.9089    25.1113   
11.1638    28.4235   
1.7324     12.9309   

# Frame104

# x        y
4.0660     30.4643   
8.3021     34.0838   
8.7692     27.4047   
11.9089    25.1113   
11.2015    28.4195   
1.7324     12.9309   

# Frame105

# x        y
4.0764     30.4355   
8.3021     34.0838   
8.7844     27.3566   
11.9089    25.1113   
11.2385    28.4155   
1.7324     12.9309   

# Frame106

# x        y
4.0866     30.4073   
8.3021     34.0838   
8.7994     27.3093   
11.9089    25.1113   
11.2749    28.4116   
1.7324     12.9309   

# Frame107

# x        y
4.0967     30.3795   
8.3021     34.0838   
8.8141     27.2628   
11.9089    25.1113   
11.3108    28.4078   
1.7324     12.9309   

# Frame108

# x        y
4.1066     30.3521   
8.3021     34.0838   
8.8286     27.2170   
11.9089    25.1113   
11.3460    28.4040   
1.7324     12.9309   

# Frame109

# x        y
4.1164     30.3253   
8.3021     34.0838   
8.8428     27.1720   
11.9089    25.1113   
11.3806    28.4003   
1.7324     12.9309   

# Frame110

# x        y
4.1259     30.2988   
8.3021     34.0838   
8.8568     27.1278   
11.9089    25.1113   
11.4147    28.3967   
1.7324     12.9309   

# Frame111

# x        y
4.1354     30.2728   
8.3021     34.0838   
8.8705     27.0843   
11.9089    25.1113   
11.4481    28.3931   
1.7324     12.9309   

# Frame112

# x        y
4.1446     30.2473   
8.3021     34.0838   
8.8840     27.0415   
11.9089    25.1113   
11.4811    28.3896   
1.7324     12.9309   

# Frame113

# x        y
4.1537     30.2221   
8.3021     34.0838   
8.8973     26.9994   
11.9089    25.1113   
11.5134    28.3861   
1.7324     12.9309   

# Frame114

# x        y
4.1627     30.1974   
8.3021     34.0838   
8.9104     26.9581   
11.9089    25.1113   
11.5453    28.3827   
1.7324     12.9309   

# Frame115

# x        y
4.1715     30.1731   
8.3021     34.0838   
8.9232     26.9174   
11.9089    25.1113   
11.5766    28.3793   
1.7324     12.9309   

# Frame116

# x        y
4.1802     30.1492   
8.3021     34.0838   
8.9359     26.8774   
11.9089    25.1113   
11.6074    28.3760   
1.7324     12.9309   

# Frame117

# x        y
4.1887     30.1257   
8.3021     34.0838   
8.9483     26.8381   
11.9089    25.1113   
11.6376    28.3728   
1.7324     12.9309   

# Frame118

# x        y
4.1971     30.1026   
8.3021     34.0838   
8.9605     26.7994   
11.9089    25.1113   
11.6674    28.3696   
1.7324     12.9309   

# Frame119

# x        y
4.2053     30.0799   
8.3021     34.0838   
8.9725     26.7614   
11.9089    25.1113   
11.6967    28.3665   
1.7324     12.9309   

# Frame120

# x        y
4.2134     30.0575   
8.3021     34.0838   
8.9844     26.7240   
11.9089    25.1113   
11.7255    28.3634   
1.7324     12.9309   

# Frame121

# x        y
4.2214     30.0356   
8.3021     34.0838   
8.9960     26.6872   
11.9089    25.1113   
11.7538    28.3604   
1.7324     12.9309   

# Frame122

# x        y
4.2292     30.0140   
8.3021     34.0838   
9.0074     26.6510   
11.9089    25.1113   
11.7816    28.3574   
1.7324     12.9309   

# Frame123

# x        y
4.2369     29.9927   
8.3021     34.0838   
9.0186     26.6155   
11.9089    25.1113   
11.8090    28.3545   
1.7324     12.9309   

# Frame124

# x        y
4.2445     29.9718   
8.3021     34.0838   
9.0297     26.5805   
11.9089    25.1113   
11.8359    28.3516   
1.7324     12.9309   

# Frame125

# x        y
4.2519     29.9513   
8.3021     34.0838   
9.0406     26.5461   
11.9089    25.1113   
11.8623    28.3488   
1.7324     12.9309   

# Frame126

# x        y
4.2592     29.9311   
8.3021     34.0838   
9.0512     26.5123   
11.9089    25.1113   
11.8884    28.3460   
1.7324     12.9309   

# Frame127

# x        y
4.2664     29.9112   
8.3021     34.0838   
9.0618     26.4791   
11.9089    25.1113   
11.9140    28.3432   
1.7324     12.9309   

# Frame128

# x        y
4.2735     29.8917   
8.3021     34.0838   
9.0721     26.4464   
11.9089    25.1113   
11.9391    28.3405   
1.7324     12.9309   

# Frame129

# x        y
4.2805     29.8725   
8.3021     34.0838   
9.0822     26.4143   
11.9089    25.1113   
11.9639    28.3379   
1.7324     12.9309   

# Frame130

# x        y
4.2873     29.8536   
8.3021     34.0838   
9.0922     26.3826   
11.9089    25.1113   
11.9882    28.3353   
1.7324     12.9309   

# Frame131

# x        y
4.2941     29.8350   
8.3021     34.0838   
9.1021     26.3516   
11.9089    25.1113   
12.0121    28.3327   
1.7324     12.9309   

# Frame132

# x        y
4.3007     29.8168   
8.3021     34.0838   
9.1117     26.3210   
11.9089    25.1113   
12.0356    28.3302   
1.7324     12.9309   

# Frame133

# x        y
4.3072     29.7988   
8.3021     34.0838   
9.1212     26.2909   
11.9089    25.1113   
12.0588    28.3277   
1.7324     12.9309   

# Frame134

# x        y
4.3136     29.7811   
8.3021     34.0838   
9.1306     26.2614   
11.9089    25.1113   
12.0815    28.3253   
1.7324     12.9309   

# Frame135

# x        y
4.3199     29.7638   
8.3021     34.0838   
9.1397     26.2323   
11.9089    25.1113   
12.1039    28.3229   
1.7324     12.9309   

# Frame136

# x        y
4.3261     29.7467   
8.3021     34.0838   
9.1488     26.2037   
11.9089    25.1113   
12.1259    28.3206   
1.7324     12.9309   

# Frame137

# x        y
4.3322     29.7299   
8.3021     34.0838   
9.1576     26.1756   
11.9089    25.1113   
12.1475    28.3182   
1.7324     12.9309   

# Frame138

# x        y
4.3381     29.7134   
8.3021     34.0838   
9.1664     26.1480   
11.9089    25.1113   
12.1688    28.3160   
1.7324     12.9309   

# Frame139

# x        y
4.3440     29.6972   
8.3021     34.0838   
9.1750     26.1208   
11.9089    25.1113   
12.1897    28.3137   
1.7324     12.9309   

# Frame140

# x        y
4.3498     29.6812   
8.3021     34.0838   
9.1834     26.0941   
11.9089    25.1113   
12.2103    28.3115   
1.7324     12.9309   

# Frame141

# x        y
4.3555     29.6655   
8.3021     34.0838   
9.1917     26.0678   
11.9089    25.1113   
12.2305    28.3094   
1.7324     12.9309   

# Frame142

# x        y
4.3611     29.6501   
8.3021     34.0838   
9.1999     26.0420   
11.9089    25.1113   
12.2504    28.3072   
1.7324     12.9309   

# Frame143

# x        y
4.3666     29.6349   
8.3021     34.0838   
9.2079     26.0166   
11.9089    25.1113   
12.2699    28.3051   
1.7324     12.9309   

# Frame144

# x        y
4.3720     29.6200   
8.3021     34.0838   
9.2158     25.9916   
11.9089    25.1113   
12.2892    28.3031   
1.7324     12.9309   

# Frame145

# x        y
4.3773     29.6053   
8.3021     34.0838   
9.2236     25.9671   
11.9089    25.1113   
12.3081    28.3011   
1.7324     12.9309   

# Frame146

# x        y
4.3826     29.5909   
8.3021     34.0838   
9.2312     25.9429   
11.9089    25.1113   
12.3267    28.2991   
1.7324     12.9309   

# Frame147

# x        y
4.3877     29.5767   
8.3021     34.0838   
9.2387     25.9191   
11.9089    25.1113   
12.3450    28.2971   
1.7324     12.9309   

# Frame148

# x        y
4.3928     29.5627   
8.3021     34.0838   
9.2461     25.8958   
11.9089    25.1113   
12.3629    28.2952   
1.7324     12.9309   

# Frame149

# x        y
4.3977     29.5490   
8.3021     34.0838   
9.2533     25.8728   
11.9089    25.1113   
12.3806    28.2933   
1.7324     12.9309   

# Frame150

# x        y
4.4026     29.5355   
8.3021     34.0838   
9.2605     25.8502   
11.9089    25.1113   
12.3980    28.2914   
1.7324     12.9309   

# Frame151

# x        y
4.4074     29.5222   
8.3021     34.0838   
9.2675     25.8280   
11.9089    25.1113   
12.4151    28.2896   
1.7324     12.9309   

# Frame152

# x        y
4.4122     29.5092   
8.3021     34.0838   
9.2744     25.8062   
11.9089    25.1113   
12.4319    28.2878   
1.7324     12.9309   

# Frame153

# x        y
4.4168     29.4963   
8.3021     34.0838   
9.2812     25.7847   
11.9089    25.1113   
12.4484    28.2860   
1.7324     12.9309   

# Frame154

# x        y
4.4214     29.4837   
8.3021     34.0838   
9.2879     25.7636   
11.9089    25.1113   
12.4647    28.2843   
1.7324     12.9309   

# Frame155

# x        y
4.4259     29.4713   
8.3021     34.0838   
9.2944     25.7428   
11.9089    25.1113   
12.4807    28.2826   
1.7324     12.9309   

# Frame156

# x        y
4.4303     29.4591   
8.3021     34.0838   
9.3009     25.7224   
11.9089    25.1113   
12.4964    28.2809   
1.7324     12.9309   

# Frame157

# x        y
4.4347     29.4471   
8.3021     34.0838   
9.3072     25.7023   
11.9089    25.1113   
12.5118    28.2793   
1.7324     12.9309   

# Frame158

# x        y
4.4389     29.4353   
8.3021     34.0838   
9.3135     25.6826   
11.9089    25.1113   
12.5270    28.2776   
1.7324     12.9309   

# Frame159

# x        y
4.4432     29.4237   
8.3021     34.0838   
9.3196     25.6632   
11.9089    25.1113   
12.5420    28.2760   
1.7324     12.9309   

# Frame160

# x        y
4.4473     29.4123   
8.3021     34.0838   
9.3256     25.6441   
11.9089    25.1113   
12.5567    28.2745   
1.7324     12.9309   

# Frame161

# x        y
4.4514     29.4011   
8.3021     34.0838   
9.3316     25.6253   
11.9089    25.1113   
12.5711    28.2729   
1.7324     12.9309   

# Frame162

# x        y
4.4554     29.3901   
8.3021     34.0838   
9.3374     25.6068   
11.9089    25.1113   
12.5853    28.2714   
1.7324     12.9309   

# Frame163

# x        y
4.4593     29.3792   
8.3021     34.0838   
9.3431     25.5887   
11.9089    25.1113   
12.5993    28.2699   
1.7324     12.9309   

# Frame164

# x        y
4.4632     29.3685   
8.3021     34.0838   
9.3488     25.5708   
11.9089    25.1113   
12.6130    28.2684   
1.7324     12.9309   

# Frame165

# x        y
4.4670     29.3581   
8.3021     34.0838   
9.3543     25.5533   
11.9089    25.1113   
12.6266    28.2670   
1.7324     12.9309   

# Frame166

# x        y
4.4707     29.3477   
8.3021     34.0838   
9.3598     25.5360   
11.9089    25.1113   
12.6398    28.2656   
1.7324     12.9309   

# Frame167

# x        y
4.4744     29.3376   
8.3021     34.0838   
9.3651     25.5190   
11.9089    25.1113   
12.6529    28.2642   
1.7324     12.9309   

# Frame168

# x        y
4.4780     29.3276   
8.3021     34.0838   
9.3704     25.5024   
11.9089    25.1113   
12.6658    28.2628   
1.7324     12.9309   

# Frame169

# x        y
4.4815     29.3178   
8.3021     34.0838   
9.3756     25.4859   
11.9089    25.1113   
12.6784    28.2614   
1.7324     12.9309   

# Frame170

# x        y
4.4850     29.3082   
8.3021     34.0838   
9.3807     25.4698   
11.9089    25.1113   
12.6908    28.2601   
1.7324     12.9309   

# Frame171

# x        y
4.4885     29.2987   
8.3021     34.0838   
9.3857     25.4539   
11.9089    25.1113   
12.7030    28.2588   
1.7324     12.9309   

# Frame172

# x        y
4.4918     29.2894   
8.3021     34.0838   
9.3906     25.4383   
11.9089    25.1113   
12.7150    28.2575   
1.7324     12.9309   

# Frame173

# x        y
4.4952     29.2802   
8.3021     34.0838   
9.3955     25.4230   
11.9089    25.1113   
12.7268    28.2562   
1.7324     12.9309   

# Frame174

# x        y
4.4984     29.2712   
8.3021     34.0838   
9.4003     25.4079   
11.9089    25.1113   
12.7385    28.2550   
1.7324     12.9309   

# Frame175

# x        y
4.5017     29.2623   
8.3021     34.0838   
9.4050     25.3931   
11.9089    25.1113   
12.7499    28.2538   
1.7324     12.9309   

# Frame176

# x        y
4.5048     29.2536   
8.3021     34.0838   
9.4096     25.3785   
11.9089    25.1113   
12.7611    28.2526   
1.7324     12.9309   

# Frame177

# x        y
4.5079     29.2450   
8.3021     34.0838   
9.4141     25.3641   
11.9089    25.1113   
12.7722    28.2514   
1.7324     12.9309   

# Frame178

# x        y
4.5110     29.2366   
8.3021     34.0838   
9.4186     25.3500   
11.9089    25.1113   
12.7830    28.2502   
1.7324     12.9309   

# Frame179

# x        y
4.5140     29.2283   
8.3021     34.0838   
9.4229     25.3361   
11.9089    25.1113   
12.7937    28.2491   
1.7324     12.9309   

# Frame180

# x        y
4.5169     29.2202   
8.3021     34.0838   
9.4273     25.3225   
11.9089    25.1113   
12.8042    28.2480   
1.7324     12.9309   

# Frame181

# x        y
4.5198     29.2122   
8.3021     34.0838   
9.4315     25.3091   
11.9089    25.1113   
12.8145    28.2469   
1.7324     12.9309   

# Frame182

# x        y
4.5227     29.2043   
8.3021     34.0838   
9.4357     25.2959   
11.9089    25.1113   
12.8247    28.2458   
1.7324     12.9309   

# Frame183

# x        y
4.5255     29.1965   
8.3021     34.0838   
9.4398     25.2829   
11.9089    25.1113   
12.8347    28.2447   
1.7324     12.9309   

# Frame184

# x        y
4.5283     29.1889   
8.3021     34.0838   
9.4438     25.2702   
11.9089    25.1113   
12.8445    28.2437   
1.7324     12.9309   

# Frame185

# x        y
4.5310     29.1814   
8.3021     34.0838   
9.4478     25.2576   
11.9089    25.1113   
12.8541    28.2426   
1.7324     12.9309   

# Frame186

# x        y
4.5337     29.1740   
8.3021     34.0838   
9.4516     25.2453   
11.9089    25.1113   
12.8636    28.2416   
1.7324     12.9309   

# Frame187

# x        y
4.5363     29.1668   
8.3021     34.0838   
9.4555     25.2332   
11.9089    25.1113   
12.8730    28.2406   
1.7324     12.9309   

# Frame188

# x        y
4.5389     29.1597   
8.3021     34.0838   
9.4593     25.2212   
11.9089    25.1113   
12.8821    28.2396   
1.7324     12.9309   

# Frame189

# x        y
4.5414     29.1527   
8.3021     34.0838   
9.4630     25.2095   
11.9089    25.1113   
12.8912    28.2387   
1.7324     12.9309   

# Frame190

# x        y
4.5439     29.1458   
8.3021     34.0838   
9.4666     25.1980   
11.9089    25.1113   
12.9000    28.2377   
1.7324     12.9309   

# Frame191

# x        y
4.5464     29.1390   
8.3021     34.0838   
9.4702     25.1866   
11.9089    25.1113   
12.9088    28.2368   
1.7324     12.9309   

# Frame192

# x        y
4.5488     29.1323   
8.3021     34.0838   
9.4737     25.1755   
11.9089    25.1113   
12.9173    28.2359   
1.7324     12.9309   

# Frame193

# x        y
4.5511     29.1258   
8.3021     34.0838   
9.4772     25.1645   
11.9089    25.1113   
12.9258    28.2350   
1.7324     12.9309   

# Frame194

# x        y
4.5535     29.1193   
8.3021     34.0838   
9.4806     25.1537   
11.9089    25.1113   
12.9341    28.2341   
1.7324     12.9309   

# Frame195

# x        y
4.5558     29.1130   
8.3021     34.0838   
9.4839     25.1431   
11.9089    25.1113   
12.9422    28.2332   
1.7324     12.9309   

# Frame196

# x        y
4.5580     29.1068   
8.3021     34.0838   
9.4872     25.1327   
11.9089    25.1113   
12.9503    28.2323   
1.7324     12.9309   

# Frame197

# x        y
4.5603     29.1006   
8.3021     34.0838   
9.4905     25.1225   
11.9089    25.1113   
12.9582    28.2315   
1.7324     12.9309   

# Frame198

# x        y
4.5624     29.0946   
8.3021     34.0838   
9.4936     25.1124   
11.9089    25.1113   
12.9659    28.2307   
1.7324     12.9309   

# Frame199

# x        y
4.5646     29.0887   
8.3021     34.0838   
9.4968     25.1025   
11.9089    25.1113   
12.9735    28.2298   
1.7324     12.9309   

# Frame200

# x        y
4.5667     29.0829   
8.3021     34.0838   
9.4999     25.0927   
11.9089    25.1113   
12.9810    28.2290   
1.7324     12.9309   

# Frame201

# x        y
4.5688     29.0772   
8.3021     34.0838   
9.5029     25.0831   
11.9089    25.1113   
12.9884    28.2283   
1.7324     12.9309   

# Frame202

# x        y
4.5708     29.0715   
8.3021     34.0838   
9.5059     25.0737   
11.9089    25.1113   
12.9957    28.2275   
1.7324     12.9309   

# Frame203

# x        y
4.5728     29.0660   
8.3021     34.0838   
9.5088     25.0645   
11.9089    25.1113   
13.0028    28.2267   
1.7324     12.9309   

# Frame204

# x        y
4.5748     29.0605   
8.3021     34.0838   
9.5117     25.0553   
11.9089    25.1113   
13.0098    28.2260   
1.7324     12.9309   

# Frame205

# x        y
4.5767     29.0552   
8.3021     34.0838   
9.5145     25.0464   
11.9089    25.1113   
13.0167    28.2252   
1.7324     12.9309   

# Frame206

# x        y
4.5786     29.0499   
8.3021     34.0838   
9.5173     25.0376   
11.9089    25.1113   
13.0235    28.2245   
1.7324     12.9309   

# Frame207

# x        y
4.5805     29.0447   
8.3021     34.0838   
9.5200     25.0289   
11.9089    25.1113   
13.0302    28.2238   
1.7324     12.9309   

# Frame208

# x        y
4.5824     29.0396   
8.3021     34.0838   
9.5227     25.0204   
11.9089    25.1113   
13.0367    28.2231   
1.7324     12.9309   

# Frame209

# x        y
4.5842     29.0346   
8.3021     34.0838   
9.5254     25.0120   
11.9089    25.1113   
13.0432    28.2224   
1.7324     12.9309   

# Frame210

# x        y
4.5860     29.0297   
8.3021     34.0838   
9.5280     25.0038   
11.9089    25.1113   
13.0495    28.2217   
1.7324     12.9309   

# Frame211

# x        y
4.5877     29.0249   
8.3021     34.0838   
9.5305     24.9957   
11.9089    25.1113   
13.0558    28.2210   
1.7324     12.9309   

# Frame212

# x        y
4.5894     29.0201   
8.3021     34.0838   
9.5331     24.9877   
11.9089    25.1113   
13.0619    28.2204   
1.7324     12.9309   

# Frame213

# x        y
4.5911     29.0154   
8.3021     34.0838   
9.5355     24.9799   
11.9089    25.1113   
13.0679    28.2197   
1.7324     12.9309   

# Frame214

# x        y
4.5928     29.0108   
8.3021     34.0838   
9.5380     24.9722   
11.9089    25.1113   
13.0739    28.2191   
1.7324     12.9309   

# Frame215

# x        y
4.5945     29.0063   
8.3021     34.0838   
9.5404     24.9646   
11.9089    25.1113   
13.0797    28.2185   
1.7324     12.9309   

# Frame216

# x        y
4.5961     29.0019   
8.3021     34.0838   
9.5427     24.9571   
11.9089    25.1113   
13.0854    28.2179   
1.7324     12.9309   

# Frame217

# x        y
4.5977     28.9975   
8.3021     34.0838   
9.5450     24.9498   
11.9089    25.1113   
13.0911    28.2173   
1.7324     12.9309   

# Frame218

# x        y
4.5992     28.9932   
8.3021     34.0838   
9.5473     24.9426   
11.9089    25.1113   
13.0966    28.2167   
1.7324     12.9309   

# Frame219

# x        y
4.6007     28.9889   
8.3021     34.0838   
9.5495     24.9355   
11.9089    25.1113   
13.1021    28.2161   
1.7324     12.9309   

# Frame220

# x        y
4.6023     28.9848   
8.3021     34.0838   
9.5517     24.9286   
11.9089    25.1113   
13.1074    28.2155   
1.7324     12.9309   

# Frame221

# x        y
4.6037     28.9807   
8.3021     34.0838   
9.5539     24.9217   
11.9089    25.1113   
13.1127    28.2150   
1.7324     12.9309   

# Frame222

# x        y
4.6052     28.9767   
8.3021     34.0838   
9.5560     24.9150   
11.9089    25.1113   
13.1179    28.2144   
1.7324     12.9309   

# Frame223

# x        y
4.6066     28.9727   
8.3021     34.0838   
9.5581     24.9084   
11.9089    25.1113   
13.1230    28.2139   
1.7324     12.9309   

# Frame224

# x        y
4.6080     28.9688   
8.3021     34.0838   
9.5602     24.9018   
11.9089    25.1113   
13.1280    28.2133   
1.7324     12.9309   

# Frame225

# x        y
4.6094     28.9650   
8.3021     34.0838   
9.5622     24.8954   
11.9089    25.1113   
13.1329    28.2128   
1.7324     12.9309   

# Frame226

# x        y
4.6108     28.9612   
8.3021     34.0838   
9.5642     24.8891   
11.9089    25.1113   
13.1378    28.2123   
1.7324     12.9309   

# Frame227

# x        y
4.6121     28.9575   
8.3021     34.0838   
9.5662     24.8829   
11.9089    25.1113   
13.1425    28.2118   
1.7324     12.9309   

# Frame228

# x        y
4.6135     28.9539   
8.3021     34.0838   
9.5681     24.8769   
11.9089    25.1113   
13.1472    28.2113   
1.7324     12.9309   

# Frame229

# x        y
4.6147     28.9503   
8.3021     34.0838   
9.5700     24.8709   
11.9089    25.1113   
13.1518    28.2108   
1.7324     12.9309   

# Frame230

# x        y
4.6160     28.9468   
8.3021     34.0838   
9.5718     24.8650   
11.9089    25.1113   
13.1563    28.2103   
1.7324     12.9309   

# Frame231

# x        y
4.6173     28.9433   
8.3021     34.0838   
9.5737     24.8592   
11.9089    25.1113   
13.1608    28.2098   
1.7324     12.9309   

# Frame232

# x        y
4.6185     28.9399   
8.3021     34.0838   
9.5755     24.8535   
11.9089    25.1113   
13.1652    28.2093   
1.7324     12.9309   

# Frame233

# x        y
4.6197     28.9366   
8.3021     34.0838   
9.5772     24.8479   
11.9089    25.1113   
13.1695    28.2089   
1.7324     12.9309   

# Frame234

# x        y
4.6209     28.9333   
8.3021     34.0838   
9.5790     24.8424   
11.9089    25.1113   
13.1737    28.2084   
1.7324     12.9309   

# Frame235

# x        y
4.6221     28.9301   
8.3021     34.0838   
9.5807     24.8370   
11.9089    25.1113   
13.1779    28.2080   
1.7324     12.9309   

# Frame236

# x        y
4.6232     28.9269   
8.3021     34.0838   
9.5824     24.8317   
11.9089    25.1113   
13.1820    28.2075   
1.7324     12.9309   

# Frame237

# x        y
4.6244     28.9238   
8.3021     34.0838   
9.5840     24.8264   
11.9089    25.1113   
13.1860    28.2071   
1.7324     12.9309   

# Frame238

# x        y
4.6255     28.9207   
8.3021     34.0838   
9.5856     24.8213   
11.9089    25.1113   
13.1900    28.2067   
1.7324     12.9309   

# Frame239

# x        y
4.6266     28.9177   
8.3021     34.0838   
9.5872     24.8162   
11.9089    25.1113   
13.1939    28.2063   
1.7324     12.9309   

# Frame240

# x        y
4.6277     28.9147   
8.3021     34.0838   
9.5888     24.8113   
11.9089    25.1113   
13.1977    28.2059   
1.7324     12.9309   

# Frame241

# x        y
4.6287     28.9118   
8.3021     34.0838   
9.5904     24.8064   
11.9089    25.1113   
13.2015    28.2054   
1.7324     12.9309   

# Frame242

# x        y
4.6298     28.9089   
8.3021     34.0838   
9.5919     24.8015   
11.9089    25.1113   
13.2052    28.2051   
1.7324     12.9309   

# Frame243

# x        y
4.6308     28.9061   
8.3021     34.0838   
9.5934     24.7968   
11.9089    25.1113   
13.2088    28.2047   
1.7324     12.9309   

# Frame244

# x        y
4.6318     28.9033   
8.3021     34.0838   
9.5948     24.7922   
11.9089    25.1113   
13.2124    28.2043   
1.7324     12.9309   

# Frame245

# x        y
4.6328     28.9006   
8.3021     34.0838   
9.5963     24.7876   
11.9089    25.1113   
13.2159    28.2039   
1.7324     12.9309   

# Frame246

# x        y
4.6338     28.8979   
8.3021     34.0838   
9.5977     24.7831   
11.9089    25.1113   
13.2194    28.2035   
1.7324     12.9309   

# Frame247

# x        y
4.6347     28.8952   
8.3021     34.0838   
9.5991     24.7787   
11.9089    25.1113   
13.2228    28.2032   
1.7324     12.9309   

# Frame248

# x        y
4.6357     28.8926   
8.3021     34.0838   
9.6005     24.7743   
11.9089    25.1113   
13.2261    28.2028   
1.7324     12.9309   

# Frame249

# x        y
4.6366     28.8901   
8.3021     34.0838   
9.6018     24.7700   
11.9089    25.1113   
13.2294    28.2025   
1.7324     12.9309   

# Frame250

# x        y
4.6375     28.8876   
8.3021     34.0838   
9.6032     24.7658   
11.9089    25.1113   
13.2327    28.2021   
1.7324     12.9309   

# Frame251

# x        y
4.6384     28.8851   
8.3021     34.0838   
9.6045     24.7617   
11.9089    25.1113   
13.2358    28.2018   
1.7324     12.9309   

# Frame252

# x        y
4.6393     28.8827   
8.3021     34.0838   
9.6058     24.7576   
11.9089    25.1113   
13.2390    28.2014   
1.7324     12.9309   

# Frame253

# x        y
4.6401     28.8803   
8.3021     34.0838   
9.6070     24.7536   
11.9089    25.1113   
13.2421    28.2011   
1.7324     12.9309   

# Frame254

# x        y
4.6410     28.8779   
8.3021     34.0838   
9.6083     24.7497   
11.9089    25.1113   
13.2451    28.2008   
1.7324     12.9309   

# Frame255

# x        y
4.6418     28.8756   
8.3021     34.0838   
9.6095     24.7458   
11.9089    25.1113   
13.2481    28.2005   
1.7324     12.9309   

# Frame256

# x        y
4.6427     28.8733   
8.3021     34.0838   
9.6107     24.7420   
11.9089    25.1113   
13.2510    28.2001   
1.7324     12.9309   

# Frame257

# x        y
4.6435     28.8711   
8.3021     34.0838   
9.6119     24.7383   
11.9089    25.1113   
13.2539    28.1998   
1.7324     12.9309   

# Frame258

# x        y
4.6443     28.8689   
8.3021     34.0838   
9.6130     24.7346   
11.9089    25.1113   
13.2567    28.1995   
1.7324     12.9309   

# Frame259

# x        y
4.6450     28.8667   
8.3021     34.0838   
9.6142     24.7310   
11.9089    25.1113   
13.2595    28.1992   
1.7324     12.9309   

# Frame260

# x        y
4.6458     28.8646   
8.3021     34.0838   
9.6153     24.7274   
11.9089    25.1113   
13.2622    28.1989   
1.7324     12.9309   

# Frame261

# x        y
4.6466     28.8625   
8.3021     34.0838   
9.6164     24.7239   
11.9089    25.1113   
13.2649    28.1987   
1.7324     12.9309   

# Frame262

# x        y
4.6473     28.8605   
8.3021     34.0838   
9.6175     24.7205   
11.9089    25.1113   
13.2676    28.1984   
1.7324     12.9309   

# Frame263

# x        y
4.6480     28.8585   
8.3021     34.0838   
9.6186     24.7171   
11.9089    25.1113   
13.2702    28.1981   
1.7324     12.9309   

# Frame264

# x        y
4.6488     28.8565   
8.3021     34.0838   
9.6196     24.7138   
11.9089    25.1113   
13.2727    28.1978   
1.7324     12.9309   

# Frame265

# x        y
4.6495     28.8545   
8.3021     34.0838   
9.6206     24.7105   
11.9089    25.1113   
13.2752    28.1976   
1.7324     12.9309   

# Frame266

# x        y
4.6502     28.8526   
8.3021     34.0838   
9.6217     24.7073   
11.9089    25.1113   
13.2777    28.1973   
1.7324     12.9309   

# Frame267

# x        y
4.6509     28.8507   
8.3021     34.0838   
9.6227     24.7041   
11.9089    25.1113   
13.2801    28.1970   
1.7324     12.9309   

# Frame268

# x        y
4.6515     28.8488   
8.3021     34.0838   
9.6236     24.7010   
11.9089    25.1113   
13.2825    28.1968   
1.7324     12.9309   

# Frame269

# x        y
4.6522     28.8470   
8.3021     34.0838   
9.6246     24.6980   
11.9089    25.1113   
13.2849    28.1965   
1.7324     12.9309   

# Frame270

# x        y
4.6528     28.8452   
8.3021     34.0838   
9.6256     24.6950   
11.9089    25.1113   
13.2872    28.1963   
1.7324     12.9309   

# Frame271

# x        y
4.6535     28.8435   
8.3021     34.0838   
9.6265     24.6920   
11.9089    25.1113   
13.2895    28.1960   
1.7324     12.9309   

# Frame272

# x        y
4.6541     28.8417   
8.3021     34.0838   
9.6274     24.6891   
11.9089    25.1113   
13.2917    28.1958   
1.7324     12.9309   

# Frame273

# x        y
4.6547     28.8400   
8.3021     34.0838   
9.6283     24.6863   
11.9089    25.1113   
13.2939    28.1956   
1.7324     12.9309   

# Frame274

# x        y
4.6553     28.8383   
8.3021     34.0838   
9.6292     24.6834   
11.9089    25.1113   
13.2961    28.1953   
1.7324     12.9309   

# Frame275

# x        y
4.6559     28.8367   
8.3021     34.0838   
9.6301     24.6807   
11.9089    25.1113   
13.2982    28.1951   
1.7324     12.9309   

# Frame276

# x        y
4.6565     28.8351   
8.3021     34.0838   
9.6309     24.6780   
11.9089    25.1113   
13.3003    28.1949   
1.7324     12.9309   

# Frame277

# x        y
4.6571     28.8335   
8.3021     34.0838   
9.6318     24.6753   
11.9089    25.1113   
13.3023    28.1947   
1.7324     12.9309   

# Frame278

# x        y
4.6577     28.8319   
8.3021     34.0838   
9.6326     24.6727   
11.9089    25.1113   
13.3044    28.1944   
1.7324     12.9309   

# Frame279

# x        y
4.6582     28.8304   
8.3021     34.0838   
9.6334     24.6701   
11.9089    25.1113   
13.3064    28.1942   
1.7324     12.9309   

# Frame280

# x        y
4.6588     28.8288   
8.3021     34.0838   
9.6342     24.6675   
11.9089    25.1113   
13.3083    28.1940   
1.7324     12.9309   

# Frame281

# x        y
4.6593     28.8273   
8.3021     34.0838   
9.6350     24.6650   
11.9089    25.1113   
13.3102    28.1938   
1.7324     12.9309   

# Frame282

# x        y
4.6599     28.8259   
8.3021     34.0838   
9.6358     24.6626   
11.9089    25.1113   
13.3121    28.1936   
1.7324     12.9309   

# Frame283

# x        y
4.6604     28.8244   
8.3021     34.0838   
9.6366     24.6602   
11.9089    25.1113   
13.3140    28.1934   
1.7324     12.9309   

# Frame284

# x        y
4.6609     28.8230   
8.3021     34.0838   
9.6373     24.6578   
11.9089    25.1113   
13.3158    28.1932   
1.7324     12.9309   

# Frame285

# x        y
4.6614     28.8216   
8.3021     34.0838   
9.6380     24.6555   
11.9089    25.1113   
13.3176    28.1930   
1.7324     12.9309   

# Frame286

# x        y
4.6619     28.8202   
8.3021     34.0838   
9.6388     24.6532   
11.9089    25.1113   
13.3194    28.1928   
1.7324     12.9309   

# Frame287

# x        y
4.6624     28.8189   
8.3021     34.0838   
9.6395     24.6509   
11.9089    25.1113   
13.3211    28.1926   
1.7324     12.9309   

# Frame288

# x        y
4.6629     28.8176   
8.3021     34.0838   
9.6402     24.6487   
11.9089    25.1113   
13.3228    28.1925   
1.7324     12.9309   

# Frame289

# x        y
4.6633     28.8163   
8.3021     34.0838   
9.6409     24.6465   
11.9089    25.1113   
13.3245    28.1923   
1.7324     12.9309   

# Frame290

# x        y
4.6638     28.8150   
8.3021     34.0838   
9.6416     24.6443   
11.9089    25.1113   
13.3262    28.1921   
1.7324     12.9309   

# Frame291

# x        y
4.6643     28.8137   
8.3021     34.0838   
9.6422     24.6422   
11.9089    25.1113   
13.3278    28.1919   
1.7324     12.9309   

# Frame292

# x        y
4.6647     28.8125   
8.3021     34.0838   
9.6429     24.6402   
11.9089    25.1113   
13.3294    28.1918   
1.7324     12.9309   

# Frame293

# x        y
4.6652     28.8112   
8.3021     34.0838   
9.6435     24.6381   
11.9089    25.1113   
13.3310    28.1916   
1.7324     12.9309   

# Frame294

# x        y
4.6656     28.8100   
8.3021     34.0838   
9.6442     24.6361   
11.9089    25.1113   
13.3325    28.1914   
1.7324     12.9309   

# Frame295

# x        y
4.6660     28.8089   
8.3021     34.0838   
9.6448     24.6341   
11.9089    25.1113   
13.3340    28.1913   
1.7324     12.9309   

# Frame296

# x        y
4.6664     28.8077   
8.3021     34.0838   
9.6454     24.6322   
11.9089    25.1113   
13.3355    28.1911   
1.7324     12.9309   

# Frame297

# x        y
4.6669     28.8066   
8.3021     34.0838   
9.6460     24.6303   
11.9089    25.1113   
13.3370    28.1909   
1.7324     12.9309   

# Frame298

# x        y
4.6673     28.8054   
8.3021     34.0838   
9.6466     24.6284   
11.9089    25.1113   
13.3384    28.1908   
1.7324     12.9309   

# Frame299

# x        y
4.6677     28.8043   
8.3021     34.0838   
9.6472     24.6266   
11.9089    25.1113   
13.3399    28.1906   
1.7324     12.9309   

# Frame300

# x        y
4.6681     28.8033   
8.3021     34.0838   
9.6477     24.6247   
11.9089    25.1113   
13.3413    28.1905   
1.7324     12.9309   

# Frame301

# x        y
4.6684     28.8022   
8.3021     34.0838   
9.6483     24.6230   
11.9089    25.1113   
13.3426    28.1903   
1.7324     12.9309   

# Frame302

# x        y
4.6688     28.8011   
8.3021     34.0838   
9.6489     24.6212   
11.9089    25.1113   
13.3440    28.1902   
1.7324     12.9309   

# Frame303

# x        y
4.6692     28.8001   
8.3021     34.0838   
9.6494     24.6195   
11.9089    25.1113   
13.3453    28.1901   
1.7324     12.9309   

# Frame304

# x        y
4.6696     28.7991   
8.3021     34.0838   
9.6500     24.6178   
11.9089    25.1113   
13.3466    28.1899   
1.7324     12.9309   

# Frame305

# x        y
4.6699     28.7981   
8.3021     34.0838   
9.6505     24.6161   
11.9089    25.1113   
13.3479    28.1898   
1.7324     12.9309   

# Frame306

# x        y
4.6703     28.7971   
8.3021     34.0838   
9.6510     24.6145   
11.9089    25.1113   
13.3492    28.1896   
1.7324     12.9309   

# Frame307

# x        y
4.6706     28.7962   
8.3021     34.0838   
9.6515     24.6129   
11.9089    25.1113   
13.3504    28.1895   
1.7324     12.9309   

# Frame308

# x        y
4.6710     28.7952   
8.3021     34.0838   
9.6520     24.6113   
11.9089    25.1113   
13.3516    28.1894   
1.7324     12.9309   

# Frame309

# x        y
4.6713     28.7943   
8.3021     34.0838   
9.6525     24.6097   
11.9089    25.1113   
13.3528    28.1892   
1.7324     12.9309   

# Frame310

# x        y
4.6716     28.7934   
8.3021     34.0838   
9.6530     24.6082   
11.9089    25.1113   
13.3540    28.1891   
1.7324     12.9309   

# Frame311

# x        y
4.6720     28.7925   
8.3021     34.0838   
9.6535     24.6067   
11.9089    25.1113   
13.3552    28.1890   
1.7324     12.9309   

# Frame312

# x        y
4.6723     28.7916   
8.3021     34.0838   
9.6539     24.6052   
11.9089    25.1113   
13.3563    28.1889   
1.7324     12.9309   

# Frame313

# x        y
4.6726     28.7907   
8.3021     34.0838   
9.6544     24.6037   
11.9089    25.1113   
13.3574    28.1888   
1.7324     12.9309   

# Frame314

# x        y
4.6729     28.7898   
8.3021     34.0838   
9.6548     24.6023   
11.9089    25.1113   
13.3585    28.1886   
1.7324     12.9309   

# Frame315

# x        y
4.6732     28.7890   
8.3021     34.0838   
9.6553     24.6009   
11.9089    25.1113   
13.3596    28.1885   
1.7324     12.9309   

# Frame316

# x        y
4.6735     28.7882   
8.3021     34.0838   
9.6557     24.5995   
11.9089    25.1113   
13.3607    28.1884   
1.7324     12.9309   

# Frame317

# x        y
4.6738     28.7873   
8.3021     34.0838   
9.6562     24.5981   
11.9089    25.1113   
13.3617    28.1883   
1.7324     12.9309   

# Frame318

# x        y
4.6741     28.7865   
8.3021     34.0838   
9.6566     24.5968   
11.9089    25.1113   
13.3628    28.1882   
1.7324     12.9309   

# Frame319

# x        y
4.6744     28.7858   
8.3021     34.0838   
9.6570     24.5955   
11.9089    25.1113   
13.3638    28.1881   
1.7324     12.9309   

# Frame320

# x        y
4.6747     28.7850   
8.3021     34.0838   
9.6574     24.5942   
11.9089    25.1113   
13.3648    28.1880   
1.7324     12.9309   

# Frame321

# x        y
4.6750     28.7842   
8.3021     34.0838   
9.6578     24.5929   
11.9089    25.1113   
13.3658    28.1879   
1.7324     12.9309   

# Frame322

# x        y
4.6752     28.7835   
8.3021     34.0838   
9.6582     24.5916   
11.9089    25.1113   
13.3667    28.1878   
1.7324     12.9309   

# Frame323

# x        y
4.6755     28.7827   
8.3021     34.0838   
9.6586     24.5904   
11.9089    25.1113   
13.3677    28.1877   
1.7324     12.9309   

# Frame324

# x        y
4.6758     28.7820   
8.3021     34.0838   
9.6590     24.5892   
11.9089    25.1113   
13.3686    28.1876   
1.7324     12.9309   

# Frame325

# x        y
4.6760     28.7813   
8.3021     34.0838   
9.6594     24.5880   
11.9089    25.1113   
13.3695    28.1875   
1.7324     12.9309   

# Frame326

# x        y
4.6763     28.7806   
8.3021     34.0838   
9.6597     24.5868   
11.9089    25.1113   
13.3704    28.1874   
1.7324     12.9309   

# Frame327

# x        y
4.6765     28.7799   
8.3021     34.0838   
9.6601     24.5857   
11.9089    25.1113   
13.3713    28.1873   
1.7324     12.9309   

# Frame328

# x        y
4.6768     28.7792   
8.3021     34.0838   
9.6605     24.5845   
11.9089    25.1113   
13.3722    28.1872   
1.7324     12.9309   

# Frame329

# x        y
4.6770     28.7786   
8.3021     34.0838   
9.6608     24.5834   
11.9089    25.1113   
13.3731    28.1871   
1.7324     12.9309   

# Frame330

# x        y
4.6772     28.7779   
8.3021     34.0838   
9.6612     24.5823   
11.9089    25.1113   
13.3739    28.1870   
1.7324     12.9309   

# Frame331

# x        y
4.6775     28.7773   
8.3021     34.0838   
9.6615     24.5812   
11.9089    25.1113   
13.3747    28.1869   
1.7324     12.9309   

# Frame332

# x        y
4.6777     28.7766   
8.3021     34.0838   
9.6618     24.5802   
11.9089    25.1113   
13.3755    28.1868   
1.7324     12.9309   

# Frame333

# x        y
4.6779     28.7760   
8.3021     34.0838   
9.6622     24.5791   
11.9089    25.1113   
13.3764    28.1867   
1.7324     12.9309   

# Frame334

# x        y
4.6782     28.7754   
8.3021     34.0838   
9.6625     24.5781   
11.9089    25.1113   
13.3771    28.1866   
1.7324     12.9309   

# Frame335

# x        y
4.6784     28.7748   
8.3021     34.0838   
9.6628     24.5771   
11.9089    25.1113   
13.3779    28.1866   
1.7324     12.9309   

# Frame336

# x        y
4.6786     28.7742   
8.3021     34.0838   
9.6631     24.5761   
11.9089    25.1113   
13.3787    28.1865   
1.7324     12.9309   

# Frame337

# x        y
4.6788     28.7736   
8.3021     34.0838   
9.6634     24.5751   
11.9089    25.1113   
13.3794    28.1864   
1.7324     12.9309   

# Frame338

# x        y
4.6790     28.7731   
8.3021     34.0838   
9.6637     24.5742   
11.9089    25.1113   
13.3802    28.1863   
1.7324     12.9309   

# Frame339

# x        y
4.6792     28.7725   
8.3021     34.0838   
9.6640     24.5732   
11.9089    25.1113   
13.3809    28.1862   
1.7324     12.9309   

# Frame340

# x        y
4.6794     28.7719   
8.3021     34.0838   
9.6643     24.5723   
11.9089    25.1113   
13.3816    28.1862   
1.7324     12.9309   

# Frame341

# x        y
4.6796     28.7714   
8.3021     34.0838   
9.6646     24.5714   
11.9089    25.1113   
13.3823    28.1861   
1.7324     12.9309   

# Frame342

# x        y
4.6798     28.7709   
8.3021     34.0838   
9.6649     24.5705   
11.9089    25.1113   
13.3830    28.1860   
1.7324     12.9309   

# Frame343

# x        y
4.6800     28.7703   
8.3021     34.0838   
9.6652     24.5696   
11.9089    25.1113   
13.3837    28.1859   
1.7324     12.9309   

# Frame344

# x        y
4.6802     28.7698   
8.3021     34.0838   
9.6654     24.5688   
11.9089    25.1113   
13.3843    28.1859   
1.7324     12.9309   

# Frame345

# x        y
4.6804     28.7693   
8.3021     34.0838   
9.6657     24.5679   
11.9089    25.1113   
13.3850    28.1858   
1.7324     12.9309   

# Frame346

# x        y
4.6805     28.7688   
8.3021     34.0838   
9.6660     24.5671   
11.9089    25.1113   
13.3856    28.1857   
1.7324     12.9309   

# Frame347

# x        y
4.6807     28.7683   
8.3021     34.0838   
9.6662     24.5662   
11.9089    25.1113   
13.3863    28.1857   
1.7324     12.9309   

# Frame348

# x        y
4.6809     28.7678   
8.3021     34.0838   
9.6665     24.5654   
11.9089    25.1113   
13.3869    28.1856   
1.7324     12.9309   

# Frame349

# x        y
4.6811     28.7673   
8.3021     34.0838   
9.6667     24.5646   
11.9089    25.1113   
13.3875    28.1855   
1.7324     12.9309   

# Frame350

# x        y
4.6812     28.7669   
8.3021     34.0838   
9.6670     24.5639   
11.9089    25.1113   
13.3881    28.1855   
1.7324     12.9309   

# Frame351

# x        y
4.6814     28.7664   
8.3021     34.0838   
9.6672     24.5631   
11.9089    25.1113   
13.3887    28.1854   
1.7324     12.9309   

# Frame352

# x        y
4.6816     28.7660   
8.3021     34.0838   
9.6675     24.5623   
11.9089    25.1113   
13.3893    28.1853   
1.7324     12.9309   

# Frame353

# x        y
4.6817     28.7655   
8.3021     34.0838   
9.6677     24.5616   
11.9089    25.1113   
13.3899    28.1853   
1.7324     12.9309   

# Frame354

# x        y
4.6819     28.7651   
8.3021     34.0838   
9.6679     24.5608   
11.9089    25.1113   
13.3904    28.1852   
1.7324     12.9309   

# Frame355

# x        y
4.6820     28.7647   
8.3021     34.0838   
9.6682     24.5601   
11.9089    25.1113   
13.3910    28.1852   
1.7324     12.9309   

# Frame356

# x        y
4.6822     28.7642   
8.3021     34.0838   
9.6684     24.5594   
11.9089    25.1113   
13.3915    28.1851   
1.7324     12.9309   

# Frame357

# x        y
4.6824     28.7638   
8.3021     34.0838   
9.6686     24.5587   
11.9089    25.1113   
13.3921    28.1850   
1.7324     12.9309   

# Frame358

# x        y
4.6825     28.7634   
8.3021     34.0838   
9.6688     24.5580   
11.9089    25.1113   
13.3926    28.1850   
1.7324     12.9309   

# Frame359

# x        y
4.6826     28.7630   
8.3021     34.0838   
9.6690     24.5574   
11.9089    25.1113   
13.3931    28.1849   
1.7324     12.9309   

# Frame360

# x        y
4.6828     28.7626   
8.3021     34.0838   
9.6692     24.5567   
11.9089    25.1113   
13.3936    28.1849   
1.7324     12.9309   

# Frame361

# x        y
4.6829     28.7622   
8.3021     34.0838   
9.6695     24.5561   
11.9089    25.1113   
13.3941    28.1848   
1.7324     12.9309   

# Frame362

# x        y
4.6831     28.7618   
8.3021     34.0838   
9.6697     24.5554   
11.9089    25.1113   
13.3946    28.1848   
1.7324     12.9309   

# Frame363

# x        y
4.6832     28.7615   
8.3021     34.0838   
9.6699     24.5548   
11.9089    25.1113   
13.3951    28.1847   
1.7324     12.9309   

# Frame364

# x        y
4.6833     28.7611   
8.3021     34.0838   
9.6701     24.5542   
11.9089    25.1113   
13.3956    28.1847   
1.7324     12.9309   

# Frame365

# x        y
4.6835     28.7607   
8.3021     34.0838   
9.6702     24.5536   
11.9089    25.1113   
13.3960    28.1846   
1.7324     12.9309   

# Frame366

# x        y
4.6836     28.7604   
8.3021     34.0838   
9.6704     24.5530   
11.9089    25.1113   
13.3965    28.1846   
1.7324     12.9309   

# Frame367

# x        y
4.6837     28.7600   
8.3021     34.0838   
9.6706     24.5524   
11.9089    25.1113   
13.3970    28.1845   
1.7324     12.9309   

# Frame368

# x        y
4.6839     28.7597   
8.3021     34.0838   
9.6708     24.5518   
11.9089    25.1113   
13.3974    28.1845   
1.7324     12.9309   

# Frame369

# x        y
4.6840     28.7593   
8.3021     34.0838   
9.6710     24.5512   
11.9089    25.1113   
13.3978    28.1844   
1.7324     12.9309   

# Frame370

# x        y
4.6841     28.7590   
8.3021     34.0838   
9.6712     24.5507   
11.9089    25.1113   
13.3983    28.1844   
1.7324     12.9309   

# Frame371

# x        y
4.6842     28.7587   
8.3021     34.0838   
9.6713     24.5501   
11.9089    25.1113   
13.3987    28.1843   
1.7324     12.9309   

# Frame372

# x        y
4.6843     28.7583   
8.3021     34.0838   
9.6715     24.5496   
11.9089    25.1113   
13.3991    28.1843   
1.7324     12.9309   

# Frame373

# x        y
4.6844     28.7580   
8.3021     34.0838   
9.6717     24.5490   
11.9089    25.1113   
13.3995    28.1842   
1.7324     12.9309   

# Frame374

# x        y
4.6846     28.7577   
8.3021     34.0838   
9.6718     24.5485   
11.9089    25.1113   
13.3999    28.1842   
1.7324     12.9309   

# Frame375

# x        y
4.6847     28.7574   
8.3021     34.0838   
9.6720     24.5480   
11.9089    25.1113   
13.4003    28.1842   
1.7324     12.9309   

# Frame376

# x        y
4.6848     28.7571   
8.3021     34.0838   
9.6722     24.5475   
11.9089    25.1113   
13.4007    28.1841   
1.7324     12.9309   

# Frame377

# x        y
4.6849     28.7568   
8.3021     34.0838   
9.6723     24.5470   
11.9089    25.1113   
13.4011    28.1841   
1.7324     12.9309   

# Frame378

# x        y
4.6850     28.7565   
8.3021     34.0838   
9.6725     24.5465   
11.9089    25.1113   
13.4015    28.1840   
1.7324     12.9309   

# Frame379

# x        y
4.6851     28.7562   
8.3021     34.0838   
9.6726     24.5460   
11.9089    25.1113   
13.4018    28.1840   
1.7324     12.9309   

# Frame380

# x        y
4.6852     28.7559   
8.3021     34.0838   
9.6728     24.5455   
11.9089    25.1113   
13.4022    28.1840   
1.7324     12.9309   

# Frame381

# x        y
4.6853     28.7557   
8.3021     34.0838   
9.6729     24.5451   
11.9089    25.1113   
13.4026    28.1839   
1.7324     12.9309   

# Frame382

# x        y
4.6854     28.7554   
8.3021     34.0838   
9.6731     24.5446   
11.9089    25.1113   
13.4029    28.1839   
1.7324     12.9309   

# Frame383

# x        y
4.6855     28.7551   
8.3021     34.0838   
9.6732     24.5442   
11.9089    25.1113   
13.4033    28.1838   
1.7324     12.9309   

# Frame384

# x        y
4.6856     28.7549   
8.3021     34.0838   
9.6733     24.5437   
11.9089    25.1113   
13.4036    28.1838   
1.7324     12.9309   

# Frame385

# x        y
4.6857     28.7546   
8.3021     34.0838   
9.6735     24.5433   
11.9089    25.1113   
13.4039    28.1838   
1.7324     12.9309   

# Frame386

# x        y
4.6858     28.7543   
8.3021     34.0838   
9.6736     24.5429   
11.9089    25.1113   
13.4043    28.1837   
1.7324     12.9309   

# Frame387

# x        y
4.6859     28.7541   
8.3021     34.0838   
9.6738     24.5424   
11.9089    25.1113   
13.4046    28.1837   
1.7324     12.9309   

# Frame388

# x        y
4.6860     28.7538   
8.3021     34.0838   
9.6739     24.5420   
11.9089    25.1113   
13.4049    28.1837   
1.7324     12.9309   

# Frame389

# x        y
4.6861     28.7536   
8.3021     34.0838   
9.6740     24.5416   
11.9089    25.1113   
13.4052    28.1836   
1.7324     12.9309   

# Frame390

# x        y
4.6861     28.7534   
8.3021     34.0838   
9.6741     24.5412   
11.9089    25.1113   
13.4055    28.1836   
1.7324     12.9309   

# Frame391

# x        y
4.6862     28.7531   
8.3021     34.0838   
9.6743     24.5408   
11.9089    25.1113   
13.4058    28.1836   
1.7324     12.9309   

# Frame392

# x        y
4.6863     28.7529   
8.3021     34.0838   
9.6744     24.5404   
11.9089    25.1113   
13.4061    28.1835   
1.7324     12.9309   

# Frame393

# x        y
4.6864     28.7527   
8.3021     34.0838   
9.6745     24.5401   
11.9089    25.1113   
13.4064    28.1835   
1.7324     12.9309   

# Frame394

# x        y
4.6865     28.7525   
8.3021     34.0838   
9.6746     24.5397   
11.9089    25.1113   
13.4067    28.1835   
1.7324     12.9309   

# Frame395

# x        y
4.6866     28.7522   
8.3021     34.0838   
9.6747     24.5393   
11.9089    25.1113   
13.4070    28.1835   
1.7324     12.9309   

# Frame396

# x        y
4.6866     28.7520   
8.3021     34.0838   
9.6749     24.5390   
11.9089    25.1113   
13.4073    28.1834   
1.7324     12.9309   

# Frame397

# x        y
4.6867     28.7518   
8.3021     34.0838   
9.6750     24.5386   
11.9089    25.1113   
13.4075    28.1834   
1.7324     12.9309   

# Frame398

# x        y
4.6868     28.7516   
8.3021     34.0838   
9.6751     24.5383   
11.9089    25.1113   
13.4078    28.1834   
1.7324     12.9309   

# Frame399

# x        y
4.6869     28.7514   
8.3021     34.0838   
9.6752     24.5379   
11.9089    25.1113   
13.4081    28.1833   
1.7324     12.9309   

# Frame400

# x        y
4.6869     28.7512   
8.3021     34.0838   
9.6753     24.5376   
11.9089    25.1113   
13.4083    28.1833   
1.7324     12.9309   

# Frame401

# x        y
4.6870     28.7510   
8.3021     34.0838   
9.6754     24.5372   
11.9089    25.1113   
13.4086    28.1833   
1.7324     12.9309   

# Frame402

# x        y
4.6871     28.7508   
8.3021     34.0838   
9.6755     24.5369   
11.9089    25.1113   
13.4088    28.1833   
1.7324     12.9309   

# Frame403

# x        y
4.6871     28.7506   
8.3021     34.0838   
9.6756     24.5366   
11.9089    25.1113   
13.4091    28.1832   
1.7324     12.9309   

# Frame404

# x        y
4.6872     28.7504   
8.3021     34.0838   
9.6757     24.5363   
11.9089    25.1113   
13.4093    28.1832   
1.7324     12.9309   

# Frame405

# x        y
4.6873     28.7502   
8.3021     34.0838   
9.6758     24.5360   
11.9089    25.1113   
13.4096    28.1832   
1.7324     12.9309   

# Frame406

# x        y
4.6873     28.7500   
8.3021     34.0838   
9.6759     24.5357   
11.9089    25.1113   
13.4098    28.1831   
1.7324     12.9309   

# Frame407

# x        y
4.6874     28.7499   
8.3021     34.0838   
9.6760     24.5354   
11.9089    25.1113   
13.4100    28.1831   
1.7324     12.9309   

# Frame408

# x        y
4.6875     28.7497   
8.3021     34.0838   
9.6761     24.5351   
11.9089    25.1113   
13.4103    28.1831   
1.7324     12.9309   

# Frame409

# x        y
4.6875     28.7495   
8.3021     34.0838   
9.6762     24.5348   
11.9089    25.1113   
13.4105    28.1831   
1.7324     12.9309   

# Frame410

# x        y
4.6876     28.7493   
8.3021     34.0838   
9.6763     24.5345   
11.9089    25.1113   
13.4107    28.1831   
1.7324     12.9309   

# Frame411

# x        y
4.6877     28.7492   
8.3021     34.0838   
9.6764     24.5342   
11.9089    25.1113   
13.4109    28.1830   
1.7324     12.9309   

# Frame412

# x        y
4.6877     28.7490   
8.3021     34.0838   
9.6764     24.5339   
11.9089    25.1113   
13.4111    28.1830   
1.7324     12.9309   

# Frame413

# x        y
4.6878     28.7488   
8.3021     34.0838   
9.6765     24.5337   
11.9089    25.1113   
13.4114    28.1830   
1.7324     12.9309   

# Frame414

# x        y
4.6878     28.7487   
8.3021     34.0838   
9.6766     24.5334   
11.9089    25.1113   
13.4116    28.1830   
1.7324     12.9309   

# Frame415

# x        y
4.6879     28.7485   
8.3021     34.0838   
9.6767     24.5331   
11.9089    25.1113   
13.4118    28.1829   
1.7324     12.9309   

# Frame416

# x        y
4.6880     28.7484   
8.3021     34.0838   
9.6768     24.5329   
11.9089    25.1113   
13.4120    28.1829   
1.7324     12.9309   

# Frame417

# x        y
4.6880     28.7482   
8.3021     34.0838   
9.6769     24.5326   
11.9089    25.1113   
13.4122    28.1829   
1.7324     12.9309   

# Frame418

# x        y
4.6881     28.7481   
8.3021     34.0838   
9.6769     24.5324   
11.9089    25.1113   
13.4123    28.1829   
1.7324     12.9309   

# Frame419

# x        y
4.6881     28.7479   
8.3021     34.0838   
9.6770     24.5321   
11.9089    25.1113   
13.4125    28.1829   
1.7324     12.9309   

# Frame420

# x        y
4.6882     28.7478   
8.3021     34.0838   
9.6771     24.5319   
11.9089    25.1113   
13.4127    28.1828   
1.7324     12.9309   

# Frame421

# x        y
4.6882     28.7476   
8.3021     34.0838   
9.6772     24.5316   
11.9089    25.1113   
13.4129    28.1828   
1.7324     12.9309   

# Frame422

# x        y
4.6883     28.7475   
8.3021     34.0838   
9.6772     24.5314   
11.9089    25.1113   
13.4131    28.1828   
1.7324     12.9309   

# Frame423

# x        y
4.6883     28.7474   
8.3021     34.0838   
9.6773     24.5312   
11.9089    25.1113   
13.4133    28.1828   
1.7324     12.9309   

# Frame424

# x        y
4.6884     28.7472   
8.3021     34.0838   
9.6774     24.5310   
11.9089    25.1113   
13.4134    28.1828   
1.7324     12.9309   

# Frame425

# x        y
4.6884     28.7471   
8.3021     34.0838   
9.6775     24.5307   
11.9089    25.1113   
13.4136    28.1827   
1.7324     12.9309   

# Frame426

# x        y
4.6885     28.7470   
8.3021     34.0838   
9.6775     24.5305   
11.9089    25.1113   
13.4138    28.1827   
1.7324     12.9309   

# Frame427

# x        y
4.6885     28.7468   
8.3021     34.0838   
9.6776     24.5303   
11.9089    25.1113   
13.4139    28.1827   
1.7324     12.9309   

# Frame428

# x        y
4.6886     28.7467   
8.3021     34.0838   
9.6777     24.5301   
11.9089    25.1113   
13.4141    28.1827   
1.7324     12.9309   

# Frame429

# x        y
4.6886     28.7466   
8.3021     34.0838   
9.6777     24.5299   
11.9089    25.1113   
13.4143    28.1827   
1.7324     12.9309   

# Frame430

# x        y
4.6886     28.7465   
8.3021     34.0838   
9.6778     24.5297   
11.9089    25.1113   
13.4144    28.1827   
1.7324     12.9309   

# Frame431

# x        y
4.6887     28.7463   
8.3021     34.0838   
9.6779     24.5295   
11.9089    25.1113   
13.4146    28.1826   
1.7324     12.9309   

# Frame432

# x        y
4.6887     28.7462   
8.3021     34.0838   
9.6779     24.5293   
11.9089    25.1113   
13.4147    28.1826   
1.7324     12.9309   

# Frame433

# x        y
4.6888     28.7461   
8.3021     34.0838   
9.6780     24.5291   
11.9089    25.1113   
13.4149    28.1826   
1.7324     12.9309   

# Frame434

# x        y
4.6888     28.7460   
8.3021     34.0838   
9.6780     24.5289   
11.9089    25.1113   
13.4150    28.1826   
1.7324     12.9309   

# Frame435

# x        y
4.6889     28.7459   
8.3021     34.0838   
9.6781     24.5287   
11.9089    25.1113   
13.4152    28.1826   
1.7324     12.9309   

# Frame436

# x        y
4.6889     28.7458   
8.3021     34.0838   
9.6782     24.5285   
11.9089    25.1113   
13.4153    28.1826   
1.7324     12.9309   

# Frame437

# x        y
4.6889     28.7457   
8.3021     34.0838   
9.6782     24.5283   
11.9089    25.1113   
13.4155    28.1825   
1.7324     12.9309   

# Frame438

# x        y
4.6890     28.7456   
8.3021     34.0838   
9.6783     24.5282   
11.9089    25.1113   
13.4156    28.1825   
1.7324     12.9309   

# Frame439

# x        y
4.6890     28.7455   
8.3021     34.0838   
9.6783     24.5280   
11.9089    25.1113   
13.4157    28.1825   
1.7324     12.9309   

# Frame440

# x        y
4.6890     28.7453   
8.3021     34.0838   
9.6784     24.5278   
11.9089    25.1113   
13.4159    28.1825   
1.7324     12.9309   

# Frame441

# x        y
4.6891     28.7452   
8.3021     34.0838   
9.6784     24.5276   
11.9089    25.1113   
13.4160    28.1825   
1.7324     12.9309   

# Frame442

# x        y
4.6891     28.7451   
8.3021     34.0838   
9.6785     24.5275   
11.9089    25.1113   
13.4161    28.1825   
1.7324     12.9309   

# Frame443

# x        y
4.6892     28.7451   
8.3021     34.0838   
9.6785     24.5273   
11.9089    25.1113   
13.4162    28.1825   
1.7324     12.9309   

# Frame444

# x        y
4.6892     28.7450   
8.3021     34.0838   
9.6786     24.5272   
11.9089    25.1113   
13.4164    28.1824   
1.7324     12.9309   

# Frame445

# x        y
4.6892     28.7449   
8.3021     34.0838   
9.6786     24.5270   
11.9089    25.1113   
13.4165    28.1824   
1.7324     12.9309   

# Frame446

# x        y
4.6892     28.7449   
8.3021     34.0838   
9.6787     24.5268   
11.9089    25.1113   
13.4166    28.1824   
1.7324     12.9309   

# Frame447

# x        y
4.6892     28.7449   
8.3021     34.0838   
9.6787     24.5267   
11.9089    25.1113   
13.4167    28.1824   
1.7324     12.9309   

# Frame448

# x        y
4.6892     28.7449   
8.3021     34.0838   
9.6788     24.5265   
11.9089    25.1113   
13.4168    28.1824   
1.7324     12.9309   

# Frame449

# x        y
4.6892     28.7449   
8.3021     34.0838   
9.6788     24.5264   
11.9089    25.1113   
13.4170    28.1824   
1.7324     12.9309   

# Frame450

# x        y
4.6892     28.7449   
8.3021     34.0838   
9.6789     24.5262   
11.9089    25.1113   
13.4171    28.1824   
1.7324     12.9309   

# Frame451

# x        y
4.6892     28.7449   
8.3021     34.0838   
9.6789     24.5261   
11.9089    25.1113   
13.4172    28.1824   
1.7324     12.9309   

# Frame452

# x        y
4.6892     28.7449   
8.3021     34.0838   
9.6790     24.5260   
11.9089    25.1113   
13.4173    28.1823   
1.7324     12.9309   

# Frame453

# x        y
4.6892     28.7449   
8.3021     34.0838   
9.6790     24.5258   
11.9089    25.1113   
13.4174    28.1823   
1.7324     12.9309   

# Frame454

# x        y
4.6892     28.7449   
8.3021     34.0838   
9.6791     24.5257   
11.9089    25.1113   
13.4175    28.1823   
1.7324     12.9309   

# Frame455

# x        y
4.6892     28.7449   
8.3021     34.0838   
9.6791     24.5255   
11.9089    25.1113   
13.4176    28.1823   
1.7324     12.9309   

# Frame456

# x        y
4.6892     28.7449   
8.3021     34.0838   
9.6791     24.5254   
11.9089    25.1113   
13.4177    28.1823   
1.7324     12.9309   

# Frame457

# x        y
4.6892     28.7449   
8.3021     34.0838   
9.6792     24.5253   
11.9089    25.1113   
13.4177    28.1823   
1.7324     12.9309   

# Frame458

# x        y
4.6892     28.7449   
8.3021     34.0838   
9.6792     24.5252   
11.9089    25.1113   
13.4177    28.1823   
1.7324     12.9309   

# Frame459

# x        y
4.6892     28.7449   
8.3021     34.0838   
9.6793     24.5250   
11.9089    25.1113   
13.4177    28.1823   
1.7324     12.9309   

# Frame460

# x        y
4.6892     28.7449   
8.3021     34.0838   
9.6793     24.5249   
11.9089    25.1113   
13.4177    28.1823   
1.7324     12.9309   

# Frame461

# x        y
4.6892     28.7449   
8.3021     34.0838   
9.6793     24.5248   
11.9089    25.1113   
13.4177    28.1823   
1.7324     12.9309   

# Frame462

# x        y
4.6892     28.7449   
8.3021     34.0838   
9.6794     24.5247   
11.9089    25.1113   
13.4177    28.1823   
1.7324     12.9309   

# Frame463

# x        y
4.6892     28.7449   
8.3021     34.0838   
9.6794     24.5245   
11.9089    25.1113   
13.4177    28.1823   
1.7324     12.9309   

# Frame464

# x        y
4.6892     28.7449   
8.3021     34.0838   
9.6794     24.5244   
11.9089    25.1113   
13.4177    28.1823   
1.7324     12.9309   

# Frame465

# x        y
4.6892     28.7449   
8.3021     34.0838   
9.6795     24.5243   
11.9089    25.1113   
13.4177    28.1823   
1.7324     12.9309   

# Frame466

# x        y
4.6892     28.7449   
8.3021     34.0838   
9.6795     24.5242   
11.9089    25.1113   
13.4177    28.1823   
1.7324     12.9309   

# Frame467

# x        y
4.6892     28.7449   
8.3021     34.0838   
9.6796     24.5241   
11.9089    25.1113   
13.4177    28.1823   
1.7324     12.9309   

# Frame468

# x        y
4.6892     28.7449   
8.3021     34.0838   
9.6796     24.5240   
11.9089    25.1113   
13.4177    28.1823   
1.7324     12.9309   

# Frame469

# x        y
4.6892     28.7449   
8.3021     34.0838   
9.6796     24.5239   
11.9089    25.1113   
13.4177    28.1823   
1.7324     12.9309   

# Frame470

# x        y
4.6892     28.7449   
8.3021     34.0838   
9.6797     24.5238   
11.9089    25.1113   
13.4177    28.1823   
1.7324     12.9309   

# Frame471

# x        y
4.6892     28.7449   
8.3021     34.0838   
9.6797     24.5237   
11.9089    25.1113   
13.4177    28.1823   
1.7324     12.9309   

# Frame472

# x        y
4.6892     28.7449   
8.3021     34.0838   
9.6797     24.5236   
11.9089    25.1113   
13.4177    28.1823   
1.7324     12.9309   

# Frame473

# x        y
4.6892     28.7449   
8.3021     34.0838   
9.6797     24.5235   
11.9089    25.1113   
13.4177    28.1823   
1.7324     12.9309   

# Frame474

# x        y
4.6892     28.7449   
8.3021     34.0838   
9.6798     24.5234   
11.9089    25.1113   
13.4177    28.1823   
1.7324     12.9309   

# Frame475

