# x        y
18.3851    25.3493   
1.0048     23.6800   
11.4358    13.4605   
14.7292    11.1590   
17.9120    12.4985   
11.2745    16.0430   

# Frame1

# x        y
18.2652    23.9094   
1.0049     23.6800   
11.4358    13.4605   
14.7292    11.1590   
17.9120    12.4985   
11.2745    16.0430   

# Frame2

# x        y
18.1472    22.4936   
1.0049     23.6800   
11.4358    13.4605   
14.7292    11.1590   
17.9120    12.4985   
11.2745    16.0430   

# Frame3

# x        y
18.0312    21.1014   
1.0049     23.6800   
11.4358    13.4605   
14.7292    11.1590   
17.9120    12.4985   
11.2745    16.0430   

# Frame4

# x        y
17.9171    19.7324   
1.0049     23.6800   
11.4358    13.4605   
14.7292    11.1590   
17.9120    12.4985   
11.2745    16.0430   

# Frame5

# x        y
17.8049    18.3861   
1.0049     23.6800   
11.4358    13.4605   
14.7292    11.1590   
17.9120    12.4985   
11.2745    16.0430   

# Frame6

# x        y
17.6946    17.0624   
1.0050     23.6800   
11.4358    13.4605   
14.7292    11.1590   
17.9120    12.4985   
11.2745    16.0430   

# Frame7

# x        y
17.5861    15.7607   
1.0050     23.6800   
11.4358    13.4605   
14.7292    11.1590   
17.9120    12.4985   
11.2745    16.0430   

# Frame8

# x        y
17.4794    14.4807   
1.0050     23.6800   
11.4358    13.4605   
14.7292    11.1590   
17.9120    12.4985   
11.2745    16.0430   

# Frame9

# x        y
17.2417    14.0895   
1.0050     23.6800   
11.4358    13.4605   
14.7292    11.1590   
18.0449    11.6310   
11.2745    16.0430   

# Frame10

# x        y
17.0040    13.7323   
1.0050     23.6800   
11.4358    13.4605   
14.7292    11.1590   
18.1794    10.7505   
11.2745    16.0430   

# Frame11

# x        y
16.7703    13.3811   
1.0050     23.6800   
11.4358    13.4605   
14.7292    11.1590   
18.3117    9.8846    
11.2745    16.0430   

# Frame12

# x        y
16.5405    13.0357   
1.0050     23.6800   
11.4358    13.4605   
14.7292    11.1590   
18.4417    9.0332    
11.2745    16.0430   

# Frame13

# x        y
16.3145    12.6961   
1.0050     23.6800   
11.4358    13.4605   
14.7292    11.1590   
18.5696    8.1960    
11.2745    16.0430   

# Frame14

# x        y
16.1783    12.4612   
1.0050     23.6800   
11.4358    13.4605   
14.6433    11.0599   
18.6954    7.3727    
11.2745    16.0430   

# Frame15

# x        y
16.1485    12.3521   
1.0050     23.6800   
11.4358    13.4605   
14.4545    10.8406   
18.8191    6.5631    
11.2745    16.0430   

# Frame16

# x        y
16.1193    12.2449   
1.0050     23.6800   
11.4358    13.4605   
14.2689    10.6249   
18.9407    5.7671    
11.2745    16.0430   

# Frame17

# x        y
16.0906    12.1395   
1.0050     23.6800   
11.4358    13.4605   
14.0864    10.4129   
18.9680    5.0905    
11.2745    16.0430   

# Frame18

# x        y
16.0623    12.0358   
1.0050     23.6800   
11.4358    13.4605   
13.9069    10.2043   
18.9092    4.5466    
11.2745    16.0430   

# Frame19

# x        y
16.0345    11.9338   
1.0050     23.6800   
11.4358    13.4605   
13.7304    9.9993    
18.8514    4.0119    
11.2745    16.0430   

# Frame20

# x        y
16.0072    11.8335   
1.0050     23.6800   
11.4358    13.4605   
13.5568    9.7976    
18.7945    3.4860    
11.2745    16.0430   

# Frame21

# x        y
15.9803    11.7349   
1.0050     23.6800   
11.4358    13.4605   
13.3861    9.5993    
18.7386    2.9689    
11.2745    16.0430   

# Frame22

# x        y
15.9539    11.6380   
1.0050     23.6800   
11.4358    13.4605   
13.2183    9.4043    
18.6836    2.4604    
11.2745    16.0430   

# Frame23

# x        y
15.9279    11.5426   
1.0050     23.6800   
11.4358    13.4605   
13.0533    9.2126    
18.6296    1.9604    
11.2745    16.0430   

# Frame24

# x        y
15.9023    11.4489   
1.0050     23.6800   
11.4358    13.4605   
12.8910    9.0241    
18.5764    1.4688    
11.2745    16.0430   

# Frame25

# x        y
15.8772    11.3567   
1.0050     23.6800   
11.4358    13.4605   
12.7314    8.8387    
18.5217    1.0097    
11.2745    16.0430   

# Frame26

# x        y
15.8525    11.2660   
1.0050     23.6800   
11.4358    13.4605   
12.5745    8.6564    
18.3487    1.2474    
11.2745    16.0430   

# Frame27

# x        y
15.8282    11.1769   
1.0050     23.6800   
11.4358    13.4605   
12.4202    8.4771    
18.1787    1.4812    
11.2745    16.0430   

# Frame28

# x        y
15.8043    11.0892   
1.0050     23.6800   
11.4358    13.4605   
12.2685    8.3008    
18.0115    1.7110    
11.2745    16.0430   

# Frame29

# x        y
15.7808    11.0030   
1.0050     23.6800   
11.4358    13.4605   
12.1193    8.1275    
17.8470    1.9370    
11.2745    16.0430   

# Frame30

# x        y
15.7577    10.9183   
1.0050     23.6800   
11.4358    13.4605   
11.9726    7.9571    
17.6853    2.1593    
11.2745    16.0430   

# Frame31

# x        y
15.7350    10.8349   
1.0050     23.6800   
11.4358    13.4605   
11.8283    7.7894    
17.5263    2.3778    
11.2745    16.0430   

# Frame32

# x        y
15.7126    10.7530   
1.0050     23.6800   
11.4358    13.4605   
11.6865    7.6246    
17.3700    2.5927    
11.2745    16.0430   

# Frame33

# x        y
15.6907    10.6724   
1.0050     23.6800   
11.4358    13.4605   
11.5470    7.4626    
17.2163    2.8041    
11.2745    16.0430   

# Frame34

# x        y
15.6691    10.5931   
1.0050     23.6800   
11.4358    13.4605   
11.4098    7.3032    
17.0651    3.0119    
11.2745    16.0430   

# Frame35

# x        y
15.6478    10.5152   
1.0050     23.6800   
11.4358    13.4605   
11.2749    7.1465    
16.9164    3.2162    
11.2745    16.0430   

# Frame36

# x        y
15.6269    10.4386   
1.0050     23.6800   
11.4358    13.4605   
11.1423    6.9924    
16.7703    3.4171    
11.2745    16.0430   

# Frame37

# x        y
15.6064    10.3632   
1.0050     23.6800   
11.4358    13.4605   
11.0119    6.8408    
16.6265    3.6147    
11.2745    16.0430   

# Frame38

# x        y
15.5862    10.2891   
1.0050     23.6800   
11.4358    13.4605   
10.8836    6.6918    
16.4852    3.8090    
11.2745    16.0430   

# Frame39

# x        y
15.5663    10.2163   
1.0050     23.6800   
11.4358    13.4605   
10.7575    6.5453    
16.3462    4.0001    
11.2745    16.0430   

# Frame40

# x        y
15.5468    10.1446   
1.0050     23.6800   
11.4358    13.4605   
10.6335    6.4012    
16.2095    4.1879    
11.2745    16.0430   

# Frame41

# x        y
15.5276    10.0742   
1.0050     23.6800   
11.4358    13.4605   
10.5115    6.2596    
16.0751    4.3727    
11.2745    16.0430   

# Frame42

# x        y
15.5087    10.0049   
1.0050     23.6800   
11.4358    13.4605   
10.3916    6.1202    
15.9429    4.5543    
11.2745    16.0430   

# Frame43

# x        y
15.4901    9.9368    
1.0050     23.6800   
11.4358    13.4605   
10.2737    5.9832    
15.8130    4.7330    
11.2745    16.0430   

# Frame44

# x        y
15.4719    9.8698    
1.0050     23.6800   
11.4358    13.4605   
10.1578    5.8485    
15.6852    4.9086    
11.2745    16.0430   

# Frame45

# x        y
15.4539    9.8039    
1.0050     23.6800   
11.4358    13.4605   
10.0438    5.7161    
15.5595    5.0813    
11.2745    16.0430   

# Frame46

# x        y
15.4363    9.7392    
1.0050     23.6800   
11.4358    13.4605   
9.9316     5.5858    
15.4360    5.2512    
11.2745    16.0430   

# Frame47

# x        y
15.4189    9.6755    
1.0050     23.6800   
11.4358    13.4605   
9.8214     5.4577    
15.3145    5.4182    
11.2745    16.0430   

# Frame48

# x        y
15.4018    9.6128    
1.0050     23.6800   
11.4358    13.4605   
9.7130     5.3318    
15.1950    5.5824    
11.2745    16.0430   

# Frame49

# x        y
15.3851    9.5512    
1.0050     23.6800   
11.4358    13.4605   
9.6064     5.2079    
15.0775    5.7439    
11.2745    16.0430   

# Frame50

# x        y
15.3685    9.4907    
1.0050     23.6800   
11.4358    13.4605   
9.5015     5.0861    
14.9620    5.9027    
11.2745    16.0430   

# Frame51

# x        y
15.3523    9.4311    
1.0050     23.6800   
11.4358    13.4605   
9.3985     4.9664    
14.8484    6.0589    
11.2745    16.0430   

# Frame52

# x        y
15.3364    9.3726    
1.0050     23.6800   
11.4358    13.4605   
9.2971     4.8486    
14.7367    6.2124    
11.2745    16.0430   

# Frame53

# x        y
15.3207    9.3150    
1.0050     23.6800   
11.4358    13.4605   
9.1974     4.7328    
14.6268    6.3634    
11.2745    16.0430   

# Frame54

# x        y
15.3052    9.2584    
1.0050     23.6800   
11.4358    13.4605   
9.0994     4.6189    
14.5188    6.5119    
11.2745    16.0430   

# Frame55

# x        y
15.2900    9.2027    
1.0050     23.6800   
11.4358    13.4605   
9.0030     4.5070    
14.4126    6.6579    
11.2745    16.0430   

# Frame56

# x        y
15.2751    9.1479    
1.0050     23.6800   
11.4358    13.4605   
8.9083     4.3968    
14.3081    6.8015    
11.2745    16.0430   

# Frame57

# x        y
15.2604    9.0941    
1.0050     23.6800   
11.4358    13.4605   
8.8151     4.2886    
14.2054    6.9427    
11.2745    16.0430   

# Frame58

# x        y
15.2460    9.0411    
1.0050     23.6800   
11.4358    13.4605   
8.7234     4.1821    
14.1044    7.0815    
11.2745    16.0430   

# Frame59

# x        y
15.2318    8.9891    
1.0050     23.6800   
11.4358    13.4605   
8.6333     4.0774    
14.0051    7.2180    
11.2745    16.0430   

# Frame60

# x        y
15.2179    8.9379    
1.0050     23.6800   
11.4358    13.4605   
8.5447     3.9745    
13.9074    7.3523    
11.2745    16.0430   

# Frame61

# x        y
15.2084    8.8984    
1.0050     23.6800   
11.4358    13.4605   
8.4576     3.8732    
13.8072    7.4734    
11.2745    16.0430   

# Frame62

# x        y
15.2036    8.9159    
1.0050     23.6800   
11.4358    13.4605   
8.3719     3.7737    
13.7041    7.5362    
11.2745    16.0430   

# Frame63

# x        y
15.1989    8.9331    
1.0050     23.6800   
11.4358    13.4605   
8.2877     3.6758    
13.6027    7.5980    
11.2745    16.0430   

# Frame64

# x        y
15.1942    8.9500    
1.0050     23.6800   
11.4358    13.4605   
8.2048     3.5795    
13.5030    7.6587    
11.2745    16.0430   

# Frame65

# x        y
15.1896    8.9667    
1.0050     23.6800   
11.4358    13.4605   
8.1233     3.4849    
13.4049    7.7184    
11.2745    16.0430   

# Frame66

# x        y
15.1852    8.9830    
1.0050     23.6800   
11.4358    13.4605   
8.0432     3.3918    
13.3085    7.7771    
11.2745    16.0430   

# Frame67

# x        y
15.1808    8.9991    
1.0050     23.6800   
11.4358    13.4605   
7.9645     3.3003    
13.2137    7.8348    
11.2745    16.0430   

# Frame68

# x        y
15.1764    9.0150    
1.0050     23.6800   
11.4358    13.4605   
7.8870     3.2103    
13.1204    7.8916    
11.2745    16.0430   

# Frame69

# x        y
15.1721    9.0305    
1.0050     23.6800   
11.4358    13.4605   
7.8108     3.1218    
13.0288    7.9474    
11.2745    16.0430   

# Frame70

# x        y
15.1680    9.0458    
1.0050     23.6800   
11.4358    13.4605   
7.7359     3.0348    
12.9386    8.0023    
11.2745    16.0430   

# Frame71

# x        y
15.1638    9.0609    
1.0050     23.6800   
11.4358    13.4605   
7.6623     2.9492    
12.8500    8.0563    
11.2745    16.0430   

# Frame72

# x        y
15.1598    9.0757    
1.0050     23.6800   
11.4358    13.4605   
7.5898     2.8651    
12.7628    8.1094    
11.2745    16.0430   

# Frame73

# x        y
15.1558    9.0902    
1.0050     23.6800   
11.4358    13.4605   
7.5186     2.7823    
12.6771    8.1616    
11.2745    16.0430   

# Frame74

# x        y
15.1519    9.1045    
1.0050     23.6800   
11.4358    13.4605   
7.4486     2.7010    
12.5928    8.2129    
11.2745    16.0430   

# Frame75

# x        y
15.1480    9.1186    
1.0050     23.6800   
11.4358    13.4605   
7.3797     2.6210    
12.5099    8.2633    
11.2745    16.0430   

# Frame76

# x        y
15.1442    9.1325    
1.0050     23.6800   
11.4358    13.4605   
7.3120     2.5423    
12.4284    8.3130    
11.2745    16.0430   

# Frame77

# x        y
15.1405    9.1461    
1.0050     23.6800   
11.4358    13.4605   
7.2454     2.4649    
12.3483    8.3618    
11.2745    16.0430   

# Frame78

# x        y
15.1368    9.1594    
1.0050     23.6800   
11.4358    13.4605   
7.1799     2.3888    
12.2695    8.4098    
11.2745    16.0430   

# Frame79

# x        y
15.1332    9.1726    
1.0050     23.6800   
11.4358    13.4605   
7.1156     2.3140    
12.1920    8.4569    
11.2745    16.0430   

# Frame80

# x        y
15.1297    9.1855    
1.0050     23.6800   
11.4358    13.4605   
7.0522     2.2405    
12.1158    8.5033    
11.2745    16.0430   

# Frame81

# x        y
15.1262    9.1983    
1.0050     23.6800   
11.4358    13.4605   
6.9900     2.1681    
12.0408    8.5490    
11.2745    16.0430   

# Frame82

# x        y
15.1228    9.2108    
1.0050     23.6800   
11.4358    13.4605   
6.9288     2.0970    
11.9671    8.5938    
11.2745    16.0430   

# Frame83

# x        y
15.1194    9.2231    
1.0050     23.6800   
11.4358    13.4605   
6.8686     2.0271    
11.8947    8.6380    
11.2745    16.0430   

# Frame84

# x        y
15.1161    9.2352    
1.0050     23.6800   
11.4358    13.4605   
6.8094     1.9583    
11.8234    8.6813    
11.2745    16.0430   

# Frame85

# x        y
15.1128    9.2471    
1.0050     23.6800   
11.4358    13.4605   
6.7512     1.8907    
11.7534    8.7240    
11.2745    16.0430   

# Frame86

# x        y
15.1096    9.2588    
1.0050     23.6800   
11.4358    13.4605   
6.6939     1.8242    
11.6845    8.7659    
11.2745    16.0430   

# Frame87

# x        y
15.1064    9.2703    
1.0050     23.6800   
11.4358    13.4605   
6.6376     1.7588    
11.6167    8.8072    
11.2745    16.0430   

# Frame88

# x        y
15.1033    9.2816    
1.0050     23.6800   
11.4358    13.4605   
6.5823     1.6945    
11.5501    8.8478    
11.2745    16.0430   

# Frame89

# x        y
15.1003    9.2927    
1.0050     23.6800   
11.4358    13.4605   
6.5279     1.6312    
11.4846    8.8876    
11.2745    16.0430   

# Frame90

# x        y
15.0973    9.3036    
1.0050     23.6800   
11.4358    13.4605   
6.4743     1.5691    
11.4202    8.9269    
11.2745    16.0430   

# Frame91

# x        y
15.0944    9.3144    
1.0050     23.6800   
11.4358    13.4605   
6.4217     1.5079    
11.3569    8.9654    
11.2745    16.0430   

# Frame92

# x        y
15.0915    9.3250    
1.0050     23.6800   
11.4358    13.4605   
6.3700     1.4478    
11.2946    9.0034    
11.2745    16.0430   

# Frame93

# x        y
15.0886    9.3354    
1.0050     23.6800   
11.4358    13.4605   
6.3191     1.3887    
11.2333    9.0407    
11.2745    16.0430   

# Frame94

# x        y
15.0858    9.3456    
1.0050     23.6800   
11.4358    13.4605   
6.2690     1.3305    
11.1731    9.0773    
11.2745    16.0430   

# Frame95

# x        y
15.0831    9.3556    
1.0050     23.6800   
11.4358    13.4605   
6.2198     1.2734    
11.1139    9.1134    
11.2745    16.0430   

# Frame96

# x        y
15.0803    9.3655    
1.0050     23.6800   
11.4358    13.4605   
6.1715     1.2171    
11.0556    9.1488    
11.2745    16.0430   

# Frame97

# x        y
15.0777    9.3752    
1.0050     23.6800   
11.4358    13.4605   
6.1239     1.1619    
10.9984    9.1837    
11.2745    16.0430   

# Frame98

# x        y
15.0751    9.3848    
1.0050     23.6800   
11.4358    13.4605   
6.0771     1.1075    
10.9421    9.2180    
11.2745    16.0430   

# Frame99

# x        y
15.0725    9.3942    
1.0050     23.6800   
11.4358    13.4605   
6.0311     1.0541    
10.8867    9.2517    
11.2745    16.0430   

# Frame100

# x        y
15.0699    9.4034    
1.0050     23.6800   
11.4358    13.4605   
5.9858     1.0015    
10.8322    9.2849    
11.2745    16.0430   

# Frame101

# x        y
15.0675    9.4125    
1.0050     23.6800   
11.4358    13.4605   
5.9574     1.0273    
10.7787    9.3175    
11.2745    16.0430   

# Frame102

# x        y
15.0650    9.4215    
1.0050     23.6800   
11.4358    13.4605   
5.9295     1.0528    
10.7261    9.3495    
11.2745    16.0430   

# Frame103

# x        y
15.0626    9.4303    
1.0050     23.6800   
11.4358    13.4605   
5.9021     1.0777    
10.6743    9.3810    
11.2745    16.0430   

# Frame104

# x        y
15.0602    9.4389    
1.0050     23.6800   
11.4358    13.4605   
5.8751     1.1023    
10.6234    9.4120    
11.2745    16.0430   

# Frame105

# x        y
15.0579    9.4474    
1.0050     23.6800   
11.4358    13.4605   
5.8485     1.1265    
10.5733    9.4425    
11.2745    16.0430   

# Frame106

# x        y
15.0556    9.4558    
1.0050     23.6800   
11.4358    13.4605   
5.8224     1.1502    
10.5241    9.4725    
11.2745    16.0430   

# Frame107

# x        y
15.0534    9.4640    
1.0050     23.6800   
11.4358    13.4605   
5.7967     1.1736    
10.4757    9.5020    
11.2745    16.0430   

# Frame108

# x        y
15.0511    9.4721    
1.0050     23.6800   
11.4358    13.4605   
5.7715     1.1966    
10.4281    9.5310    
11.2745    16.0430   

# Frame109

# x        y
15.0490    9.4800    
1.0050     23.6800   
11.4358    13.4605   
5.7466     1.2192    
10.3813    9.5595    
11.2745    16.0430   

# Frame110

# x        y
15.0468    9.4878    
1.0050     23.6800   
11.4358    13.4605   
5.7222     1.2414    
10.3353    9.5875    
11.2745    16.0430   

# Frame111

# x        y
15.0447    9.4955    
1.0050     23.6800   
11.4358    13.4605   
5.6982     1.2632    
10.2900    9.6150    
11.2745    16.0430   

# Frame112

# x        y
15.0426    9.5031    
1.0050     23.6800   
11.4358    13.4605   
5.6746     1.2847    
10.2455    9.6421    
11.2745    16.0430   

# Frame113

# x        y
15.0406    9.5105    
1.0050     23.6800   
11.4358    13.4605   
5.6514     1.3058    
10.2017    9.6688    
11.2745    16.0430   

# Frame114

# x        y
15.0386    9.5178    
1.0050     23.6800   
11.4358    13.4605   
5.6286     1.3266    
10.1587    9.6950    
11.2745    16.0430   

# Frame115

# x        y
15.0366    9.5250    
1.0050     23.6800   
11.4358    13.4605   
5.6061     1.3470    
10.1164    9.7208    
11.2745    16.0430   

# Frame116

# x        y
15.0347    9.5320    
1.0050     23.6800   
11.4358    13.4605   
5.5841     1.3671    
10.0748    9.7461    
11.2745    16.0430   

# Frame117

# x        y
15.0328    9.5390    
1.0050     23.6800   
11.4358    13.4605   
5.5624     1.3868    
10.0339    9.7710    
11.2745    16.0430   

# Frame118

# x        y
15.0309    9.5458    
1.0050     23.6800   
11.4358    13.4605   
5.5410     1.4063    
9.9936     9.7955    
11.2745    16.0430   

# Frame119

# x        y
15.0291    9.5525    
1.0050     23.6800   
11.4358    13.4605   
5.5200     1.4254    
9.9541     9.8196    
11.2745    16.0430   

# Frame120

# x        y
15.0273    9.5591    
1.0050     23.6800   
11.4358    13.4605   
5.4994     1.4441    
9.9152     9.8433    
11.2745    16.0430   

# Frame121

# x        y
15.0255    9.5656    
1.0050     23.6800   
11.4358    13.4605   
5.4791     1.4626    
9.8769     9.8666    
11.2745    16.0430   

# Frame122

# x        y
15.0237    9.5720    
1.0050     23.6800   
11.4358    13.4605   
5.4591     1.4808    
9.8393     9.8895    
11.2745    16.0430   

# Frame123

# x        y
15.0220    9.5783    
1.0050     23.6800   
11.4358    13.4605   
5.4395     1.4986    
9.8023     9.9120    
11.2745    16.0430   

# Frame124

# x        y
15.0203    9.5845    
1.0050     23.6800   
11.4358    13.4605   
5.4202     1.5162    
9.7659     9.9342    
11.2745    16.0430   

# Frame125

# x        y
15.0187    9.5906    
1.0050     23.6800   
11.4358    13.4605   
5.4013     1.5334    
9.7301     9.9559    
11.2745    16.0430   

# Frame126

# x        y
15.0170    9.5965    
1.0050     23.6800   
11.4358    13.4605   
5.3826     1.5504    
9.6950     9.9774    
11.2745    16.0430   

# Frame127

# x        y
15.0154    9.6024    
1.0050     23.6800   
11.4358    13.4605   
5.3643     1.5671    
9.6604     9.9984    
11.2745    16.0430   

# Frame128

# x        y
15.0138    9.6082    
1.0050     23.6800   
11.4358    13.4605   
5.3462     1.5835    
9.6264     10.0191   
11.2745    16.0430   

# Frame129

# x        y
15.0123    9.6138    
1.0050     23.6800   
11.4358    13.4605   
5.3285     1.5997    
9.5929     10.0395   
11.2745    16.0430   

# Frame130

# x        y
15.0108    9.6194    
1.0050     23.6800   
11.4358    13.4605   
5.3110     1.6155    
9.5600     10.0595   
11.2745    16.0430   

# Frame131

# x        y
15.0092    9.6249    
1.0050     23.6800   
11.4358    13.4605   
5.2939     1.6311    
9.5277     10.0792   
11.2745    16.0430   

# Frame132

# x        y
15.0078    9.6303    
1.0050     23.6800   
11.4358    13.4605   
5.2770     1.6465    
9.4959     10.0986   
11.2745    16.0430   

# Frame133

# x        y
15.0063    9.6356    
1.0050     23.6800   
11.4358    13.4605   
5.2604     1.6616    
9.4646     10.1176   
11.2745    16.0430   

# Frame134

# x        y
15.0049    9.6409    
1.0050     23.6800   
11.4358    13.4605   
5.2441     1.6764    
9.4339     10.1363   
11.2745    16.0430   

# Frame135

# x        y
15.0035    9.6460    
1.0050     23.6800   
11.4358    13.4605   
5.2281     1.6910    
9.4037     10.1547   
11.2745    16.0430   

# Frame136

# x        y
15.0021    9.6510    
1.0050     23.6800   
11.4358    13.4605   
5.2123     1.7054    
9.3739     10.1728   
11.2745    16.0430   

# Frame137

# x        y
15.0007    9.6560    
1.0050     23.6800   
11.4358    13.4605   
5.1968     1.7195    
9.3447     10.1906   
11.2745    16.0430   

# Frame138

# x        y
14.9994    9.6609    
1.0050     23.6800   
11.4358    13.4605   
5.1816     1.7334    
9.3159     10.2081   
11.2745    16.0430   

# Frame139

# x        y
14.9981    9.6657    
1.0050     23.6800   
11.4358    13.4605   
5.1666     1.7470    
9.2877     10.2254   
11.2745    16.0430   

# Frame140

# x        y
14.9968    9.6704    
1.0050     23.6800   
11.4358    13.4605   
5.1518     1.7604    
9.2599     10.2423   
11.2745    16.0430   

# Frame141

# x        y
14.9955    9.6750    
1.0050     23.6800   
11.4358    13.4605   
5.1373     1.7736    
9.2325     10.2589   
11.2745    16.0430   

# Frame142

# x        y
14.9943    9.6796    
1.0050     23.6800   
11.4358    13.4605   
5.1231     1.7866    
9.2057     10.2753   
11.2745    16.0430   

# Frame143

# x        y
14.9930    9.6841    
1.0050     23.6800   
11.4358    13.4605   
5.1090     1.7993    
9.1792     10.2914   
11.2745    16.0430   

# Frame144

# x        y
14.9918    9.6885    
1.0050     23.6800   
11.4358    13.4605   
5.0953     1.8119    
9.1532     10.3072   
11.2745    16.0430   

# Frame145

# x        y
14.9906    9.6928    
1.0050     23.6800   
11.4358    13.4605   
5.0817     1.8242    
9.1277     10.3228   
11.2745    16.0430   

# Frame146

# x        y
14.9895    9.6971    
1.0050     23.6800   
11.4358    13.4605   
5.0684     1.8363    
9.1025     10.3381   
11.2745    16.0430   

# Frame147

# x        y
14.9883    9.7013    
1.0050     23.6800   
11.4358    13.4605   
5.0553     1.8483    
9.0778     10.3531   
11.2745    16.0430   

# Frame148

# x        y
14.9872    9.7054    
1.0050     23.6800   
11.4358    13.4605   
5.0424     1.8600    
9.0535     10.3679   
11.2745    16.0430   

# Frame149

# x        y
14.9861    9.7095    
1.0050     23.6800   
11.4358    13.4605   
5.0297     1.8715    
9.0296     10.3825   
11.2745    16.0430   

# Frame150

# x        y
14.9850    9.7135    
1.0050     23.6800   
11.4358    13.4605   
5.0172     1.8829    
9.0061     10.3968   
11.2745    16.0430   

# Frame151

# x        y
14.9839    9.7174    
1.0050     23.6800   
11.4358    13.4605   
5.0050     1.8940    
8.9830     10.4108   
11.2745    16.0430   

# Frame152

# x        y
14.9828    9.7213    
1.0050     23.6800   
11.4358    13.4605   
4.9929     1.9050    
8.9603     10.4247   
11.2745    16.0430   

# Frame153

# x        y
14.9818    9.7250    
1.0050     23.6800   
11.4358    13.4605   
4.9811     1.9158    
8.9380     10.4383   
11.2745    16.0430   

# Frame154

# x        y
14.9808    9.7288    
1.0050     23.6800   
11.4358    13.4605   
4.9694     1.9264    
8.9160     10.4517   
11.2745    16.0430   

# Frame155

# x        y
14.9798    9.7324    
1.0050     23.6800   
11.4358    13.4605   
4.9580     1.9368    
8.8944     10.4648   
11.2745    16.0430   

# Frame156

# x        y
14.9788    9.7361    
1.0050     23.6800   
11.4358    13.4605   
4.9467     1.9471    
8.8732     10.4778   
11.2745    16.0430   

# Frame157

# x        y
14.9778    9.7396    
1.0050     23.6800   
11.4358    13.4605   
4.9356     1.9571    
8.8523     10.4905   
11.2745    16.0430   

# Frame158

# x        y
14.9769    9.7431    
1.0050     23.6800   
11.4358    13.4605   
4.9247     1.9671    
8.8317     10.5030   
11.2745    16.0430   

# Frame159

# x        y
14.9759    9.7465    
1.0050     23.6800   
11.4358    13.4605   
4.9140     1.9768    
8.8115     10.5153   
11.2745    16.0430   

# Frame160

# x        y
14.9750    9.7499    
1.0050     23.6800   
11.4358    13.4605   
4.9035     1.9864    
8.7917     10.5274   
11.2745    16.0430   

# Frame161

# x        y
14.9741    9.7532    
1.0050     23.6800   
11.4358    13.4605   
4.8931     1.9958    
8.7721     10.5393   
11.2745    16.0430   

# Frame162

# x        y
14.9732    9.7565    
1.0050     23.6800   
11.4358    13.4605   
4.8829     2.0051    
8.7529     10.5510   
11.2745    16.0430   

# Frame163

# x        y
14.9723    9.7597    
1.0050     23.6800   
11.4358    13.4605   
4.8729     2.0142    
8.7340     10.5625   
11.2745    16.0430   

# Frame164

# x        y
14.9715    9.7628    
1.0050     23.6800   
11.4358    13.4605   
4.8630     2.0232    
8.7155     10.5738   
11.2745    16.0430   

# Frame165

# x        y
14.9706    9.7659    
1.0050     23.6800   
11.4358    13.4605   
4.8534     2.0320    
8.6972     10.5849   
11.2745    16.0430   

# Frame166

# x        y
14.9698    9.7690    
1.0050     23.6800   
11.4358    13.4605   
4.8438     2.0407    
8.6792     10.5958   
11.2745    16.0430   

# Frame167

# x        y
14.9689    9.7720    
1.0050     23.6800   
11.4358    13.4605   
4.8345     2.0492    
8.6616     10.6066   
11.2745    16.0430   

# Frame168

# x        y
14.9681    9.7749    
1.0050     23.6800   
11.4358    13.4605   
4.8253     2.0576    
8.6442     10.6171   
11.2745    16.0430   

# Frame169

# x        y
14.9673    9.7778    
1.0050     23.6800   
11.4358    13.4605   
4.8162     2.0658    
8.6272     10.6275   
11.2745    16.0430   

# Frame170

# x        y
14.9666    9.7807    
1.0050     23.6800   
11.4358    13.4605   
4.8073     2.0739    
8.6104     10.6378   
11.2745    16.0430   

# Frame171

# x        y
14.9658    9.7835    
1.0050     23.6800   
11.4358    13.4605   
4.7985     2.0819    
8.5939     10.6478   
11.2745    16.0430   

# Frame172

# x        y
14.9650    9.7862    
1.0050     23.6800   
11.4358    13.4605   
4.7899     2.0897    
8.5776     10.6577   
11.2745    16.0430   

# Frame173

# x        y
14.9643    9.7889    
1.0050     23.6800   
11.4358    13.4605   
4.7815     2.0974    
8.5617     10.6674   
11.2745    16.0430   

# Frame174

# x        y
14.9636    9.7916    
1.0050     23.6800   
11.4358    13.4605   
4.7731     2.1050    
8.5460     10.6770   
11.2745    16.0430   

# Frame175

# x        y
14.9628    9.7942    
1.0050     23.6800   
11.4358    13.4605   
4.7649     2.1124    
8.5305     10.6864   
11.2745    16.0430   

# Frame176

# x        y
14.9621    9.7968    
1.0050     23.6800   
11.4358    13.4605   
4.7569     2.1198    
8.5153     10.6956   
11.2745    16.0430   

# Frame177

# x        y
14.9614    9.7993    
1.0050     23.6800   
11.4358    13.4605   
4.7490     2.1270    
8.5004     10.7047   
11.2745    16.0430   

# Frame178

# x        y
14.9608    9.8018    
1.0050     23.6800   
11.4358    13.4605   
4.7412     2.1341    
8.4857     10.7136   
11.2745    16.0430   

# Frame179

# x        y
14.9601    9.8043    
1.0050     23.6800   
11.4358    13.4605   
4.7335     2.1410    
8.4713     10.7224   
11.2745    16.0430   

# Frame180

# x        y
14.9594    9.8067    
1.0050     23.6800   
11.4358    13.4605   
4.7260     2.1479    
8.4571     10.7311   
11.2745    16.0430   

# Frame181

# x        y
14.9588    9.8091    
1.0050     23.6800   
11.4358    13.4605   
4.7186     2.1546    
8.4432     10.7396   
11.2745    16.0430   

# Frame182

# x        y
14.9581    9.8114    
1.0050     23.6800   
11.4358    13.4605   
4.7113     2.1612    
8.4294     10.7479   
11.2745    16.0430   

# Frame183

# x        y
14.9575    9.8137    
1.0050     23.6800   
11.4358    13.4605   
4.7042     2.1677    
8.4159     10.7561   
11.2745    16.0430   

# Frame184

# x        y
14.9569    9.8159    
1.0050     23.6800   
11.4358    13.4605   
4.6971     2.1741    
8.4027     10.7642   
11.2745    16.0430   

# Frame185

# x        y
14.9563    9.8181    
1.0050     23.6800   
11.4358    13.4605   
4.6902     2.1804    
8.3896     10.7722   
11.2745    16.0430   

# Frame186

# x        y
14.9557    9.8203    
1.0050     23.6800   
11.4358    13.4605   
4.6834     2.1866    
8.3768     10.7800   
11.2745    16.0430   

# Frame187

# x        y
14.9551    9.8225    
1.0050     23.6800   
11.4358    13.4605   
4.6767     2.1927    
8.3642     10.7877   
11.2745    16.0430   

# Frame188

# x        y
14.9545    9.8246    
1.0050     23.6800   
11.4358    13.4605   
4.6701     2.1987    
8.3518     10.7952   
11.2745    16.0430   

# Frame189

# x        y
14.9540    9.8266    
1.0050     23.6800   
11.4358    13.4605   
4.6637     2.2046    
8.3396     10.8027   
11.2745    16.0430   

# Frame190

# x        y
14.9534    9.8287    
1.0050     23.6800   
11.4358    13.4605   
4.6573     2.2104    
8.3276     10.8100   
11.2745    16.0430   

# Frame191

# x        y
14.9529    9.8307    
1.0050     23.6800   
11.4358    13.4605   
4.6510     2.2161    
8.3158     10.8171   
11.2745    16.0430   

# Frame192

# x        y
14.9523    9.8326    
1.0050     23.6800   
11.4358    13.4605   
4.6449     2.2217    
8.3042     10.8242   
11.2745    16.0430   

# Frame193

# x        y
14.9518    9.8346    
1.0050     23.6800   
11.4358    13.4605   
4.6388     2.2272    
8.2928     10.8311   
11.2745    16.0430   

# Frame194

# x        y
14.9513    9.8365    
1.0050     23.6800   
11.4358    13.4605   
4.6329     2.2326    
8.2816     10.8380   
11.2745    16.0430   

# Frame195

# x        y
14.9508    9.8384    
1.0050     23.6800   
11.4358    13.4605   
4.6270     2.2379    
8.2705     10.8447   
11.2745    16.0430   

# Frame196

# x        y
14.9502    9.8402    
1.0050     23.6800   
11.4358    13.4605   
4.6213     2.2432    
8.2597     10.8513   
11.2745    16.0430   

# Frame197

# x        y
14.9498    9.8420    
1.0050     23.6800   
11.4358    13.4605   
4.6156     2.2483    
8.2490     10.8578   
11.2745    16.0430   

# Frame198

# x        y
14.9493    9.8438    
1.0050     23.6800   
11.4358    13.4605   
4.6101     2.2534    
8.2385     10.8642   
11.2745    16.0430   

# Frame199

# x        y
14.9488    9.8455    
1.0050     23.6800   
11.4358    13.4605   
4.6046     2.2583    
8.2282     10.8705   
11.2745    16.0430   

# Frame200

# x        y
14.9483    9.8473    
1.0050     23.6800   
11.4358    13.4605   
4.5992     2.2632    
8.2181     10.8766   
11.2745    16.0430   

# Frame201

# x        y
14.9478    9.8490    
1.0050     23.6800   
11.4358    13.4605   
4.5939     2.2681    
8.2081     10.8827   
11.2745    16.0430   

# Frame202

# x        y
14.9474    9.8506    
1.0050     23.6800   
11.4358    13.4605   
4.5887     2.2728    
8.1983     10.8887   
11.2745    16.0430   

# Frame203

# x        y
14.9469    9.8523    
1.0050     23.6800   
11.4358    13.4605   
4.5836     2.2774    
8.1887     10.8945   
11.2745    16.0430   

# Frame204

# x        y
14.9465    9.8539    
1.0050     23.6800   
11.4358    13.4605   
4.5786     2.2820    
8.1792     10.9003   
11.2745    16.0430   

# Frame205

# x        y
14.9461    9.8555    
1.0050     23.6800   
11.4358    13.4605   
4.5736     2.2865    
8.1698     10.9060   
11.2745    16.0430   

# Frame206

# x        y
14.9456    9.8570    
1.0050     23.6800   
11.4358    13.4605   
4.5688     2.2909    
8.1607     10.9116   
11.2745    16.0430   

# Frame207

# x        y
14.9452    9.8585    
1.0050     23.6800   
11.4358    13.4605   
4.5640     2.2953    
8.1517     10.9171   
11.2745    16.0430   

# Frame208

# x        y
14.9448    9.8600    
1.0050     23.6800   
11.4358    13.4605   
4.5593     2.2996    
8.1428     10.9225   
11.2745    16.0430   

# Frame209

# x        y
14.9444    9.8615    
1.0050     23.6800   
11.4358    13.4605   
4.5547     2.3038    
8.1341     10.9278   
11.2745    16.0430   

# Frame210

# x        y
14.9440    9.8630    
1.0050     23.6800   
11.4358    13.4605   
4.5501     2.3079    
8.1255     10.9330   
11.2745    16.0430   

# Frame211

# x        y
14.9436    9.8644    
1.0050     23.6800   
11.4358    13.4605   
4.5457     2.3120    
8.1171     10.9381   
11.2745    16.0430   

# Frame212

# x        y
14.9432    9.8658    
1.0050     23.6800   
11.4358    13.4605   
4.5413     2.3160    
8.1088     10.9432   
11.2745    16.0430   

# Frame213

# x        y
14.9428    9.8672    
1.0050     23.6800   
11.4358    13.4605   
4.5369     2.3199    
8.1006     10.9481   
11.2745    16.0430   

# Frame214

# x        y
14.9425    9.8686    
1.0050     23.6800   
11.4358    13.4605   
4.5327     2.3238    
8.0926     10.9530   
11.2745    16.0430   

# Frame215

# x        y
14.9421    9.8699    
1.0050     23.6800   
11.4358    13.4605   
4.5285     2.3276    
8.0847     10.9578   
11.2745    16.0430   

# Frame216

# x        y
14.9417    9.8712    
1.0050     23.6800   
11.4358    13.4605   
4.5244     2.3313    
8.0770     10.9625   
11.2745    16.0430   

# Frame217

# x        y
14.9414    9.8725    
1.0050     23.6800   
11.4358    13.4605   
4.5203     2.3350    
8.0694     10.9672   
11.2745    16.0430   

# Frame218

# x        y
14.9410    9.8738    
1.0050     23.6800   
11.4358    13.4605   
4.5164     2.3386    
8.0619     10.9717   
11.2745    16.0430   

# Frame219

# x        y
14.9407    9.8750    
1.0050     23.6800   
11.4358    13.4605   
4.5125     2.3422    
8.0545     10.9762   
11.2745    16.0430   

# Frame220

# x        y
14.9404    9.8763    
1.0050     23.6800   
11.4358    13.4605   
4.5086     2.3457    
8.0473     10.9806   
11.2745    16.0430   

# Frame221

# x        y
14.9400    9.8775    
1.0050     23.6800   
11.4358    13.4605   
4.5048     2.3491    
8.0401     10.9850   
11.2745    16.0430   

# Frame222

# x        y
14.9397    9.8787    
1.0050     23.6800   
11.4358    13.4605   
4.5011     2.3525    
8.0331     10.9892   
11.2745    16.0430   

# Frame223

# x        y
14.9394    9.8798    
1.0050     23.6800   
11.4358    13.4605   
4.4975     2.3558    
8.0262     10.9934   
11.2745    16.0430   

# Frame224

# x        y
14.9391    9.8810    
1.0050     23.6800   
11.4358    13.4605   
4.4939     2.3591    
8.0195     10.9976   
11.2745    16.0430   

# Frame225

# x        y
14.9388    9.8821    
1.0050     23.6800   
11.4358    13.4605   
4.4903     2.3623    
8.0128     11.0016   
11.2745    16.0430   

# Frame226

# x        y
14.9385    9.8832    
1.0050     23.6800   
11.4358    13.4605   
4.4869     2.3655    
8.0063     11.0056   
11.2745    16.0430   

# Frame227

# x        y
14.9382    9.8843    
1.0050     23.6800   
11.4358    13.4605   
4.4835     2.3686    
7.9998     11.0095   
11.2745    16.0430   

# Frame228

# x        y
14.9379    9.8854    
1.0050     23.6800   
11.4358    13.4605   
4.4801     2.3716    
7.9935     11.0134   
11.2745    16.0430   

# Frame229

# x        y
14.9376    9.8865    
1.0050     23.6800   
11.4358    13.4605   
4.4768     2.3746    
7.9873     11.0172   
11.2745    16.0430   

# Frame230

# x        y
14.9373    9.8875    
1.0050     23.6800   
11.4358    13.4605   
4.4735     2.3776    
7.9811     11.0209   
11.2745    16.0430   

# Frame231

# x        y
14.9370    9.8885    
1.0050     23.6800   
11.4358    13.4605   
4.4703     2.3805    
7.9751     11.0246   
11.2745    16.0430   

# Frame232

# x        y
14.9367    9.8895    
1.0050     23.6800   
11.4358    13.4605   
4.4672     2.3834    
7.9692     11.0282   
11.2745    16.0430   

# Frame233

# x        y
14.9365    9.8905    
1.0050     23.6800   
11.4358    13.4605   
4.4641     2.3862    
7.9634     11.0317   
11.2745    16.0430   

# Frame234

# x        y
14.9362    9.8915    
1.0050     23.6800   
11.4358    13.4605   
4.4611     2.3889    
7.9576     11.0352   
11.2745    16.0430   

# Frame235

# x        y
14.9359    9.8924    
1.0050     23.6800   
11.4358    13.4605   
4.4581     2.3917    
7.9520     11.0386   
11.2745    16.0430   

# Frame236

# x        y
14.9357    9.8934    
1.0050     23.6800   
11.4358    13.4605   
4.4552     2.3943    
7.9465     11.0420   
11.2745    16.0430   

# Frame237

# x        y
14.9354    9.8943    
1.0050     23.6800   
11.4358    13.4605   
4.4523     2.3970    
7.9410     11.0453   
11.2745    16.0430   

# Frame238

# x        y
14.9352    9.8952    
1.0050     23.6800   
11.4358    13.4605   
4.4494     2.3995    
7.9357     11.0486   
11.2745    16.0430   

# Frame239

# x        y
14.9349    9.8961    
1.0050     23.6800   
11.4358    13.4605   
4.4466     2.4021    
7.9304     11.0518   
11.2745    16.0430   

# Frame240

# x        y
14.9347    9.8970    
1.0050     23.6800   
11.4358    13.4605   
4.4439     2.4046    
7.9252     11.0549   
11.2745    16.0430   

# Frame241

# x        y
14.9344    9.8979    
1.0050     23.6800   
11.4358    13.4605   
4.4412     2.4070    
7.9201     11.0580   
11.2745    16.0430   

# Frame242

# x        y
14.9342    9.8987    
1.0050     23.6800   
11.4358    13.4605   
4.4385     2.4095    
7.9151     11.0611   
11.2745    16.0430   

# Frame243

# x        y
14.9340    9.8995    
1.0050     23.6800   
11.4358    13.4605   
4.4359     2.4118    
7.9102     11.0641   
11.2745    16.0430   

# Frame244

# x        y
14.9338    9.9004    
1.0050     23.6800   
11.4358    13.4605   
4.4334     2.4142    
7.9054     11.0670   
11.2745    16.0430   

# Frame245

# x        y
14.9335    9.9012    
1.0050     23.6800   
11.4358    13.4605   
4.4308     2.4165    
7.9006     11.0699   
11.2745    16.0430   

# Frame246

# x        y
14.9333    9.9020    
1.0050     23.6800   
11.4358    13.4605   
4.4283     2.4187    
7.8959     11.0728   
11.2745    16.0430   

# Frame247

# x        y
14.9331    9.9027    
1.0050     23.6800   
11.4358    13.4605   
4.4259     2.4209    
7.8913     11.0756   
11.2745    16.0430   

# Frame248

# x        y
14.9329    9.9035    
1.0050     23.6800   
11.4358    13.4605   
4.4235     2.4231    
7.8868     11.0783   
11.2745    16.0430   

# Frame249

# x        y
14.9327    9.9043    
1.0050     23.6800   
11.4358    13.4605   
4.4211     2.4253    
7.8824     11.0810   
11.2745    16.0430   

# Frame250

# x        y
14.9325    9.9050    
1.0050     23.6800   
11.4358    13.4605   
4.4188     2.4274    
7.8780     11.0837   
11.2745    16.0430   

# Frame251

# x        y
14.9323    9.9057    
1.0050     23.6800   
11.4358    13.4605   
4.4165     2.4295    
7.8737     11.0863   
11.2745    16.0430   

# Frame252

# x        y
14.9321    9.9065    
1.0050     23.6800   
11.4358    13.4605   
4.4143     2.4315    
7.8694     11.0889   
11.2745    16.0430   

# Frame253

# x        y
14.9319    9.9072    
1.0050     23.6800   
11.4358    13.4605   
4.4121     2.4335    
7.8653     11.0914   
11.2745    16.0430   

# Frame254

# x        y
14.9317    9.9079    
1.0050     23.6800   
11.4358    13.4605   
4.4099     2.4355    
7.8612     11.0939   
11.2745    16.0430   

# Frame255

# x        y
14.9315    9.9085    
1.0050     23.6800   
11.4358    13.4605   
4.4078     2.4374    
7.8572     11.0964   
11.2745    16.0430   

# Frame256

# x        y
14.9313    9.9092    
1.0050     23.6800   
11.4358    13.4605   
4.4057     2.4393    
7.8532     11.0988   
11.2745    16.0430   

# Frame257

# x        y
14.9312    9.9099    
1.0050     23.6800   
11.4358    13.4605   
4.4036     2.4412    
7.8493     11.1012   
11.2745    16.0430   

# Frame258

# x        y
14.9310    9.9105    
1.0050     23.6800   
11.4358    13.4605   
4.4016     2.4431    
7.8455     11.1035   
11.2745    16.0430   

# Frame259

# x        y
14.9308    9.9112    
1.0050     23.6800   
11.4358    13.4605   
4.3996     2.4449    
7.8417     11.1058   
11.2745    16.0430   

# Frame260

# x        y
14.9306    9.9118    
1.0050     23.6800   
11.4358    13.4605   
4.3976     2.4467    
7.8380     11.1080   
11.2745    16.0430   

# Frame261

# x        y
14.9305    9.9124    
1.0050     23.6800   
11.4358    13.4605   
4.3957     2.4484    
7.8344     11.1102   
11.2745    16.0430   

# Frame262

# x        y
14.9303    9.9130    
1.0050     23.6800   
11.4358    13.4605   
4.3938     2.4501    
7.8308     11.1124   
11.2745    16.0430   

# Frame263

# x        y
14.9301    9.9136    
1.0050     23.6800   
11.4358    13.4605   
4.3919     2.4518    
7.8273     11.1146   
11.2745    16.0430   

# Frame264

# x        y
14.9300    9.9142    
1.0050     23.6800   
11.4358    13.4605   
4.3901     2.4535    
7.8238     11.1167   
11.2745    16.0430   

# Frame265

# x        y
14.9298    9.9148    
1.0050     23.6800   
11.4358    13.4605   
4.3883     2.4552    
7.8204     11.1187   
11.2745    16.0430   

# Frame266

# x        y
14.9297    9.9153    
1.0050     23.6800   
11.4358    13.4605   
4.3865     2.4568    
7.8171     11.1208   
11.2745    16.0430   

# Frame267

# x        y
14.9295    9.9159    
1.0050     23.6800   
11.4358    13.4605   
4.3848     2.4584    
7.8138     11.1228   
11.2745    16.0430   

# Frame268

# x        y
14.9293    9.9165    
1.0050     23.6800   
11.4358    13.4605   
4.3831     2.4599    
7.8106     11.1248   
11.2745    16.0430   

# Frame269

# x        y
14.9292    9.9170    
1.0050     23.6800   
11.4358    13.4605   
4.3814     2.4615    
7.8074     11.1267   
11.2745    16.0430   

# Frame270

# x        y
14.9291    9.9175    
1.0050     23.6800   
11.4358    13.4605   
4.3797     2.4630    
7.8043     11.1286   
11.2745    16.0430   

# Frame271

# x        y
14.9289    9.9180    
1.0050     23.6800   
11.4358    13.4605   
4.3781     2.4644    
7.8012     11.1305   
11.2745    16.0430   

# Frame272

# x        y
14.9288    9.9186    
1.0050     23.6800   
11.4358    13.4605   
4.3765     2.4659    
7.7982     11.1323   
11.2745    16.0430   

# Frame273

# x        y
14.9286    9.9191    
1.0050     23.6800   
11.4358    13.4605   
4.3749     2.4673    
7.7952     11.1341   
11.2745    16.0430   

# Frame274

# x        y
14.9285    9.9196    
1.0050     23.6800   
11.4358    13.4605   
4.3734     2.4688    
7.7923     11.1359   
11.2745    16.0430   

# Frame275

# x        y
14.9284    9.9200    
1.0050     23.6800   
11.4358    13.4605   
4.3718     2.4701    
7.7894     11.1376   
11.2745    16.0430   

# Frame276

# x        y
14.9282    9.9205    
1.0050     23.6800   
11.4358    13.4605   
4.3703     2.4715    
7.7866     11.1394   
11.2745    16.0430   

# Frame277

# x        y
14.9281    9.9210    
1.0050     23.6800   
11.4358    13.4605   
4.3689     2.4728    
7.7838     11.1411   
11.2745    16.0430   

# Frame278

# x        y
14.9280    9.9215    
1.0050     23.6800   
11.4358    13.4605   
4.3674     2.4742    
7.7811     11.1427   
11.2745    16.0430   

# Frame279

# x        y
14.9278    9.9219    
1.0050     23.6800   
11.4358    13.4605   
4.3660     2.4755    
7.7784     11.1444   
11.2745    16.0430   

# Frame280

# x        y
14.9277    9.9224    
1.0050     23.6800   
11.4358    13.4605   
4.3646     2.4767    
7.7757     11.1460   
11.2745    16.0430   

# Frame281

# x        y
14.9276    9.9228    
1.0050     23.6800   
11.4358    13.4605   
4.3632     2.4780    
7.7731     11.1476   
11.2745    16.0430   

# Frame282

# x        y
14.9275    9.9232    
1.0050     23.6800   
11.4358    13.4605   
4.3618     2.4792    
7.7706     11.1491   
11.2745    16.0430   

# Frame283

# x        y
14.9274    9.9237    
1.0050     23.6800   
11.4358    13.4605   
4.3605     2.4804    
7.7681     11.1506   
11.2745    16.0430   

# Frame284

# x        y
14.9273    9.9241    
1.0050     23.6800   
11.4358    13.4605   
4.3592     2.4816    
7.7656     11.1521   
11.2745    16.0430   

# Frame285

# x        y
14.9271    9.9245    
1.0050     23.6800   
11.4358    13.4605   
4.3579     2.4828    
7.7632     11.1536   
11.2745    16.0430   

# Frame286

# x        y
14.9270    9.9249    
1.0050     23.6800   
11.4358    13.4605   
4.3566     2.4840    
7.7608     11.1551   
11.2745    16.0430   

# Frame287

# x        y
14.9269    9.9253    
1.0050     23.6800   
11.4358    13.4605   
4.3554     2.4851    
7.7584     11.1565   
11.2745    16.0430   

# Frame288

# x        y
14.9268    9.9257    
1.0050     23.6800   
11.4358    13.4605   
4.3542     2.4862    
7.7561     11.1579   
11.2745    16.0430   

# Frame289

# x        y
14.9267    9.9261    
1.0050     23.6800   
11.4358    13.4605   
4.3530     2.4873    
7.7538     11.1593   
11.2745    16.0430   

# Frame290

# x        y
14.9266    9.9265    
1.0050     23.6800   
11.4358    13.4605   
4.3518     2.4884    
7.7516     11.1607   
11.2745    16.0430   

# Frame291

# x        y
14.9265    9.9268    
1.0050     23.6800   
11.4358    13.4605   
4.3506     2.4894    
7.7494     11.1620   
11.2745    16.0430   

# Frame292

# x        y
14.9264    9.9272    
1.0050     23.6800   
11.4358    13.4605   
4.3495     2.4905    
7.7472     11.1633   
11.2745    16.0430   

# Frame293

# x        y
14.9263    9.9276    
1.0050     23.6800   
11.4358    13.4605   
4.3483     2.4915    
7.7451     11.1646   
11.2745    16.0430   

# Frame294

# x        y
14.9262    9.9279    
1.0050     23.6800   
11.4358    13.4605   
4.3472     2.4925    
7.7430     11.1659   
11.2745    16.0430   

# Frame295

# x        y
14.9261    9.9283    
1.0050     23.6800   
11.4358    13.4605   
4.3462     2.4935    
7.7410     11.1671   
11.2745    16.0430   

# Frame296

# x        y
14.9260    9.9286    
1.0050     23.6800   
11.4358    13.4605   
4.3451     2.4945    
7.7390     11.1684   
11.2745    16.0430   

# Frame297

# x        y
14.9259    9.9289    
1.0050     23.6800   
11.4358    13.4605   
4.3440     2.4954    
7.7370     11.1696   
11.2745    16.0430   

# Frame298

# x        y
14.9258    9.9293    
1.0050     23.6800   
11.4358    13.4605   
4.3430     2.4964    
7.7350     11.1708   
11.2745    16.0430   

# Frame299

# x        y
14.9257    9.9296    
1.0050     23.6800   
11.4358    13.4605   
4.3420     2.4973    
7.7331     11.1719   
11.2745    16.0430   

# Frame300

# x        y
14.9257    9.9299    
1.0050     23.6800   
11.4358    13.4605   
4.3410     2.4982    
7.7312     11.1731   
11.2745    16.0430   

# Frame301

# x        y
14.9256    9.9302    
1.0050     23.6800   
11.4358    13.4605   
4.3400     2.4991    
7.7293     11.1742   
11.2745    16.0430   

# Frame302

# x        y
14.9255    9.9306    
1.0050     23.6800   
11.4358    13.4605   
4.3390     2.5000    
7.7275     11.1753   
11.2745    16.0430   

# Frame303

# x        y
14.9254    9.9309    
1.0050     23.6800   
11.4358    13.4605   
4.3381     2.5009    
7.7257     11.1764   
11.2745    16.0430   

# Frame304

# x        y
14.9253    9.9312    
1.0050     23.6800   
11.4358    13.4605   
4.3371     2.5017    
7.7240     11.1775   
11.2745    16.0430   

# Frame305

# x        y
14.9252    9.9315    
1.0050     23.6800   
11.4358    13.4605   
4.3362     2.5026    
7.7222     11.1786   
11.2745    16.0430   

# Frame306

# x        y
14.9252    9.9317    
1.0050     23.6800   
11.4358    13.4605   
4.3353     2.5034    
7.7205     11.1796   
11.2745    16.0430   

# Frame307

# x        y
14.9251    9.9320    
1.0050     23.6800   
11.4358    13.4605   
4.3344     2.5042    
7.7188     11.1806   
11.2745    16.0430   

# Frame308

# x        y
14.9250    9.9323    
1.0050     23.6800   
11.4358    13.4605   
4.3335     2.5050    
7.7172     11.1816   
11.2745    16.0430   

# Frame309

# x        y
14.9249    9.9326    
1.0050     23.6800   
11.4358    13.4605   
4.3327     2.5058    
7.7156     11.1826   
11.2745    16.0430   

# Frame310

# x        y
14.9248    9.9329    
1.0050     23.6800   
11.4358    13.4605   
4.3318     2.5065    
7.7140     11.1836   
11.2745    16.0430   

# Frame311

# x        y
14.9248    9.9331    
1.0050     23.6800   
11.4358    13.4605   
4.3310     2.5073    
7.7124     11.1845   
11.2745    16.0430   

# Frame312

# x        y
14.9247    9.9334    
1.0050     23.6800   
11.4358    13.4605   
4.3302     2.5081    
7.7109     11.1855   
11.2745    16.0430   

# Frame313

# x        y
14.9246    9.9336    
1.0050     23.6800   
11.4358    13.4605   
4.3294     2.5088    
7.7093     11.1864   
11.2745    16.0430   

# Frame314

# x        y
14.9246    9.9339    
1.0050     23.6800   
11.4358    13.4605   
4.3286     2.5095    
7.7078     11.1873   
11.2745    16.0430   

# Frame315

# x        y
14.9245    9.9341    
1.0050     23.6800   
11.4358    13.4605   
4.3278     2.5102    
7.7064     11.1882   
11.2745    16.0430   

# Frame316

# x        y
14.9244    9.9344    
1.0050     23.6800   
11.4358    13.4605   
4.3270     2.5109    
7.7049     11.1891   
11.2745    16.0430   

# Frame317

# x        y
14.9244    9.9346    
1.0050     23.6800   
11.4358    13.4605   
4.3263     2.5116    
7.7035     11.1899   
11.2745    16.0430   

# Frame318

# x        y
14.9243    9.9349    
1.0050     23.6800   
11.4358    13.4605   
4.3255     2.5123    
7.7021     11.1908   
11.2745    16.0430   

# Frame319

# x        y
14.9242    9.9351    
1.0050     23.6800   
11.4358    13.4605   
4.3248     2.5129    
7.7007     11.1916   
11.2745    16.0430   

# Frame320

# x        y
14.9242    9.9353    
1.0050     23.6800   
11.4358    13.4605   
4.3241     2.5136    
7.6994     11.1925   
11.2745    16.0430   

# Frame321

# x        y
14.9241    9.9356    
1.0050     23.6800   
11.4358    13.4605   
4.3234     2.5142    
7.6981     11.1933   
11.2745    16.0430   

# Frame322

# x        y
14.9240    9.9358    
1.0050     23.6800   
11.4358    13.4605   
4.3227     2.5149    
7.6968     11.1941   
11.2745    16.0430   

# Frame323

# x        y
14.9240    9.9360    
1.0050     23.6800   
11.4358    13.4605   
4.3220     2.5155    
7.6955     11.1948   
11.2745    16.0430   

# Frame324

# x        y
14.9239    9.9362    
1.0050     23.6800   
11.4358    13.4605   
4.3214     2.5161    
7.6942     11.1956   
11.2745    16.0430   

# Frame325

# x        y
14.9239    9.9364    
1.0050     23.6800   
11.4358    13.4605   
4.3207     2.5167    
7.6930     11.1964   
11.2745    16.0430   

# Frame326

# x        y
14.9238    9.9366    
1.0050     23.6800   
11.4358    13.4605   
4.3200     2.5173    
7.6918     11.1971   
11.2745    16.0430   

# Frame327

# x        y
14.9238    9.9368    
1.0050     23.6800   
11.4358    13.4605   
4.3194     2.5178    
7.6906     11.1978   
11.2745    16.0430   

# Frame328

# x        y
14.9237    9.9370    
1.0050     23.6800   
11.4358    13.4605   
4.3188     2.5184    
7.6894     11.1986   
11.2745    16.0430   

# Frame329

# x        y
14.9236    9.9372    
1.0050     23.6800   
11.4358    13.4605   
4.3182     2.5190    
7.6882     11.1993   
11.2745    16.0430   

# Frame330

# x        y
14.9236    9.9374    
1.0050     23.6800   
11.4358    13.4605   
4.3176     2.5195    
7.6871     11.2000   
11.2745    16.0430   

# Frame331

# x        y
14.9235    9.9376    
1.0050     23.6800   
11.4358    13.4605   
4.3170     2.5201    
7.6860     11.2006   
11.2745    16.0430   

# Frame332

# x        y
14.9235    9.9378    
1.0050     23.6800   
11.4358    13.4605   
4.3164     2.5206    
7.6849     11.2013   
11.2745    16.0430   

# Frame333

# x        y
14.9234    9.9380    
1.0050     23.6800   
11.4358    13.4605   
4.3158     2.5211    
7.6838     11.2020   
11.2745    16.0430   

# Frame334

# x        y
14.9234    9.9382    
1.0050     23.6800   
11.4358    13.4605   
4.3152     2.5216    
7.6827     11.2026   
11.2745    16.0430   

# Frame335

# x        y
14.9233    9.9383    
1.0050     23.6800   
11.4358    13.4605   
4.3147     2.5221    
7.6817     11.2033   
11.2745    16.0430   

# Frame336

# x        y
14.9233    9.9385    
1.0050     23.6800   
11.4358    13.4605   
4.3141     2.5226    
7.6806     11.2039   
11.2745    16.0430   

# Frame337

# x        y
14.9232    9.9387    
1.0050     23.6800   
11.4358    13.4605   
4.3136     2.5231    
7.6796     11.2045   
11.2745    16.0430   

# Frame338

# x        y
14.9232    9.9389    
1.0050     23.6800   
11.4358    13.4605   
4.3131     2.5236    
7.6786     11.2051   
11.2745    16.0430   

# Frame339

# x        y
14.9232    9.9390    
1.0050     23.6800   
11.4358    13.4605   
4.3126     2.5241    
7.6776     11.2057   
11.2745    16.0430   

# Frame340

# x        y
14.9231    9.9392    
1.0050     23.6800   
11.4358    13.4605   
4.3120     2.5246    
7.6767     11.2063   
11.2745    16.0430   

# Frame341

# x        y
14.9231    9.9393    
1.0050     23.6800   
11.4358    13.4605   
4.3115     2.5250    
7.6757     11.2069   
11.2745    16.0430   

# Frame342

# x        y
14.9230    9.9395    
1.0050     23.6800   
11.4358    13.4605   
4.3110     2.5255    
7.6748     11.2074   
11.2745    16.0430   

# Frame343

# x        y
14.9230    9.9397    
1.0050     23.6800   
11.4358    13.4605   
4.3106     2.5259    
7.6739     11.2080   
11.2745    16.0430   

# Frame344

# x        y
14.9229    9.9398    
1.0050     23.6800   
11.4358    13.4605   
4.3101     2.5263    
7.6730     11.2085   
11.2745    16.0430   

# Frame345

# x        y
14.9229    9.9400    
1.0050     23.6800   
11.4358    13.4605   
4.3096     2.5268    
7.6721     11.2091   
11.2745    16.0430   

# Frame346

# x        y
14.9229    9.9401    
1.0050     23.6800   
11.4358    13.4605   
4.3091     2.5272    
7.6712     11.2096   
11.2745    16.0430   

# Frame347

# x        y
14.9228    9.9403    
1.0050     23.6800   
11.4358    13.4605   
4.3087     2.5276    
7.6703     11.2101   
11.2745    16.0430   

# Frame348

# x        y
14.9228    9.9404    
1.0050     23.6800   
11.4358    13.4605   
4.3082     2.5280    
7.6695     11.2106   
11.2745    16.0430   

# Frame349

# x        y
14.9227    9.9405    
1.0050     23.6800   
11.4358    13.4605   
4.3078     2.5284    
7.6687     11.2112   
11.2745    16.0430   

# Frame350

# x        y
14.9227    9.9407    
1.0050     23.6800   
11.4358    13.4605   
4.3074     2.5288    
7.6679     11.2116   
11.2745    16.0430   

# Frame351

# x        y
14.9227    9.9408    
1.0050     23.6800   
11.4358    13.4605   
4.3069     2.5292    
7.6671     11.2121   
11.2745    16.0430   

# Frame352

# x        y
14.9226    9.9410    
1.0050     23.6800   
11.4358    13.4605   
4.3065     2.5296    
7.6663     11.2126   
11.2745    16.0430   

# Frame353

# x        y
14.9226    9.9411    
1.0050     23.6800   
11.4358    13.4605   
4.3061     2.5299    
7.6655     11.2131   
11.2745    16.0430   

# Frame354

# x        y
14.9226    9.9412    
1.0050     23.6800   
11.4358    13.4605   
4.3057     2.5303    
7.6647     11.2136   
11.2745    16.0430   

# Frame355

# x        y
14.9225    9.9413    
1.0050     23.6800   
11.4358    13.4605   
4.3053     2.5307    
7.6640     11.2140   
11.2745    16.0430   

# Frame356

# x        y
14.9225    9.9415    
1.0050     23.6800   
11.4358    13.4605   
4.3049     2.5310    
7.6633     11.2145   
11.2745    16.0430   

# Frame357

# x        y
14.9225    9.9416    
1.0050     23.6800   
11.4358    13.4605   
4.3045     2.5314    
7.6625     11.2149   
11.2745    16.0430   

# Frame358

# x        y
14.9224    9.9417    
1.0050     23.6800   
11.4358    13.4605   
4.3042     2.5317    
7.6618     11.2153   
11.2745    16.0430   

# Frame359

# x        y
14.9224    9.9418    
1.0050     23.6800   
11.4358    13.4605   
4.3038     2.5321    
7.6611     11.2158   
11.2745    16.0430   

# Frame360

# x        y
14.9224    9.9419    
1.0050     23.6800   
11.4358    13.4605   
4.3034     2.5324    
7.6604     11.2162   
11.2745    16.0430   

# Frame361

# x        y
14.9223    9.9421    
1.0050     23.6800   
11.4358    13.4605   
4.3031     2.5327    
7.6597     11.2166   
11.2745    16.0430   

# Frame362

# x        y
14.9223    9.9422    
1.0050     23.6800   
11.4358    13.4605   
4.3027     2.5330    
7.6591     11.2170   
11.2745    16.0430   

# Frame363

# x        y
14.9223    9.9423    
1.0050     23.6800   
11.4358    13.4605   
4.3024     2.5334    
7.6584     11.2174   
11.2745    16.0430   

# Frame364

# x        y
14.9222    9.9424    
1.0050     23.6800   
11.4358    13.4605   
4.3020     2.5337    
7.6578     11.2178   
11.2745    16.0430   

# Frame365

# x        y
14.9222    9.9425    
1.0050     23.6800   
11.4358    13.4605   
4.3017     2.5340    
7.6571     11.2182   
11.2745    16.0430   

# Frame366

# x        y
14.9222    9.9426    
1.0050     23.6800   
11.4358    13.4605   
4.3014     2.5343    
7.6565     11.2186   
11.2745    16.0430   

# Frame367

# x        y
14.9221    9.9427    
1.0050     23.6800   
11.4358    13.4605   
4.3010     2.5346    
7.6559     11.2189   
11.2745    16.0430   

# Frame368

# x        y
14.9221    9.9428    
1.0050     23.6800   
11.4358    13.4605   
4.3007     2.5349    
7.6553     11.2193   
11.2745    16.0430   

# Frame369

# x        y
14.9221    9.9429    
1.0050     23.6800   
11.4358    13.4605   
4.3004     2.5351    
7.6547     11.2197   
11.2745    16.0430   

# Frame370

# x        y
14.9221    9.9430    
1.0050     23.6800   
11.4358    13.4605   
4.3001     2.5354    
7.6541     11.2200   
11.2745    16.0430   

# Frame371

# x        y
14.9220    9.9431    
1.0050     23.6800   
11.4358    13.4605   
4.2998     2.5357    
7.6536     11.2204   
11.2745    16.0430   

# Frame372

# x        y
14.9220    9.9431    
1.0050     23.6800   
11.4358    13.4605   
4.2995     2.5360    
7.6530     11.2207   
11.2745    16.0430   

# Frame373

# x        y
14.9220    9.9431    
1.0050     23.6800   
11.4358    13.4605   
4.2992     2.5362    
7.6524     11.2210   
11.2745    16.0430   

# Frame374

# x        y
14.9220    9.9431    
1.0050     23.6800   
11.4358    13.4605   
4.2989     2.5365    
7.6519     11.2214   
11.2745    16.0430   

# Frame375

# x        y
14.9220    9.9431    
1.0050     23.6800   
11.4358    13.4605   
4.2986     2.5368    
7.6514     11.2217   
11.2745    16.0430   

# Frame376

# x        y
14.9220    9.9431    
1.0050     23.6800   
11.4358    13.4605   
4.2983     2.5370    
7.6508     11.2220   
11.2745    16.0430   

# Frame377

# x        y
14.9220    9.9431    
1.0050     23.6800   
11.4358    13.4605   
4.2981     2.5373    
7.6503     11.2223   
11.2745    16.0430   

# Frame378

# x        y
14.9220    9.9431    
1.0050     23.6800   
11.4358    13.4605   
4.2978     2.5375    
7.6498     11.2226   
11.2745    16.0430   

# Frame379

# x        y
14.9220    9.9431    
1.0050     23.6800   
11.4358    13.4605   
4.2975     2.5378    
7.6493     11.2229   
11.2745    16.0430   

# Frame380

# x        y
14.9220    9.9431    
1.0050     23.6800   
11.4358    13.4605   
4.2973     2.5380    
7.6488     11.2232   
11.2745    16.0430   

# Frame381

# x        y
14.9220    9.9431    
1.0050     23.6800   
11.4358    13.4605   
4.2970     2.5382    
7.6483     11.2235   
11.2745    16.0430   

# Frame382

# x        y
14.9220    9.9431    
1.0050     23.6800   
11.4358    13.4605   
4.2968     2.5385    
7.6479     11.2238   
11.2745    16.0430   

# Frame383

# x        y
14.9220    9.9431    
1.0050     23.6800   
11.4358    13.4605   
4.2965     2.5387    
7.6474     11.2241   
11.2745    16.0430   

# Frame384

# x        y
14.9220    9.9431    
1.0050     23.6800   
11.4358    13.4605   
4.2963     2.5389    
7.6469     11.2244   
11.2745    16.0430   

# Frame385

# x        y
14.9220    9.9431    
1.0050     23.6800   
11.4358    13.4605   
4.2960     2.5391    
7.6465     11.2247   
11.2745    16.0430   

# Frame386

# x        y
14.9220    9.9431    
1.0050     23.6800   
11.4358    13.4605   
4.2958     2.5393    
7.6460     11.2249   
11.2745    16.0430   

# Frame387

# x        y
14.9220    9.9431    
1.0050     23.6800   
11.4358    13.4605   
4.2956     2.5395    
7.6456     11.2252   
11.2745    16.0430   

# Frame388

# x        y
14.9220    9.9431    
1.0050     23.6800   
11.4358    13.4605   
4.2953     2.5398    
7.6452     11.2255   
11.2745    16.0430   

# Frame389

# x        y
14.9220    9.9431    
1.0050     23.6800   
11.4358    13.4605   
4.2951     2.5400    
7.6447     11.2257   
11.2745    16.0430   

# Frame390

# x        y
14.9220    9.9431    
1.0050     23.6800   
11.4358    13.4605   
4.2949     2.5402    
7.6443     11.2260   
11.2745    16.0430   

# Frame391

# x        y
14.9220    9.9431    
1.0050     23.6800   
11.4358    13.4605   
4.2947     2.5404    
7.6439     11.2262   
11.2745    16.0430   

# Frame392

# x        y
14.9220    9.9431    
1.0050     23.6800   
11.4358    13.4605   
4.2945     2.5406    
7.6435     11.2265   
11.2745    16.0430   

# Frame393

# x        y
14.9220    9.9431    
1.0050     23.6800   
11.4358    13.4605   
4.2942     2.5407    
7.6431     11.2267   
11.2745    16.0430   

# Frame394

# x        y
14.9220    9.9431    
1.0050     23.6800   
11.4358    13.4605   
4.2940     2.5409    
7.6427     11.2270   
11.2745    16.0430   

# Frame395

# x        y
14.9220    9.9431    
1.0050     23.6800   
11.4358    13.4605   
4.2938     2.5411    
7.6423     11.2272   
11.2745    16.0430   

# Frame396

# x        y
14.9220    9.9431    
1.0050     23.6800   
11.4358    13.4605   
4.2936     2.5413    
7.6420     11.2274   
11.2745    16.0430   

# Frame397

# x        y
14.9220    9.9431    
1.0050     23.6800   
11.4358    13.4605   
4.2934     2.5415    
7.6416     11.2276   
11.2745    16.0430   

# Frame398

# x        y
14.9220    9.9431    
1.0050     23.6800   
11.4358    13.4605   
4.2932     2.5417    
7.6412     11.2279   
11.2745    16.0430   

# Frame399

# x        y
14.9220    9.9431    
1.0050     23.6800   
11.4358    13.4605   
4.2931     2.5418    
7.6409     11.2281   
11.2745    16.0430   

# Frame400

# x        y
14.9220    9.9431    
1.0050     23.6800   
11.4358    13.4605   
4.2929     2.5420    
7.6405     11.2283   
11.2745    16.0430   

# Frame401

# x        y
14.9220    9.9431    
1.0050     23.6800   
11.4358    13.4605   
4.2927     2.5422    
7.6402     11.2285   
11.2745    16.0430   

# Frame402

# x        y
14.9220    9.9431    
1.0050     23.6800   
11.4358    13.4605   
4.2925     2.5423    
7.6398     11.2287   
11.2745    16.0430   

# Frame403

# x        y
14.9220    9.9431    
1.0050     23.6800   
11.4358    13.4605   
4.2923     2.5425    
7.6395     11.2289   
11.2745    16.0430   

# Frame404

# x        y
14.9220    9.9431    
1.0050     23.6800   
11.4358    13.4605   
4.2922     2.5426    
7.6392     11.2291   
11.2745    16.0430   

# Frame405

# x        y
14.9220    9.9431    
1.0050     23.6800   
11.4358    13.4605   
4.2920     2.5428    
7.6389     11.2293   
11.2745    16.0430   

# Frame406

# x        y
14.9220    9.9431    
1.0050     23.6800   
11.4358    13.4605   
4.2918     2.5430    
7.6385     11.2295   
11.2745    16.0430   

# Frame407

# x        y
14.9220    9.9431    
1.0050     23.6800   
11.4358    13.4605   
4.2916     2.5431    
7.6382     11.2297   
11.2745    16.0430   

# Frame408

# x        y
14.9220    9.9431    
1.0050     23.6800   
11.4358    13.4605   
4.2915     2.5433    
7.6379     11.2299   
11.2745    16.0430   

# Frame409

# x        y
14.9220    9.9431    
1.0050     23.6800   
11.4358    13.4605   
4.2913     2.5434    
7.6376     11.2301   
11.2745    16.0430   

# Frame410

# x        y
14.9220    9.9431    
1.0050     23.6800   
11.4358    13.4605   
4.2912     2.5435    
7.6373     11.2302   
11.2745    16.0430   

# Frame411

# x        y
14.9220    9.9431    
1.0050     23.6800   
11.4358    13.4605   
4.2910     2.5437    
7.6370     11.2304   
11.2745    16.0430   

# Frame412

# x        y
14.9220    9.9431    
1.0050     23.6800   
11.4358    13.4605   
4.2909     2.5438    
7.6367     11.2306   
11.2745    16.0430   

# Frame413

# x        y
14.9220    9.9431    
1.0050     23.6800   
11.4358    13.4605   
4.2907     2.5440    
7.6365     11.2308   
11.2745    16.0430   

# Frame414

# x        y
14.9220    9.9431    
1.0050     23.6800   
11.4358    13.4605   
4.2906     2.5441    
7.6362     11.2309   
11.2745    16.0430   

# Frame415

# x        y
14.9220    9.9431    
1.0050     23.6800   
11.4358    13.4605   
4.2904     2.5442    
7.6359     11.2311   
11.2745    16.0430   

# Frame416

# x        y
14.9220    9.9431    
1.0050     23.6800   
11.4358    13.4605   
4.2903     2.5444    
7.6356     11.2313   
11.2745    16.0430   

# Frame417

# x        y
14.9220    9.9431    
1.0050     23.6800   
11.4358    13.4605   
4.2901     2.5445    
7.6354     11.2314   
11.2745    16.0430   

# Frame418

# x        y
14.9220    9.9431    
1.0050     23.6800   
11.4358    13.4605   
4.2900     2.5446    
7.6351     11.2316   
11.2745    16.0430   

# Frame419

# x        y
14.9220    9.9431    
1.0050     23.6800   
11.4358    13.4605   
4.2899     2.5447    
7.6349     11.2317   
11.2745    16.0430   

# Frame420

# x        y
14.9220    9.9431    
1.0050     23.6800   
11.4358    13.4605   
4.2897     2.5449    
7.6346     11.2319   
11.2745    16.0430   

# Frame421

# x        y
14.9220    9.9431    
1.0050     23.6800   
11.4358    13.4605   
4.2896     2.5450    
7.6344     11.2321   
11.2745    16.0430   

# Frame422

# x        y
14.9220    9.9431    
1.0050     23.6800   
11.4358    13.4605   
4.2895     2.5451    
7.6341     11.2322   
11.2745    16.0430   

# Frame423

# x        y
14.9220    9.9431    
1.0050     23.6800   
11.4358    13.4605   
4.2893     2.5452    
7.6339     11.2323   
11.2745    16.0430   

# Frame424

# x        y
14.9220    9.9431    
1.0050     23.6800   
11.4358    13.4605   
4.2892     2.5453    
7.6336     11.2325   
11.2745    16.0430   

# Frame425

# x        y
14.9220    9.9431    
1.0050     23.6800   
11.4358    13.4605   
4.2891     2.5454    
7.6334     11.2326   
11.2745    16.0430   

# Frame426

# x        y
14.9220    9.9431    
1.0050     23.6800   
11.4358    13.4605   
4.2890     2.5455    
7.6332     11.2328   
11.2745    16.0430   

# Frame427

# x        y
14.9220    9.9431    
1.0050     23.6800   
11.4358    13.4605   
4.2889     2.5456    
7.6330     11.2329   
11.2745    16.0430   

# Frame428

# x        y
14.9220    9.9431    
1.0050     23.6800   
11.4358    13.4605   
4.2887     2.5458    
7.6327     11.2330   
11.2745    16.0430   

# Frame429

# x        y
14.9220    9.9431    
1.0050     23.6800   
11.4358    13.4605   
4.2886     2.5459    
7.6325     11.2332   
11.2745    16.0430   

# Frame430

# x        y
14.9220    9.9431    
1.0050     23.6800   
11.4358    13.4605   
4.2885     2.5460    
7.6323     11.2333   
11.2745    16.0430   

# Frame431

# x        y
14.9220    9.9431    
1.0050     23.6800   
11.4358    13.4605   
4.2884     2.5461    
7.6321     11.2334   
11.2745    16.0430   

# Frame432

# x        y
14.9220    9.9431    
1.0050     23.6800   
11.4358    13.4605   
4.2883     2.5462    
7.6319     11.2336   
11.2745    16.0430   

# Frame433

# x        y
14.9220    9.9431    
1.0050     23.6800   
11.4358    13.4605   
4.2882     2.5463    
7.6317     11.2337   
11.2745    16.0430   

# Frame434

# x        y
14.9220    9.9431    
1.0050     23.6800   
11.4358    13.4605   
4.2881     2.5464    
7.6315     11.2338   
11.2745    16.0430   

# Frame435

# x        y
14.9220    9.9431    
1.0050     23.6800   
11.4358    13.4605   
4.2880     2.5464    
7.6313     11.2339   
11.2745    16.0430   

# Frame436

# x        y
14.9220    9.9431    
1.0050     23.6800   
11.4358    13.4605   
4.2879     2.5465    
7.6311     11.2340   
11.2745    16.0430   

# Frame437

# x        y
14.9220    9.9431    
1.0050     23.6800   
11.4358    13.4605   
4.2878     2.5466    
7.6309     11.2341   
11.2745    16.0430   

# Frame438

# x        y
14.9220    9.9431    
1.0050     23.6800   
11.4358    13.4605   
4.2877     2.5467    
7.6307     11.2343   
11.2745    16.0430   

# Frame439

# x        y
14.9220    9.9431    
1.0050     23.6800   
11.4358    13.4605   
4.2876     2.5468    
7.6305     11.2344   
11.2745    16.0430   

# Frame440

# x        y
14.9220    9.9431    
1.0050     23.6800   
11.4358    13.4605   
4.2875     2.5469    
7.6304     11.2345   
11.2745    16.0430   

# Frame441

# x        y
14.9220    9.9431    
1.0050     23.6800   
11.4358    13.4605   
4.2874     2.5470    
7.6302     11.2346   
11.2745    16.0430   

# Frame442

# x        y
14.9220    9.9431    
1.0050     23.6800   
11.4358    13.4605   
4.2873     2.5471    
7.6300     11.2347   
11.2745    16.0430   

# Frame443

# x        y
14.9220    9.9431    
1.0050     23.6800   
11.4358    13.4605   
4.2872     2.5471    
7.6298     11.2348   
11.2745    16.0430   

# Frame444

# x        y
14.9220    9.9431    
1.0050     23.6800   
11.4358    13.4605   
4.2871     2.5472    
7.6297     11.2349   
11.2745    16.0430   

# Frame445

# x        y
14.9220    9.9431    
1.0050     23.6800   
11.4358    13.4605   
4.2870     2.5473    
7.6295     11.2350   
11.2745    16.0430   

# Frame446

# x        y
14.9220    9.9431    
1.0050     23.6800   
11.4358    13.4605   
4.2869     2.5474    
7.6294     11.2351   
11.2745    16.0430   

# Frame447

# x        y
14.9220    9.9431    
1.0050     23.6800   
11.4358    13.4605   
4.2869     2.5475    
7.6292     11.2352   
11.2745    16.0430   

# Frame448

# x        y
14.9220    9.9431    
1.0050     23.6800   
11.4358    13.4605   
4.2868     2.5475    
7.6290     11.2353   
11.2745    16.0430   

# Frame449

# x        y
14.9220    9.9431    
1.0050     23.6800   
11.4358    13.4605   
4.2867     2.5476    
7.6289     11.2354   
11.2745    16.0430   

# Frame450

# x        y
14.9220    9.9431    
1.0050     23.6800   
11.4358    13.4605   
4.2866     2.5477    
7.6287     11.2355   
11.2745    16.0430   

# Frame451

# x        y
14.9220    9.9431    
1.0050     23.6800   
11.4358    13.4605   
4.2865     2.5478    
7.6286     11.2356   
11.2745    16.0430   

# Frame452

# x        y
14.9220    9.9431    
1.0050     23.6800   
11.4358    13.4605   
4.2865     2.5478    
7.6284     11.2357   
11.2745    16.0430   

# Frame453

# x        y
14.9220    9.9431    
1.0050     23.6800   
11.4358    13.4605   
4.2864     2.5479    
7.6283     11.2357   
11.2745    16.0430   

# Frame454

# x        y
14.9220    9.9431    
1.0050     23.6800   
11.4358    13.4605   
4.2863     2.5480    
7.6281     11.2358   
11.2745    16.0430   

# Frame455

# x        y
14.9220    9.9431    
1.0050     23.6800   
11.4358    13.4605   
4.2863     2.5480    
7.6280     11.2359   
11.2745    16.0430   

# Frame456

# x        y
14.9220    9.9431    
1.0050     23.6800   
11.4358    13.4605   
4.2863     2.5480    
7.6279     11.2360   
11.2745    16.0430   

# Frame457

# x        y
14.9220    9.9431    
1.0050     23.6800   
11.4358    13.4605   
4.2863     2.5480    
7.6277     11.2361   
11.2745    16.0430   

# Frame458

# x        y
14.9220    9.9431    
1.0050     23.6800   
11.4358    13.4605   
4.2863     2.5480    
7.6276     11.2362   
11.2745    16.0430   

# Frame459

# x        y
14.9220    9.9431    
1.0050     23.6800   
11.4358    13.4605   
4.2863     2.5480    
7.6275     11.2362   
11.2745    16.0430   

# Frame460

# x        y
14.9220    9.9431    
1.0050     23.6800   
11.4358    13.4605   
4.2863     2.5480    
7.6273     11.2363   
11.2745    16.0430   

# Frame461

# x        y
14.9220    9.9431    
1.0050     23.6800   
11.4358    13.4605   
4.2863     2.5480    
7.6272     11.2364   
11.2745    16.0430   

# Frame462

# x        y
14.9220    9.9431    
1.0050     23.6800   
11.4358    13.4605   
4.2863     2.5480    
7.6271     11.2365   
11.2745    16.0430   

# Frame463

# x        y
14.9220    9.9431    
1.0050     23.6800   
11.4358    13.4605   
4.2863     2.5480    
7.6270     11.2366   
11.2745    16.0430   

# Frame464

# x        y
14.9220    9.9431    
1.0050     23.6800   
11.4358    13.4605   
4.2863     2.5480    
7.6269     11.2366   
11.2745    16.0430   

# Frame465

# x        y
14.9220    9.9431    
1.0050     23.6800   
11.4358    13.4605   
4.2863     2.5480    
7.6267     11.2367   
11.2745    16.0430   

# Frame466

# x        y
14.9220    9.9431    
1.0050     23.6800   
11.4358    13.4605   
4.2863     2.5480    
7.6266     11.2368   
11.2745    16.0430   

# Frame467

# x        y
14.9220    9.9431    
1.0050     23.6800   
11.4358    13.4605   
4.2863     2.5480    
7.6265     11.2368   
11.2745    16.0430   

# Frame468

# x        y
14.9220    9.9431    
1.0050     23.6800   
11.4358    13.4605   
4.2863     2.5480    
7.6264     11.2369   
11.2745    16.0430   

# Frame469

# x        y
14.9220    9.9431    
1.0050     23.6800   
11.4358    13.4605   
4.2863     2.5480    
7.6263     11.2370   
11.2745    16.0430   

# Frame470

# x        y
14.9220    9.9431    
1.0050     23.6800   
11.4358    13.4605   
4.2863     2.5480    
7.6262     11.2370   
11.2745    16.0430   

# Frame471

# x        y
14.9220    9.9431    
1.0050     23.6800   
11.4358    13.4605   
4.2863     2.5480    
7.6261     11.2371   
11.2745    16.0430   

# Frame472

# x        y
14.9220    9.9431    
1.0050     23.6800   
11.4358    13.4605   
4.2863     2.5480    
7.6260     11.2372   
11.2745    16.0430   

# Frame473

# x        y
14.9220    9.9431    
1.0050     23.6800   
11.4358    13.4605   
4.2863     2.5480    
7.6259     11.2372   
11.2745    16.0430   

# Frame474

# x        y
14.9220    9.9431    
1.0050     23.6800   
11.4358    13.4605   
4.2863     2.5480    
7.6258     11.2373   
11.2745    16.0430   

# Frame475

# x        y
14.9220    9.9431    
1.0050     23.6800   
11.4358    13.4605   
4.2863     2.5480    
7.6257     11.2374   
11.2745    16.0430   

# Frame476

# x        y
14.9220    9.9431    
1.0050     23.6800   
11.4358    13.4605   
4.2863     2.5480    
7.6256     11.2374   
11.2745    16.0430   

# Frame477

# x        y
14.9220    9.9431    
1.0050     23.6800   
11.4358    13.4605   
4.2863     2.5480    
7.6255     11.2375   
11.2745    16.0430   

# Frame478

# x        y
14.9220    9.9431    
1.0050     23.6800   
11.4358    13.4605   
4.2863     2.5480    
7.6254     11.2375   
11.2745    16.0430   

# Frame479

# x        y
14.9220    9.9431    
1.0050     23.6800   
11.4358    13.4605   
4.2863     2.5480    
7.6253     11.2376   
11.2745    16.0430   

# Frame480

# x        y
14.9220    9.9431    
1.0050     23.6800   
11.4358    13.4605   
4.2863     2.5480    
7.6252     11.2376   
11.2745    16.0430   

# Frame481

# x        y
14.9220    9.9431    
1.0050     23.6800   
11.4358    13.4605   
4.2863     2.5480    
7.6251     11.2377   
11.2745    16.0430   

# Frame482

# x        y
14.9220    9.9431    
1.0050     23.6800   
11.4358    13.4605   
4.2863     2.5480    
7.6250     11.2378   
11.2745    16.0430   

# Frame483

# x        y
14.9220    9.9431    
1.0050     23.6800   
11.4358    13.4605   
4.2863     2.5480    
7.6249     11.2378   
11.2745    16.0430   

# Frame484

