# x        y
2.1796     32.3326   
4.4426     22.0085   
10.7467    17.9610   
6.8675     13.6771   
9.0530     19.0147   
4.1999     34.1167   

# Frame1

# x        y
1.2901     33.1856   
4.4426     22.0085   
10.7467    17.9610   
6.8675     13.6771   
9.0530     19.0147   
4.1999     34.1167   

# Frame2

# x        y
2.1535     33.8120   
4.4426     22.0085   
10.7467    17.9610   
6.8675     13.6771   
9.0530     19.0147   
4.1999     34.1167   

# Frame3

# x        y
2.3965     34.1826   
4.4426     22.0085   
10.7467    17.9610   
6.8675     13.6771   
9.0530     19.0147   
4.8058     34.3620   

# Frame4

# x        y
2.5813     34.5237   
4.4426     22.0085   
10.7467    17.9610   
6.8675     13.6771   
9.0529     19.0147   
5.4559     34.6266   

# Frame5

# x        y
2.7629     34.8591   
4.4426     22.0085   
10.7468    17.9610   
6.8675     13.6771   
9.0529     19.0147   
6.0952     34.8867   

# Frame6

# x        y
2.9415     35.1889   
4.4426     22.0085   
10.7468    17.9610   
6.8675     13.6771   
9.0529     19.0147   
6.7238     35.1426   

# Frame7

# x        y
3.1172     35.5132   
4.4426     22.0085   
10.7468    17.9610   
6.8675     13.6771   
9.0529     19.0147   
7.3419     35.3941   

# Frame8

# x        y
3.2899     35.8321   
4.4426     22.0085   
10.7468    17.9610   
6.8675     13.6771   
9.0529     19.0148   
7.9498     35.6415   

# Frame9

# x        y
3.4597     36.1457   
4.4426     22.0085   
10.7468    17.9610   
6.8675     13.6771   
9.0529     19.0148   
8.5475     35.8847   

# Frame10

# x        y
3.6267     36.4541   
4.4426     22.0085   
10.7468    17.9609   
6.8675     13.6771   
9.0529     19.0148   
9.1353     36.1239   

# Frame11

# x        y
3.7910     36.7573   
4.4426     22.0085   
10.7468    17.9609   
6.8675     13.6771   
9.0529     19.0148   
9.7132     36.3591   

# Frame12

# x        y
3.9524     37.0555   
4.4426     22.0085   
10.7468    17.9609   
6.8675     13.6771   
9.0529     19.0148   
10.2816    36.5904   

# Frame13

# x        y
4.1112     37.3487   
4.4426     22.0085   
10.7468    17.9609   
6.8675     13.6771   
9.0529     19.0148   
10.8404    36.8178   

# Frame14

# x        y
4.2674     37.6370   
4.4426     22.0085   
10.7468    17.9609   
6.8675     13.6771   
9.0529     19.0148   
11.3900    37.0415   

# Frame15

# x        y
4.4209     37.9205   
4.4426     22.0085   
10.7468    17.9609   
6.8675     13.6771   
9.0529     19.0148   
11.9303    37.2614   

# Frame16

# x        y
4.5719     38.1993   
4.4426     22.0085   
10.7468    17.9609   
6.8675     13.6771   
9.0529     19.0148   
12.4617    37.4776   

# Frame17

# x        y
4.7204     38.4734   
4.4426     22.0085   
10.7468    17.9609   
6.8675     13.6771   
9.0529     19.0148   
12.9842    37.6903   

# Frame18

# x        y
4.8664     38.7430   
4.4426     22.0085   
10.7468    17.9609   
6.8675     13.6771   
9.0529     19.0148   
13.4980    37.8994   

# Frame19

# x        y
5.0099     38.9936   
4.4426     22.0085   
10.7468    17.9609   
6.8675     13.6771   
9.0529     19.0148   
14.0033    38.1050   

# Frame20

# x        y
5.1477     38.8633   
4.4426     22.0085   
10.7468    17.9609   
6.8675     13.6771   
9.0529     19.0148   
14.5001    38.3072   

# Frame21

# x        y
5.2832     38.7351   
4.4426     22.0085   
10.7468    17.9609   
6.8675     13.6771   
9.0529     19.0148   
14.9887    38.5060   

# Frame22

# x        y
5.4165     38.6091   
4.4426     22.0085   
10.7468    17.9609   
6.8675     13.6771   
9.0529     19.0148   
15.4691    38.7015   

# Frame23

# x        y
5.5475     38.4852   
4.4426     22.0085   
10.7468    17.9609   
6.8675     13.6771   
9.0529     19.0148   
15.9415    38.8937   

# Frame24

# x        y
5.6763     38.3633   
4.4426     22.0085   
10.7468    17.9609   
6.8675     13.6771   
9.0529     19.0148   
16.3173    38.9567   

# Frame25

# x        y
5.8030     38.2435   
4.4426     22.0085   
10.7468    17.9609   
6.8675     13.6771   
9.0529     19.0148   
16.5622    38.8638   

# Frame26

# x        y
5.9276     38.1257   
4.4426     22.0085   
10.7468    17.9609   
6.8675     13.6771   
9.0529     19.0148   
16.8030    38.7724   

# Frame27

# x        y
6.0501     38.0098   
4.4426     22.0085   
10.7468    17.9609   
6.8675     13.6771   
9.0529     19.0148   
17.0398    38.6825   

# Frame28

# x        y
6.1706     37.8959   
4.4426     22.0085   
10.7468    17.9609   
6.8675     13.6771   
9.0529     19.0148   
17.2726    38.5942   

# Frame29

# x        y
6.2891     37.7838   
4.4426     22.0085   
10.7468    17.9609   
6.8675     13.6771   
9.0529     19.0148   
17.5016    38.5073   

# Frame30

# x        y
6.4056     37.6737   
4.4426     22.0085   
10.7468    17.9609   
6.8675     13.6771   
9.0529     19.0148   
17.7267    38.4218   

# Frame31

# x        y
6.5201     37.5653   
4.4426     22.0085   
10.7468    17.9609   
6.8675     13.6771   
9.0529     19.0148   
17.9481    38.3378   

# Frame32

# x        y
6.6328     37.4588   
4.4426     22.0085   
10.7468    17.9609   
6.8675     13.6771   
9.0529     19.0148   
18.1658    38.2551   

# Frame33

# x        y
6.7435     37.3541   
4.4426     22.0085   
10.7468    17.9609   
6.8675     13.6771   
9.0529     19.0148   
18.3799    38.1739   

# Frame34

# x        y
6.8524     37.2511   
4.4426     22.0085   
10.7468    17.9609   
6.8675     13.6771   
9.0529     19.0148   
18.5904    38.0940   

# Frame35

# x        y
6.9595     37.1498   
4.4426     22.0085   
10.7468    17.9609   
6.8675     13.6771   
9.0529     19.0148   
18.7974    38.0154   

# Frame36

# x        y
7.0648     37.0502   
4.4426     22.0085   
10.7468    17.9609   
6.8675     13.6771   
9.0529     19.0148   
19.0009    37.9382   

# Frame37

# x        y
7.1684     36.9522   
4.4426     22.0085   
10.7468    17.9609   
6.8675     13.6771   
9.0529     19.0148   
18.9008    37.8340   

# Frame38

# x        y
7.2702     36.8559   
4.4426     22.0085   
10.7468    17.9609   
6.8675     13.6771   
9.0529     19.0148   
18.8024    37.7316   

# Frame39

# x        y
7.3704     36.7612   
4.4426     22.0085   
10.7468    17.9609   
6.8675     13.6771   
9.0529     19.0148   
18.7057    37.6310   

# Frame40

# x        y
7.4688     36.6681   
4.4426     22.0085   
10.7468    17.9609   
6.8675     13.6771   
9.0529     19.0148   
18.6105    37.5319   

# Frame41

# x        y
7.5657     36.5765   
4.4426     22.0085   
10.7468    17.9609   
6.8675     13.6771   
9.0529     19.0148   
18.5169    37.4346   

# Frame42

# x        y
7.6609     36.4865   
4.4426     22.0085   
10.7468    17.9609   
6.8675     13.6771   
9.0529     19.0148   
18.4249    37.3388   

# Frame43

# x        y
7.7545     36.3979   
4.4426     22.0085   
10.7468    17.9609   
6.8675     13.6771   
9.0529     19.0148   
18.3345    37.2447   

# Frame44

# x        y
7.8466     36.3109   
4.4426     22.0085   
10.7468    17.9609   
6.8675     13.6771   
9.0529     19.0148   
18.2455    37.1521   

# Frame45

# x        y
7.9371     36.2253   
4.4426     22.0085   
10.7468    17.9609   
6.8675     13.6771   
9.0529     19.0148   
18.1580    37.0611   

# Frame46

# x        y
8.0261     36.1411   
4.4426     22.0085   
10.7468    17.9609   
6.8675     13.6771   
9.0529     19.0148   
18.0720    36.9716   

# Frame47

# x        y
8.1136     36.0583   
4.4426     22.0085   
10.7468    17.9609   
6.8675     13.6771   
9.0529     19.0148   
17.9874    36.8836   

# Frame48

# x        y
8.1997     35.9769   
4.4426     22.0085   
10.7468    17.9609   
6.8675     13.6771   
9.0529     19.0148   
17.9042    36.7970   

# Frame49

# x        y
8.2844     35.8968   
4.4426     22.0085   
10.7468    17.9609   
6.8675     13.6771   
9.0529     19.0148   
17.8224    36.7119   

# Frame50

# x        y
8.3676     35.8181   
4.4426     22.0085   
10.7468    17.9609   
6.8675     13.6771   
9.0529     19.0148   
17.7420    36.6282   

# Frame51

# x        y
8.4495     35.7407   
4.4426     22.0085   
10.7468    17.9609   
6.8675     13.6771   
9.0529     19.0148   
17.6629    36.5459   

# Frame52

# x        y
8.5299     35.6646   
4.4426     22.0085   
10.7468    17.9609   
6.8675     13.6771   
9.0529     19.0148   
17.5851    36.4650   

# Frame53

# x        y
8.6091     35.5897   
4.4426     22.0085   
10.7468    17.9609   
6.8675     13.6771   
9.0529     19.0148   
17.5086    36.3854   

# Frame54

# x        y
8.6869     35.5161   
4.4426     22.0085   
10.7468    17.9609   
6.8675     13.6771   
9.0529     19.0148   
17.4334    36.3072   

# Frame55

# x        y
8.7634     35.4438   
4.4426     22.0085   
10.7468    17.9609   
6.8675     13.6771   
9.0529     19.0148   
17.3595    36.2302   

# Frame56

# x        y
8.8387     35.3726   
4.4426     22.0085   
10.7468    17.9609   
6.8675     13.6771   
9.0529     19.0148   
17.2868    36.1545   

# Frame57

# x        y
8.9127     35.3026   
4.4426     22.0085   
10.7468    17.9609   
6.8675     13.6771   
9.0529     19.0148   
17.2152    36.0801   

# Frame58

# x        y
8.9854     35.2338   
4.4426     22.0085   
10.7468    17.9609   
6.8675     13.6771   
9.0529     19.0148   
17.1449    36.0070   

# Frame59

# x        y
9.0570     35.1661   
4.4426     22.0085   
10.7468    17.9609   
6.8675     13.6771   
9.0529     19.0148   
17.0758    35.9350   

# Frame60

# x        y
9.1273     35.0996   
4.4426     22.0085   
10.7468    17.9609   
6.8675     13.6771   
9.0529     19.0148   
17.0078    35.8643   

# Frame61

# x        y
9.1965     35.0342   
4.4426     22.0085   
10.7468    17.9609   
6.8675     13.6771   
9.0529     19.0148   
16.9409    35.7947   

# Frame62

# x        y
9.2645     34.9698   
4.4426     22.0085   
10.7468    17.9609   
6.8675     13.6771   
9.0529     19.0148   
16.8752    35.7263   

# Frame63

# x        y
9.3314     34.9066   
4.4426     22.0085   
10.7468    17.9609   
6.8675     13.6771   
9.0529     19.0148   
16.8106    35.6591   

# Frame64

# x        y
9.3972     34.8444   
4.4426     22.0085   
10.7468    17.9609   
6.8675     13.6771   
9.0529     19.0148   
16.7470    35.5929   

# Frame65

# x        y
9.4619     34.7832   
4.4426     22.0085   
10.7468    17.9609   
6.8675     13.6771   
9.0529     19.0148   
16.6845    35.5279   

# Frame66

# x        y
9.5255     34.7230   
4.4426     22.0085   
10.7468    17.9609   
6.8675     13.6771   
9.0529     19.0148   
16.6230    35.4639   

# Frame67

# x        y
9.5881     34.6639   
4.4426     22.0085   
10.7468    17.9609   
6.8675     13.6771   
9.0529     19.0148   
16.5626    35.4010   

# Frame68

# x        y
9.6496     34.6057   
4.4426     22.0085   
10.7468    17.9609   
6.8675     13.6771   
9.0529     19.0148   
16.5031    35.3392   

# Frame69

# x        y
9.7101     34.5485   
4.4426     22.0085   
10.7468    17.9609   
6.8675     13.6771   
9.0529     19.0148   
16.4447    35.2784   

# Frame70

# x        y
9.7695     34.4923   
4.4426     22.0085   
10.7468    17.9609   
6.8675     13.6771   
9.0529     19.0148   
16.3872    35.2186   

# Frame71

# x        y
9.8280     34.4369   
4.4426     22.0085   
10.7468    17.9609   
6.8675     13.6771   
9.0529     19.0148   
16.3307    35.1598   

# Frame72

# x        y
9.8855     34.3826   
4.4426     22.0085   
10.7468    17.9609   
6.8675     13.6771   
9.0529     19.0148   
16.2751    35.1019   

# Frame73

# x        y
9.9421     34.3291   
4.4426     22.0085   
10.7468    17.9609   
6.8675     13.6771   
9.0529     19.0148   
16.2205    35.0451   

# Frame74

# x        y
9.9977     34.2765   
4.4426     22.0085   
10.7468    17.9609   
6.8675     13.6771   
9.0529     19.0148   
16.1667    34.9892   

# Frame75

# x        y
10.0523    34.2248   
4.4426     22.0085   
10.7468    17.9609   
6.8675     13.6771   
9.0529     19.0148   
16.1139    34.9342   

# Frame76

# x        y
10.1061    34.1739   
4.4426     22.0085   
10.7468    17.9609   
6.8675     13.6771   
9.0529     19.0148   
16.0619    34.8801   

# Frame77

# x        y
10.1590    34.1239   
4.4426     22.0085   
10.7468    17.9609   
6.8675     13.6771   
9.0529     19.0148   
16.0109    34.8270   

# Frame78

# x        y
10.2110    34.0748   
4.4426     22.0085   
10.7468    17.9609   
6.8675     13.6771   
9.0529     19.0148   
15.9606    34.7747   

# Frame79

# x        y
10.2621    34.0264   
4.4426     22.0085   
10.7468    17.9609   
6.8675     13.6771   
9.0529     19.0148   
15.9112    34.7233   

# Frame80

# x        y
10.3124    33.9789   
4.4426     22.0085   
10.7468    17.9609   
6.8675     13.6771   
9.0529     19.0148   
15.8626    34.6727   

# Frame81

# x        y
10.3618    33.9321   
4.4426     22.0085   
10.7468    17.9609   
6.8675     13.6771   
9.0529     19.0148   
15.8149    34.6230   

# Frame82

# x        y
10.4104    33.8861   
4.4426     22.0085   
10.7468    17.9609   
6.8675     13.6771   
9.0529     19.0148   
15.7679    34.5741   

# Frame83

# x        y
10.4582    33.8409   
4.4426     22.0085   
10.7468    17.9609   
6.8675     13.6771   
9.0529     19.0148   
15.7217    34.5261   

# Frame84

# x        y
10.5052    33.7965   
4.4426     22.0085   
10.7468    17.9609   
6.8675     13.6771   
9.0529     19.0148   
15.6763    34.4788   

# Frame85

# x        y
10.5514    33.7528   
4.4426     22.0085   
10.7468    17.9609   
6.8675     13.6771   
9.0529     19.0148   
15.6316    34.4323   

# Frame86

# x        y
10.5969    33.7098   
4.4426     22.0085   
10.7468    17.9609   
6.8675     13.6771   
9.0529     19.0148   
15.5877    34.3866   

# Frame87

# x        y
10.6416    33.6675   
4.4426     22.0085   
10.7468    17.9609   
6.8675     13.6771   
9.0529     19.0148   
15.5445    34.3417   

# Frame88

# x        y
10.6855    33.6260   
4.4426     22.0085   
10.7468    17.9609   
6.8675     13.6771   
9.0529     19.0148   
15.5020    34.2975   

# Frame89

# x        y
10.7287    33.5851   
4.4426     22.0085   
10.7468    17.9609   
6.8675     13.6771   
9.0529     19.0148   
15.4603    34.2541   

# Frame90

# x        y
10.7712    33.5449   
4.4426     22.0085   
10.7468    17.9609   
6.8675     13.6771   
9.0529     19.0148   
15.4192    34.2113   

# Frame91

# x        y
10.8130    33.5054   
4.4426     22.0085   
10.7468    17.9609   
6.8675     13.6771   
9.0529     19.0148   
15.3788    34.1693   

# Frame92

# x        y
10.8541    33.4665   
4.4426     22.0085   
10.7468    17.9609   
6.8675     13.6771   
9.0529     19.0148   
15.3391    34.1280   

# Frame93

# x        y
10.8945    33.4283   
4.4426     22.0085   
10.7468    17.9609   
6.8675     13.6771   
9.0529     19.0148   
15.3001    34.0874   

# Frame94

# x        y
10.9342    33.3907   
4.4426     22.0085   
10.7468    17.9609   
6.8675     13.6771   
9.0529     19.0148   
15.2617    34.0474   

# Frame95

# x        y
10.9733    33.3538   
4.4426     22.0085   
10.7468    17.9609   
6.8675     13.6771   
9.0529     19.0148   
15.2239    34.0081   

# Frame96

# x        y
11.0117    33.3175   
4.4426     22.0085   
10.7468    17.9609   
6.8675     13.6771   
9.0529     19.0148   
15.1868    33.9695   

# Frame97

# x        y
11.0495    33.2817   
4.4426     22.0085   
10.7468    17.9609   
6.8675     13.6771   
9.0529     19.0148   
15.1503    33.9315   

# Frame98

# x        y
11.0866    33.2466   
4.4426     22.0085   
10.7468    17.9609   
6.8675     13.6771   
9.0529     19.0148   
15.1144    33.8942   

# Frame99

# x        y
11.1232    33.2120   
4.4426     22.0085   
10.7468    17.9609   
6.8675     13.6771   
9.0529     19.0148   
15.0791    33.8574   

# Frame100

# x        y
11.1591    33.1781   
4.4426     22.0085   
10.7468    17.9609   
6.8675     13.6771   
9.0529     19.0148   
15.0444    33.8213   

# Frame101

# x        y
11.1944    33.1447   
4.4426     22.0085   
10.7468    17.9609   
6.8675     13.6771   
9.0529     19.0148   
15.0102    33.7858   

# Frame102

# x        y
11.2291    33.1118   
4.4426     22.0085   
10.7468    17.9609   
6.8675     13.6771   
9.0529     19.0148   
14.9767    33.7509   

# Frame103

# x        y
11.2633    33.0795   
4.4426     22.0085   
10.7468    17.9609   
6.8675     13.6771   
9.0529     19.0148   
14.9437    33.7165   

# Frame104

# x        y
11.2969    33.0478   
4.4426     22.0085   
10.7468    17.9609   
6.8675     13.6771   
9.0529     19.0148   
14.9112    33.6828   

# Frame105

# x        y
11.3299    33.0165   
4.4426     22.0085   
10.7468    17.9609   
6.8675     13.6771   
9.0529     19.0148   
14.8793    33.6496   

# Frame106

# x        y
11.3624    32.9858   
4.4426     22.0085   
10.7468    17.9609   
6.8675     13.6771   
9.0529     19.0148   
14.8479    33.6169   

# Frame107

# x        y
11.3943    32.9556   
4.4426     22.0085   
10.7468    17.9609   
6.8675     13.6771   
9.0529     19.0148   
14.8171    33.5848   

# Frame108

# x        y
11.4257    32.9259   
4.4426     22.0085   
10.7468    17.9609   
6.8675     13.6771   
9.0529     19.0148   
14.7867    33.5532   

# Frame109

# x        y
11.4566    32.8967   
4.4426     22.0085   
10.7468    17.9609   
6.8675     13.6771   
9.0529     19.0148   
14.7569    33.5222   

# Frame110

# x        y
11.4870    32.8680   
4.4426     22.0085   
10.7468    17.9609   
6.8675     13.6771   
9.0529     19.0148   
14.7275    33.4916   

# Frame111

# x        y
11.5168    32.8398   
4.4426     22.0085   
10.7468    17.9609   
6.8675     13.6771   
9.0529     19.0148   
14.6987    33.4616   

# Frame112

# x        y
11.5462    32.8120   
4.4426     22.0085   
10.7468    17.9609   
6.8675     13.6771   
9.0529     19.0148   
14.6703    33.4321   

# Frame113

# x        y
11.5750    32.7847   
4.4426     22.0085   
10.7468    17.9609   
6.8675     13.6771   
9.0529     19.0148   
14.6424    33.4031   

# Frame114

# x        y
11.6034    32.7579   
4.4426     22.0085   
10.7468    17.9609   
6.8675     13.6771   
9.0529     19.0148   
14.6150    33.3745   

# Frame115

# x        y
11.6313    32.7314   
4.4426     22.0085   
10.7468    17.9609   
6.8675     13.6771   
9.0529     19.0148   
14.5880    33.3465   

# Frame116

# x        y
11.6588    32.7055   
4.4426     22.0085   
10.7468    17.9609   
6.8675     13.6771   
9.0529     19.0148   
14.5615    33.3188   

# Frame117

# x        y
11.6858    32.6800   
4.4426     22.0085   
10.7468    17.9609   
6.8675     13.6771   
9.0529     19.0148   
14.5354    33.2917   

# Frame118

# x        y
11.7123    32.6549   
4.4426     22.0085   
10.7468    17.9609   
6.8675     13.6771   
9.0529     19.0148   
14.5097    33.2650   

# Frame119

# x        y
11.7384    32.6302   
4.4426     22.0085   
10.7468    17.9609   
6.8675     13.6771   
9.0529     19.0148   
14.4845    33.2388   

# Frame120

# x        y
11.7641    32.6059   
4.4426     22.0085   
10.7468    17.9609   
6.8675     13.6771   
9.0529     19.0148   
14.4597    33.2130   

# Frame121

# x        y
11.7893    32.5820   
4.4426     22.0085   
10.7468    17.9609   
6.8675     13.6771   
9.0529     19.0148   
14.4353    33.1876   

# Frame122

# x        y
11.8142    32.5586   
4.4426     22.0085   
10.7468    17.9609   
6.8675     13.6771   
9.0529     19.0148   
14.4114    33.1626   

# Frame123

# x        y
11.8386    32.5355   
4.4426     22.0085   
10.7468    17.9609   
6.8675     13.6771   
9.0529     19.0148   
14.3878    33.1381   

# Frame124

# x        y
11.8626    32.5128   
4.4426     22.0085   
10.7468    17.9609   
6.8675     13.6771   
9.0529     19.0148   
14.3646    33.1140   

# Frame125

# x        y
11.8862    32.4905   
4.4426     22.0085   
10.7468    17.9609   
6.8675     13.6771   
9.0529     19.0148   
14.3418    33.0902   

# Frame126

# x        y
11.9094    32.4685   
4.4426     22.0085   
10.7468    17.9609   
6.8675     13.6771   
9.0529     19.0148   
14.3194    33.0669   

# Frame127

# x        y
11.9322    32.4469   
4.4426     22.0085   
10.7468    17.9609   
6.8675     13.6771   
9.0529     19.0148   
14.2973    33.0440   

# Frame128

# x        y
11.9546    32.4257   
4.4426     22.0085   
10.7468    17.9609   
6.8675     13.6771   
9.0529     19.0148   
14.2756    33.0214   

# Frame129

# x        y
11.9767    32.4049   
4.4426     22.0085   
10.7468    17.9609   
6.8675     13.6771   
9.0529     19.0148   
14.2543    32.9992   

# Frame130

# x        y
11.9984    32.3843   
4.4426     22.0085   
10.7468    17.9609   
6.8675     13.6771   
9.0529     19.0148   
14.2333    32.9774   

# Frame131

# x        y
12.0197    32.3642   
4.4426     22.0085   
10.7468    17.9609   
6.8675     13.6771   
9.0529     19.0148   
14.2127    32.9560   

# Frame132

# x        y
12.0407    32.3443   
4.4426     22.0085   
10.7468    17.9609   
6.8675     13.6771   
9.0529     19.0148   
14.1924    32.9349   

# Frame133

# x        y
12.0613    32.3248   
4.4426     22.0085   
10.7468    17.9609   
6.8675     13.6771   
9.0529     19.0148   
14.1725    32.9141   

# Frame134

# x        y
12.0816    32.3056   
4.4426     22.0085   
10.7468    17.9609   
6.8675     13.6771   
9.0529     19.0148   
14.1529    32.8937   

# Frame135

# x        y
12.1015    32.2868   
4.4426     22.0085   
10.7468    17.9609   
6.8675     13.6771   
9.0529     19.0148   
14.1336    32.8737   

# Frame136

# x        y
12.1212    32.2682   
4.4426     22.0085   
10.7468    17.9609   
6.8675     13.6771   
9.0529     19.0148   
14.1147    32.8539   

# Frame137

# x        y
12.1404    32.2500   
4.4426     22.0085   
10.7468    17.9609   
6.8675     13.6771   
9.0529     19.0148   
14.0960    32.8345   

# Frame138

# x        y
12.1594    32.2320   
4.4426     22.0085   
10.7468    17.9609   
6.8675     13.6771   
9.0529     19.0148   
14.0777    32.8155   

# Frame139

# x        y
12.1625    32.2099   
4.4426     22.0085   
10.7468    17.9609   
6.8675     13.6771   
9.0529     19.0148   
14.0752    32.8012   

# Frame140

# x        y
12.1557    32.1856   
4.4426     22.0085   
10.7468    17.9609   
6.8675     13.6771   
9.0529     19.0148   
14.0827    32.7898   

# Frame141

# x        y
12.1490    32.1616   
4.4426     22.0085   
10.7468    17.9609   
6.8675     13.6771   
9.0529     19.0148   
14.0900    32.7786   

# Frame142

# x        y
12.1424    32.1380   
4.4426     22.0085   
10.7468    17.9609   
6.8675     13.6771   
9.0529     19.0148   
14.0971    32.7675   

# Frame143

# x        y
12.1360    32.1149   
4.4426     22.0085   
10.7468    17.9609   
6.8675     13.6771   
9.0529     19.0148   
14.1042    32.7567   

# Frame144

# x        y
12.1296    32.0921   
4.4426     22.0085   
10.7468    17.9609   
6.8675     13.6771   
9.0529     19.0148   
14.1111    32.7460   

# Frame145

# x        y
12.1234    32.0697   
4.4426     22.0085   
10.7468    17.9609   
6.8675     13.6771   
9.0529     19.0148   
14.1179    32.7355   

# Frame146

# x        y
12.1172    32.0476   
4.4426     22.0085   
10.7468    17.9609   
6.8675     13.6771   
9.0529     19.0148   
14.1246    32.7252   

# Frame147

# x        y
12.1112    32.0260   
4.4426     22.0085   
10.7468    17.9609   
6.8675     13.6771   
9.0529     19.0148   
14.1312    32.7151   

# Frame148

# x        y
12.1052    32.0046   
4.4426     22.0085   
10.7468    17.9609   
6.8675     13.6771   
9.0529     19.0148   
14.1377    32.7051   

# Frame149

# x        y
12.0994    31.9837   
4.4426     22.0085   
10.7468    17.9609   
6.8675     13.6771   
9.0529     19.0148   
14.1441    32.6953   

# Frame150

# x        y
12.0936    31.9631   
4.4426     22.0085   
10.7468    17.9609   
6.8675     13.6771   
9.0529     19.0148   
14.1504    32.6856   

# Frame151

# x        y
12.0880    31.9428   
4.4426     22.0085   
10.7468    17.9609   
6.8675     13.6771   
9.0529     19.0148   
14.1565    32.6762   

# Frame152

# x        y
12.0824    31.9229   
4.4426     22.0085   
10.7468    17.9609   
6.8675     13.6771   
9.0529     19.0148   
14.1626    32.6668   

# Frame153

# x        y
12.0770    31.9033   
4.4426     22.0085   
10.7468    17.9609   
6.8675     13.6771   
9.0529     19.0148   
14.1685    32.6577   

# Frame154

# x        y
12.0716    31.8841   
4.4426     22.0085   
10.7468    17.9609   
6.8675     13.6771   
9.0529     19.0148   
14.1744    32.6486   

# Frame155

# x        y
12.0663    31.8651   
4.4426     22.0085   
10.7468    17.9609   
6.8675     13.6771   
9.0529     19.0148   
14.1802    32.6398   

# Frame156

# x        y
12.0611    31.8465   
4.4426     22.0085   
10.7468    17.9609   
6.8675     13.6771   
9.0529     19.0148   
14.1858    32.6311   

# Frame157

# x        y
12.0560    31.8282   
4.4426     22.0085   
10.7468    17.9609   
6.8675     13.6771   
9.0529     19.0148   
14.1914    32.6225   

# Frame158

# x        y
12.0510    31.8102   
4.4426     22.0085   
10.7468    17.9609   
6.8675     13.6771   
9.0529     19.0148   
14.1969    32.6140   

# Frame159

# x        y
12.0460    31.7924   
4.4426     22.0085   
10.7468    17.9609   
6.8675     13.6771   
9.0529     19.0148   
14.2023    32.6058   

# Frame160

# x        y
12.0412    31.7750   
4.4426     22.0085   
10.7468    17.9609   
6.8675     13.6771   
9.0529     19.0148   
14.2076    32.5976   

# Frame161

# x        y
12.0364    31.7579   
4.4426     22.0085   
10.7468    17.9609   
6.8675     13.6771   
9.0529     19.0148   
14.2128    32.5896   

# Frame162

# x        y
12.0317    31.7411   
4.4426     22.0085   
10.7468    17.9609   
6.8675     13.6771   
9.0529     19.0148   
14.2179    32.5817   

# Frame163

# x        y
12.0271    31.7245   
4.4426     22.0085   
10.7468    17.9609   
6.8675     13.6771   
9.0529     19.0148   
14.2230    32.5740   

# Frame164

# x        y
12.0225    31.7082   
4.4426     22.0085   
10.7468    17.9609   
6.8675     13.6771   
9.0529     19.0148   
14.2279    32.5663   

# Frame165

# x        y
12.0181    31.6922   
4.4426     22.0085   
10.7468    17.9609   
6.8675     13.6771   
9.0529     19.0148   
14.2328    32.5588   

# Frame166

# x        y
12.0137    31.6765   
4.4426     22.0085   
10.7468    17.9609   
6.8675     13.6771   
9.0529     19.0148   
14.2376    32.5515   

# Frame167

# x        y
12.0094    31.6610   
4.4426     22.0085   
10.7468    17.9609   
6.8675     13.6771   
9.0529     19.0148   
14.2423    32.5442   

# Frame168

# x        y
12.0051    31.6458   
4.4426     22.0085   
10.7468    17.9609   
6.8675     13.6771   
9.0529     19.0148   
14.2469    32.5371   

# Frame169

# x        y
12.0009    31.6308   
4.4426     22.0085   
10.7468    17.9609   
6.8675     13.6771   
9.0529     19.0148   
14.2515    32.5301   

# Frame170

# x        y
11.9968    31.6161   
4.4426     22.0085   
10.7468    17.9609   
6.8675     13.6771   
9.0529     19.0148   
14.2560    32.5232   

# Frame171

# x        y
11.9928    31.6016   
4.4426     22.0085   
10.7468    17.9609   
6.8675     13.6771   
9.0529     19.0148   
14.2604    32.5164   

# Frame172

# x        y
11.9888    31.5874   
4.4426     22.0085   
10.7468    17.9609   
6.8675     13.6771   
9.0529     19.0148   
14.2647    32.5098   

# Frame173

# x        y
11.9849    31.5734   
4.4426     22.0085   
10.7468    17.9609   
6.8675     13.6771   
9.0529     19.0148   
14.2690    32.5032   

# Frame174

# x        y
11.9811    31.5596   
4.4426     22.0085   
10.7468    17.9609   
6.8675     13.6771   
9.0529     19.0148   
14.2731    32.4968   

# Frame175

# x        y
11.9773    31.5461   
4.4426     22.0085   
10.7468    17.9609   
6.8675     13.6771   
9.0529     19.0148   
14.2773    32.4904   

# Frame176

# x        y
11.9736    31.5328   
4.4426     22.0085   
10.7468    17.9609   
6.8675     13.6771   
9.0529     19.0148   
14.2813    32.4842   

# Frame177

# x        y
11.9699    31.5197   
4.4426     22.0085   
10.7468    17.9609   
6.8675     13.6771   
9.0529     19.0148   
14.2853    32.4781   

# Frame178

# x        y
11.9663    31.5068   
4.4426     22.0085   
10.7468    17.9609   
6.8675     13.6771   
9.0529     19.0148   
14.2892    32.4720   

# Frame179

# x        y
11.9628    31.4941   
4.4426     22.0085   
10.7468    17.9609   
6.8675     13.6771   
9.0529     19.0148   
14.2931    32.4661   

# Frame180

# x        y
11.9593    31.4817   
4.4426     22.0085   
10.7468    17.9609   
6.8675     13.6771   
9.0529     19.0148   
14.2968    32.4603   

# Frame181

# x        y
11.9559    31.4695   
4.4426     22.0085   
10.7468    17.9609   
6.8675     13.6771   
9.0529     19.0148   
14.3006    32.4546   

# Frame182

# x        y
11.9526    31.4574   
4.4426     22.0085   
10.7468    17.9609   
6.8675     13.6771   
9.0529     19.0148   
14.3042    32.4489   

# Frame183

# x        y
11.9493    31.4456   
4.4426     22.0085   
10.7468    17.9609   
6.8675     13.6771   
9.0529     19.0148   
14.3078    32.4434   

# Frame184

# x        y
11.9460    31.4340   
4.4426     22.0085   
10.7468    17.9609   
6.8675     13.6771   
9.0529     19.0148   
14.3114    32.4379   

# Frame185

# x        y
11.9428    31.4225   
4.4426     22.0085   
10.7468    17.9609   
6.8675     13.6771   
9.0529     19.0148   
14.3149    32.4326   

# Frame186

# x        y
11.9397    31.4113   
4.4426     22.0085   
10.7468    17.9609   
6.8675     13.6771   
9.0529     19.0148   
14.3183    32.4273   

# Frame187

# x        y
11.9366    31.4002   
4.4426     22.0085   
10.7468    17.9609   
6.8675     13.6771   
9.0529     19.0148   
14.3216    32.4221   

# Frame188

# x        y
11.9336    31.3893   
4.4426     22.0085   
10.7468    17.9609   
6.8675     13.6771   
9.0529     19.0148   
14.3250    32.4170   

# Frame189

# x        y
11.9306    31.3786   
4.4426     22.0085   
10.7468    17.9609   
6.8675     13.6771   
9.0529     19.0148   
14.3282    32.4120   

# Frame190

# x        y
11.9276    31.3681   
4.4426     22.0085   
10.7468    17.9609   
6.8675     13.6771   
9.0529     19.0148   
14.3314    32.4071   

# Frame191

# x        y
11.9248    31.3578   
4.4426     22.0085   
10.7468    17.9609   
6.8675     13.6771   
9.0529     19.0148   
14.3346    32.4023   

# Frame192

# x        y
11.9219    31.3476   
4.4426     22.0085   
10.7468    17.9609   
6.8675     13.6771   
9.0529     19.0148   
14.3377    32.3975   

# Frame193

# x        y
11.9191    31.3376   
4.4426     22.0085   
10.7468    17.9609   
6.8675     13.6771   
9.0529     19.0148   
14.3407    32.3928   

# Frame194

# x        y
11.9164    31.3278   
4.4426     22.0085   
10.7468    17.9609   
6.8675     13.6771   
9.0529     19.0148   
14.3437    32.3882   

# Frame195

# x        y
11.9137    31.3181   
4.4426     22.0085   
10.7468    17.9609   
6.8675     13.6771   
9.0529     19.0148   
14.3466    32.3837   

# Frame196

# x        y
11.9110    31.3086   
4.4426     22.0085   
10.7468    17.9609   
6.8675     13.6771   
9.0529     19.0148   
14.3495    32.3792   

# Frame197

# x        y
11.9084    31.2992   
4.4426     22.0085   
10.7468    17.9609   
6.8675     13.6771   
9.0529     19.0148   
14.3524    32.3749   

# Frame198

# x        y
11.9059    31.2900   
4.4426     22.0085   
10.7468    17.9609   
6.8675     13.6771   
9.0529     19.0148   
14.3552    32.3706   

# Frame199

# x        y
11.9033    31.2810   
4.4426     22.0085   
10.7468    17.9609   
6.8675     13.6771   
9.0529     19.0148   
14.3579    32.3663   

# Frame200

# x        y
11.9009    31.2721   
4.4426     22.0085   
10.7468    17.9609   
6.8675     13.6771   
9.0529     19.0148   
14.3606    32.3622   

# Frame201

# x        y
11.8984    31.2634   
4.4426     22.0085   
10.7468    17.9609   
6.8675     13.6771   
9.0529     19.0148   
14.3633    32.3581   

# Frame202

# x        y
11.8960    31.2548   
4.4426     22.0085   
10.7468    17.9609   
6.8675     13.6771   
9.0529     19.0148   
14.3659    32.3540   

# Frame203

# x        y
11.8937    31.2463   
4.4426     22.0085   
10.7468    17.9609   
6.8675     13.6771   
9.0529     19.0148   
14.3685    32.3501   

# Frame204

# x        y
11.8913    31.2380   
4.4426     22.0085   
10.7468    17.9609   
6.8675     13.6771   
9.0529     19.0148   
14.3710    32.3462   

# Frame205

# x        y
11.8891    31.2298   
4.4426     22.0085   
10.7468    17.9609   
6.8675     13.6771   
9.0529     19.0148   
14.3735    32.3424   

# Frame206

# x        y
11.8868    31.2218   
4.4426     22.0085   
10.7468    17.9609   
6.8675     13.6771   
9.0529     19.0148   
14.3759    32.3386   

# Frame207

# x        y
11.8846    31.2139   
4.4426     22.0085   
10.7468    17.9609   
6.8675     13.6771   
9.0529     19.0148   
14.3783    32.3349   

# Frame208

# x        y
11.8824    31.2061   
4.4426     22.0085   
10.7468    17.9609   
6.8675     13.6771   
9.0529     19.0148   
14.3807    32.3313   

# Frame209

# x        y
11.8803    31.1985   
4.4426     22.0085   
10.7468    17.9609   
6.8675     13.6771   
9.0529     19.0148   
14.3830    32.3277   

# Frame210

# x        y
11.8782    31.1910   
4.4426     22.0085   
10.7468    17.9609   
6.8675     13.6771   
9.0529     19.0148   
14.3853    32.3242   

# Frame211

# x        y
11.8762    31.1836   
4.4426     22.0085   
10.7468    17.9609   
6.8675     13.6771   
9.0529     19.0148   
14.3876    32.3207   

# Frame212

# x        y
11.8741    31.1763   
4.4426     22.0085   
10.7468    17.9609   
6.8675     13.6771   
9.0529     19.0148   
14.3898    32.3173   

# Frame213

# x        y
11.8721    31.1692   
4.4426     22.0085   
10.7468    17.9609   
6.8675     13.6771   
9.0529     19.0148   
14.3920    32.3140   

# Frame214

# x        y
11.8702    31.1621   
4.4426     22.0085   
10.7468    17.9609   
6.8675     13.6771   
9.0529     19.0148   
14.3941    32.3107   

# Frame215

# x        y
11.8682    31.1552   
4.4426     22.0085   
10.7468    17.9609   
6.8675     13.6771   
9.0529     19.0148   
14.3962    32.3074   

# Frame216

# x        y
11.8663    31.1484   
4.4426     22.0085   
10.7468    17.9609   
6.8675     13.6771   
9.0529     19.0148   
14.3983    32.3043   

# Frame217

# x        y
11.8645    31.1417   
4.4426     22.0085   
10.7468    17.9609   
6.8675     13.6771   
9.0529     19.0148   
14.4003    32.3011   

# Frame218

# x        y
11.8627    31.1352   
4.4426     22.0085   
10.7468    17.9609   
6.8675     13.6771   
9.0529     19.0148   
14.4023    32.2981   

# Frame219

# x        y
11.8608    31.1287   
4.4426     22.0085   
10.7468    17.9609   
6.8675     13.6771   
9.0529     19.0148   
14.4043    32.2950   

# Frame220

# x        y
11.8591    31.1224   
4.4426     22.0085   
10.7468    17.9609   
6.8675     13.6771   
9.0529     19.0148   
14.4062    32.2921   

# Frame221

# x        y
11.8573    31.1161   
4.4426     22.0085   
10.7468    17.9609   
6.8675     13.6771   
9.0529     19.0148   
14.4081    32.2891   

# Frame222

# x        y
11.8556    31.1100   
4.4426     22.0085   
10.7468    17.9609   
6.8675     13.6771   
9.0529     19.0148   
14.4100    32.2863   

# Frame223

# x        y
11.8539    31.1039   
4.4426     22.0085   
10.7468    17.9609   
6.8675     13.6771   
9.0529     19.0148   
14.4118    32.2834   

# Frame224

# x        y
11.8523    31.0980   
4.4426     22.0085   
10.7468    17.9609   
6.8675     13.6771   
9.0529     19.0148   
14.4136    32.2807   

# Frame225

# x        y
11.8506    31.0921   
4.4426     22.0085   
10.7468    17.9609   
6.8675     13.6771   
9.0529     19.0148   
14.4154    32.2779   

# Frame226

# x        y
11.8490    31.0864   
4.4426     22.0085   
10.7468    17.9609   
6.8675     13.6771   
9.0529     19.0148   
14.4171    32.2752   

# Frame227

# x        y
11.8475    31.0808   
4.4426     22.0085   
10.7468    17.9609   
6.8675     13.6771   
9.0529     19.0148   
14.4189    32.2726   

# Frame228

# x        y
11.8459    31.0752   
4.4426     22.0085   
10.7468    17.9609   
6.8675     13.6771   
9.0529     19.0148   
14.4205    32.2700   

# Frame229

# x        y
11.8444    31.0697   
4.4426     22.0085   
10.7468    17.9609   
6.8675     13.6771   
9.0529     19.0148   
14.4222    32.2674   

# Frame230

# x        y
11.8429    31.0644   
4.4426     22.0085   
10.7468    17.9609   
6.8675     13.6771   
9.0529     19.0148   
14.4238    32.2649   

# Frame231

# x        y
11.8414    31.0591   
4.4426     22.0085   
10.7468    17.9609   
6.8675     13.6771   
9.0529     19.0148   
14.4254    32.2624   

# Frame232

# x        y
11.8400    31.0539   
4.4426     22.0085   
10.7468    17.9609   
6.8675     13.6771   
9.0529     19.0148   
14.4270    32.2600   

# Frame233

# x        y
11.8385    31.0488   
4.4426     22.0085   
10.7468    17.9609   
6.8675     13.6771   
9.0529     19.0148   
14.4286    32.2576   

# Frame234

# x        y
11.8371    31.0438   
4.4426     22.0085   
10.7468    17.9609   
6.8675     13.6771   
9.0529     19.0148   
14.4301    32.2553   

# Frame235

# x        y
11.8358    31.0388   
4.4426     22.0085   
10.7468    17.9609   
6.8675     13.6771   
9.0529     19.0148   
14.4316    32.2530   

# Frame236

# x        y
11.8344    31.0340   
4.4426     22.0085   
10.7468    17.9609   
6.8675     13.6771   
9.0529     19.0148   
14.4331    32.2507   

# Frame237

# x        y
11.8331    31.0292   
4.4426     22.0085   
10.7468    17.9609   
6.8675     13.6771   
9.0529     19.0148   
14.4345    32.2484   

# Frame238

# x        y
11.8318    31.0245   
4.4426     22.0085   
10.7468    17.9609   
6.8675     13.6771   
9.0529     19.0148   
14.4360    32.2463   

# Frame239

# x        y
11.8305    31.0199   
4.4426     22.0085   
10.7468    17.9609   
6.8675     13.6771   
9.0529     19.0148   
14.4374    32.2441   

# Frame240

# x        y
11.8292    31.0154   
4.4426     22.0085   
10.7468    17.9609   
6.8675     13.6771   
9.0529     19.0148   
14.4388    32.2420   

# Frame241

# x        y
11.8280    31.0109   
4.4426     22.0085   
10.7468    17.9609   
6.8675     13.6771   
9.0529     19.0148   
14.4401    32.2399   

# Frame242

# x        y
11.8268    31.0065   
4.4426     22.0085   
10.7468    17.9609   
6.8675     13.6771   
9.0529     19.0148   
14.4414    32.2378   

# Frame243

# x        y
11.8255    31.0022   
4.4426     22.0085   
10.7468    17.9609   
6.8675     13.6771   
9.0529     19.0148   
14.4428    32.2358   

# Frame244

# x        y
11.8244    30.9979   
4.4426     22.0085   
10.7468    17.9609   
6.8675     13.6771   
9.0529     19.0148   
14.4441    32.2338   

# Frame245

# x        y
11.8232    30.9938   
4.4426     22.0085   
10.7468    17.9609   
6.8675     13.6771   
9.0529     19.0148   
14.4453    32.2319   

# Frame246

# x        y
11.8221    30.9897   
4.4426     22.0085   
10.7468    17.9609   
6.8675     13.6771   
9.0529     19.0148   
14.4466    32.2299   

# Frame247

# x        y
11.8209    30.9856   
4.4426     22.0085   
10.7468    17.9609   
6.8675     13.6771   
9.0529     19.0148   
14.4478    32.2280   

# Frame248

# x        y
11.8198    30.9817   
4.4426     22.0085   
10.7468    17.9609   
6.8675     13.6771   
9.0529     19.0148   
14.4490    32.2262   

# Frame249

# x        y
11.8187    30.9778   
4.4426     22.0085   
10.7468    17.9609   
6.8675     13.6771   
9.0529     19.0148   
14.4502    32.2244   

# Frame250

# x        y
11.8177    30.9739   
4.4426     22.0085   
10.7468    17.9609   
6.8675     13.6771   
9.0529     19.0148   
14.4514    32.2226   

# Frame251

# x        y
11.8166    30.9701   
4.4426     22.0085   
10.7468    17.9609   
6.8675     13.6771   
9.0529     19.0148   
14.4525    32.2208   

# Frame252

# x        y
11.8156    30.9664   
4.4426     22.0085   
10.7468    17.9609   
6.8675     13.6771   
9.0529     19.0148   
14.4536    32.2191   

# Frame253

# x        y
11.8146    30.9628   
4.4426     22.0085   
10.7468    17.9609   
6.8675     13.6771   
9.0529     19.0148   
14.4547    32.2174   

# Frame254

# x        y
11.8136    30.9592   
4.4426     22.0085   
10.7468    17.9609   
6.8675     13.6771   
9.0529     19.0148   
14.4558    32.2157   

# Frame255

# x        y
11.8126    30.9557   
4.4426     22.0085   
10.7468    17.9609   
6.8675     13.6771   
9.0529     19.0148   
14.4569    32.2140   

# Frame256

# x        y
11.8116    30.9522   
4.4426     22.0085   
10.7468    17.9609   
6.8675     13.6771   
9.0529     19.0148   
14.4580    32.2124   

# Frame257

# x        y
11.8106    30.9488   
4.4426     22.0085   
10.7468    17.9609   
6.8675     13.6771   
9.0529     19.0148   
14.4590    32.2108   

# Frame258

# x        y
11.8097    30.9454   
4.4426     22.0085   
10.7468    17.9609   
6.8675     13.6771   
9.0529     19.0148   
14.4600    32.2092   

# Frame259

# x        y
11.8088    30.9421   
4.4426     22.0085   
10.7468    17.9609   
6.8675     13.6771   
9.0529     19.0148   
14.4610    32.2077   

# Frame260

# x        y
11.8079    30.9389   
4.4426     22.0085   
10.7468    17.9609   
6.8675     13.6771   
9.0529     19.0148   
14.4620    32.2062   

# Frame261

# x        y
11.8070    30.9357   
4.4426     22.0085   
10.7468    17.9609   
6.8675     13.6771   
9.0529     19.0148   
14.4630    32.2047   

# Frame262

# x        y
11.8061    30.9326   
4.4426     22.0085   
10.7468    17.9609   
6.8675     13.6771   
9.0529     19.0148   
14.4639    32.2032   

# Frame263

# x        y
11.8053    30.9295   
4.4426     22.0085   
10.7468    17.9609   
6.8675     13.6771   
9.0529     19.0148   
14.4649    32.2018   

# Frame264

# x        y
11.8044    30.9265   
4.4426     22.0085   
10.7468    17.9609   
6.8675     13.6771   
9.0529     19.0148   
14.4658    32.2003   

# Frame265

# x        y
11.8036    30.9235   
4.4426     22.0085   
10.7468    17.9609   
6.8675     13.6771   
9.0529     19.0148   
14.4667    32.1989   

# Frame266

# x        y
11.8028    30.9205   
4.4426     22.0085   
10.7468    17.9609   
6.8675     13.6771   
9.0529     19.0148   
14.4676    32.1976   

# Frame267

# x        y
11.8020    30.9177   
4.4426     22.0085   
10.7468    17.9609   
6.8675     13.6771   
9.0529     19.0148   
14.4685    32.1962   

# Frame268

# x        y
11.8012    30.9148   
4.4426     22.0085   
10.7468    17.9609   
6.8675     13.6771   
9.0529     19.0148   
14.4693    32.1949   

# Frame269

# x        y
11.8004    30.9120   
4.4426     22.0085   
10.7468    17.9609   
6.8675     13.6771   
9.0529     19.0148   
14.4702    32.1936   

# Frame270

# x        y
11.7996    30.9093   
4.4426     22.0085   
10.7468    17.9609   
6.8675     13.6771   
9.0529     19.0148   
14.4710    32.1923   

# Frame271

# x        y
11.7989    30.9066   
4.4426     22.0085   
10.7468    17.9609   
6.8675     13.6771   
9.0529     19.0148   
14.4719    32.1910   

# Frame272

# x        y
11.7981    30.9039   
4.4426     22.0085   
10.7468    17.9609   
6.8675     13.6771   
9.0529     19.0148   
14.4727    32.1898   

# Frame273

# x        y
11.7974    30.9013   
4.4426     22.0085   
10.7468    17.9609   
6.8675     13.6771   
9.0529     19.0148   
14.4735    32.1886   

# Frame274

# x        y
11.7967    30.8988   
4.4426     22.0085   
10.7468    17.9609   
6.8675     13.6771   
9.0529     19.0148   
14.4742    32.1874   

# Frame275

# x        y
11.7960    30.8963   
4.4426     22.0085   
10.7468    17.9609   
6.8675     13.6771   
9.0529     19.0148   
14.4750    32.1862   

# Frame276

# x        y
11.7953    30.8938   
4.4426     22.0085   
10.7468    17.9609   
6.8675     13.6771   
9.0529     19.0148   
14.4758    32.1850   

# Frame277

# x        y
11.7946    30.8913   
4.4426     22.0085   
10.7468    17.9609   
6.8675     13.6771   
9.0529     19.0148   
14.4765    32.1839   

# Frame278

# x        y
11.7940    30.8889   
4.4426     22.0085   
10.7468    17.9609   
6.8675     13.6771   
9.0529     19.0148   
14.4772    32.1828   

# Frame279

# x        y
11.7933    30.8866   
4.4426     22.0085   
10.7468    17.9609   
6.8675     13.6771   
9.0529     19.0148   
14.4779    32.1817   

# Frame280

# x        y
11.7926    30.8843   
4.4426     22.0085   
10.7468    17.9609   
6.8675     13.6771   
9.0529     19.0148   
14.4786    32.1806   

# Frame281

# x        y
11.7920    30.8820   
4.4426     22.0085   
10.7468    17.9609   
6.8675     13.6771   
9.0529     19.0148   
14.4793    32.1795   

# Frame282

# x        y
11.7914    30.8797   
4.4426     22.0085   
10.7468    17.9609   
6.8675     13.6771   
9.0529     19.0148   
14.4800    32.1785   

# Frame283

# x        y
11.7908    30.8775   
4.4426     22.0085   
10.7468    17.9609   
6.8675     13.6771   
9.0529     19.0148   
14.4807    32.1775   

# Frame284

# x        y
11.7902    30.8754   
4.4426     22.0085   
10.7468    17.9609   
6.8675     13.6771   
9.0529     19.0148   
14.4813    32.1764   

# Frame285

# x        y
11.7896    30.8732   
4.4426     22.0085   
10.7468    17.9609   
6.8675     13.6771   
9.0529     19.0148   
14.4820    32.1754   

# Frame286

# x        y
11.7890    30.8711   
4.4426     22.0085   
10.7468    17.9609   
6.8675     13.6771   
9.0529     19.0148   
14.4826    32.1745   

# Frame287

# x        y
11.7884    30.8691   
4.4426     22.0085   
10.7468    17.9609   
6.8675     13.6771   
9.0529     19.0148   
14.4833    32.1735   

# Frame288

# x        y
11.7878    30.8671   
4.4426     22.0085   
10.7468    17.9609   
6.8675     13.6771   
9.0529     19.0148   
14.4839    32.1725   

# Frame289

# x        y
11.7873    30.8651   
4.4426     22.0085   
10.7468    17.9609   
6.8675     13.6771   
9.0529     19.0148   
14.4845    32.1716   

# Frame290

# x        y
11.7867    30.8631   
4.4426     22.0085   
10.7468    17.9609   
6.8675     13.6771   
9.0529     19.0148   
14.4851    32.1707   

# Frame291

# x        y
11.7862    30.8612   
4.4426     22.0085   
10.7468    17.9609   
6.8675     13.6771   
9.0529     19.0148   
14.4857    32.1698   

# Frame292

# x        y
11.7857    30.8593   
4.4426     22.0085   
10.7468    17.9609   
6.8675     13.6771   
9.0529     19.0148   
14.4862    32.1689   

# Frame293

# x        y
11.7852    30.8574   
4.4426     22.0085   
10.7468    17.9609   
6.8675     13.6771   
9.0529     19.0148   
14.4868    32.1680   

# Frame294

# x        y
11.7846    30.8556   
4.4426     22.0085   
10.7468    17.9609   
6.8675     13.6771   
9.0529     19.0148   
14.4874    32.1672   

# Frame295

# x        y
11.7841    30.8538   
4.4426     22.0085   
10.7468    17.9609   
6.8675     13.6771   
9.0529     19.0148   
14.4879    32.1663   

# Frame296

# x        y
11.7837    30.8520   
4.4426     22.0085   
10.7468    17.9609   
6.8675     13.6771   
9.0529     19.0148   
14.4885    32.1655   

# Frame297

# x        y
11.7832    30.8503   
4.4426     22.0085   
10.7468    17.9609   
6.8675     13.6771   
9.0529     19.0148   
14.4890    32.1647   

# Frame298

# x        y
11.7827    30.8486   
4.4426     22.0085   
10.7468    17.9609   
6.8675     13.6771   
9.0529     19.0148   
14.4895    32.1639   

# Frame299

# x        y
11.7822    30.8469   
4.4426     22.0085   
10.7468    17.9609   
6.8675     13.6771   
9.0529     19.0148   
14.4900    32.1631   

# Frame300

# x        y
11.7818    30.8452   
4.4426     22.0085   
10.7468    17.9609   
6.8675     13.6771   
9.0529     19.0148   
14.4905    32.1623   

# Frame301

# x        y
11.7813    30.8436   
4.4426     22.0085   
10.7468    17.9609   
6.8675     13.6771   
9.0529     19.0148   
14.4910    32.1616   

# Frame302

# x        y
11.7809    30.8420   
4.4426     22.0085   
10.7468    17.9609   
6.8675     13.6771   
9.0529     19.0148   
14.4915    32.1608   

# Frame303

# x        y
11.7804    30.8404   
4.4426     22.0085   
10.7468    17.9609   
6.8675     13.6771   
9.0529     19.0148   
14.4920    32.1601   

# Frame304

# x        y
11.7800    30.8389   
4.4426     22.0085   
10.7468    17.9609   
6.8675     13.6771   
9.0529     19.0148   
14.4925    32.1594   

# Frame305

# x        y
11.7796    30.8374   
4.4426     22.0085   
10.7468    17.9609   
6.8675     13.6771   
9.0529     19.0148   
14.4929    32.1586   

# Frame306

# x        y
11.7791    30.8359   
4.4426     22.0085   
10.7468    17.9609   
6.8675     13.6771   
9.0529     19.0148   
14.4934    32.1579   

# Frame307

# x        y
11.7787    30.8344   
4.4426     22.0085   
10.7468    17.9609   
6.8675     13.6771   
9.0529     19.0148   
14.4938    32.1573   

# Frame308

# x        y
11.7783    30.8329   
4.4426     22.0085   
10.7468    17.9609   
6.8675     13.6771   
9.0529     19.0148   
14.4943    32.1566   

# Frame309

# x        y
11.7779    30.8315   
4.4426     22.0085   
10.7468    17.9609   
6.8675     13.6771   
9.0529     19.0148   
14.4947    32.1559   

# Frame310

# x        y
11.7775    30.8301   
4.4426     22.0085   
10.7468    17.9609   
6.8675     13.6771   
9.0529     19.0148   
14.4951    32.1553   

# Frame311

# x        y
11.7772    30.8287   
4.4426     22.0085   
10.7468    17.9609   
6.8675     13.6771   
9.0529     19.0148   
14.4955    32.1546   

# Frame312

# x        y
11.7768    30.8274   
4.4426     22.0085   
10.7468    17.9609   
6.8675     13.6771   
9.0529     19.0148   
14.4960    32.1540   

# Frame313

# x        y
11.7764    30.8261   
4.4426     22.0085   
10.7468    17.9609   
6.8675     13.6771   
9.0529     19.0148   
14.4964    32.1534   

# Frame314

# x        y
11.7760    30.8247   
4.4426     22.0085   
10.7468    17.9609   
6.8675     13.6771   
9.0529     19.0148   
14.4968    32.1527   

# Frame315

# x        y
11.7757    30.8235   
4.4426     22.0085   
10.7468    17.9609   
6.8675     13.6771   
9.0529     19.0148   
14.4971    32.1521   

# Frame316

# x        y
11.7753    30.8222   
4.4426     22.0085   
10.7468    17.9609   
6.8675     13.6771   
9.0529     19.0148   
14.4975    32.1515   

# Frame317

# x        y
11.7750    30.8210   
4.4426     22.0085   
10.7468    17.9609   
6.8675     13.6771   
9.0529     19.0148   
14.4979    32.1510   

# Frame318

# x        y
11.7746    30.8197   
4.4426     22.0085   
10.7468    17.9609   
6.8675     13.6771   
9.0529     19.0148   
14.4983    32.1504   

# Frame319

# x        y
11.7743    30.8185   
4.4426     22.0085   
10.7468    17.9609   
6.8675     13.6771   
9.0529     19.0148   
14.4987    32.1498   

# Frame320

# x        y
11.7740    30.8173   
4.4426     22.0085   
10.7468    17.9609   
6.8675     13.6771   
9.0529     19.0148   
14.4990    32.1493   

# Frame321

# x        y
11.7737    30.8162   
4.4426     22.0085   
10.7468    17.9609   
6.8675     13.6771   
9.0529     19.0148   
14.4994    32.1487   

# Frame322

# x        y
11.7733    30.8150   
4.4426     22.0085   
10.7468    17.9609   
6.8675     13.6771   
9.0529     19.0148   
14.4997    32.1482   

# Frame323

# x        y
11.7730    30.8139   
4.4426     22.0085   
10.7468    17.9609   
6.8675     13.6771   
9.0529     19.0148   
14.5001    32.1477   

# Frame324

# x        y
11.7727    30.8128   
4.4426     22.0085   
10.7468    17.9609   
6.8675     13.6771   
9.0529     19.0148   
14.5004    32.1471   

# Frame325

# x        y
11.7724    30.8117   
4.4426     22.0085   
10.7468    17.9609   
6.8675     13.6771   
9.0529     19.0148   
14.5007    32.1466   

# Frame326

# x        y
11.7721    30.8106   
4.4426     22.0085   
10.7468    17.9609   
6.8675     13.6771   
9.0529     19.0148   
14.5010    32.1461   

# Frame327

# x        y
11.7718    30.8096   
4.4426     22.0085   
10.7468    17.9609   
6.8675     13.6771   
9.0529     19.0148   
14.5014    32.1456   

# Frame328

# x        y
11.7715    30.8086   
4.4426     22.0085   
10.7468    17.9609   
6.8675     13.6771   
9.0529     19.0148   
14.5017    32.1452   

# Frame329

# x        y
11.7712    30.8075   
4.4426     22.0085   
10.7468    17.9609   
6.8675     13.6771   
9.0529     19.0148   
14.5020    32.1447   

# Frame330

# x        y
11.7710    30.8065   
4.4426     22.0085   
10.7468    17.9609   
6.8675     13.6771   
9.0529     19.0148   
14.5023    32.1442   

# Frame331

# x        y
11.7707    30.8056   
4.4426     22.0085   
10.7468    17.9609   
6.8675     13.6771   
9.0529     19.0148   
14.5026    32.1438   

# Frame332

# x        y
11.7704    30.8046   
4.4426     22.0085   
10.7468    17.9609   
6.8675     13.6771   
9.0529     19.0148   
14.5029    32.1433   

# Frame333

# x        y
11.7702    30.8036   
4.4426     22.0085   
10.7468    17.9609   
6.8675     13.6771   
9.0529     19.0148   
14.5032    32.1429   

# Frame334

# x        y
11.7699    30.8027   
4.4426     22.0085   
10.7468    17.9609   
6.8675     13.6771   
9.0529     19.0148   
14.5035    32.1424   

# Frame335

# x        y
11.7696    30.8018   
4.4426     22.0085   
10.7468    17.9609   
6.8675     13.6771   
9.0529     19.0148   
14.5037    32.1420   

# Frame336

# x        y
11.7694    30.8009   
4.4426     22.0085   
10.7468    17.9609   
6.8675     13.6771   
9.0529     19.0148   
14.5040    32.1416   

# Frame337

# x        y
11.7691    30.8000   
4.4426     22.0085   
10.7468    17.9609   
6.8675     13.6771   
9.0529     19.0148   
14.5043    32.1411   

# Frame338

# x        y
11.7689    30.7991   
4.4426     22.0085   
10.7468    17.9609   
6.8675     13.6771   
9.0529     19.0148   
14.5046    32.1407   

# Frame339

# x        y
11.7686    30.7983   
4.4426     22.0085   
10.7468    17.9609   
6.8675     13.6771   
9.0529     19.0148   
14.5048    32.1403   

# Frame340

# x        y
11.7684    30.7974   
4.4426     22.0085   
10.7468    17.9609   
6.8675     13.6771   
9.0529     19.0148   
14.5051    32.1399   

# Frame341

# x        y
11.7682    30.7966   
4.4426     22.0085   
10.7468    17.9609   
6.8675     13.6771   
9.0529     19.0148   
14.5053    32.1395   

# Frame342

# x        y
11.7680    30.7958   
4.4426     22.0085   
10.7468    17.9609   
6.8675     13.6771   
9.0529     19.0148   
14.5056    32.1392   

# Frame343

# x        y
11.7677    30.7950   
4.4426     22.0085   
10.7468    17.9609   
6.8675     13.6771   
9.0529     19.0148   
14.5058    32.1388   

# Frame344

# x        y
11.7675    30.7942   
4.4426     22.0085   
10.7468    17.9609   
6.8675     13.6771   
9.0529     19.0148   
14.5061    32.1384   

# Frame345

# x        y
11.7673    30.7934   
4.4426     22.0085   
10.7468    17.9609   
6.8675     13.6771   
9.0529     19.0148   
14.5063    32.1381   

# Frame346

# x        y
11.7671    30.7926   
4.4426     22.0085   
10.7468    17.9609   
6.8675     13.6771   
9.0529     19.0148   
14.5065    32.1377   

# Frame347

# x        y
11.7669    30.7919   
4.4426     22.0085   
10.7468    17.9609   
6.8675     13.6771   
9.0529     19.0148   
14.5068    32.1373   

# Frame348

# x        y
11.7667    30.7911   
4.4426     22.0085   
10.7468    17.9609   
6.8675     13.6771   
9.0529     19.0148   
14.5070    32.1370   

# Frame349

# x        y
11.7665    30.7904   
4.4426     22.0085   
10.7468    17.9609   
6.8675     13.6771   
9.0529     19.0148   
14.5072    32.1367   

# Frame350

# x        y
11.7663    30.7897   
4.4426     22.0085   
10.7468    17.9609   
6.8675     13.6771   
9.0529     19.0148   
14.5074    32.1363   

# Frame351

# x        y
11.7661    30.7890   
4.4426     22.0085   
10.7468    17.9609   
6.8675     13.6771   
9.0529     19.0148   
14.5076    32.1360   

# Frame352

# x        y
11.7659    30.7883   
4.4426     22.0085   
10.7468    17.9609   
6.8675     13.6771   
9.0529     19.0148   
14.5078    32.1357   

# Frame353

# x        y
11.7657    30.7876   
4.4426     22.0085   
10.7468    17.9609   
6.8675     13.6771   
9.0529     19.0148   
14.5081    32.1354   

# Frame354

# x        y
11.7655    30.7870   
4.4426     22.0085   
10.7468    17.9609   
6.8675     13.6771   
9.0529     19.0148   
14.5083    32.1350   

# Frame355

# x        y
11.7653    30.7863   
4.4426     22.0085   
10.7468    17.9609   
6.8675     13.6771   
9.0529     19.0148   
14.5085    32.1347   

# Frame356

# x        y
11.7651    30.7857   
4.4426     22.0085   
10.7468    17.9609   
6.8675     13.6771   
9.0529     19.0148   
14.5087    32.1344   

# Frame357

# x        y
11.7650    30.7850   
4.4426     22.0085   
10.7468    17.9609   
6.8675     13.6771   
9.0529     19.0148   
14.5088    32.1341   

# Frame358

# x        y
11.7648    30.7844   
4.4426     22.0085   
10.7468    17.9609   
6.8675     13.6771   
9.0529     19.0148   
14.5090    32.1338   

# Frame359

# x        y
11.7646    30.7838   
4.4426     22.0085   
10.7468    17.9609   
6.8675     13.6771   
9.0529     19.0148   
14.5092    32.1336   

# Frame360

# x        y
11.7644    30.7832   
4.4426     22.0085   
10.7468    17.9609   
6.8675     13.6771   
9.0529     19.0148   
14.5094    32.1333   

# Frame361

# x        y
11.7643    30.7826   
4.4426     22.0085   
10.7468    17.9609   
6.8675     13.6771   
9.0529     19.0148   
14.5096    32.1330   

# Frame362

# x        y
11.7641    30.7820   
4.4426     22.0085   
10.7468    17.9609   
6.8675     13.6771   
9.0529     19.0148   
14.5098    32.1327   

# Frame363

# x        y
11.7640    30.7814   
4.4426     22.0085   
10.7468    17.9609   
6.8675     13.6771   
9.0529     19.0148   
14.5099    32.1325   

# Frame364

# x        y
11.7638    30.7809   
4.4426     22.0085   
10.7468    17.9609   
6.8675     13.6771   
9.0529     19.0148   
14.5101    32.1322   

# Frame365

# x        y
11.7636    30.7803   
4.4426     22.0085   
10.7468    17.9609   
6.8675     13.6771   
9.0529     19.0148   
14.5103    32.1319   

# Frame366

# x        y
11.7635    30.7798   
4.4426     22.0085   
10.7468    17.9609   
6.8675     13.6771   
9.0529     19.0148   
14.5104    32.1317   

# Frame367

# x        y
11.7633    30.7792   
4.4426     22.0085   
10.7468    17.9609   
6.8675     13.6771   
9.0529     19.0148   
14.5106    32.1314   

# Frame368

# x        y
11.7632    30.7787   
4.4426     22.0085   
10.7468    17.9609   
6.8675     13.6771   
9.0529     19.0148   
14.5108    32.1312   

# Frame369

# x        y
11.7630    30.7782   
4.4426     22.0085   
10.7468    17.9609   
6.8675     13.6771   
9.0529     19.0148   
14.5109    32.1309   

# Frame370

# x        y
11.7629    30.7777   
4.4426     22.0085   
10.7468    17.9609   
6.8675     13.6771   
9.0529     19.0148   
14.5111    32.1307   

# Frame371

# x        y
11.7628    30.7772   
4.4426     22.0085   
10.7468    17.9609   
6.8675     13.6771   
9.0529     19.0148   
14.5112    32.1305   

# Frame372

# x        y
11.7626    30.7767   
4.4426     22.0085   
10.7468    17.9609   
6.8675     13.6771   
9.0529     19.0148   
14.5114    32.1302   

# Frame373

# x        y
11.7625    30.7762   
4.4426     22.0085   
10.7468    17.9609   
6.8675     13.6771   
9.0529     19.0148   
14.5115    32.1300   

# Frame374

# x        y
11.7624    30.7757   
4.4426     22.0085   
10.7468    17.9609   
6.8675     13.6771   
9.0529     19.0148   
14.5117    32.1298   

# Frame375

# x        y
11.7622    30.7752   
4.4426     22.0085   
10.7468    17.9609   
6.8675     13.6771   
9.0529     19.0148   
14.5118    32.1295   

# Frame376

# x        y
11.7621    30.7748   
4.4426     22.0085   
10.7468    17.9609   
6.8675     13.6771   
9.0529     19.0148   
14.5120    32.1293   

# Frame377

# x        y
11.7620    30.7743   
4.4426     22.0085   
10.7468    17.9609   
6.8675     13.6771   
9.0529     19.0148   
14.5121    32.1291   

# Frame378

# x        y
11.7618    30.7739   
4.4426     22.0085   
10.7468    17.9609   
6.8675     13.6771   
9.0529     19.0148   
14.5122    32.1289   

# Frame379

# x        y
11.7617    30.7734   
4.4426     22.0085   
10.7468    17.9609   
6.8675     13.6771   
9.0529     19.0148   
14.5124    32.1287   

# Frame380

# x        y
11.7616    30.7730   
4.4426     22.0085   
10.7468    17.9609   
6.8675     13.6771   
9.0529     19.0148   
14.5125    32.1285   

# Frame381

# x        y
11.7615    30.7726   
4.4426     22.0085   
10.7468    17.9609   
6.8675     13.6771   
9.0529     19.0148   
14.5126    32.1283   

# Frame382

# x        y
11.7614    30.7722   
4.4426     22.0085   
10.7468    17.9609   
6.8675     13.6771   
9.0529     19.0148   
14.5128    32.1281   

# Frame383

# x        y
11.7613    30.7718   
4.4426     22.0085   
10.7468    17.9609   
6.8675     13.6771   
9.0529     19.0148   
14.5129    32.1279   

# Frame384

# x        y
11.7611    30.7713   
4.4426     22.0085   
10.7468    17.9609   
6.8675     13.6771   
9.0529     19.0148   
14.5130    32.1277   

# Frame385

# x        y
11.7610    30.7710   
4.4426     22.0085   
10.7468    17.9609   
6.8675     13.6771   
9.0529     19.0148   
14.5131    32.1275   

# Frame386

# x        y
11.7609    30.7706   
4.4426     22.0085   
10.7468    17.9609   
6.8675     13.6771   
9.0529     19.0148   
14.5132    32.1273   

# Frame387

# x        y
11.7608    30.7702   
4.4426     22.0085   
10.7468    17.9609   
6.8675     13.6771   
9.0529     19.0148   
14.5134    32.1272   

# Frame388

# x        y
11.7607    30.7698   
4.4426     22.0085   
10.7468    17.9609   
6.8675     13.6771   
9.0529     19.0148   
14.5135    32.1270   

# Frame389

# x        y
11.7606    30.7694   
4.4426     22.0085   
10.7468    17.9609   
6.8675     13.6771   
9.0529     19.0148   
14.5136    32.1268   

# Frame390

# x        y
11.7605    30.7691   
4.4426     22.0085   
10.7468    17.9609   
6.8675     13.6771   
9.0529     19.0148   
14.5137    32.1266   

# Frame391

# x        y
11.7604    30.7687   
4.4426     22.0085   
10.7468    17.9609   
6.8675     13.6771   
9.0529     19.0148   
14.5138    32.1265   

# Frame392

# x        y
11.7603    30.7684   
4.4426     22.0085   
10.7468    17.9609   
6.8675     13.6771   
9.0529     19.0148   
14.5139    32.1263   

# Frame393

# x        y
11.7602    30.7680   
4.4426     22.0085   
10.7468    17.9609   
6.8675     13.6771   
9.0529     19.0148   
14.5140    32.1262   

# Frame394

# x        y
11.7601    30.7677   
4.4426     22.0085   
10.7468    17.9609   
6.8675     13.6771   
9.0529     19.0148   
14.5141    32.1260   

# Frame395

# x        y
11.7600    30.7673   
4.4426     22.0085   
10.7468    17.9609   
6.8675     13.6771   
9.0529     19.0148   
14.5142    32.1258   

# Frame396

# x        y
11.7599    30.7670   
4.4426     22.0085   
10.7468    17.9609   
6.8675     13.6771   
9.0529     19.0148   
14.5143    32.1257   

# Frame397

# x        y
11.7598    30.7667   
4.4426     22.0085   
10.7468    17.9609   
6.8675     13.6771   
9.0529     19.0148   
14.5144    32.1255   

# Frame398

# x        y
11.7598    30.7664   
4.4426     22.0085   
10.7468    17.9609   
6.8675     13.6771   
9.0529     19.0148   
14.5145    32.1254   

# Frame399

# x        y
11.7597    30.7660   
4.4426     22.0085   
10.7468    17.9609   
6.8675     13.6771   
9.0529     19.0148   
14.5146    32.1252   

# Frame400

# x        y
11.7596    30.7657   
4.4426     22.0085   
10.7468    17.9609   
6.8675     13.6771   
9.0529     19.0148   
14.5147    32.1251   

# Frame401

# x        y
11.7595    30.7654   
4.4426     22.0085   
10.7468    17.9609   
6.8675     13.6771   
9.0529     19.0148   
14.5148    32.1250   

# Frame402

# x        y
11.7594    30.7651   
4.4426     22.0085   
10.7468    17.9609   
6.8675     13.6771   
9.0529     19.0148   
14.5149    32.1248   

# Frame403

# x        y
11.7593    30.7648   
4.4426     22.0085   
10.7468    17.9609   
6.8675     13.6771   
9.0529     19.0148   
14.5150    32.1247   

# Frame404

# x        y
11.7592    30.7645   
4.4426     22.0085   
10.7468    17.9609   
6.8675     13.6771   
9.0529     19.0148   
14.5151    32.1245   

# Frame405

# x        y
11.7592    30.7643   
4.4426     22.0085   
10.7468    17.9609   
6.8675     13.6771   
9.0529     19.0148   
14.5152    32.1244   

# Frame406

# x        y
11.7591    30.7640   
4.4426     22.0085   
10.7468    17.9609   
6.8675     13.6771   
9.0529     19.0148   
14.5152    32.1243   

# Frame407

# x        y
11.7590    30.7637   
4.4426     22.0085   
10.7468    17.9609   
6.8675     13.6771   
9.0529     19.0148   
14.5153    32.1241   

# Frame408

# x        y
11.7589    30.7634   
4.4426     22.0085   
10.7468    17.9609   
6.8675     13.6771   
9.0529     19.0148   
14.5154    32.1240   

# Frame409

# x        y
11.7589    30.7632   
4.4426     22.0085   
10.7468    17.9609   
6.8675     13.6771   
9.0529     19.0148   
14.5155    32.1239   

# Frame410

# x        y
11.7588    30.7629   
4.4426     22.0085   
10.7468    17.9609   
6.8675     13.6771   
9.0529     19.0148   
14.5156    32.1238   

# Frame411

# x        y
11.7587    30.7627   
4.4426     22.0085   
10.7468    17.9609   
6.8675     13.6771   
9.0529     19.0148   
14.5156    32.1237   

# Frame412

# x        y
11.7586    30.7624   
4.4426     22.0085   
10.7468    17.9609   
6.8675     13.6771   
9.0529     19.0148   
14.5157    32.1235   

# Frame413

# x        y
11.7586    30.7622   
4.4426     22.0085   
10.7468    17.9609   
6.8675     13.6771   
9.0529     19.0148   
14.5158    32.1234   

# Frame414

# x        y
11.7585    30.7619   
4.4426     22.0085   
10.7468    17.9609   
6.8675     13.6771   
9.0529     19.0148   
14.5159    32.1233   

# Frame415

# x        y
11.7584    30.7617   
4.4426     22.0085   
10.7468    17.9609   
6.8675     13.6771   
9.0529     19.0148   
14.5159    32.1232   

# Frame416

# x        y
11.7584    30.7614   
4.4426     22.0085   
10.7468    17.9609   
6.8675     13.6771   
9.0529     19.0148   
14.5160    32.1231   

# Frame417

# x        y
11.7583    30.7612   
4.4426     22.0085   
10.7468    17.9609   
6.8675     13.6771   
9.0529     19.0148   
14.5161    32.1230   

# Frame418

# x        y
11.7583    30.7610   
4.4426     22.0085   
10.7468    17.9609   
6.8675     13.6771   
9.0529     19.0148   
14.5162    32.1229   

# Frame419

# x        y
11.7582    30.7608   
4.4426     22.0085   
10.7468    17.9609   
6.8675     13.6771   
9.0529     19.0148   
14.5162    32.1228   

# Frame420

# x        y
11.7581    30.7605   
4.4426     22.0085   
10.7468    17.9609   
6.8675     13.6771   
9.0529     19.0148   
14.5163    32.1227   

# Frame421

# x        y
11.7581    30.7603   
4.4426     22.0085   
10.7468    17.9609   
6.8675     13.6771   
9.0529     19.0148   
14.5164    32.1226   

# Frame422

# x        y
11.7580    30.7601   
4.4426     22.0085   
10.7468    17.9609   
6.8675     13.6771   
9.0529     19.0148   
14.5164    32.1225   

# Frame423

# x        y
11.7579    30.7599   
4.4426     22.0085   
10.7468    17.9609   
6.8675     13.6771   
9.0529     19.0148   
14.5165    32.1224   

# Frame424

# x        y
11.7579    30.7597   
4.4426     22.0085   
10.7468    17.9609   
6.8675     13.6771   
9.0529     19.0148   
14.5166    32.1223   

# Frame425

# x        y
11.7578    30.7595   
4.4426     22.0085   
10.7468    17.9609   
6.8675     13.6771   
9.0529     19.0148   
14.5166    32.1222   

# Frame426

# x        y
11.7578    30.7593   
4.4426     22.0085   
10.7468    17.9609   
6.8675     13.6771   
9.0529     19.0148   
14.5167    32.1221   

# Frame427

# x        y
11.7577    30.7591   
4.4426     22.0085   
10.7468    17.9609   
6.8675     13.6771   
9.0529     19.0148   
14.5167    32.1220   

# Frame428

# x        y
11.7577    30.7589   
4.4426     22.0085   
10.7468    17.9609   
6.8675     13.6771   
9.0529     19.0148   
14.5168    32.1219   

# Frame429

# x        y
11.7576    30.7587   
4.4426     22.0085   
10.7468    17.9609   
6.8675     13.6771   
9.0529     19.0148   
14.5168    32.1218   

# Frame430

# x        y
11.7576    30.7585   
4.4426     22.0085   
10.7468    17.9609   
6.8675     13.6771   
9.0529     19.0148   
14.5169    32.1217   

# Frame431

# x        y
11.7575    30.7583   
4.4426     22.0085   
10.7468    17.9609   
6.8675     13.6771   
9.0529     19.0148   
14.5170    32.1216   

# Frame432

# x        y
11.7575    30.7582   
4.4426     22.0085   
10.7468    17.9609   
6.8675     13.6771   
9.0529     19.0148   
14.5170    32.1216   

# Frame433

# x        y
11.7574    30.7580   
4.4426     22.0085   
10.7468    17.9609   
6.8675     13.6771   
9.0529     19.0148   
14.5170    32.1216   

# Frame434

# x        y
11.7574    30.7578   
4.4426     22.0085   
10.7468    17.9609   
6.8675     13.6771   
9.0529     19.0148   
14.5170    32.1216   

# Frame435

# x        y
11.7573    30.7576   
4.4426     22.0085   
10.7468    17.9609   
6.8675     13.6771   
9.0529     19.0148   
14.5170    32.1216   

# Frame436

# x        y
11.7573    30.7575   
4.4426     22.0085   
10.7468    17.9609   
6.8675     13.6771   
9.0529     19.0148   
14.5170    32.1216   

# Frame437

# x        y
11.7572    30.7573   
4.4426     22.0085   
10.7468    17.9609   
6.8675     13.6771   
9.0529     19.0148   
14.5170    32.1216   

# Frame438

# x        y
11.7572    30.7571   
4.4426     22.0085   
10.7468    17.9609   
6.8675     13.6771   
9.0529     19.0148   
14.5170    32.1216   

# Frame439

# x        y
11.7571    30.7570   
4.4426     22.0085   
10.7468    17.9609   
6.8675     13.6771   
9.0529     19.0148   
14.5170    32.1216   

# Frame440

# x        y
11.7571    30.7568   
4.4426     22.0085   
10.7468    17.9609   
6.8675     13.6771   
9.0529     19.0148   
14.5170    32.1216   

# Frame441

# x        y
11.7571    30.7567   
4.4426     22.0085   
10.7468    17.9609   
6.8675     13.6771   
9.0529     19.0148   
14.5170    32.1216   

# Frame442

# x        y
11.7570    30.7565   
4.4426     22.0085   
10.7468    17.9609   
6.8675     13.6771   
9.0529     19.0148   
14.5170    32.1216   

# Frame443

# x        y
11.7570    30.7564   
4.4426     22.0085   
10.7468    17.9609   
6.8675     13.6771   
9.0529     19.0148   
14.5170    32.1216   

# Frame444

# x        y
11.7569    30.7562   
4.4426     22.0085   
10.7468    17.9609   
6.8675     13.6771   
9.0529     19.0148   
14.5170    32.1216   

# Frame445

# x        y
11.7569    30.7561   
4.4426     22.0085   
10.7468    17.9609   
6.8675     13.6771   
9.0529     19.0148   
14.5170    32.1216   

# Frame446

# x        y
11.7568    30.7559   
4.4426     22.0085   
10.7468    17.9609   
6.8675     13.6771   
9.0529     19.0148   
14.5170    32.1216   

# Frame447

# x        y
11.7568    30.7558   
4.4426     22.0085   
10.7468    17.9609   
6.8675     13.6771   
9.0529     19.0148   
14.5170    32.1216   

# Frame448

# x        y
11.7568    30.7557   
4.4426     22.0085   
10.7468    17.9609   
6.8675     13.6771   
9.0529     19.0148   
14.5170    32.1216   

# Frame449

# x        y
11.7567    30.7555   
4.4426     22.0085   
10.7468    17.9609   
6.8675     13.6771   
9.0529     19.0148   
14.5170    32.1216   

# Frame450

# x        y
11.7567    30.7554   
4.4426     22.0085   
10.7468    17.9609   
6.8675     13.6771   
9.0529     19.0148   
14.5170    32.1216   

# Frame451

# x        y
11.7567    30.7553   
4.4426     22.0085   
10.7468    17.9609   
6.8675     13.6771   
9.0529     19.0148   
14.5170    32.1216   

# Frame452

# x        y
11.7566    30.7551   
4.4426     22.0085   
10.7468    17.9609   
6.8675     13.6771   
9.0529     19.0148   
14.5170    32.1216   

# Frame453

# x        y
11.7566    30.7550   
4.4426     22.0085   
10.7468    17.9609   
6.8675     13.6771   
9.0529     19.0148   
14.5170    32.1216   

# Frame454

# x        y
11.7565    30.7549   
4.4426     22.0085   
10.7468    17.9609   
6.8675     13.6771   
9.0529     19.0148   
14.5170    32.1216   

# Frame455

# x        y
11.7565    30.7548   
4.4426     22.0085   
10.7468    17.9609   
6.8675     13.6771   
9.0529     19.0148   
14.5170    32.1216   

# Frame456

# x        y
11.7565    30.7546   
4.4426     22.0085   
10.7468    17.9609   
6.8675     13.6771   
9.0529     19.0148   
14.5170    32.1216   

# Frame457

# x        y
11.7564    30.7545   
4.4426     22.0085   
10.7468    17.9609   
6.8675     13.6771   
9.0529     19.0148   
14.5170    32.1216   

# Frame458

# x        y
11.7564    30.7544   
4.4426     22.0085   
10.7468    17.9609   
6.8675     13.6771   
9.0529     19.0148   
14.5170    32.1216   

# Frame459

# x        y
11.7564    30.7543   
4.4426     22.0085   
10.7468    17.9609   
6.8675     13.6771   
9.0529     19.0148   
14.5170    32.1216   

# Frame460

# x        y
11.7564    30.7542   
4.4426     22.0085   
10.7468    17.9609   
6.8675     13.6771   
9.0529     19.0148   
14.5170    32.1216   

# Frame461

# x        y
11.7563    30.7541   
4.4426     22.0085   
10.7468    17.9609   
6.8675     13.6771   
9.0529     19.0148   
14.5170    32.1216   

# Frame462

# x        y
11.7563    30.7540   
4.4426     22.0085   
10.7468    17.9609   
6.8675     13.6771   
9.0529     19.0148   
14.5170    32.1216   

# Frame463

# x        y
11.7563    30.7538   
4.4426     22.0085   
10.7468    17.9609   
6.8675     13.6771   
9.0529     19.0148   
14.5170    32.1216   

# Frame464

# x        y
11.7562    30.7537   
4.4426     22.0085   
10.7468    17.9609   
6.8675     13.6771   
9.0529     19.0148   
14.5170    32.1216   

# Frame465

# x        y
11.7562    30.7536   
4.4426     22.0085   
10.7468    17.9609   
6.8675     13.6771   
9.0529     19.0148   
14.5170    32.1216   

# Frame466

# x        y
11.7562    30.7535   
4.4426     22.0085   
10.7468    17.9609   
6.8675     13.6771   
9.0529     19.0148   
14.5170    32.1216   

# Frame467

# x        y
11.7561    30.7534   
4.4426     22.0085   
10.7468    17.9609   
6.8675     13.6771   
9.0529     19.0148   
14.5170    32.1216   

# Frame468

# x        y
11.7561    30.7533   
4.4426     22.0085   
10.7468    17.9609   
6.8675     13.6771   
9.0529     19.0148   
14.5170    32.1216   

# Frame469

