# x        y
3.7224     5.7836    
3.8932     20.0632   
15.0492    28.0446   
17.3555    37.4930   
13.2623    32.5349   
16.0441    38.9952   

# Frame1

# x        y
3.7224     5.7836    
5.8892     20.1898   
15.0492    28.0446   
17.3556    37.4929   
13.2623    32.5349   
16.0440    38.9952   

# Frame2

# x        y
3.7224     5.7836    
7.8519     20.3143   
15.0492    28.0446   
17.3556    37.4929   
13.2623    32.5349   
16.0440    38.9952   

# Frame3

# x        y
3.7224     5.7836    
9.7819     20.4367   
15.0492    28.0446   
17.3557    37.4928   
13.2623    32.5349   
16.0439    38.9952   

# Frame4

# x        y
3.7224     5.7836    
11.6797    20.5571   
15.0492    28.0446   
17.3557    37.4928   
13.2623    32.5349   
16.0439    38.9952   

# Frame5

# x        y
3.7224     5.7836    
13.5460    20.6755   
15.0492    28.0446   
17.3558    37.4927   
13.2623    32.5349   
16.0439    38.9952   

# Frame6

# x        y
3.7224     5.7836    
15.3811    20.7919   
15.0492    28.0446   
17.3558    37.4927   
13.2623    32.5349   
16.0439    38.9952   

# Frame7

# x        y
3.7224     5.7836    
17.1856    20.9064   
15.0492    28.0446   
17.3558    37.4927   
13.2623    32.5349   
16.0438    38.9952   

# Frame8

# x        y
3.7224     5.7836    
18.9600    21.0190   
15.0492    28.0446   
17.3558    37.4927   
13.2623    32.5349   
16.0438    38.9951   

# Frame9

# x        y
3.7224     5.7836    
18.1457    20.7043   
15.0492    28.0446   
17.3558    37.4926   
13.2623    32.5349   
16.0438    38.9951   

# Frame10

# x        y
3.7224     5.7836    
17.2878    20.3838   
15.0492    28.0446   
17.3559    37.4926   
13.2623    32.5349   
16.0438    38.9951   

# Frame11

# x        y
3.7224     5.7836    
16.4442    20.0686   
15.0492    28.0446   
17.3559    37.4926   
13.2623    32.5349   
16.0438    38.9951   

# Frame12

# x        y
3.7224     5.7836    
15.6146    19.7587   
15.0492    28.0446   
17.3559    37.4926   
13.2623    32.5349   
16.0437    38.9951   

# Frame13

# x        y
3.7224     5.7836    
14.7989    19.4539   
15.0492    28.0446   
17.3559    37.4926   
13.2623    32.5349   
16.0437    38.9951   

# Frame14

# x        y
3.7224     5.7836    
13.9968    19.1543   
15.0492    28.0446   
17.3559    37.4926   
13.2623    32.5349   
16.0437    38.9951   

# Frame15

# x        y
3.7224     5.7836    
13.2081    18.8596   
15.0492    28.0446   
17.3559    37.4925   
13.2623    32.5349   
16.0437    38.9951   

# Frame16

# x        y
3.7224     5.7836    
12.4325    18.5698   
15.0492    28.0446   
17.3559    37.4925   
13.2623    32.5349   
16.0437    38.9951   

# Frame17

# x        y
3.7224     5.7836    
11.6698    18.2849   
15.0492    28.0446   
17.3559    37.4925   
13.2623    32.5349   
16.0437    38.9951   

# Frame18

# x        y
3.7224     5.7836    
10.9198    18.0047   
15.0492    28.0446   
17.3559    37.4925   
13.2623    32.5349   
16.0437    38.9951   

# Frame19

# x        y
3.7224     5.7836    
10.1823    17.7292   
15.0492    28.0446   
17.3560    37.4925   
13.2623    32.5349   
16.0437    38.9950   

# Frame20

# x        y
3.7224     5.7836    
9.4572     17.4583   
15.0492    28.0446   
17.3560    37.4925   
13.2623    32.5349   
16.0437    38.9950   

# Frame21

# x        y
3.7224     5.7836    
8.7441     17.1919   
15.0492    28.0446   
17.3560    37.4925   
13.2623    32.5349   
16.0437    38.9950   

# Frame22

# x        y
3.7224     5.7836    
8.0429     16.9299   
15.0492    28.0446   
17.3560    37.4925   
13.2623    32.5349   
16.0437    38.9950   

# Frame23

# x        y
3.7224     5.7836    
7.3534     16.6723   
15.0492    28.0446   
17.3560    37.4925   
13.2623    32.5349   
16.0437    38.9950   

# Frame24

# x        y
3.7224     5.7836    
6.6753     16.4190   
15.0492    28.0446   
17.3560    37.4925   
13.2623    32.5349   
16.0437    38.9950   

# Frame25

# x        y
3.7224     5.7836    
6.0086     16.1699   
15.0492    28.0446   
17.3560    37.4925   
13.2623    32.5349   
16.0437    38.9950   

# Frame26

# x        y
3.7224     5.7836    
5.3530     15.9250   
15.0492    28.0446   
17.3560    37.4925   
13.2623    32.5349   
16.0436    38.9950   

# Frame27

# x        y
3.7224     5.7836    
4.7083     15.6841   
15.0492    28.0446   
17.3560    37.4925   
13.2623    32.5349   
16.0436    38.9950   

# Frame28

# x        y
3.7224     5.7836    
4.0744     15.4473   
15.0492    28.0446   
17.3560    37.4925   
13.2623    32.5349   
16.0436    38.9950   

# Frame29

# x        y
3.7224     5.7836    
3.4510     15.2144   
15.0492    28.0446   
17.3560    37.4925   
13.2623    32.5349   
16.0436    38.9950   

# Frame30

# x        y
3.7224     5.7836    
2.8380     14.9854   
15.0492    28.0446   
17.3560    37.4925   
13.2623    32.5349   
16.0436    38.9950   

# Frame31

# x        y
3.7224     5.7836    
2.2352     14.7602   
15.0492    28.0446   
17.3560    37.4925   
13.2623    32.5349   
16.0436    38.9950   

# Frame32

# x        y
3.7224     5.7836    
1.6425     14.5388   
15.0492    28.0446   
17.3560    37.4925   
13.2623    32.5349   
16.0436    38.9950   

# Frame33

# x        y
3.7224     5.7836    
1.0597     14.3210   
15.0492    28.0446   
17.3560    37.4925   
13.2623    32.5349   
16.0436    38.9950   

# Frame34

# x        y
3.7224     5.7836    
1.2591     14.2119   
15.0492    28.0446   
17.3560    37.4925   
13.2623    32.5349   
16.0436    38.9950   

# Frame35

# x        y
3.7224     5.7836    
1.5409     14.1177   
15.0492    28.0446   
17.3560    37.4925   
13.2623    32.5349   
16.0436    38.9950   

# Frame36

# x        y
3.7224     5.7836    
1.8180     14.0251   
15.0492    28.0446   
17.3560    37.4925   
13.2623    32.5349   
16.0436    38.9950   

# Frame37

# x        y
3.7224     5.7836    
2.0904     13.9340   
15.0492    28.0446   
17.3560    37.4925   
13.2623    32.5349   
16.0436    38.9950   

# Frame38

# x        y
3.7224     5.7836    
2.3584     13.8445   
15.0492    28.0446   
17.3560    37.4925   
13.2623    32.5349   
16.0436    38.9950   

# Frame39

# x        y
3.7224     5.7836    
2.6218     13.7564   
15.0492    28.0446   
17.3560    37.4925   
13.2623    32.5349   
16.0436    38.9950   

# Frame40

# x        y
3.7224     5.7836    
2.8809     13.6698   
15.0492    28.0446   
17.3560    37.4925   
13.2623    32.5349   
16.0436    38.9950   

# Frame41

# x        y
3.7224     5.7836    
3.1357     13.5847   
15.0492    28.0446   
17.3560    37.4925   
13.2623    32.5349   
16.0436    38.9950   

# Frame42

# x        y
3.7224     5.7836    
3.3862     13.5009   
15.0492    28.0446   
17.3560    37.4925   
13.2623    32.5349   
16.0436    38.9950   

# Frame43

# x        y
3.7224     5.7836    
3.6325     13.4186   
15.0492    28.0446   
17.3560    37.4925   
13.2623    32.5349   
16.0436    38.9950   

# Frame44

# x        y
3.7224     5.7836    
3.8747     13.3376   
15.0492    28.0446   
17.3560    37.4925   
13.2623    32.5349   
16.0436    38.9950   

# Frame45

# x        y
3.7224     5.7836    
4.1129     13.2580   
15.0492    28.0446   
17.3560    37.4925   
13.2623    32.5349   
16.0436    38.9950   

# Frame46

# x        y
3.7224     5.7836    
4.3472     13.1798   
15.0492    28.0446   
17.3560    37.4925   
13.2623    32.5349   
16.0436    38.9950   

# Frame47

# x        y
3.7224     5.7836    
4.5775     13.1028   
15.0492    28.0446   
17.3560    37.4925   
13.2623    32.5349   
16.0436    38.9950   

# Frame48

# x        y
3.7224     5.7836    
4.8040     13.0271   
15.0492    28.0446   
17.3560    37.4925   
13.2623    32.5349   
16.0436    38.9950   

# Frame49

# x        y
3.7224     5.7836    
5.0267     12.9526   
15.0492    28.0446   
17.3560    37.4925   
13.2623    32.5349   
16.0436    38.9950   

# Frame50

# x        y
3.7224     5.7836    
5.2457     12.8794   
15.0492    28.0446   
17.3560    37.4925   
13.2623    32.5349   
16.0436    38.9950   

# Frame51

# x        y
3.7224     5.7836    
5.4610     12.8075   
15.0492    28.0446   
17.3560    37.4925   
13.2623    32.5349   
16.0436    38.9950   

# Frame52

# x        y
3.7224     5.7836    
5.6728     12.7367   
15.0492    28.0446   
17.3560    37.4925   
13.2623    32.5349   
16.0436    38.9950   

# Frame53

# x        y
3.7224     5.7836    
5.8810     12.6671   
15.0492    28.0446   
17.3560    37.4925   
13.2623    32.5349   
16.0436    38.9950   

# Frame54

# x        y
3.7224     5.7836    
6.0858     12.5987   
15.0492    28.0446   
17.3560    37.4925   
13.2623    32.5349   
16.0436    38.9950   

# Frame55

# x        y
3.7224     5.7836    
6.2871     12.5314   
15.0492    28.0446   
17.3560    37.4925   
13.2623    32.5349   
16.0436    38.9950   

# Frame56

# x        y
3.7224     5.7836    
6.4851     12.4652   
15.0492    28.0446   
17.3560    37.4925   
13.2623    32.5349   
16.0436    38.9950   

# Frame57

# x        y
3.7224     5.7836    
6.6798     12.4001   
15.0492    28.0446   
17.3560    37.4925   
13.2623    32.5349   
16.0436    38.9950   

# Frame58

# x        y
3.7224     5.7836    
6.8712     12.3361   
15.0492    28.0446   
17.3560    37.4925   
13.2623    32.5349   
16.0436    38.9950   

# Frame59

# x        y
3.7224     5.7836    
7.0595     12.2732   
15.0492    28.0446   
17.3560    37.4925   
13.2623    32.5349   
16.0436    38.9950   

# Frame60

# x        y
3.7224     5.7836    
7.2446     12.2114   
15.0492    28.0446   
17.3560    37.4925   
13.2623    32.5349   
16.0436    38.9950   

# Frame61

# x        y
3.7224     5.7836    
7.4266     12.1505   
15.0492    28.0446   
17.3560    37.4925   
13.2623    32.5349   
16.0436    38.9950   

# Frame62

# x        y
3.7224     5.7836    
7.6056     12.0907   
15.0492    28.0446   
17.3560    37.4925   
13.2623    32.5349   
16.0436    38.9950   

# Frame63

# x        y
3.7224     5.7836    
7.7816     12.0319   
15.0492    28.0446   
17.3560    37.4925   
13.2623    32.5349   
16.0436    38.9950   

# Frame64

# x        y
3.7224     5.7836    
7.9547     11.9740   
15.0492    28.0446   
17.3560    37.4925   
13.2623    32.5349   
16.0436    38.9950   

# Frame65

# x        y
3.7224     5.7836    
8.1249     11.9171   
15.0492    28.0446   
17.3560    37.4925   
13.2623    32.5349   
16.0436    38.9950   

# Frame66

# x        y
3.7224     5.7836    
8.2923     11.8612   
15.0492    28.0446   
17.3560    37.4925   
13.2623    32.5349   
16.0436    38.9950   

# Frame67

# x        y
3.7224     5.7836    
8.4568     11.8062   
15.0492    28.0446   
17.3560    37.4925   
13.2623    32.5349   
16.0436    38.9950   

# Frame68

# x        y
3.7224     5.7836    
8.6187     11.7521   
15.0492    28.0446   
17.3560    37.4925   
13.2623    32.5349   
16.0436    38.9950   

# Frame69

# x        y
3.7224     5.7836    
8.7778     11.6989   
15.0492    28.0446   
17.3560    37.4925   
13.2623    32.5349   
16.0436    38.9950   

# Frame70

# x        y
3.7224     5.7836    
8.9343     11.6466   
15.0492    28.0446   
17.3560    37.4925   
13.2623    32.5349   
16.0436    38.9950   

# Frame71

# x        y
3.7224     5.7836    
9.0881     11.5952   
15.0492    28.0446   
17.3560    37.4925   
13.2623    32.5349   
16.0436    38.9950   

# Frame72

# x        y
3.7224     5.7836    
9.2394     11.5446   
15.0492    28.0446   
17.3560    37.4925   
13.2623    32.5349   
16.0436    38.9950   

# Frame73

# x        y
3.7224     5.7836    
9.3882     11.4949   
15.0492    28.0446   
17.3560    37.4925   
13.2623    32.5349   
16.0436    38.9950   

# Frame74

# x        y
3.7224     5.7836    
9.5345     11.4460   
15.0492    28.0446   
17.3560    37.4925   
13.2623    32.5349   
16.0436    38.9950   

# Frame75

# x        y
3.7224     5.7836    
9.6784     11.3979   
15.0492    28.0446   
17.3560    37.4925   
13.2623    32.5349   
16.0436    38.9950   

# Frame76

# x        y
3.7224     5.7836    
9.8199     11.3506   
15.0492    28.0446   
17.3560    37.4925   
13.2623    32.5349   
16.0436    38.9950   

# Frame77

# x        y
3.7224     5.7836    
9.9590     11.3041   
15.0492    28.0446   
17.3560    37.4925   
13.2623    32.5349   
16.0436    38.9950   

# Frame78

# x        y
3.7224     5.7836    
10.0958    11.2584   
15.0492    28.0446   
17.3560    37.4925   
13.2623    32.5349   
16.0436    38.9950   

# Frame79

# x        y
3.7224     5.7836    
10.2303    11.2135   
15.0492    28.0446   
17.3560    37.4925   
13.2623    32.5349   
16.0436    38.9950   

# Frame80

# x        y
3.7224     5.7836    
10.3625    11.1693   
15.0492    28.0446   
17.3560    37.4925   
13.2623    32.5349   
16.0436    38.9950   

# Frame81

# x        y
3.7224     5.7836    
10.4926    11.1258   
15.0492    28.0446   
17.3560    37.4925   
13.2623    32.5349   
16.0436    38.9950   

# Frame82

# x        y
3.7224     5.7836    
10.6205    11.0830   
15.0492    28.0446   
17.3560    37.4925   
13.2623    32.5349   
16.0436    38.9950   

# Frame83

# x        y
3.7224     5.7836    
10.7463    11.0410   
15.0492    28.0446   
17.3560    37.4925   
13.2623    32.5349   
16.0436    38.9950   

# Frame84

# x        y
3.7224     5.7836    
10.8699    10.9997   
15.0492    28.0446   
17.3560    37.4925   
13.2623    32.5349   
16.0436    38.9950   

# Frame85

# x        y
3.7224     5.7836    
10.9915    10.9590   
15.0492    28.0446   
17.3560    37.4925   
13.2623    32.5349   
16.0436    38.9950   

# Frame86

# x        y
3.7224     5.7836    
11.1111    10.9191   
15.0492    28.0446   
17.3560    37.4925   
13.2623    32.5349   
16.0436    38.9950   

# Frame87

# x        y
3.7224     5.7836    
11.2287    10.8798   
15.0492    28.0446   
17.3560    37.4925   
13.2623    32.5349   
16.0436    38.9950   

# Frame88

# x        y
3.7224     5.7836    
11.3443    10.8411   
15.0492    28.0446   
17.3560    37.4925   
13.2623    32.5349   
16.0436    38.9950   

# Frame89

# x        y
3.7224     5.7836    
11.4580    10.8031   
15.0492    28.0446   
17.3560    37.4925   
13.2623    32.5349   
16.0436    38.9950   

# Frame90

# x        y
3.7224     5.7836    
11.5698    10.7657   
15.0492    28.0446   
17.3560    37.4925   
13.2623    32.5349   
16.0436    38.9950   

# Frame91

# x        y
3.7224     5.7836    
11.6798    10.7290   
15.0492    28.0446   
17.3560    37.4925   
13.2623    32.5349   
16.0436    38.9950   

# Frame92

# x        y
3.7224     5.7836    
11.7879    10.6929   
15.0492    28.0446   
17.3560    37.4925   
13.2623    32.5349   
16.0436    38.9950   

# Frame93

# x        y
3.7224     5.7836    
11.8942    10.6573   
15.0492    28.0446   
17.3560    37.4925   
13.2623    32.5349   
16.0436    38.9950   

# Frame94

# x        y
3.7224     5.7836    
11.9987    10.6224   
15.0492    28.0446   
17.3560    37.4925   
13.2623    32.5349   
16.0436    38.9950   

# Frame95

# x        y
3.7224     5.7836    
12.1015    10.5880   
15.0492    28.0446   
17.3560    37.4925   
13.2623    32.5349   
16.0436    38.9950   

# Frame96

# x        y
3.7224     5.7836    
12.2026    10.5543   
15.0492    28.0446   
17.3560    37.4925   
13.2623    32.5349   
16.0436    38.9950   

# Frame97

# x        y
3.7224     5.7836    
12.3020    10.5210   
15.0492    28.0446   
17.3560    37.4925   
13.2623    32.5349   
16.0436    38.9950   

# Frame98

# x        y
3.7224     5.7836    
12.3998    10.4884   
15.0492    28.0446   
17.3560    37.4925   
13.2623    32.5349   
16.0436    38.9950   

# Frame99

# x        y
3.7224     5.7836    
12.4959    10.4562   
15.0492    28.0446   
17.3560    37.4925   
13.2623    32.5349   
16.0436    38.9950   

# Frame100

# x        y
3.7224     5.7836    
12.5904    10.4247   
15.0492    28.0446   
17.3560    37.4925   
13.2623    32.5349   
16.0436    38.9950   

# Frame101

# x        y
3.7224     5.7836    
12.6833    10.3936   
15.0492    28.0446   
17.3560    37.4925   
13.2623    32.5349   
16.0436    38.9950   

# Frame102

# x        y
3.7224     5.7836    
12.7747    10.3630   
15.0492    28.0446   
17.3560    37.4925   
13.2623    32.5349   
16.0436    38.9950   

# Frame103

# x        y
3.7224     5.7836    
12.8646    10.3330   
15.0492    28.0446   
17.3560    37.4925   
13.2623    32.5349   
16.0436    38.9950   

# Frame104

# x        y
3.7224     5.7836    
12.9529    10.3035   
15.0492    28.0446   
17.3560    37.4925   
13.2623    32.5349   
16.0436    38.9950   

# Frame105

# x        y
3.7224     5.7836    
13.0398    10.2744   
15.0492    28.0446   
17.3560    37.4925   
13.2623    32.5349   
16.0436    38.9950   

# Frame106

# x        y
3.7224     5.7836    
13.1253    10.2459   
15.0492    28.0446   
17.3560    37.4925   
13.2623    32.5349   
16.0436    38.9950   

# Frame107

# x        y
3.7224     5.7836    
13.2093    10.2178   
15.0492    28.0446   
17.3560    37.4925   
13.2623    32.5349   
16.0436    38.9950   

# Frame108

# x        y
3.7224     5.7836    
13.2919    10.1902   
15.0492    28.0446   
17.3560    37.4925   
13.2623    32.5349   
16.0436    38.9950   

# Frame109

# x        y
3.7224     5.7836    
13.3731    10.1630   
15.0492    28.0446   
17.3560    37.4925   
13.2623    32.5349   
16.0436    38.9950   

# Frame110

# x        y
3.7224     5.7836    
13.4530    10.1363   
15.0492    28.0446   
17.3560    37.4925   
13.2623    32.5349   
16.0436    38.9950   

# Frame111

# x        y
3.7224     5.7836    
13.5316    10.1101   
15.0492    28.0446   
17.3560    37.4925   
13.2623    32.5349   
16.0436    38.9950   

# Frame112

# x        y
3.7224     5.7836    
13.6088    10.0843   
15.0492    28.0446   
17.3560    37.4925   
13.2623    32.5349   
16.0436    38.9950   

# Frame113

# x        y
3.7224     5.7836    
13.6848    10.0589   
15.0492    28.0446   
17.3560    37.4925   
13.2623    32.5349   
16.0436    38.9950   

# Frame114

# x        y
3.7224     5.7836    
13.7595    10.0339   
15.0492    28.0446   
17.3560    37.4925   
13.2623    32.5349   
16.0436    38.9950   

# Frame115

# x        y
3.7224     5.7836    
13.8329    10.0094   
15.0492    28.0446   
17.3560    37.4925   
13.2623    32.5349   
16.0436    38.9950   

# Frame116

# x        y
3.7224     5.7836    
13.9052    9.9852    
15.0492    28.0446   
17.3560    37.4925   
13.2623    32.5349   
16.0436    38.9950   

# Frame117

# x        y
3.7224     5.7836    
13.9762    9.9615    
15.0492    28.0446   
17.3560    37.4925   
13.2623    32.5349   
16.0436    38.9950   

# Frame118

# x        y
3.7224     5.7836    
14.0460    9.9381    
15.0492    28.0446   
17.3560    37.4925   
13.2623    32.5349   
16.0436    38.9950   

# Frame119

# x        y
3.7224     5.7836    
14.1147    9.9152    
15.0492    28.0446   
17.3560    37.4925   
13.2623    32.5349   
16.0436    38.9950   

# Frame120

# x        y
3.7224     5.7836    
14.1822    9.8926    
15.0492    28.0446   
17.3560    37.4925   
13.2623    32.5349   
16.0436    38.9950   

# Frame121

# x        y
3.7224     5.7836    
14.2486    9.8704    
15.0492    28.0446   
17.3560    37.4925   
13.2623    32.5349   
16.0436    38.9950   

# Frame122

# x        y
3.7224     5.7836    
14.3139    9.8486    
15.0492    28.0446   
17.3560    37.4925   
13.2623    32.5349   
16.0436    38.9950   

# Frame123

# x        y
3.7224     5.7836    
14.3781    9.8271    
15.0492    28.0446   
17.3560    37.4925   
13.2623    32.5349   
16.0436    38.9950   

# Frame124

# x        y
3.7224     5.7836    
14.4413    9.8060    
15.0492    28.0446   
17.3560    37.4925   
13.2623    32.5349   
16.0436    38.9950   

# Frame125

# x        y
3.7224     5.7836    
14.5033    9.7853    
15.0492    28.0446   
17.3560    37.4925   
13.2623    32.5349   
16.0436    38.9950   

# Frame126

# x        y
3.7224     5.7836    
14.5644    9.7649    
15.0492    28.0446   
17.3560    37.4925   
13.2623    32.5349   
16.0436    38.9950   

# Frame127

# x        y
3.7224     5.7836    
14.6244    9.7448    
15.0492    28.0446   
17.3560    37.4925   
13.2623    32.5349   
16.0436    38.9950   

# Frame128

# x        y
3.7224     5.7836    
14.6835    9.7251    
15.0492    28.0446   
17.3560    37.4925   
13.2623    32.5349   
16.0436    38.9950   

# Frame129

# x        y
3.7224     5.7836    
14.7415    9.7057    
15.0492    28.0446   
17.3560    37.4925   
13.2623    32.5349   
16.0436    38.9950   

# Frame130

# x        y
3.7224     5.7836    
14.7986    9.6866    
15.0492    28.0446   
17.3560    37.4925   
13.2623    32.5349   
16.0436    38.9950   

# Frame131

# x        y
3.7224     5.7836    
14.8547    9.6678    
15.0492    28.0446   
17.3560    37.4925   
13.2623    32.5349   
16.0436    38.9950   

# Frame132

# x        y
3.7224     5.7836    
14.9099    9.6494    
15.0492    28.0446   
17.3560    37.4925   
13.2623    32.5349   
16.0436    38.9950   

# Frame133

# x        y
3.7224     5.7836    
14.9642    9.6313    
15.0492    28.0446   
17.3560    37.4925   
13.2623    32.5349   
16.0436    38.9950   

# Frame134

# x        y
3.7224     5.7836    
15.0176    9.6134    
15.0492    28.0446   
17.3560    37.4925   
13.2623    32.5349   
16.0436    38.9950   

# Frame135

# x        y
3.7224     5.7836    
15.0701    9.5959    
15.0492    28.0446   
17.3560    37.4925   
13.2623    32.5349   
16.0436    38.9950   

# Frame136

# x        y
3.7224     5.7836    
15.1217    9.5786    
15.0492    28.0446   
17.3560    37.4925   
13.2623    32.5349   
16.0436    38.9950   

# Frame137

# x        y
3.7224     5.7836    
15.1724    9.5617    
15.0492    28.0446   
17.3560    37.4925   
13.2623    32.5349   
16.0436    38.9950   

# Frame138

# x        y
3.7224     5.7836    
15.2223    9.5450    
15.0492    28.0446   
17.3560    37.4925   
13.2623    32.5349   
16.0436    38.9950   

# Frame139

# x        y
3.7224     5.7836    
15.2714    9.5286    
15.0492    28.0446   
17.3560    37.4925   
13.2623    32.5349   
16.0436    38.9950   

# Frame140

# x        y
3.7224     5.7836    
15.3196    9.5125    
15.0492    28.0446   
17.3560    37.4925   
13.2623    32.5349   
16.0436    38.9950   

# Frame141

# x        y
3.7224     5.7836    
15.3671    9.4966    
15.0492    28.0446   
17.3560    37.4925   
13.2623    32.5349   
16.0436    38.9950   

# Frame142

# x        y
3.7224     5.7836    
15.4137    9.4810    
15.0492    28.0446   
17.3560    37.4925   
13.2623    32.5349   
16.0436    38.9950   

# Frame143

# x        y
3.7224     5.7836    
15.4596    9.4657    
15.0492    28.0446   
17.3560    37.4925   
13.2623    32.5349   
16.0436    38.9950   

# Frame144

# x        y
3.7224     5.7836    
15.5047    9.4506    
15.0492    28.0446   
17.3560    37.4925   
13.2623    32.5349   
16.0436    38.9950   

# Frame145

# x        y
3.7224     5.7836    
15.5491    9.4358    
15.0492    28.0446   
17.3560    37.4925   
13.2623    32.5349   
16.0436    38.9950   

# Frame146

# x        y
3.7224     5.7836    
15.5927    9.4212    
15.0492    28.0446   
17.3560    37.4925   
13.2623    32.5349   
16.0436    38.9950   

# Frame147

# x        y
3.7224     5.7836    
15.6356    9.4069    
15.0492    28.0446   
17.3560    37.4925   
13.2623    32.5349   
16.0436    38.9950   

# Frame148

# x        y
3.7224     5.7836    
15.6778    9.3928    
15.0492    28.0446   
17.3560    37.4925   
13.2623    32.5349   
16.0436    38.9950   

# Frame149

# x        y
3.7224     5.7836    
15.7193    9.3789    
15.0492    28.0446   
17.3560    37.4925   
13.2623    32.5349   
16.0436    38.9950   

# Frame150

# x        y
3.7224     5.7836    
15.7600    9.3653    
15.0492    28.0446   
17.3560    37.4925   
13.2623    32.5349   
16.0436    38.9950   

# Frame151

# x        y
3.7224     5.7836    
15.8001    9.3519    
15.0492    28.0446   
17.3560    37.4925   
13.2623    32.5349   
16.0436    38.9950   

# Frame152

# x        y
3.7224     5.7836    
15.8396    9.3387    
15.0492    28.0446   
17.3560    37.4925   
13.2623    32.5349   
16.0436    38.9950   

# Frame153

# x        y
3.7224     5.7836    
15.8784    9.3257    
15.0492    28.0446   
17.3560    37.4925   
13.2623    32.5349   
16.0436    38.9950   

# Frame154

# x        y
3.7224     5.7836    
15.9165    9.3130    
15.0492    28.0446   
17.3560    37.4925   
13.2623    32.5349   
16.0436    38.9950   

# Frame155

# x        y
3.7224     5.7836    
15.9540    9.3004    
15.0492    28.0446   
17.3560    37.4925   
13.2623    32.5349   
16.0436    38.9950   

# Frame156

# x        y
3.7224     5.7836    
15.9909    9.2881    
15.0492    28.0446   
17.3560    37.4925   
13.2623    32.5349   
16.0436    38.9950   

# Frame157

# x        y
3.7224     5.7836    
16.0271    9.2760    
15.0492    28.0446   
17.3560    37.4925   
13.2623    32.5349   
16.0436    38.9950   

# Frame158

# x        y
3.7224     5.7836    
16.0628    9.2641    
15.0492    28.0446   
17.3560    37.4925   
13.2623    32.5349   
16.0436    38.9950   

# Frame159

# x        y
3.7224     5.7836    
16.0978    9.2524    
15.0492    28.0446   
17.3560    37.4925   
13.2623    32.5349   
16.0436    38.9950   

# Frame160

# x        y
3.7224     5.7836    
16.1323    9.2408    
15.0492    28.0446   
17.3560    37.4925   
13.2623    32.5349   
16.0436    38.9950   

# Frame161

# x        y
3.7224     5.7836    
16.1662    9.2295    
15.0492    28.0446   
17.3560    37.4925   
13.2623    32.5349   
16.0436    38.9950   

# Frame162

# x        y
3.7224     5.7836    
16.1996    9.2184    
15.0492    28.0446   
17.3560    37.4925   
13.2623    32.5349   
16.0436    38.9950   

# Frame163

# x        y
3.7224     5.7836    
16.2323    9.2074    
15.0492    28.0446   
17.3560    37.4925   
13.2623    32.5349   
16.0436    38.9950   

# Frame164

# x        y
3.7224     5.7836    
16.2646    9.1966    
15.0492    28.0446   
17.3560    37.4925   
13.2623    32.5349   
16.0436    38.9950   

# Frame165

# x        y
3.7224     5.7836    
16.2963    9.1860    
15.0492    28.0446   
17.3560    37.4925   
13.2623    32.5349   
16.0436    38.9950   

# Frame166

# x        y
3.7224     5.7836    
16.3274    9.1756    
15.0492    28.0446   
17.3560    37.4925   
13.2623    32.5349   
16.0436    38.9950   

# Frame167

# x        y
3.7224     5.7836    
16.3581    9.1654    
15.0492    28.0446   
17.3560    37.4925   
13.2623    32.5349   
16.0436    38.9950   

# Frame168

# x        y
3.7224     5.7836    
16.3882    9.1553    
15.0492    28.0446   
17.3560    37.4925   
13.2623    32.5349   
16.0436    38.9950   

# Frame169

# x        y
3.7224     5.7836    
16.4179    9.1454    
15.0492    28.0446   
17.3560    37.4925   
13.2623    32.5349   
16.0436    38.9950   

# Frame170

# x        y
3.7224     5.7836    
16.4470    9.1357    
15.0492    28.0446   
17.3560    37.4925   
13.2623    32.5349   
16.0436    38.9950   

# Frame171

# x        y
3.7224     5.7836    
16.4757    9.1261    
15.0492    28.0446   
17.3560    37.4925   
13.2623    32.5349   
16.0436    38.9950   

# Frame172

# x        y
3.7224     5.7836    
16.5038    9.1167    
15.0492    28.0446   
17.3560    37.4925   
13.2623    32.5349   
16.0436    38.9950   

# Frame173

# x        y
3.7224     5.7836    
16.5316    9.1074    
15.0492    28.0446   
17.3560    37.4925   
13.2623    32.5349   
16.0436    38.9950   

# Frame174

# x        y
3.7224     5.7836    
16.5588    9.0983    
15.0492    28.0446   
17.3560    37.4925   
13.2623    32.5349   
16.0436    38.9950   

# Frame175

# x        y
3.7224     5.7836    
16.5856    9.0893    
15.0492    28.0446   
17.3560    37.4925   
13.2623    32.5349   
16.0436    38.9950   

# Frame176

# x        y
3.7224     5.7836    
16.6119    9.0805    
15.0492    28.0446   
17.3560    37.4925   
13.2623    32.5349   
16.0436    38.9950   

# Frame177

# x        y
3.7224     5.7836    
16.6378    9.0719    
15.0492    28.0446   
17.3560    37.4925   
13.2623    32.5349   
16.0436    38.9950   

# Frame178

# x        y
3.7224     5.7836    
16.6633    9.0634    
15.0492    28.0446   
17.3560    37.4925   
13.2623    32.5349   
16.0436    38.9950   

# Frame179

# x        y
3.7224     5.7836    
16.6884    9.0550    
15.0492    28.0446   
17.3560    37.4925   
13.2623    32.5349   
16.0436    38.9950   

# Frame180

# x        y
3.7224     5.7836    
16.7130    9.0468    
15.0492    28.0446   
17.3560    37.4925   
13.2623    32.5349   
16.0436    38.9950   

# Frame181

# x        y
3.7224     5.7836    
16.7372    9.0387    
15.0492    28.0446   
17.3560    37.4925   
13.2623    32.5349   
16.0436    38.9950   

# Frame182

# x        y
3.7224     5.7836    
16.7611    9.0307    
15.0492    28.0446   
17.3560    37.4925   
13.2623    32.5349   
16.0436    38.9950   

# Frame183

# x        y
3.7224     5.7836    
16.7845    9.0229    
15.0492    28.0446   
17.3560    37.4925   
13.2623    32.5349   
16.0436    38.9950   

# Frame184

# x        y
3.7224     5.7836    
16.8075    9.0152    
15.0492    28.0446   
17.3560    37.4925   
13.2623    32.5349   
16.0436    38.9950   

# Frame185

# x        y
3.7224     5.7836    
16.8302    9.0076    
15.0492    28.0446   
17.3560    37.4925   
13.2623    32.5349   
16.0436    38.9950   

# Frame186

# x        y
3.7224     5.7836    
16.8524    9.0002    
15.0492    28.0446   
17.3560    37.4925   
13.2623    32.5349   
16.0436    38.9950   

# Frame187

# x        y
3.7224     5.7836    
16.8743    8.9928    
15.0492    28.0446   
17.3560    37.4925   
13.2623    32.5349   
16.0436    38.9950   

# Frame188

# x        y
3.7224     5.7836    
16.8959    8.9856    
15.0492    28.0446   
17.3560    37.4925   
13.2623    32.5349   
16.0436    38.9950   

# Frame189

# x        y
3.7224     5.7836    
16.9170    8.9786    
15.0492    28.0446   
17.3560    37.4925   
13.2623    32.5349   
16.0436    38.9950   

# Frame190

# x        y
3.7224     5.7836    
16.9379    8.9716    
15.0492    28.0446   
17.3560    37.4925   
13.2623    32.5349   
16.0436    38.9950   

# Frame191

# x        y
3.7224     5.7836    
16.9583    8.9648    
15.0492    28.0446   
17.3560    37.4925   
13.2623    32.5349   
16.0436    38.9950   

# Frame192

# x        y
3.7224     5.7836    
16.9785    8.9580    
15.0492    28.0446   
17.3560    37.4925   
13.2623    32.5349   
16.0436    38.9950   

# Frame193

# x        y
3.7224     5.7836    
16.9983    8.9514    
15.0492    28.0446   
17.3560    37.4925   
13.2623    32.5349   
16.0436    38.9950   

# Frame194

# x        y
3.7224     5.7836    
17.0177    8.9449    
15.0492    28.0446   
17.3560    37.4925   
13.2623    32.5349   
16.0436    38.9950   

# Frame195

# x        y
3.7224     5.7836    
17.0369    8.9385    
15.0492    28.0446   
17.3560    37.4925   
13.2623    32.5349   
16.0436    38.9950   

# Frame196

# x        y
3.7224     5.7836    
17.0557    8.9322    
15.0492    28.0446   
17.3560    37.4925   
13.2623    32.5349   
16.0436    38.9950   

# Frame197

# x        y
3.7224     5.7836    
17.0742    8.9260    
15.0492    28.0446   
17.3560    37.4925   
13.2623    32.5349   
16.0436    38.9950   

# Frame198

# x        y
3.7224     5.7836    
17.0924    8.9199    
15.0492    28.0446   
17.3560    37.4925   
13.2623    32.5349   
16.0436    38.9950   

# Frame199

# x        y
3.7224     5.7836    
17.1103    8.9140    
15.0492    28.0446   
17.3560    37.4925   
13.2623    32.5349   
16.0436    38.9950   

# Frame200

# x        y
3.7224     5.7836    
17.1279    8.9081    
15.0492    28.0446   
17.3560    37.4925   
13.2623    32.5349   
16.0436    38.9950   

# Frame201

# x        y
3.7224     5.7836    
17.1452    8.9023    
15.0492    28.0446   
17.3560    37.4925   
13.2623    32.5349   
16.0436    38.9950   

# Frame202

# x        y
3.7224     5.7836    
17.1622    8.8966    
15.0492    28.0446   
17.3560    37.4925   
13.2623    32.5349   
16.0436    38.9950   

# Frame203

# x        y
3.7224     5.7836    
17.1790    8.8910    
15.0492    28.0446   
17.3560    37.4925   
13.2623    32.5349   
16.0436    38.9950   

# Frame204

# x        y
3.7224     5.7836    
17.1954    8.8855    
15.0492    28.0446   
17.3560    37.4925   
13.2623    32.5349   
16.0436    38.9950   

# Frame205

# x        y
3.7224     5.7836    
17.2116    8.8801    
15.0492    28.0446   
17.3560    37.4925   
13.2623    32.5349   
16.0436    38.9950   

# Frame206

# x        y
3.7224     5.7836    
17.2275    8.8748    
15.0492    28.0446   
17.3560    37.4925   
13.2623    32.5349   
16.0436    38.9950   

# Frame207

# x        y
3.7224     5.7836    
17.2432    8.8696    
15.0492    28.0446   
17.3560    37.4925   
13.2623    32.5349   
16.0436    38.9950   

# Frame208

# x        y
3.7224     5.7836    
17.2586    8.8644    
15.0492    28.0446   
17.3560    37.4925   
13.2623    32.5349   
16.0436    38.9950   

# Frame209

# x        y
3.7224     5.7836    
17.2737    8.8594    
15.0492    28.0446   
17.3560    37.4925   
13.2623    32.5349   
16.0436    38.9950   

# Frame210

# x        y
3.7224     5.7836    
17.2886    8.8544    
15.0492    28.0446   
17.3560    37.4925   
13.2623    32.5349   
16.0436    38.9950   

# Frame211

# x        y
3.7224     5.7836    
17.3032    8.8495    
15.0492    28.0446   
17.3560    37.4925   
13.2623    32.5349   
16.0436    38.9950   

# Frame212

# x        y
3.7224     5.7836    
17.3176    8.8447    
15.0492    28.0446   
17.3560    37.4925   
13.2623    32.5349   
16.0436    38.9950   

# Frame213

# x        y
3.7224     5.7836    
17.3317    8.8400    
15.0492    28.0446   
17.3560    37.4925   
13.2623    32.5349   
16.0436    38.9950   

# Frame214

# x        y
3.7224     5.7836    
17.3457    8.8353    
15.0492    28.0446   
17.3560    37.4925   
13.2623    32.5349   
16.0436    38.9950   

# Frame215

# x        y
3.7224     5.7836    
17.3593    8.8307    
15.0492    28.0446   
17.3560    37.4925   
13.2623    32.5349   
16.0436    38.9950   

# Frame216

# x        y
3.7224     5.7836    
17.3728    8.8262    
15.0492    28.0446   
17.3560    37.4925   
13.2623    32.5349   
16.0436    38.9950   

# Frame217

# x        y
3.7224     5.7836    
17.3860    8.8218    
15.0492    28.0446   
17.3560    37.4925   
13.2623    32.5349   
16.0436    38.9950   

# Frame218

# x        y
3.7224     5.7836    
17.3990    8.8175    
15.0492    28.0446   
17.3560    37.4925   
13.2623    32.5349   
16.0436    38.9950   

# Frame219

# x        y
3.7224     5.7836    
17.4118    8.8132    
15.0492    28.0446   
17.3560    37.4925   
13.2623    32.5349   
16.0436    38.9950   

# Frame220

# x        y
3.7224     5.7836    
17.4244    8.8090    
15.0492    28.0446   
17.3560    37.4925   
13.2623    32.5349   
16.0436    38.9950   

# Frame221

# x        y
3.7224     5.7836    
17.4368    8.8049    
15.0492    28.0446   
17.3560    37.4925   
13.2623    32.5349   
16.0436    38.9950   

# Frame222

# x        y
3.7224     5.7836    
17.4489    8.8008    
15.0492    28.0446   
17.3560    37.4925   
13.2623    32.5349   
16.0436    38.9950   

# Frame223

# x        y
3.7224     5.7836    
17.4609    8.7968    
15.0492    28.0446   
17.3560    37.4925   
13.2623    32.5349   
16.0436    38.9950   

# Frame224

# x        y
3.7224     5.7836    
17.4726    8.7929    
15.0492    28.0446   
17.3560    37.4925   
13.2623    32.5349   
16.0436    38.9950   

# Frame225

# x        y
3.7224     5.7836    
17.4842    8.7890    
15.0492    28.0446   
17.3560    37.4925   
13.2623    32.5349   
16.0436    38.9950   

# Frame226

# x        y
3.7224     5.7836    
17.4956    8.7852    
15.0492    28.0446   
17.3560    37.4925   
13.2623    32.5349   
16.0436    38.9950   

# Frame227

# x        y
3.7224     5.7836    
17.5067    8.7815    
15.0492    28.0446   
17.3560    37.4925   
13.2623    32.5349   
16.0436    38.9950   

# Frame228

# x        y
3.7224     5.7836    
17.5177    8.7778    
15.0492    28.0446   
17.3560    37.4925   
13.2623    32.5349   
16.0436    38.9950   

# Frame229

# x        y
3.7224     5.7836    
17.5286    8.7742    
15.0492    28.0446   
17.3560    37.4925   
13.2623    32.5349   
16.0436    38.9950   

# Frame230

# x        y
3.7224     5.7836    
17.5392    8.7706    
15.0492    28.0446   
17.3560    37.4925   
13.2623    32.5349   
16.0436    38.9950   

# Frame231

# x        y
3.7224     5.7836    
17.5496    8.7671    
15.0492    28.0446   
17.3560    37.4925   
13.2623    32.5349   
16.0436    38.9950   

# Frame232

# x        y
3.7224     5.7836    
17.5599    8.7637    
15.0492    28.0446   
17.3560    37.4925   
13.2623    32.5349   
16.0436    38.9950   

# Frame233

# x        y
3.7224     5.7836    
17.5700    8.7603    
15.0492    28.0446   
17.3560    37.4925   
13.2623    32.5349   
16.0436    38.9950   

# Frame234

# x        y
3.7224     5.7836    
17.5800    8.7570    
15.0492    28.0446   
17.3560    37.4925   
13.2623    32.5349   
16.0436    38.9950   

# Frame235

# x        y
3.7224     5.7836    
17.5897    8.7537    
15.0492    28.0446   
17.3560    37.4925   
13.2623    32.5349   
16.0436    38.9950   

# Frame236

# x        y
3.7224     5.7836    
17.5993    8.7505    
15.0492    28.0446   
17.3560    37.4925   
13.2623    32.5349   
16.0436    38.9950   

# Frame237

# x        y
3.7224     5.7836    
17.6088    8.7474    
15.0492    28.0446   
17.3560    37.4925   
13.2623    32.5349   
16.0436    38.9950   

# Frame238

# x        y
3.7224     5.7836    
17.6181    8.7443    
15.0492    28.0446   
17.3560    37.4925   
13.2623    32.5349   
16.0436    38.9950   

# Frame239

# x        y
3.7224     5.7836    
17.6272    8.7412    
15.0492    28.0446   
17.3560    37.4925   
13.2623    32.5349   
16.0436    38.9950   

# Frame240

# x        y
3.7224     5.7836    
17.6362    8.7382    
15.0492    28.0446   
17.3560    37.4925   
13.2623    32.5349   
16.0436    38.9950   

# Frame241

# x        y
3.7224     5.7836    
17.6451    8.7352    
15.0492    28.0446   
17.3560    37.4925   
13.2623    32.5349   
16.0436    38.9950   

# Frame242

# x        y
3.7224     5.7836    
17.6537    8.7323    
15.0492    28.0446   
17.3560    37.4925   
13.2623    32.5349   
16.0436    38.9950   

# Frame243

# x        y
3.7224     5.7836    
17.6623    8.7295    
15.0492    28.0446   
17.3560    37.4925   
13.2623    32.5349   
16.0436    38.9950   

# Frame244

# x        y
3.7224     5.7836    
17.6707    8.7267    
15.0492    28.0446   
17.3560    37.4925   
13.2623    32.5349   
16.0436    38.9950   

# Frame245

# x        y
3.7224     5.7836    
17.6790    8.7239    
15.0492    28.0446   
17.3560    37.4925   
13.2623    32.5349   
16.0436    38.9950   

# Frame246

# x        y
3.7224     5.7836    
17.6871    8.7212    
15.0492    28.0446   
17.3560    37.4925   
13.2623    32.5349   
16.0436    38.9950   

# Frame247

# x        y
3.7224     5.7836    
17.6951    8.7185    
15.0492    28.0446   
17.3560    37.4925   
13.2623    32.5349   
16.0436    38.9950   

# Frame248

# x        y
3.7224     5.7836    
17.7029    8.7159    
15.0492    28.0446   
17.3560    37.4925   
13.2623    32.5349   
16.0436    38.9950   

# Frame249

# x        y
3.7224     5.7836    
17.7106    8.7133    
15.0492    28.0446   
17.3560    37.4925   
13.2623    32.5349   
16.0436    38.9950   

# Frame250

# x        y
3.7224     5.7836    
17.7182    8.7108    
15.0492    28.0446   
17.3560    37.4925   
13.2623    32.5349   
16.0436    38.9950   

# Frame251

# x        y
3.7224     5.7836    
17.7257    8.7083    
15.0492    28.0446   
17.3560    37.4925   
13.2623    32.5349   
16.0436    38.9950   

# Frame252

# x        y
3.7224     5.7836    
17.7331    8.7058    
15.0492    28.0446   
17.3560    37.4925   
13.2623    32.5349   
16.0436    38.9950   

# Frame253

# x        y
3.7224     5.7836    
17.7403    8.7034    
15.0492    28.0446   
17.3560    37.4925   
13.2623    32.5349   
16.0436    38.9950   

# Frame254

# x        y
3.7224     5.7836    
17.7474    8.7010    
15.0492    28.0446   
17.3560    37.4925   
13.2623    32.5349   
16.0436    38.9950   

# Frame255

# x        y
3.7224     5.7836    
17.7544    8.6987    
15.0492    28.0446   
17.3560    37.4925   
13.2623    32.5349   
16.0436    38.9950   

# Frame256

# x        y
3.7224     5.7836    
17.7612    8.6964    
15.0492    28.0446   
17.3560    37.4925   
13.2623    32.5349   
16.0436    38.9950   

# Frame257

# x        y
3.7224     5.7836    
17.7680    8.6942    
15.0492    28.0446   
17.3560    37.4925   
13.2623    32.5349   
16.0436    38.9950   

# Frame258

# x        y
3.7224     5.7836    
17.7746    8.6919    
15.0492    28.0446   
17.3560    37.4925   
13.2623    32.5349   
16.0436    38.9950   

# Frame259

# x        y
3.7224     5.7836    
17.7812    8.6898    
15.0492    28.0446   
17.3560    37.4925   
13.2623    32.5349   
16.0436    38.9950   

# Frame260

# x        y
3.7224     5.7836    
17.7876    8.6876    
15.0492    28.0446   
17.3560    37.4925   
13.2623    32.5349   
16.0436    38.9950   

# Frame261

# x        y
3.7224     5.7836    
17.7939    8.6855    
15.0492    28.0446   
17.3560    37.4925   
13.2623    32.5349   
16.0436    38.9950   

# Frame262

# x        y
3.7224     5.7836    
17.8001    8.6834    
15.0492    28.0446   
17.3560    37.4925   
13.2623    32.5349   
16.0436    38.9950   

# Frame263

# x        y
3.7224     5.7836    
17.8062    8.6814    
15.0492    28.0446   
17.3560    37.4925   
13.2623    32.5349   
16.0436    38.9950   

# Frame264

# x        y
3.7224     5.7836    
17.8122    8.6794    
15.0492    28.0446   
17.3560    37.4925   
13.2623    32.5349   
16.0436    38.9950   

# Frame265

# x        y
3.7224     5.7836    
17.8181    8.6774    
15.0492    28.0446   
17.3560    37.4925   
13.2623    32.5349   
16.0436    38.9950   

# Frame266

# x        y
3.7224     5.7836    
17.8239    8.6755    
15.0492    28.0446   
17.3560    37.4925   
13.2623    32.5349   
16.0436    38.9950   

# Frame267

# x        y
3.7224     5.7836    
17.8296    8.6736    
15.0492    28.0446   
17.3560    37.4925   
13.2623    32.5349   
16.0436    38.9950   

# Frame268

# x        y
3.7224     5.7836    
17.8352    8.6717    
15.0492    28.0446   
17.3560    37.4925   
13.2623    32.5349   
16.0436    38.9950   

# Frame269

# x        y
3.7224     5.7836    
17.8408    8.6698    
15.0492    28.0446   
17.3560    37.4925   
13.2623    32.5349   
16.0436    38.9950   

# Frame270

# x        y
3.7224     5.7836    
17.8462    8.6680    
15.0492    28.0446   
17.3560    37.4925   
13.2623    32.5349   
16.0436    38.9950   

# Frame271

# x        y
3.7224     5.7836    
17.8515    8.6662    
15.0492    28.0446   
17.3560    37.4925   
13.2623    32.5349   
16.0436    38.9950   

# Frame272

# x        y
3.7224     5.7836    
17.8568    8.6645    
15.0492    28.0446   
17.3560    37.4925   
13.2623    32.5349   
16.0436    38.9950   

# Frame273

# x        y
3.7224     5.7836    
17.8619    8.6628    
15.0492    28.0446   
17.3560    37.4925   
13.2623    32.5349   
16.0436    38.9950   

# Frame274

# x        y
3.7224     5.7836    
17.8670    8.6611    
15.0492    28.0446   
17.3560    37.4925   
13.2623    32.5349   
16.0436    38.9950   

# Frame275

# x        y
3.7224     5.7836    
17.8720    8.6594    
15.0492    28.0446   
17.3560    37.4925   
13.2623    32.5349   
16.0436    38.9950   

# Frame276

# x        y
3.7224     5.7836    
17.8769    8.6578    
15.0492    28.0446   
17.3560    37.4925   
13.2623    32.5349   
16.0436    38.9950   

# Frame277

# x        y
3.7224     5.7836    
17.8817    8.6561    
15.0492    28.0446   
17.3560    37.4925   
13.2623    32.5349   
16.0436    38.9950   

# Frame278

# x        y
3.7224     5.7836    
17.8865    8.6546    
15.0492    28.0446   
17.3560    37.4925   
13.2623    32.5349   
16.0436    38.9950   

# Frame279

# x        y
3.7224     5.7836    
17.8911    8.6530    
15.0492    28.0446   
17.3560    37.4925   
13.2623    32.5349   
16.0436    38.9950   

# Frame280

# x        y
3.7224     5.7836    
17.8957    8.6515    
15.0492    28.0446   
17.3560    37.4925   
13.2623    32.5349   
16.0436    38.9950   

# Frame281

# x        y
3.7224     5.7836    
17.9002    8.6500    
15.0492    28.0446   
17.3560    37.4925   
13.2623    32.5349   
16.0436    38.9950   

# Frame282

# x        y
3.7224     5.7836    
17.9047    8.6485    
15.0492    28.0446   
17.3560    37.4925   
13.2623    32.5349   
16.0436    38.9950   

# Frame283

# x        y
3.7224     5.7836    
17.9090    8.6470    
15.0492    28.0446   
17.3560    37.4925   
13.2623    32.5349   
16.0436    38.9950   

# Frame284

# x        y
3.7224     5.7836    
17.9133    8.6456    
15.0492    28.0446   
17.3560    37.4925   
13.2623    32.5349   
16.0436    38.9950   

# Frame285

# x        y
3.7224     5.7836    
17.9175    8.6442    
15.0492    28.0446   
17.3560    37.4925   
13.2623    32.5349   
16.0436    38.9950   

# Frame286

# x        y
3.7224     5.7836    
17.9217    8.6428    
15.0492    28.0446   
17.3560    37.4925   
13.2623    32.5349   
16.0436    38.9950   

# Frame287

# x        y
3.7224     5.7836    
17.9258    8.6414    
15.0492    28.0446   
17.3560    37.4925   
13.2623    32.5349   
16.0436    38.9950   

# Frame288

# x        y
3.7224     5.7836    
17.9298    8.6401    
15.0492    28.0446   
17.3560    37.4925   
13.2623    32.5349   
16.0436    38.9950   

# Frame289

# x        y
3.7224     5.7836    
17.9337    8.6388    
15.0492    28.0446   
17.3560    37.4925   
13.2623    32.5349   
16.0436    38.9950   

# Frame290

# x        y
3.7224     5.7836    
17.9376    8.6375    
15.0492    28.0446   
17.3560    37.4925   
13.2623    32.5349   
16.0436    38.9950   

# Frame291

# x        y
3.7224     5.7836    
17.9414    8.6362    
15.0492    28.0446   
17.3560    37.4925   
13.2623    32.5349   
16.0436    38.9950   

# Frame292

# x        y
3.7224     5.7836    
17.9452    8.6349    
15.0492    28.0446   
17.3560    37.4925   
13.2623    32.5349   
16.0436    38.9950   

# Frame293

# x        y
3.7224     5.7836    
17.9489    8.6337    
15.0492    28.0446   
17.3560    37.4925   
13.2623    32.5349   
16.0436    38.9950   

# Frame294

# x        y
3.7224     5.7836    
17.9525    8.6325    
15.0492    28.0446   
17.3560    37.4925   
13.2623    32.5349   
16.0436    38.9950   

# Frame295

# x        y
3.7224     5.7836    
17.9560    8.6313    
15.0492    28.0446   
17.3560    37.4925   
13.2623    32.5349   
16.0436    38.9950   

# Frame296

# x        y
3.7224     5.7836    
17.9596    8.6301    
15.0492    28.0446   
17.3560    37.4925   
13.2623    32.5349   
16.0436    38.9950   

# Frame297

# x        y
3.7224     5.7836    
17.9630    8.6290    
15.0492    28.0446   
17.3560    37.4925   
13.2623    32.5349   
16.0436    38.9950   

# Frame298

# x        y
3.7224     5.7836    
17.9664    8.6278    
15.0492    28.0446   
17.3560    37.4925   
13.2623    32.5349   
16.0436    38.9950   

# Frame299

# x        y
3.7224     5.7836    
17.9697    8.6267    
15.0492    28.0446   
17.3560    37.4925   
13.2623    32.5349   
16.0436    38.9950   

# Frame300

# x        y
3.7224     5.7836    
17.9730    8.6256    
15.0492    28.0446   
17.3560    37.4925   
13.2623    32.5349   
16.0436    38.9950   

# Frame301

# x        y
3.7224     5.7836    
17.9762    8.6246    
15.0492    28.0446   
17.3560    37.4925   
13.2623    32.5349   
16.0436    38.9950   

# Frame302

# x        y
3.7224     5.7836    
17.9794    8.6235    
15.0492    28.0446   
17.3560    37.4925   
13.2623    32.5349   
16.0436    38.9950   

# Frame303

# x        y
3.7224     5.7836    
17.9825    8.6225    
15.0492    28.0446   
17.3560    37.4925   
13.2623    32.5349   
16.0436    38.9950   

# Frame304

# x        y
3.7224     5.7836    
17.9856    8.6214    
15.0492    28.0446   
17.3560    37.4925   
13.2623    32.5349   
16.0436    38.9950   

# Frame305

# x        y
3.7224     5.7836    
17.9886    8.6204    
15.0492    28.0446   
17.3560    37.4925   
13.2623    32.5349   
16.0436    38.9950   

# Frame306

# x        y
3.7224     5.7836    
17.9916    8.6194    
15.0492    28.0446   
17.3560    37.4925   
13.2623    32.5349   
16.0436    38.9950   

# Frame307

# x        y
3.7224     5.7836    
17.9945    8.6185    
15.0492    28.0446   
17.3560    37.4925   
13.2623    32.5349   
16.0436    38.9950   

# Frame308

# x        y
3.7224     5.7836    
17.9973    8.6175    
15.0492    28.0446   
17.3560    37.4925   
13.2623    32.5349   
16.0436    38.9950   

# Frame309

# x        y
3.7224     5.7836    
18.0002    8.6166    
15.0492    28.0446   
17.3560    37.4925   
13.2623    32.5349   
16.0436    38.9950   

# Frame310

# x        y
3.7224     5.7836    
18.0029    8.6156    
15.0492    28.0446   
17.3560    37.4925   
13.2623    32.5349   
16.0436    38.9950   

# Frame311

# x        y
3.7224     5.7836    
18.0056    8.6147    
15.0492    28.0446   
17.3560    37.4925   
13.2623    32.5349   
16.0436    38.9950   

# Frame312

# x        y
3.7224     5.7836    
18.0083    8.6138    
15.0492    28.0446   
17.3560    37.4925   
13.2623    32.5349   
16.0436    38.9950   

# Frame313

# x        y
3.7224     5.7836    
18.0110    8.6130    
15.0492    28.0446   
17.3560    37.4925   
13.2623    32.5349   
16.0436    38.9950   

# Frame314

# x        y
3.7224     5.7836    
18.0136    8.6121    
15.0492    28.0446   
17.3560    37.4925   
13.2623    32.5349   
16.0436    38.9950   

# Frame315

# x        y
3.7224     5.7836    
18.0161    8.6112    
15.0492    28.0446   
17.3560    37.4925   
13.2623    32.5349   
16.0436    38.9950   

# Frame316

# x        y
3.7224     5.7836    
18.0186    8.6104    
15.0492    28.0446   
17.3560    37.4925   
13.2623    32.5349   
16.0436    38.9950   

# Frame317

# x        y
3.7224     5.7836    
18.0211    8.6096    
15.0492    28.0446   
17.3560    37.4925   
13.2623    32.5349   
16.0436    38.9950   

# Frame318

# x        y
3.7224     5.7836    
18.0235    8.6088    
15.0492    28.0446   
17.3560    37.4925   
13.2623    32.5349   
16.0436    38.9950   

# Frame319

# x        y
3.7224     5.7836    
18.0259    8.6080    
15.0492    28.0446   
17.3560    37.4925   
13.2623    32.5349   
16.0436    38.9950   

# Frame320

# x        y
3.7224     5.7836    
18.0282    8.6072    
15.0492    28.0446   
17.3560    37.4925   
13.2623    32.5349   
16.0436    38.9950   

# Frame321

# x        y
3.7224     5.7836    
18.0305    8.6064    
15.0492    28.0446   
17.3560    37.4925   
13.2623    32.5349   
16.0436    38.9950   

# Frame322

# x        y
3.7224     5.7836    
18.0328    8.6057    
15.0492    28.0446   
17.3560    37.4925   
13.2623    32.5349   
16.0436    38.9950   

# Frame323

# x        y
3.7224     5.7836    
18.0350    8.6049    
15.0492    28.0446   
17.3560    37.4925   
13.2623    32.5349   
16.0436    38.9950   

# Frame324

# x        y
3.7224     5.7836    
18.0372    8.6042    
15.0492    28.0446   
17.3560    37.4925   
13.2623    32.5349   
16.0436    38.9950   

# Frame325

# x        y
3.7224     5.7836    
18.0394    8.6035    
15.0492    28.0446   
17.3560    37.4925   
13.2623    32.5349   
16.0436    38.9950   

# Frame326

# x        y
3.7224     5.7836    
18.0415    8.6028    
15.0492    28.0446   
17.3560    37.4925   
13.2623    32.5349   
16.0436    38.9950   

# Frame327

# x        y
3.7224     5.7836    
18.0436    8.6021    
15.0492    28.0446   
17.3560    37.4925   
13.2623    32.5349   
16.0436    38.9950   

# Frame328

# x        y
3.7224     5.7836    
18.0456    8.6014    
15.0492    28.0446   
17.3560    37.4925   
13.2623    32.5349   
16.0436    38.9950   

# Frame329

# x        y
3.7224     5.7836    
18.0476    8.6007    
15.0492    28.0446   
17.3560    37.4925   
13.2623    32.5349   
16.0436    38.9950   

# Frame330

# x        y
3.7224     5.7836    
18.0496    8.6000    
15.0492    28.0446   
17.3560    37.4925   
13.2623    32.5349   
16.0436    38.9950   

# Frame331

# x        y
3.7224     5.7836    
18.0515    8.5994    
15.0492    28.0446   
17.3560    37.4925   
13.2623    32.5349   
16.0436    38.9950   

# Frame332

# x        y
3.7224     5.7836    
18.0535    8.5987    
15.0492    28.0446   
17.3560    37.4925   
13.2623    32.5349   
16.0436    38.9950   

# Frame333

# x        y
3.7224     5.7836    
18.0553    8.5981    
15.0492    28.0446   
17.3560    37.4925   
13.2623    32.5349   
16.0436    38.9950   

# Frame334

# x        y
3.7224     5.7836    
18.0572    8.5975    
15.0492    28.0446   
17.3560    37.4925   
13.2623    32.5349   
16.0436    38.9950   

# Frame335

# x        y
3.7224     5.7836    
18.0590    8.5969    
15.0492    28.0446   
17.3560    37.4925   
13.2623    32.5349   
16.0436    38.9950   

# Frame336

# x        y
3.7224     5.7836    
18.0608    8.5963    
15.0492    28.0446   
17.3560    37.4925   
13.2623    32.5349   
16.0436    38.9950   

# Frame337

# x        y
3.7224     5.7836    
18.0626    8.5957    
15.0492    28.0446   
17.3560    37.4925   
13.2623    32.5349   
16.0436    38.9950   

# Frame338

# x        y
3.7224     5.7836    
18.0643    8.5951    
15.0492    28.0446   
17.3560    37.4925   
13.2623    32.5349   
16.0436    38.9950   

# Frame339

# x        y
3.7224     5.7836    
18.0660    8.5946    
15.0492    28.0446   
17.3560    37.4925   
13.2623    32.5349   
16.0436    38.9950   

# Frame340

# x        y
3.7224     5.7836    
18.0677    8.5940    
15.0492    28.0446   
17.3560    37.4925   
13.2623    32.5349   
16.0436    38.9950   

# Frame341

# x        y
3.7224     5.7836    
18.0693    8.5934    
15.0492    28.0446   
17.3560    37.4925   
13.2623    32.5349   
16.0436    38.9950   

# Frame342

# x        y
3.7224     5.7836    
18.0709    8.5929    
15.0492    28.0446   
17.3560    37.4925   
13.2623    32.5349   
16.0436    38.9950   

# Frame343

# x        y
3.7224     5.7836    
18.0725    8.5924    
15.0492    28.0446   
17.3560    37.4925   
13.2623    32.5349   
16.0436    38.9950   

# Frame344

# x        y
3.7224     5.7836    
18.0741    8.5918    
15.0492    28.0446   
17.3560    37.4925   
13.2623    32.5349   
16.0436    38.9950   

# Frame345

# x        y
3.7224     5.7836    
18.0756    8.5913    
15.0492    28.0446   
17.3560    37.4925   
13.2623    32.5349   
16.0436    38.9950   

# Frame346

# x        y
3.7224     5.7836    
18.0771    8.5908    
15.0492    28.0446   
17.3560    37.4925   
13.2623    32.5349   
16.0436    38.9950   

# Frame347

# x        y
3.7224     5.7836    
18.0786    8.5903    
15.0492    28.0446   
17.3560    37.4925   
13.2623    32.5349   
16.0436    38.9950   

# Frame348

# x        y
3.7224     5.7836    
18.0801    8.5898    
15.0492    28.0446   
17.3560    37.4925   
13.2623    32.5349   
16.0436    38.9950   

# Frame349

# x        y
3.7224     5.7836    
18.0815    8.5894    
15.0492    28.0446   
17.3560    37.4925   
13.2623    32.5349   
16.0436    38.9950   

# Frame350

# x        y
3.7224     5.7836    
18.0829    8.5889    
15.0492    28.0446   
17.3560    37.4925   
13.2623    32.5349   
16.0436    38.9950   

# Frame351

# x        y
3.7224     5.7836    
18.0843    8.5884    
15.0492    28.0446   
17.3560    37.4925   
13.2623    32.5349   
16.0436    38.9950   

# Frame352

# x        y
3.7224     5.7836    
18.0857    8.5880    
15.0492    28.0446   
17.3560    37.4925   
13.2623    32.5349   
16.0436    38.9950   

# Frame353

# x        y
3.7224     5.7836    
18.0870    8.5875    
15.0492    28.0446   
17.3560    37.4925   
13.2623    32.5349   
16.0436    38.9950   

# Frame354

# x        y
3.7224     5.7836    
18.0884    8.5871    
15.0492    28.0446   
17.3560    37.4925   
13.2623    32.5349   
16.0436    38.9950   

# Frame355

# x        y
3.7224     5.7836    
18.0897    8.5866    
15.0492    28.0446   
17.3560    37.4925   
13.2623    32.5349   
16.0436    38.9950   

# Frame356

# x        y
3.7224     5.7836    
18.0909    8.5862    
15.0492    28.0446   
17.3560    37.4925   
13.2623    32.5349   
16.0436    38.9950   

# Frame357

# x        y
3.7224     5.7836    
18.0922    8.5858    
15.0492    28.0446   
17.3560    37.4925   
13.2623    32.5349   
16.0436    38.9950   

# Frame358

# x        y
3.7224     5.7836    
18.0934    8.5854    
15.0492    28.0446   
17.3560    37.4925   
13.2623    32.5349   
16.0436    38.9950   

# Frame359

# x        y
3.7224     5.7836    
18.0947    8.5850    
15.0492    28.0446   
17.3560    37.4925   
13.2623    32.5349   
16.0436    38.9950   

# Frame360

# x        y
3.7224     5.7836    
18.0959    8.5846    
15.0492    28.0446   
17.3560    37.4925   
13.2623    32.5349   
16.0436    38.9950   

# Frame361

# x        y
3.7224     5.7836    
18.0970    8.5842    
15.0492    28.0446   
17.3560    37.4925   
13.2623    32.5349   
16.0436    38.9950   

# Frame362

# x        y
3.7224     5.7836    
18.0982    8.5838    
15.0492    28.0446   
17.3560    37.4925   
13.2623    32.5349   
16.0436    38.9950   

# Frame363

# x        y
3.7224     5.7836    
18.0993    8.5834    
15.0492    28.0446   
17.3560    37.4925   
13.2623    32.5349   
16.0436    38.9950   

# Frame364

# x        y
3.7224     5.7836    
18.1004    8.5830    
15.0492    28.0446   
17.3560    37.4925   
13.2623    32.5349   
16.0436    38.9950   

# Frame365

# x        y
3.7224     5.7836    
18.1015    8.5827    
15.0492    28.0446   
17.3560    37.4925   
13.2623    32.5349   
16.0436    38.9950   

# Frame366

# x        y
3.7224     5.7836    
18.1026    8.5823    
15.0492    28.0446   
17.3560    37.4925   
13.2623    32.5349   
16.0436    38.9950   

# Frame367

# x        y
3.7224     5.7836    
18.1037    8.5820    
15.0492    28.0446   
17.3560    37.4925   
13.2623    32.5349   
16.0436    38.9950   

# Frame368

# x        y
3.7224     5.7836    
18.1047    8.5816    
15.0492    28.0446   
17.3560    37.4925   
13.2623    32.5349   
16.0436    38.9950   

# Frame369

# x        y
3.7224     5.7836    
18.1058    8.5813    
15.0492    28.0446   
17.3560    37.4925   
13.2623    32.5349   
16.0436    38.9950   

# Frame370

# x        y
3.7224     5.7836    
18.1068    8.5809    
15.0492    28.0446   
17.3560    37.4925   
13.2623    32.5349   
16.0436    38.9950   

# Frame371

# x        y
3.7224     5.7836    
18.1078    8.5806    
15.0492    28.0446   
17.3560    37.4925   
13.2623    32.5349   
16.0436    38.9950   

# Frame372

# x        y
3.7224     5.7836    
18.1087    8.5803    
15.0492    28.0446   
17.3560    37.4925   
13.2623    32.5349   
16.0436    38.9950   

# Frame373

# x        y
3.7224     5.7836    
18.1097    8.5799    
15.0492    28.0446   
17.3560    37.4925   
13.2623    32.5349   
16.0436    38.9950   

# Frame374

# x        y
3.7224     5.7836    
18.1106    8.5796    
15.0492    28.0446   
17.3560    37.4925   
13.2623    32.5349   
16.0436    38.9950   

# Frame375

# x        y
3.7224     5.7836    
18.1116    8.5793    
15.0492    28.0446   
17.3560    37.4925   
13.2623    32.5349   
16.0436    38.9950   

# Frame376

# x        y
3.7224     5.7836    
18.1125    8.5790    
15.0492    28.0446   
17.3560    37.4925   
13.2623    32.5349   
16.0436    38.9950   

# Frame377

# x        y
3.7224     5.7836    
18.1134    8.5787    
15.0492    28.0446   
17.3560    37.4925   
13.2623    32.5349   
16.0436    38.9950   

# Frame378

# x        y
3.7224     5.7836    
18.1143    8.5784    
15.0492    28.0446   
17.3560    37.4925   
13.2623    32.5349   
16.0436    38.9950   

# Frame379

# x        y
3.7224     5.7836    
18.1151    8.5781    
15.0492    28.0446   
17.3560    37.4925   
13.2623    32.5349   
16.0436    38.9950   

# Frame380

# x        y
3.7224     5.7836    
18.1160    8.5778    
15.0492    28.0446   
17.3560    37.4925   
13.2623    32.5349   
16.0436    38.9950   

# Frame381

# x        y
3.7224     5.7836    
18.1168    8.5776    
15.0492    28.0446   
17.3560    37.4925   
13.2623    32.5349   
16.0436    38.9950   

# Frame382

# x        y
3.7224     5.7836    
18.1177    8.5773    
15.0492    28.0446   
17.3560    37.4925   
13.2623    32.5349   
16.0436    38.9950   

# Frame383

# x        y
3.7224     5.7836    
18.1185    8.5770    
15.0492    28.0446   
17.3560    37.4925   
13.2623    32.5349   
16.0436    38.9950   

# Frame384

# x        y
3.7224     5.7836    
18.1193    8.5767    
15.0492    28.0446   
17.3560    37.4925   
13.2623    32.5349   
16.0436    38.9950   

# Frame385

# x        y
3.7224     5.7836    
18.1201    8.5765    
15.0492    28.0446   
17.3560    37.4925   
13.2623    32.5349   
16.0436    38.9950   

# Frame386

# x        y
3.7224     5.7836    
18.1208    8.5762    
15.0492    28.0446   
17.3560    37.4925   
13.2623    32.5349   
16.0436    38.9950   

# Frame387

# x        y
3.7224     5.7836    
18.1216    8.5760    
15.0492    28.0446   
17.3560    37.4925   
13.2623    32.5349   
16.0436    38.9950   

# Frame388

# x        y
3.7224     5.7836    
18.1223    8.5757    
15.0492    28.0446   
17.3560    37.4925   
13.2623    32.5349   
16.0436    38.9950   

# Frame389

# x        y
3.7224     5.7836    
18.1231    8.5755    
15.0492    28.0446   
17.3560    37.4925   
13.2623    32.5349   
16.0436    38.9950   

# Frame390

# x        y
3.7224     5.7836    
18.1238    8.5752    
15.0492    28.0446   
17.3560    37.4925   
13.2623    32.5349   
16.0436    38.9950   

# Frame391

# x        y
3.7224     5.7836    
18.1245    8.5750    
15.0492    28.0446   
17.3560    37.4925   
13.2623    32.5349   
16.0436    38.9950   

# Frame392

# x        y
3.7224     5.7836    
18.1252    8.5748    
15.0492    28.0446   
17.3560    37.4925   
13.2623    32.5349   
16.0436    38.9950   

# Frame393

# x        y
3.7224     5.7836    
18.1259    8.5745    
15.0492    28.0446   
17.3560    37.4925   
13.2623    32.5349   
16.0436    38.9950   

# Frame394

# x        y
3.7224     5.7836    
18.1266    8.5743    
15.0492    28.0446   
17.3560    37.4925   
13.2623    32.5349   
16.0436    38.9950   

# Frame395

# x        y
3.7224     5.7836    
18.1272    8.5741    
15.0492    28.0446   
17.3560    37.4925   
13.2623    32.5349   
16.0436    38.9950   

# Frame396

# x        y
3.7224     5.7836    
18.1279    8.5739    
15.0492    28.0446   
17.3560    37.4925   
13.2623    32.5349   
16.0436    38.9950   

# Frame397

# x        y
3.7224     5.7836    
18.1285    8.5737    
15.0492    28.0446   
17.3560    37.4925   
13.2623    32.5349   
16.0436    38.9950   

# Frame398

# x        y
3.7224     5.7836    
18.1292    8.5734    
15.0492    28.0446   
17.3560    37.4925   
13.2623    32.5349   
16.0436    38.9950   

# Frame399

# x        y
3.7224     5.7836    
18.1298    8.5732    
15.0492    28.0446   
17.3560    37.4925   
13.2623    32.5349   
16.0436    38.9950   

# Frame400

# x        y
3.7224     5.7836    
18.1304    8.5730    
15.0492    28.0446   
17.3560    37.4925   
13.2623    32.5349   
16.0436    38.9950   

# Frame401

# x        y
3.7224     5.7836    
18.1310    8.5728    
15.0492    28.0446   
17.3560    37.4925   
13.2623    32.5349   
16.0436    38.9950   

# Frame402

# x        y
3.7224     5.7836    
18.1316    8.5726    
15.0492    28.0446   
17.3560    37.4925   
13.2623    32.5349   
16.0436    38.9950   

# Frame403

# x        y
3.7224     5.7836    
18.1322    8.5724    
15.0492    28.0446   
17.3560    37.4925   
13.2623    32.5349   
16.0436    38.9950   

# Frame404

# x        y
3.7224     5.7836    
18.1327    8.5723    
15.0492    28.0446   
17.3560    37.4925   
13.2623    32.5349   
16.0436    38.9950   

# Frame405

# x        y
3.7224     5.7836    
18.1333    8.5721    
15.0492    28.0446   
17.3560    37.4925   
13.2623    32.5349   
16.0436    38.9950   

# Frame406

# x        y
3.7224     5.7836    
18.1338    8.5719    
15.0492    28.0446   
17.3560    37.4925   
13.2623    32.5349   
16.0436    38.9950   

# Frame407

# x        y
3.7224     5.7836    
18.1344    8.5717    
15.0492    28.0446   
17.3560    37.4925   
13.2623    32.5349   
16.0436    38.9950   

# Frame408

# x        y
3.7224     5.7836    
18.1349    8.5715    
15.0492    28.0446   
17.3560    37.4925   
13.2623    32.5349   
16.0436    38.9950   

# Frame409

# x        y
3.7224     5.7836    
18.1354    8.5713    
15.0492    28.0446   
17.3560    37.4925   
13.2623    32.5349   
16.0436    38.9950   

# Frame410

# x        y
3.7224     5.7836    
18.1360    8.5712    
15.0492    28.0446   
17.3560    37.4925   
13.2623    32.5349   
16.0436    38.9950   

# Frame411

# x        y
3.7224     5.7836    
18.1365    8.5710    
15.0492    28.0446   
17.3560    37.4925   
13.2623    32.5349   
16.0436    38.9950   

# Frame412

# x        y
3.7224     5.7836    
18.1370    8.5708    
15.0492    28.0446   
17.3560    37.4925   
13.2623    32.5349   
16.0436    38.9950   

# Frame413

# x        y
3.7224     5.7836    
18.1375    8.5707    
15.0492    28.0446   
17.3560    37.4925   
13.2623    32.5349   
16.0436    38.9950   

# Frame414

# x        y
3.7224     5.7836    
18.1379    8.5705    
15.0492    28.0446   
17.3560    37.4925   
13.2623    32.5349   
16.0436    38.9950   

# Frame415

# x        y
3.7224     5.7836    
18.1384    8.5704    
15.0492    28.0446   
17.3560    37.4925   
13.2623    32.5349   
16.0436    38.9950   

# Frame416

# x        y
3.7224     5.7836    
18.1389    8.5702    
15.0492    28.0446   
17.3560    37.4925   
13.2623    32.5349   
16.0436    38.9950   

# Frame417

# x        y
3.7224     5.7836    
18.1393    8.5700    
15.0492    28.0446   
17.3560    37.4925   
13.2623    32.5349   
16.0436    38.9950   

# Frame418

# x        y
3.7224     5.7836    
18.1398    8.5699    
15.0492    28.0446   
17.3560    37.4925   
13.2623    32.5349   
16.0436    38.9950   

# Frame419

# x        y
3.7224     5.7836    
18.1402    8.5697    
15.0492    28.0446   
17.3560    37.4925   
13.2623    32.5349   
16.0436    38.9950   

# Frame420

# x        y
3.7224     5.7836    
18.1407    8.5696    
15.0492    28.0446   
17.3560    37.4925   
13.2623    32.5349   
16.0436    38.9950   

# Frame421

# x        y
3.7224     5.7836    
18.1411    8.5695    
15.0492    28.0446   
17.3560    37.4925   
13.2623    32.5349   
16.0436    38.9950   

# Frame422

# x        y
3.7224     5.7836    
18.1415    8.5693    
15.0492    28.0446   
17.3560    37.4925   
13.2623    32.5349   
16.0436    38.9950   

# Frame423

# x        y
3.7224     5.7836    
18.1419    8.5692    
15.0492    28.0446   
17.3560    37.4925   
13.2623    32.5349   
16.0436    38.9950   

# Frame424

# x        y
3.7224     5.7836    
18.1423    8.5690    
15.0492    28.0446   
17.3560    37.4925   
13.2623    32.5349   
16.0436    38.9950   

# Frame425

# x        y
3.7224     5.7836    
18.1427    8.5689    
15.0492    28.0446   
17.3560    37.4925   
13.2623    32.5349   
16.0436    38.9950   

# Frame426

# x        y
3.7224     5.7836    
18.1431    8.5688    
15.0492    28.0446   
17.3560    37.4925   
13.2623    32.5349   
16.0436    38.9950   

# Frame427

# x        y
3.7224     5.7836    
18.1435    8.5686    
15.0492    28.0446   
17.3560    37.4925   
13.2623    32.5349   
16.0436    38.9950   

# Frame428

# x        y
3.7224     5.7836    
18.1439    8.5685    
15.0492    28.0446   
17.3560    37.4925   
13.2623    32.5349   
16.0436    38.9950   

# Frame429

# x        y
3.7224     5.7836    
18.1443    8.5684    
15.0492    28.0446   
17.3560    37.4925   
13.2623    32.5349   
16.0436    38.9950   

# Frame430

# x        y
3.7224     5.7836    
18.1447    8.5683    
15.0492    28.0446   
17.3560    37.4925   
13.2623    32.5349   
16.0436    38.9950   

# Frame431

# x        y
3.7224     5.7836    
18.1450    8.5681    
15.0492    28.0446   
17.3560    37.4925   
13.2623    32.5349   
16.0436    38.9950   

# Frame432

# x        y
3.7224     5.7836    
18.1454    8.5680    
15.0492    28.0446   
17.3560    37.4925   
13.2623    32.5349   
16.0436    38.9950   

# Frame433

# x        y
3.7224     5.7836    
18.1457    8.5679    
15.0492    28.0446   
17.3560    37.4925   
13.2623    32.5349   
16.0436    38.9950   

# Frame434

# x        y
3.7224     5.7836    
18.1461    8.5678    
15.0492    28.0446   
17.3560    37.4925   
13.2623    32.5349   
16.0436    38.9950   

# Frame435

# x        y
3.7224     5.7836    
18.1464    8.5677    
15.0492    28.0446   
17.3560    37.4925   
13.2623    32.5349   
16.0436    38.9950   

# Frame436

# x        y
3.7224     5.7836    
18.1467    8.5676    
15.0492    28.0446   
17.3560    37.4925   
13.2623    32.5349   
16.0436    38.9950   

# Frame437

# x        y
3.7224     5.7836    
18.1471    8.5675    
15.0492    28.0446   
17.3560    37.4925   
13.2623    32.5349   
16.0436    38.9950   

# Frame438

# x        y
3.7224     5.7836    
18.1474    8.5674    
15.0492    28.0446   
17.3560    37.4925   
13.2623    32.5349   
16.0436    38.9950   

# Frame439

# x        y
3.7224     5.7836    
18.1477    8.5672    
15.0492    28.0446   
17.3560    37.4925   
13.2623    32.5349   
16.0436    38.9950   

# Frame440

# x        y
3.7224     5.7836    
18.1480    8.5671    
15.0492    28.0446   
17.3560    37.4925   
13.2623    32.5349   
16.0436    38.9950   

# Frame441

# x        y
3.7224     5.7836    
18.1483    8.5670    
15.0492    28.0446   
17.3560    37.4925   
13.2623    32.5349   
16.0436    38.9950   

# Frame442

# x        y
3.7224     5.7836    
18.1486    8.5669    
15.0492    28.0446   
17.3560    37.4925   
13.2623    32.5349   
16.0436    38.9950   

# Frame443

# x        y
3.7224     5.7836    
18.1489    8.5668    
15.0492    28.0446   
17.3560    37.4925   
13.2623    32.5349   
16.0436    38.9950   

# Frame444

# x        y
3.7224     5.7836    
18.1492    8.5667    
15.0492    28.0446   
17.3560    37.4925   
13.2623    32.5349   
16.0436    38.9950   

# Frame445

# x        y
3.7224     5.7836    
18.1495    8.5666    
15.0492    28.0446   
17.3560    37.4925   
13.2623    32.5349   
16.0436    38.9950   

# Frame446

# x        y
3.7224     5.7836    
18.1498    8.5666    
15.0492    28.0446   
17.3560    37.4925   
13.2623    32.5349   
16.0436    38.9950   

# Frame447

# x        y
3.7224     5.7836    
18.1501    8.5665    
15.0492    28.0446   
17.3560    37.4925   
13.2623    32.5349   
16.0436    38.9950   

# Frame448

# x        y
3.7224     5.7836    
18.1503    8.5664    
15.0492    28.0446   
17.3560    37.4925   
13.2623    32.5349   
16.0436    38.9950   

# Frame449

# x        y
3.7224     5.7836    
18.1506    8.5663    
15.0492    28.0446   
17.3560    37.4925   
13.2623    32.5349   
16.0436    38.9950   

# Frame450

# x        y
3.7224     5.7836    
18.1509    8.5662    
15.0492    28.0446   
17.3560    37.4925   
13.2623    32.5349   
16.0436    38.9950   

# Frame451

# x        y
3.7224     5.7836    
18.1511    8.5661    
15.0492    28.0446   
17.3560    37.4925   
13.2623    32.5349   
16.0436    38.9950   

# Frame452

# x        y
3.7224     5.7836    
18.1514    8.5660    
15.0492    28.0446   
17.3560    37.4925   
13.2623    32.5349   
16.0436    38.9950   

# Frame453

# x        y
3.7224     5.7836    
18.1516    8.5659    
15.0492    28.0446   
17.3560    37.4925   
13.2623    32.5349   
16.0436    38.9950   

# Frame454

# x        y
3.7224     5.7836    
18.1519    8.5659    
15.0492    28.0446   
17.3560    37.4925   
13.2623    32.5349   
16.0436    38.9950   

# Frame455

# x        y
3.7224     5.7836    
18.1521    8.5658    
15.0492    28.0446   
17.3560    37.4925   
13.2623    32.5349   
16.0436    38.9950   

# Frame456

# x        y
3.7224     5.7836    
18.1524    8.5657    
15.0492    28.0446   
17.3560    37.4925   
13.2623    32.5349   
16.0436    38.9950   

# Frame457

# x        y
3.7224     5.7836    
18.1526    8.5656    
15.0492    28.0446   
17.3560    37.4925   
13.2623    32.5349   
16.0436    38.9950   

# Frame458

# x        y
3.7224     5.7836    
18.1528    8.5655    
15.0492    28.0446   
17.3560    37.4925   
13.2623    32.5349   
16.0436    38.9950   

# Frame459

# x        y
3.7224     5.7836    
18.1530    8.5655    
15.0492    28.0446   
17.3560    37.4925   
13.2623    32.5349   
16.0436    38.9950   

# Frame460

# x        y
3.7224     5.7836    
18.1533    8.5654    
15.0492    28.0446   
17.3560    37.4925   
13.2623    32.5349   
16.0436    38.9950   

# Frame461

# x        y
3.7224     5.7836    
18.1535    8.5653    
15.0492    28.0446   
17.3560    37.4925   
13.2623    32.5349   
16.0436    38.9950   

# Frame462

# x        y
3.7224     5.7836    
18.1537    8.5652    
15.0492    28.0446   
17.3560    37.4925   
13.2623    32.5349   
16.0436    38.9950   

# Frame463

# x        y
3.7224     5.7836    
18.1539    8.5652    
15.0492    28.0446   
17.3560    37.4925   
13.2623    32.5349   
16.0436    38.9950   

# Frame464

# x        y
3.7224     5.7836    
18.1541    8.5651    
15.0492    28.0446   
17.3560    37.4925   
13.2623    32.5349   
16.0436    38.9950   

# Frame465

# x        y
3.7224     5.7836    
18.1543    8.5650    
15.0492    28.0446   
17.3560    37.4925   
13.2623    32.5349   
16.0436    38.9950   

# Frame466

# x        y
3.7224     5.7836    
18.1545    8.5650    
15.0492    28.0446   
17.3560    37.4925   
13.2623    32.5349   
16.0436    38.9950   

# Frame467

# x        y
3.7224     5.7836    
18.1547    8.5649    
15.0492    28.0446   
17.3560    37.4925   
13.2623    32.5349   
16.0436    38.9950   

# Frame468

# x        y
3.7224     5.7836    
18.1549    8.5648    
15.0492    28.0446   
17.3560    37.4925   
13.2623    32.5349   
16.0436    38.9950   

# Frame469

# x        y
3.7224     5.7836    
18.1551    8.5648    
15.0492    28.0446   
17.3560    37.4925   
13.2623    32.5349   
16.0436    38.9950   

# Frame470

# x        y
3.7224     5.7836    
18.1553    8.5647    
15.0492    28.0446   
17.3560    37.4925   
13.2623    32.5349   
16.0436    38.9950   

# Frame471

# x        y
3.7224     5.7836    
18.1555    8.5646    
15.0492    28.0446   
17.3560    37.4925   
13.2623    32.5349   
16.0436    38.9950   

# Frame472

# x        y
3.7224     5.7836    
18.1557    8.5646    
15.0492    28.0446   
17.3560    37.4925   
13.2623    32.5349   
16.0436    38.9950   

# Frame473

# x        y
3.7224     5.7836    
18.1558    8.5645    
15.0492    28.0446   
17.3560    37.4925   
13.2623    32.5349   
16.0436    38.9950   

# Frame474

# x        y
3.7224     5.7836    
18.1560    8.5645    
15.0492    28.0446   
17.3560    37.4925   
13.2623    32.5349   
16.0436    38.9950   

# Frame475

# x        y
3.7224     5.7836    
18.1562    8.5644    
15.0492    28.0446   
17.3560    37.4925   
13.2623    32.5349   
16.0436    38.9950   

# Frame476

# x        y
3.7224     5.7836    
18.1564    8.5644    
15.0492    28.0446   
17.3560    37.4925   
13.2623    32.5349   
16.0436    38.9950   

# Frame477

# x        y
3.7224     5.7836    
18.1565    8.5643    
15.0492    28.0446   
17.3560    37.4925   
13.2623    32.5349   
16.0436    38.9950   

# Frame478

# x        y
3.7224     5.7836    
18.1567    8.5642    
15.0492    28.0446   
17.3560    37.4925   
13.2623    32.5349   
16.0436    38.9950   

# Frame479

# x        y
3.7224     5.7836    
18.1569    8.5642    
15.0492    28.0446   
17.3560    37.4925   
13.2623    32.5349   
16.0436    38.9950   

# Frame480

# x        y
3.7224     5.7836    
18.1570    8.5641    
15.0492    28.0446   
17.3560    37.4925   
13.2623    32.5349   
16.0436    38.9950   

# Frame481

# x        y
3.7224     5.7836    
18.1572    8.5641    
15.0492    28.0446   
17.3560    37.4925   
13.2623    32.5349   
16.0436    38.9950   

# Frame482

# x        y
3.7224     5.7836    
18.1573    8.5640    
15.0492    28.0446   
17.3560    37.4925   
13.2623    32.5349   
16.0436    38.9950   

# Frame483

# x        y
3.7224     5.7836    
18.1575    8.5640    
15.0492    28.0446   
17.3560    37.4925   
13.2623    32.5349   
16.0436    38.9950   

# Frame484

# x        y
3.7224     5.7836    
18.1576    8.5639    
15.0492    28.0446   
17.3560    37.4925   
13.2623    32.5349   
16.0436    38.9950   

# Frame485

# x        y
3.7224     5.7836    
18.1578    8.5639    
15.0492    28.0446   
17.3560    37.4925   
13.2623    32.5349   
16.0436    38.9950   

# Frame486

# x        y
3.7224     5.7836    
18.1579    8.5638    
15.0492    28.0446   
17.3560    37.4925   
13.2623    32.5349   
16.0436    38.9950   

# Frame487

# x        y
3.7224     5.7836    
18.1581    8.5638    
15.0492    28.0446   
17.3560    37.4925   
13.2623    32.5349   
16.0436    38.9950   

# Frame488

# x        y
3.7224     5.7836    
18.1582    8.5637    
15.0492    28.0446   
17.3560    37.4925   
13.2623    32.5349   
16.0436    38.9950   

# Frame489

# x        y
3.7224     5.7836    
18.1583    8.5637    
15.0492    28.0446   
17.3560    37.4925   
13.2623    32.5349   
16.0436    38.9950   

# Frame490

# x        y
3.7224     5.7836    
18.1585    8.5636    
15.0492    28.0446   
17.3560    37.4925   
13.2623    32.5349   
16.0436    38.9950   

# Frame491

# x        y
3.7224     5.7836    
18.1586    8.5636    
15.0492    28.0446   
17.3560    37.4925   
13.2623    32.5349   
16.0436    38.9950   

# Frame492

# x        y
3.7224     5.7836    
18.1587    8.5636    
15.0492    28.0446   
17.3560    37.4925   
13.2623    32.5349   
16.0436    38.9950   

# Frame493

# x        y
3.7224     5.7836    
18.1589    8.5635    
15.0492    28.0446   
17.3560    37.4925   
13.2623    32.5349   
16.0436    38.9950   

# Frame494

# x        y
3.7224     5.7836    
18.1590    8.5635    
15.0492    28.0446   
17.3560    37.4925   
13.2623    32.5349   
16.0436    38.9950   

# Frame495

# x        y
3.7224     5.7836    
18.1591    8.5634    
15.0492    28.0446   
17.3560    37.4925   
13.2623    32.5349   
16.0436    38.9950   

# Frame496

# x        y
3.7224     5.7836    
18.1592    8.5634    
15.0492    28.0446   
17.3560    37.4925   
13.2623    32.5349   
16.0436    38.9950   

# Frame497

# x        y
3.7224     5.7836    
18.1594    8.5634    
15.0492    28.0446   
17.3560    37.4925   
13.2623    32.5349   
16.0436    38.9950   

# Frame498

# x        y
3.7224     5.7836    
18.1595    8.5633    
15.0492    28.0446   
17.3560    37.4925   
13.2623    32.5349   
16.0436    38.9950   

# Frame499

# x        y
3.7224     5.7836    
18.1596    8.5633    
15.0492    28.0446   
17.3560    37.4925   
13.2623    32.5349   
16.0436    38.9950   

# Frame500

# x        y
3.7224     5.7836    
18.1597    8.5632    
15.0492    28.0446   
17.3560    37.4925   
13.2623    32.5349   
16.0436    38.9950   

# Frame501

# x        y
3.7224     5.7836    
18.1598    8.5632    
15.0492    28.0446   
17.3560    37.4925   
13.2623    32.5349   
16.0436    38.9950   

# Frame502

# x        y
3.7224     5.7836    
18.1599    8.5632    
15.0492    28.0446   
17.3560    37.4925   
13.2623    32.5349   
16.0436    38.9950   

# Frame503

# x        y
3.7224     5.7836    
18.1600    8.5631    
15.0492    28.0446   
17.3560    37.4925   
13.2623    32.5349   
16.0436    38.9950   

# Frame504

# x        y
3.7224     5.7836    
18.1601    8.5631    
15.0492    28.0446   
17.3560    37.4925   
13.2623    32.5349   
16.0436    38.9950   

# Frame505

# x        y
3.7224     5.7836    
18.1602    8.5631    
15.0492    28.0446   
17.3560    37.4925   
13.2623    32.5349   
16.0436    38.9950   

# Frame506

# x        y
3.7224     5.7836    
18.1604    8.5630    
15.0492    28.0446   
17.3560    37.4925   
13.2623    32.5349   
16.0436    38.9950   

# Frame507

# x        y
3.7224     5.7836    
18.1605    8.5630    
15.0492    28.0446   
17.3560    37.4925   
13.2623    32.5349   
16.0436    38.9950   

# Frame508

# x        y
3.7224     5.7836    
18.1606    8.5630    
15.0492    28.0446   
17.3560    37.4925   
13.2623    32.5349   
16.0436    38.9950   

# Frame509

# x        y
3.7224     5.7836    
18.1606    8.5629    
15.0492    28.0446   
17.3560    37.4925   
13.2623    32.5349   
16.0436    38.9950   

# Frame510

# x        y
3.7224     5.7836    
18.1607    8.5629    
15.0492    28.0446   
17.3560    37.4925   
13.2623    32.5349   
16.0436    38.9950   

# Frame511

