# x        y
6.2653     7.5653    
4.0518     35.7858   
7.1050     12.0873   
1.0044     2.6846    
9.8290     25.8889   
7.7919     6.2815    

# Frame1

# x        y
6.2652     7.5654    
3.6147     33.8341   
7.1050     12.0873   
1.0045     2.6846    
9.8290     25.8889   
7.7919     6.2814    

# Frame2

# x        y
6.2652     7.5654    
3.1849     31.9150   
7.1050     12.0873   
1.0046     2.6846    
9.8290     25.8889   
7.7919     6.2814    

# Frame3

# x        y
6.2652     7.5654    
2.7623     30.0278   
7.1050     12.0873   
1.0047     2.6846    
9.8290     25.8889   
7.7920     6.2814    

# Frame4

# x        y
6.2652     7.5654    
2.3467     28.1721   
7.1050     12.0873   
1.0048     2.6846    
9.8290     25.8889   
7.7920     6.2814    

# Frame5

# x        y
6.2652     7.5654    
1.9381     26.3474   
7.1050     12.0873   
1.0048     2.6846    
9.8290     25.8889   
7.7920     6.2814    

# Frame6

# x        y
6.2652     7.5654    
1.5363     24.5530   
7.1050     12.0873   
1.0048     2.6846    
9.8290     25.8889   
7.7920     6.2814    

# Frame7

# x        y
6.2652     7.5654    
1.1411     22.7886   
7.1050     12.0873   
1.0049     2.6846    
9.8290     25.8889   
7.7920     6.2814    

# Frame8

# x        y
6.2652     7.5654    
1.1261     21.1577   
7.1050     12.0873   
1.0049     2.6846    
9.8290     25.8889   
7.7920     6.2814    

# Frame9

# x        y
6.2652     7.5654    
1.3171     19.6158   
7.1050     12.0873   
1.0049     2.6846    
9.8290     25.8889   
7.7920     6.2814    

# Frame10

# x        y
6.2652     7.5654    
1.5050     18.0996   
7.1050     12.0873   
1.0049     2.6846    
9.8290     25.8889   
7.7920     6.2814    

# Frame11

# x        y
6.2652     7.5654    
1.6897     16.6087   
7.1050     12.0873   
1.0049     2.6846    
9.8290     25.8889   
7.7920     6.2814    

# Frame12

# x        y
6.2652     7.5654    
1.8713     15.1426   
7.1050     12.0873   
1.0050     2.6846    
9.8290     25.8889   
7.7920     6.2814    

# Frame13

# x        y
6.2652     7.5654    
2.0499     13.7009   
7.1050     12.0873   
1.0050     2.6846    
9.8290     25.8889   
7.7920     6.2814    

# Frame14

# x        y
6.2652     7.5654    
2.2256     12.2833   
7.1050     12.0873   
1.0050     2.6846    
9.8290     25.8889   
7.7920     6.2814    

# Frame15

# x        y
6.2652     7.5654    
2.3983     10.8893   
7.1050     12.0873   
1.0050     2.6846    
9.8290     25.8889   
7.7920     6.2814    

# Frame16

# x        y
6.2652     7.5654    
2.5681     9.5185    
7.1050     12.0873   
1.0050     2.6846    
9.8290     25.8889   
7.7920     6.2814    

# Frame17

# x        y
6.2652     7.5654    
2.7351     8.1706    
7.1050     12.0873   
1.0050     2.6846    
9.8290     25.8889   
7.7920     6.2814    

# Frame18

# x        y
6.2652     7.5654    
2.8993     6.8451    
7.1050     12.0873   
1.0050     2.6846    
9.8290     25.8889   
7.7920     6.2814    

# Frame19

# x        y
6.2652     7.5654    
3.0608     5.5418    
7.1050     12.0873   
1.0050     2.6846    
9.8290     25.8889   
7.7920     6.2814    

# Frame20

# x        y
6.2652     7.5654    
3.2196     4.2601    
7.1050     12.0873   
1.0050     2.6846    
9.8290     25.8889   
7.7920     6.2814    

# Frame21

# x        y
6.2652     7.5654    
3.3758     2.9999    
7.1050     12.0873   
1.0050     2.6846    
9.8290     25.8889   
7.7920     6.2814    

# Frame22

# x        y
6.2652     7.5654    
3.5293     1.7606    
7.1050     12.0873   
1.0050     2.6846    
9.8290     25.8889   
7.7920     6.2814    

# Frame23

# x        y
6.2652     7.5654    
3.7788     1.2314    
7.1050     12.0873   
1.0050     2.6846    
9.8290     25.8889   
7.7920     6.2814    

# Frame24

# x        y
6.2652     7.5654    
4.1877     1.8305    
7.1050     12.0873   
1.0050     2.6846    
9.8290     25.8889   
7.7920     6.2814    

# Frame25

# x        y
6.2652     7.5654    
4.5899     2.4197    
7.1050     12.0873   
1.0050     2.6846    
9.8290     25.8889   
7.7920     6.2814    

# Frame26

# x        y
6.2652     7.5654    
4.9853     2.9990    
7.1050     12.0873   
1.0050     2.6846    
9.8290     25.8889   
7.7920     6.2814    

# Frame27

# x        y
6.2652     7.5654    
5.3742     3.5687    
7.1050     12.0873   
1.0050     2.6846    
9.8290     25.8889   
7.7920     6.2814    

# Frame28

# x        y
6.2652     7.5654    
5.7566     4.1289    
7.1050     12.0873   
1.0050     2.6846    
9.8290     25.8889   
7.7920     6.2814    

# Frame29

# x        y
6.2652     7.5654    
6.1326     4.6798    
7.1050     12.0873   
1.0050     2.6846    
9.8290     25.8889   
7.7920     6.2814    

# Frame30

# x        y
6.2652     7.5654    
6.3121     5.0694    
7.1050     12.0873   
1.0050     2.6846    
9.8290     25.8889   
7.9822     6.4335    

# Frame31

# x        y
6.2652     7.5654    
6.3075     5.3083    
7.1050     12.0873   
1.0050     2.6846    
9.8290     25.8889   
8.3503     6.7272    

# Frame32

# x        y
6.2652     7.5654    
6.3031     5.5432    
7.1050     12.0873   
1.0050     2.6846    
9.8290     25.8889   
8.7123     7.0161    

# Frame33

# x        y
6.2965     7.7161    
6.2673     5.6236    
7.1050     12.0873   
1.0050     2.6846    
9.8290     25.8889   
9.0682     7.3001    

# Frame34

# x        y
6.3335     7.8872    
6.2261     5.6796    
7.1050     12.0873   
1.0050     2.6846    
9.8290     25.8889   
9.4183     7.5794    

# Frame35

# x        y
6.3698     8.0555    
6.1855     5.7347    
7.1050     12.0873   
1.0050     2.6846    
9.8290     25.8889   
9.7624     7.8541    

# Frame36

# x        y
6.4055     8.2209    
6.1456     5.7889    
7.1050     12.0873   
1.0050     2.6846    
9.8290     25.8889   
10.1009    8.1241    

# Frame37

# x        y
6.4406     8.3836    
6.1064     5.8422    
7.1050     12.0873   
1.0050     2.6846    
9.8290     25.8889   
10.4337    8.3897    

# Frame38

# x        y
6.4752     8.5436    
6.0678     5.8946    
7.1050     12.0873   
1.0050     2.6846    
9.8290     25.8889   
10.7609    8.6508    

# Frame39

# x        y
6.5091     8.7010    
6.0299     5.9461    
7.1050     12.0873   
1.0050     2.6846    
9.8290     25.8889   
11.0827    8.9076    

# Frame40

# x        y
6.5425     8.8557    
5.9926     5.9967    
7.1050     12.0873   
1.0050     2.6846    
9.8290     25.8889   
11.3991    9.1602    

# Frame41

# x        y
6.5754     9.0078    
5.9559     6.0466    
7.1050     12.0873   
1.0050     2.6846    
9.8290     25.8889   
11.7103    9.4085    

# Frame42

# x        y
6.6077     9.1574    
5.9199     6.0956    
7.1050     12.0873   
1.0050     2.6846    
9.8290     25.8889   
12.0163    9.6526    

# Frame43

# x        y
6.6394     9.3045    
5.8844     6.1437    
7.1050     12.0873   
1.0050     2.6846    
9.8290     25.8889   
12.3172    9.8927    

# Frame44

# x        y
6.6707     9.4491    
5.8495     6.1911    
7.1050     12.0873   
1.0050     2.6846    
9.8290     25.8889   
12.6130    10.1288   

# Frame45

# x        y
6.7014     9.5914    
5.8152     6.2377    
7.1050     12.0873   
1.0050     2.6846    
9.8290     25.8889   
12.9039    10.3610   

# Frame46

# x        y
6.7316     9.7313    
5.7815     6.2835    
7.1050     12.0873   
1.0050     2.6846    
9.8290     25.8889   
13.1900    10.5893   

# Frame47

# x        y
6.7612     9.8688    
5.7484     6.3285    
7.1050     12.0873   
1.0050     2.6846    
9.8290     25.8889   
13.4713    10.8137   

# Frame48

# x        y
6.7904     10.0040   
5.7158     6.3728    
7.1050     12.0873   
1.0050     2.6846    
9.8290     25.8889   
13.7480    11.0345   

# Frame49

# x        y
6.8176     10.1220   
5.6837     6.4163    
7.1066     12.1023   
1.0050     2.6846    
9.8290     25.8889   
14.0200    11.2515   

# Frame50

# x        y
6.8375     10.1528   
5.6522     6.4592    
7.1149     12.2023   
1.0050     2.6846    
9.8290     25.8889   
14.2874    11.4650   

# Frame51

# x        y
6.8570     10.1831   
5.6212     6.5013    
7.1231     12.3006   
1.0050     2.6846    
9.8290     25.8889   
14.5505    11.6749   

# Frame52

# x        y
6.8762     10.2129   
5.5907     6.5427    
7.1312     12.3973   
1.0050     2.6846    
9.8290     25.8889   
14.8091    11.8813   

# Frame53

# x        y
6.8951     10.2422   
5.5607     6.5834    
7.1392     12.4923   
1.0050     2.6846    
9.8290     25.8889   
15.0634    12.0842   

# Frame54

# x        y
6.9137     10.2710   
5.5312     6.6234    
7.1470     12.5858   
1.0050     2.6846    
9.8290     25.8889   
15.3135    12.2838   

# Frame55

# x        y
6.9320     10.2993   
5.5023     6.6628    
7.1547     12.6777   
1.0050     2.6846    
9.8290     25.8889   
15.5594    12.4800   

# Frame56

# x        y
6.9499     10.3271   
5.4738     6.7015    
7.1622     12.7681   
1.0050     2.6846    
9.8290     25.8889   
15.8013    12.6730   

# Frame57

# x        y
6.9676     10.3545   
5.4457     6.7396    
7.1697     12.8569   
1.0050     2.6846    
9.8290     25.8889   
16.0391    12.8628   

# Frame58

# x        y
6.9850     10.3815   
5.4182     6.7770    
7.1770     12.9443   
1.0050     2.6846    
9.8290     25.8889   
16.2729    13.0493   

# Frame59

# x        y
7.0021     10.4080   
5.3911     6.8139    
7.1841     13.0303   
1.0050     2.6846    
9.8290     25.8889   
16.5028    13.2328   

# Frame60

# x        y
7.0189     10.4340   
5.3644     6.8501    
7.1912     13.1148   
1.0050     2.6846    
9.8290     25.8889   
16.7289    13.4133   

# Frame61

# x        y
7.0354     10.4596   
5.3382     6.8856    
7.1982     13.1978   
1.0050     2.6846    
9.8290     25.8889   
16.9512    13.5907   

# Frame62

# x        y
7.0516     10.4848   
5.3124     6.9207    
7.2050     13.2796   
1.0050     2.6846    
9.8290     25.8889   
17.1699    13.7651   

# Frame63

# x        y
7.0676     10.5095   
5.2871     6.9551    
7.2117     13.3599   
1.0050     2.6846    
9.8290     25.8889   
17.3848    13.9367   

# Frame64

# x        y
7.0833     10.5339   
5.2622     6.9889    
7.2183     13.4389   
1.0050     2.6846    
9.8290     25.8889   
17.5962    14.1054   

# Frame65

# x        y
7.0988     10.5578   
5.2377     7.0222    
7.2248     13.5166   
1.0050     2.6846    
9.8290     25.8889   
17.8041    14.2713   

# Frame66

# x        y
7.1139     10.5814   
5.2136     7.0549    
7.2312     13.5930   
1.0050     2.6846    
9.8290     25.8889   
18.0085    14.4344   

# Frame67

# x        y
7.1289     10.6045   
5.1899     7.0871    
7.2375     13.6681   
1.0050     2.6846    
9.8290     25.8889   
18.2095    14.5948   

# Frame68

# x        y
7.1436     10.6273   
5.1666     7.1187    
7.2436     13.7420   
1.0050     2.6846    
9.8290     25.8889   
18.4072    14.7525   

# Frame69

# x        y
7.1580     10.6497   
5.1437     7.1499    
7.2497     13.8146   
1.0050     2.6846    
9.8290     25.8889   
18.6015    14.9076   

# Frame70

# x        y
7.1722     10.6717   
5.1212     7.1805    
7.2557     13.8860   
1.0050     2.6846    
9.8290     25.8889   
18.7927    15.0601   

# Frame71

# x        y
7.1862     10.6933   
5.0990     7.2106    
7.2616     13.9563   
1.0050     2.6846    
9.8290     25.8889   
18.9806    15.2101   

# Frame72

# x        y
7.1999     10.7146   
5.0772     7.2401    
7.2673     14.0253   
1.0050     2.6846    
9.8290     25.8889   
18.9154    15.3107   

# Frame73

# x        y
7.2134     10.7356   
5.0558     7.2692    
7.2730     14.0933   
1.0050     2.6846    
9.8290     25.8889   
18.8246    15.4026   

# Frame74

# x        y
7.2267     10.7561   
5.0348     7.2978    
7.2786     14.1600   
1.0050     2.6846    
9.8290     25.8889   
18.7352    15.4930   

# Frame75

# x        y
7.2397     10.7764   
5.0141     7.3260    
7.2841     14.2257   
1.0050     2.6846    
9.8290     25.8889   
18.6474    15.5819   

# Frame76

# x        y
7.2526     10.7963   
4.9937     7.3536    
7.2895     14.2903   
1.0050     2.6846    
9.8290     25.8889   
18.5610    15.6693   

# Frame77

# x        y
7.2652     10.8159   
4.9737     7.3808    
7.2948     14.3538   
1.0050     2.6846    
9.8290     25.8889   
18.4760    15.7552   

# Frame78

# x        y
7.2776     10.8351   
4.9540     7.4076    
7.3000     14.4162   
1.0050     2.6846    
9.8290     25.8889   
18.3925    15.8397   

# Frame79

# x        y
7.2898     10.8540   
4.9346     7.4339    
7.3051     14.4776   
1.0050     2.6846    
9.8290     25.8889   
18.3103    15.9228   

# Frame80

# x        y
7.3018     10.8726   
4.9156     7.4598    
7.3102     14.5380   
1.0050     2.6846    
9.8290     25.8889   
18.2296    16.0045   

# Frame81

# x        y
7.3136     10.8909   
4.8968     7.4852    
7.3152     14.5974   
1.0050     2.6846    
9.8290     25.8889   
18.1501    16.0849   

# Frame82

# x        y
7.3252     10.9089   
4.8784     7.5102    
7.3200     14.6558   
1.0050     2.6846    
9.8290     25.8889   
18.0720    16.1639   

# Frame83

# x        y
7.3366     10.9266   
4.8603     7.5348    
7.3248     14.7132   
1.0050     2.6846    
9.8290     25.8889   
17.9952    16.2416   

# Frame84

# x        y
7.3479     10.9440   
4.8425     7.5590    
7.3296     14.7696   
1.0050     2.6846    
9.8290     25.8889   
17.9197    16.3180   

# Frame85

# x        y
7.3589     10.9611   
4.8250     7.5828    
7.3342     14.8251   
1.0050     2.6846    
9.8290     25.8889   
17.8454    16.3932   

# Frame86

# x        y
7.3697     10.9779   
4.8078     7.6061    
7.3388     14.8797   
1.0050     2.6846    
9.8290     25.8889   
17.7724    16.4670   

# Frame87

# x        y
7.3804     10.9945   
4.7909     7.6291    
7.3432     14.9334   
1.0050     2.6846    
9.8290     25.8889   
17.7006    16.5397   

# Frame88

# x        y
7.3909     11.0108   
4.7742     7.6517    
7.3477     14.9862   
1.0050     2.6846    
9.8290     25.8889   
17.6300    16.6111   

# Frame89

# x        y
7.4012     11.0268   
4.7579     7.6740    
7.3520     15.0381   
1.0050     2.6846    
9.8290     25.8889   
17.5605    16.6814   

# Frame90

# x        y
7.4114     11.0425   
4.7418     7.6958    
7.3563     15.0891   
1.0050     2.6846    
9.8290     25.8889   
17.4923    16.7504   

# Frame91

# x        y
7.4214     11.0579   
4.7259     7.7173    
7.3605     15.1393   
1.0050     2.6846    
9.8290     25.8889   
17.4251    16.8184   

# Frame92

# x        y
7.4312     11.0732   
4.7104     7.7385    
7.3646     15.1886   
1.0050     2.6846    
9.8290     25.8889   
17.3591    16.8851   

# Frame93

# x        y
7.4408     11.0881   
4.6951     7.7593    
7.3686     15.2372   
1.0050     2.6846    
9.8290     25.8889   
17.2942    16.9508   

# Frame94

# x        y
7.4503     11.1028   
4.6800     7.7797    
7.3726     15.2849   
1.0050     2.6846    
9.8290     25.8889   
17.2303    17.0154   

# Frame95

# x        y
7.4596     11.1173   
4.6652     7.7998    
7.3766     15.3318   
1.0050     2.6846    
9.8290     25.8889   
17.1675    17.0789   

# Frame96

# x        y
7.4688     11.1315   
4.6507     7.8196    
7.3804     15.3780   
1.0050     2.6846    
9.8290     25.8889   
17.1058    17.1414   

# Frame97

# x        y
7.4778     11.1455   
4.6364     7.8390    
7.3842     15.4233   
1.0050     2.6846    
9.8290     25.8889   
17.0451    17.2028   

# Frame98

# x        y
7.4867     11.1592   
4.6223     7.8581    
7.3879     15.4679   
1.0050     2.6846    
9.8290     25.8889   
16.9854    17.2632   

# Frame99

# x        y
7.4954     11.1728   
4.6085     7.8769    
7.3916     15.5118   
1.0050     2.6846    
9.8290     25.8889   
16.9267    17.3225   

# Frame100

# x        y
7.5040     11.1861   
4.5948     7.8954    
7.3952     15.5550   
1.0050     2.6846    
9.8290     25.8889   
16.8690    17.3809   

# Frame101

# x        y
7.5124     11.1991   
4.5815     7.9136    
7.3988     15.5974   
1.0050     2.6846    
9.8290     25.8889   
16.8123    17.4383   

# Frame102

# x        y
7.5207     11.2120   
4.5683     7.9314    
7.4022     15.6391   
1.0050     2.6846    
9.8290     25.8889   
16.7565    17.4948   

# Frame103

# x        y
7.5289     11.2246   
4.5554     7.9490    
7.4057     15.6801   
1.0050     2.6846    
9.8290     25.8889   
16.7016    17.5503   

# Frame104

# x        y
7.5369     11.2371   
4.5427     7.9663    
7.4090     15.7204   
1.0050     2.6846    
9.8290     25.8889   
16.6476    17.6049   

# Frame105

# x        y
7.5448     11.2493   
4.5301     7.9833    
7.4124     15.7601   
1.0050     2.6846    
9.8290     25.8889   
16.5945    17.6586   

# Frame106

# x        y
7.5525     11.2613   
4.5178     8.0000    
7.4156     15.7991   
1.0050     2.6846    
9.8290     25.8889   
16.5424    17.7114   

# Frame107

# x        y
7.5601     11.2731   
4.5058     8.0164    
7.4188     15.8375   
1.0050     2.6846    
9.8290     25.8889   
16.4911    17.7633   

# Frame108

# x        y
7.5676     11.2847   
4.4939     8.0326    
7.4220     15.8752   
1.0050     2.6846    
9.8290     25.8889   
16.4406    17.8143   

# Frame109

# x        y
7.5750     11.2962   
4.4822     8.0485    
7.4251     15.9123   
1.0050     2.6846    
9.8290     25.8889   
16.3910    17.8645   

# Frame110

# x        y
7.5823     11.3074   
4.4707     8.0641    
7.4281     15.9487   
1.0050     2.6846    
9.8290     25.8889   
16.3422    17.9139   

# Frame111

# x        y
7.5894     11.3185   
4.4594     8.0795    
7.4311     15.9846   
1.0050     2.6846    
9.8290     25.8889   
16.2942    17.9624   

# Frame112

# x        y
7.5964     11.3293   
4.4482     8.0946    
7.4341     16.0198   
1.0050     2.6846    
9.8290     25.8889   
16.2471    18.0101   

# Frame113

# x        y
7.6033     11.3400   
4.4373     8.1094    
7.4370     16.0545   
1.0050     2.6846    
9.8290     25.8889   
16.2007    18.0571   

# Frame114

# x        y
7.6101     11.3505   
4.4265     8.1240    
7.4398     16.0886   
1.0050     2.6846    
9.8290     25.8889   
16.1551    18.1032   

# Frame115

# x        y
7.6167     11.3609   
4.4160     8.1384    
7.4426     16.1221   
1.0050     2.6846    
9.8290     25.8889   
16.1102    18.1486   

# Frame116

# x        y
7.6233     11.3710   
4.4056     8.1525    
7.4454     16.1551   
1.0050     2.6846    
9.8290     25.8889   
16.0661    18.1932   

# Frame117

# x        y
7.6297     11.3810   
4.3954     8.1664    
7.4481     16.1875   
1.0050     2.6846    
9.8290     25.8889   
16.0227    18.2371   

# Frame118

# x        y
7.6361     11.3908   
4.3853     8.1800    
7.4508     16.2194   
1.0050     2.6846    
9.8290     25.8889   
15.9801    18.2802   

# Frame119

# x        y
7.6423     11.4005   
4.3754     8.1935    
7.4534     16.2508   
1.0050     2.6846    
9.8290     25.8889   
15.9381    18.3227   

# Frame120

# x        y
7.6484     11.4100   
4.3657     8.2067    
7.4560     16.2816   
1.0050     2.6846    
9.8290     25.8889   
15.8969    18.3644   

# Frame121

# x        y
7.6545     11.4193   
4.3561     8.2197    
7.4585     16.3119   
1.0050     2.6846    
9.8290     25.8889   
15.8563    18.4054   

# Frame122

# x        y
7.6604     11.4285   
4.3467     8.2324    
7.4610     16.3417   
1.0050     2.6846    
9.8290     25.8889   
15.8165    18.4457   

# Frame123

# x        y
7.6662     11.4376   
4.3375     8.2450    
7.4634     16.3710   
1.0050     2.6846    
9.8290     25.8889   
15.7772    18.4854   

# Frame124

# x        y
7.6719     11.4464   
4.3284     8.2573    
7.4658     16.3998   
1.0050     2.6846    
9.8290     25.8889   
15.7387    18.5244   

# Frame125

# x        y
7.6776     11.4552   
4.3195     8.2695    
7.4682     16.4282   
1.0050     2.6846    
9.8290     25.8889   
15.7008    18.5628   

# Frame126

# x        y
7.6831     11.4638   
4.3107     8.2814    
7.4705     16.4560   
1.0050     2.6846    
9.8290     25.8889   
15.6635    18.6005   

# Frame127

# x        y
7.6886     11.4722   
4.3020     8.2932    
7.4728     16.4834   
1.0050     2.6846    
9.8290     25.8889   
15.6268    18.6376   

# Frame128

# x        y
7.6939     11.4805   
4.2935     8.3047    
7.4751     16.5104   
1.0050     2.6846    
9.8290     25.8889   
15.5908    18.6740   

# Frame129

# x        y
7.6992     11.4887   
4.2852     8.3161    
7.4773     16.5369   
1.0050     2.6846    
9.8290     25.8889   
15.5553    18.7099   

# Frame130

# x        y
7.7044     11.4967   
4.2770     8.3272    
7.4795     16.5629   
1.0050     2.6846    
9.8290     25.8889   
15.5205    18.7452   

# Frame131

# x        y
7.7095     11.5046   
4.2689     8.3382    
7.4816     16.5886   
1.0050     2.6846    
9.8290     25.8889   
15.4862    18.7799   

# Frame132

# x        y
7.7145     11.5124   
4.2609     8.3490    
7.4837     16.6138   
1.0050     2.6846    
9.8290     25.8889   
15.4525    18.8140   

# Frame133

# x        y
7.7194     11.5200   
4.2531     8.3596    
7.4858     16.6385   
1.0050     2.6846    
9.8290     25.8889   
15.4193    18.8475   

# Frame134

# x        y
7.7242     11.5275   
4.2454     8.3700    
7.4878     16.6629   
1.0050     2.6846    
9.8290     25.8889   
15.3867    18.8805   

# Frame135

# x        y
7.7290     11.5349   
4.2379     8.3803    
7.4898     16.6868   
1.0050     2.6846    
9.8290     25.8889   
15.3547    18.9129   

# Frame136

# x        y
7.7337     11.5422   
4.2305     8.3904    
7.4918     16.7104   
1.0050     2.6846    
9.8290     25.8889   
15.3232    18.9448   

# Frame137

# x        y
7.7383     11.5493   
4.2231     8.4003    
7.4937     16.7336   
1.0050     2.6846    
9.8290     25.8889   
15.2922    18.9761   

# Frame138

# x        y
7.7428     11.5563   
4.2160     8.4101    
7.4956     16.7563   
1.0050     2.6846    
9.8290     25.8889   
15.2617    19.0069   

# Frame139

# x        y
7.7473     11.5632   
4.2089     8.4197    
7.4975     16.7787   
1.0050     2.6846    
9.8290     25.8889   
15.2317    19.0373   

# Frame140

# x        y
7.7517     11.5700   
4.2020     8.4291    
7.4994     16.8008   
1.0050     2.6846    
9.8290     25.8889   
15.2023    19.0671   

# Frame141

# x        y
7.7560     11.5767   
4.1951     8.4384    
7.5012     16.8224   
1.0050     2.6846    
9.8290     25.8889   
15.1733    19.0964   

# Frame142

# x        y
7.7602     11.5832   
4.1884     8.4475    
7.5029     16.8437   
1.0050     2.6846    
9.8290     25.8889   
15.1448    19.1252   

# Frame143

# x        y
7.7644     11.5897   
4.1818     8.4565    
7.5047     16.8647   
1.0050     2.6846    
9.8290     25.8889   
15.1168    19.1535   

# Frame144

# x        y
7.7685     11.5960   
4.1753     8.4653    
7.5064     16.8853   
1.0050     2.6846    
9.8290     25.8889   
15.0892    19.1814   

# Frame145

# x        y
7.7725     11.6023   
4.1689     8.4740    
7.5081     16.9055   
1.0050     2.6846    
9.8290     25.8889   
15.0621    19.2088   

# Frame146

# x        y
7.7764     11.6084   
4.1626     8.4825    
7.5098     16.9254   
1.0050     2.6846    
9.8290     25.8889   
15.0355    19.2358   

# Frame147

# x        y
7.7803     11.6145   
4.1565     8.4909    
7.5114     16.9450   
1.0050     2.6846    
9.8290     25.8889   
15.0093    19.2623   

# Frame148

# x        y
7.7842     11.6204   
4.1504     8.4991    
7.5130     16.9643   
1.0050     2.6846    
9.8290     25.8889   
14.9836    19.2883   

# Frame149

# x        y
7.7879     11.6262   
4.1444     8.5072    
7.5146     16.9832   
1.0050     2.6846    
9.8290     25.8889   
14.9582    19.3140   

# Frame150

# x        y
7.7916     11.6320   
4.1386     8.5152    
7.5162     17.0018   
1.0050     2.6846    
9.8290     25.8889   
14.9333    19.3392   

# Frame151

# x        y
7.7953     11.6376   
4.1328     8.5231    
7.5177     17.0201   
1.0050     2.6846    
9.8290     25.8889   
14.9088    19.3639   

# Frame152

# x        y
7.7988     11.6432   
4.1271     8.5308    
7.5192     17.0381   
1.0050     2.6846    
9.8290     25.8889   
14.8847    19.3883   

# Frame153

# x        y
7.8024     11.6486   
4.1215     8.5384    
7.5207     17.0558   
1.0050     2.6846    
9.8290     25.8889   
14.8611    19.4123   

# Frame154

# x        y
7.8058     11.6540   
4.1160     8.5458    
7.5221     17.0732   
1.0050     2.6846    
9.8290     25.8889   
14.8378    19.4358   

# Frame155

# x        y
7.8092     11.6593   
4.1106     8.5531    
7.5236     17.0903   
1.0050     2.6846    
9.8290     25.8889   
14.8149    19.4590   

# Frame156

# x        y
7.8126     11.6644   
4.1053     8.5604    
7.5250     17.1072   
1.0050     2.6846    
9.8290     25.8889   
14.7923    19.4818   

# Frame157

# x        y
7.8159     11.6695   
4.1001     8.5674    
7.5264     17.1237   
1.0050     2.6846    
9.8290     25.8889   
14.7702    19.5042   

# Frame158

# x        y
7.8191     11.6746   
4.0950     8.5744    
7.5277     17.1400   
1.0050     2.6846    
9.8290     25.8889   
14.7484    19.5262   

# Frame159

# x        y
7.8223     11.6795   
4.0899     8.5813    
7.5291     17.1560   
1.0050     2.6846    
9.8290     25.8889   
14.7270    19.5479   

# Frame160

# x        y
7.8254     11.6843   
4.0850     8.5880    
7.5304     17.1717   
1.0050     2.6846    
9.8290     25.8889   
14.7060    19.5692   

# Frame161

# x        y
7.8285     11.6891   
4.0801     8.5946    
7.5317     17.1872   
1.0050     2.6846    
9.8290     25.8889   
14.6853    19.5901   

# Frame162

# x        y
7.8315     11.6938   
4.0753     8.6012    
7.5329     17.2024   
1.0050     2.6846    
9.8290     25.8889   
14.6649    19.6107   

# Frame163

# x        y
7.8345     11.6984   
4.0706     8.6076    
7.5342     17.2174   
1.0050     2.6846    
9.8290     25.8889   
14.6449    19.6310   

# Frame164

# x        y
7.8374     11.7029   
4.0659     8.6139    
7.5354     17.2321   
1.0050     2.6846    
9.8290     25.8889   
14.6252    19.6509   

# Frame165

# x        y
7.8403     11.7074   
4.0614     8.6201    
7.5366     17.2466   
1.0050     2.6846    
9.8290     25.8889   
14.6058    19.6705   

# Frame166

# x        y
7.8431     11.7118   
4.0569     8.6262    
7.5378     17.2608   
1.0050     2.6846    
9.8290     25.8889   
14.5868    19.6897   

# Frame167

# x        y
7.8459     11.7161   
4.0525     8.6322    
7.5390     17.2748   
1.0050     2.6846    
9.8290     25.8889   
14.5681    19.7086   

# Frame168

# x        y
7.8486     11.7203   
4.0481     8.6381    
7.5401     17.2886   
1.0050     2.6846    
9.8290     25.8889   
14.5497    19.7273   

# Frame169

# x        y
7.8513     11.7245   
4.0439     8.6439    
7.5413     17.3021   
1.0050     2.6846    
9.8290     25.8889   
14.5316    19.7456   

# Frame170

# x        y
7.8540     11.7286   
4.0397     8.6496    
7.5424     17.3154   
1.0050     2.6846    
9.8290     25.8889   
14.5138    19.7636   

# Frame171

# x        y
7.8566     11.7326   
4.0355     8.6552    
7.5435     17.3285   
1.0050     2.6846    
9.8290     25.8889   
14.4963    19.7813   

# Frame172

# x        y
7.8591     11.7366   
4.0315     8.6607    
7.5445     17.3413   
1.0050     2.6846    
9.8290     25.8889   
14.4791    19.7987   

# Frame173

# x        y
7.8616     11.7405   
4.0275     8.6661    
7.5456     17.3540   
1.0050     2.6846    
9.8290     25.8889   
14.4622    19.8158   

# Frame174

# x        y
7.8641     11.7443   
4.0236     8.6714    
7.5466     17.3664   
1.0050     2.6846    
9.8290     25.8889   
14.4455    19.8326   

# Frame175

# x        y
7.8665     11.7481   
4.0197     8.6767    
7.5477     17.3786   
1.0050     2.6846    
9.8290     25.8889   
14.4292    19.8492   

# Frame176

# x        y
7.8689     11.7518   
4.0159     8.6818    
7.5487     17.3907   
1.0050     2.6846    
9.8290     25.8889   
14.4131    19.8655   

# Frame177

# x        y
7.8713     11.7555   
4.0122     8.6869    
7.5497     17.4025   
1.0050     2.6846    
9.8290     25.8889   
14.3972    19.8815   

# Frame178

# x        y
7.8736     11.7590   
4.0085     8.6919    
7.5506     17.4141   
1.0050     2.6846    
9.8290     25.8889   
14.3817    19.8972   

# Frame179

# x        y
7.8759     11.7626   
4.0049     8.6968    
7.5516     17.4256   
1.0050     2.6846    
9.8290     25.8889   
14.3664    19.9127   

# Frame180

# x        y
7.8781     11.7660   
4.0014     8.7016    
7.5525     17.4368   
1.0050     2.6846    
9.8290     25.8889   
14.3513    19.9279   

# Frame181

# x        y
7.8803     11.7694   
3.9979     8.7063    
7.5535     17.4479   
1.0050     2.6846    
9.8290     25.8889   
14.3365    19.9429   

# Frame182

# x        y
7.8825     11.7728   
3.9944     8.7110    
7.5544     17.4587   
1.0050     2.6846    
9.8290     25.8889   
14.3220    19.9576   

# Frame183

# x        y
7.8846     11.7761   
3.9911     8.7155    
7.5553     17.4694   
1.0050     2.6846    
9.8290     25.8889   
14.3077    19.9721   

# Frame184

# x        y
7.8867     11.7793   
3.9878     8.7201    
7.5561     17.4799   
1.0050     2.6846    
9.8290     25.8889   
14.2936    19.9863   

# Frame185

# x        y
7.8887     11.7825   
3.9845     8.7245    
7.5570     17.4903   
1.0050     2.6846    
9.8290     25.8889   
14.2798    20.0003   

# Frame186

# x        y
7.8908     11.7856   
3.9813     8.7288    
7.5578     17.5004   
1.0050     2.6846    
9.8290     25.8889   
14.2662    20.0140   

# Frame187

# x        y
7.8927     11.7887   
3.9781     8.7331    
7.5587     17.5104   
1.0050     2.6846    
9.8290     25.8889   
14.2528    20.0276   

# Frame188

# x        y
7.8947     11.7918   
3.9750     8.7373    
7.5595     17.5203   
1.0050     2.6846    
9.8290     25.8889   
14.2397    20.0409   

# Frame189

# x        y
7.8966     11.7947   
3.9720     8.7415    
7.5603     17.5299   
1.0050     2.6846    
9.8290     25.8889   
14.2267    20.0540   

# Frame190

# x        y
7.8985     11.7977   
3.9690     8.7455    
7.5611     17.5394   
1.0050     2.6846    
9.8290     25.8889   
14.2140    20.0668   

# Frame191

# x        y
7.9004     11.8005   
3.9660     8.7495    
7.5619     17.5488   
1.0050     2.6846    
9.8290     25.8889   
14.2015    20.0795   

# Frame192

# x        y
7.9022     11.8034   
3.9631     8.7535    
7.5627     17.5580   
1.0050     2.6846    
9.8290     25.8889   
14.1892    20.0919   

# Frame193

# x        y
7.9040     11.8062   
3.9603     8.7574    
7.5634     17.5670   
1.0050     2.6846    
9.8290     25.8889   
14.1771    20.1042   

# Frame194

# x        y
7.9058     11.8089   
3.9575     8.7612    
7.5642     17.5759   
1.0050     2.6846    
9.8290     25.8889   
14.1652    20.1162   

# Frame195

# x        y
7.9075     11.8116   
3.9547     8.7649    
7.5649     17.5846   
1.0050     2.6846    
9.8290     25.8889   
14.1536    20.1280   

# Frame196

# x        y
7.9092     11.8142   
3.9520     8.7686    
7.5656     17.5932   
1.0050     2.6846    
9.8290     25.8889   
14.1421    20.1396   

# Frame197

# x        y
7.9109     11.8169   
3.9494     8.7722    
7.5663     17.6017   
1.0050     2.6846    
9.8290     25.8889   
14.1307    20.1511   

# Frame198

# x        y
7.9125     11.8194   
3.9467     8.7758    
7.5670     17.6100   
1.0050     2.6846    
9.8290     25.8889   
14.1196    20.1623   

# Frame199

# x        y
7.9142     11.8219   
3.9442     8.7793    
7.5677     17.6182   
1.0050     2.6846    
9.8290     25.8889   
14.1087    20.1734   

# Frame200

# x        y
7.9158     11.8244   
3.9416     8.7827    
7.5684     17.6262   
1.0050     2.6846    
9.8290     25.8889   
14.0980    20.1843   

# Frame201

# x        y
7.9173     11.8268   
3.9391     8.7861    
7.5690     17.6341   
1.0050     2.6846    
9.8290     25.8889   
14.0874    20.1949   

# Frame202

# x        y
7.9189     11.8292   
3.9367     8.7894    
7.5697     17.6419   
1.0050     2.6846    
9.8290     25.8889   
14.0770    20.2055   

# Frame203

# x        y
7.9204     11.8316   
3.9343     8.7927    
7.5703     17.6495   
1.0050     2.6846    
9.8290     25.8889   
14.0668    20.2158   

# Frame204

# x        y
7.9219     11.8339   
3.9319     8.7959    
7.5709     17.6570   
1.0050     2.6846    
9.8290     25.8889   
14.0567    20.2260   

# Frame205

# x        y
7.9234     11.8362   
3.9296     8.7991    
7.5716     17.6644   
1.0050     2.6846    
9.8290     25.8889   
14.0468    20.2360   

# Frame206

# x        y
7.9248     11.8384   
3.9273     8.8022    
7.5722     17.6717   
1.0050     2.6846    
9.8290     25.8889   
14.0371    20.2458   

# Frame207

# x        y
7.9262     11.8406   
3.9250     8.8052    
7.5728     17.6788   
1.0050     2.6846    
9.8290     25.8889   
14.0276    20.2555   

# Frame208

# x        y
7.9276     11.8428   
3.9228     8.8083    
7.5733     17.6858   
1.0050     2.6846    
9.8290     25.8889   
14.0182    20.2650   

# Frame209

# x        y
7.9290     11.8449   
3.9206     8.8112    
7.5739     17.6927   
1.0050     2.6846    
9.8290     25.8889   
14.0089    20.2743   

# Frame210

# x        y
7.9303     11.8470   
3.9185     8.8141    
7.5745     17.6995   
1.0050     2.6846    
9.8290     25.8889   
13.9998    20.2835   

# Frame211

# x        y
7.9317     11.8491   
3.9164     8.8170    
7.5751     17.7062   
1.0050     2.6846    
9.8290     25.8889   
13.9909    20.2926   

# Frame212

# x        y
7.9330     11.8511   
3.9143     8.8198    
7.5756     17.7128   
1.0050     2.6846    
9.8290     25.8889   
13.9821    20.3014   

# Frame213

# x        y
7.9343     11.8531   
3.9123     8.8226    
7.5761     17.7192   
1.0050     2.6846    
9.8290     25.8889   
13.9735    20.3102   

# Frame214

# x        y
7.9355     11.8550   
3.9103     8.8253    
7.5767     17.7256   
1.0050     2.6846    
9.8290     25.8889   
13.9650    20.3188   

# Frame215

# x        y
7.9368     11.8570   
3.9083     8.8280    
7.5772     17.7318   
1.0050     2.6846    
9.8290     25.8889   
13.9566    20.3272   

# Frame216

# x        y
7.9380     11.8589   
3.9064     8.8306    
7.5777     17.7380   
1.0050     2.6846    
9.8290     25.8889   
13.9484    20.3355   

# Frame217

# x        y
7.9392     11.8607   
3.9045     8.8332    
7.5782     17.7440   
1.0050     2.6846    
9.8290     25.8889   
13.9403    20.3437   

# Frame218

# x        y
7.9404     11.8625   
3.9026     8.8357    
7.5787     17.7500   
1.0050     2.6846    
9.8290     25.8889   
13.9324    20.3517   

# Frame219

# x        y
7.9415     11.8643   
3.9008     8.8382    
7.5792     17.7558   
1.0050     2.6846    
9.8290     25.8889   
13.9246    20.3596   

# Frame220

# x        y
7.9427     11.8661   
3.8990     8.8407    
7.5797     17.7615   
1.0050     2.6846    
9.8290     25.8889   
13.9169    20.3674   

# Frame221

# x        y
7.9438     11.8679   
3.8972     8.8431    
7.5801     17.7672   
1.0050     2.6846    
9.8290     25.8889   
13.9093    20.3751   

# Frame222

# x        y
7.9449     11.8696   
3.8954     8.8455    
7.5806     17.7727   
1.0050     2.6846    
9.8290     25.8889   
13.9019    20.3826   

# Frame223

# x        y
7.9460     11.8712   
3.8937     8.8478    
7.5811     17.7782   
1.0050     2.6846    
9.8290     25.8889   
13.8946    20.3900   

# Frame224

# x        y
7.9470     11.8729   
3.8920     8.8501    
7.5815     17.7836   
1.0050     2.6846    
9.8290     25.8889   
13.8874    20.3972   

# Frame225

# x        y
7.9481     11.8745   
3.8903     8.8524    
7.5820     17.7888   
1.0050     2.6846    
9.8290     25.8889   
13.8804    20.4044   

# Frame226

# x        y
7.9491     11.8761   
3.8887     8.8546    
7.5824     17.7940   
1.0050     2.6846    
9.8290     25.8889   
13.8734    20.4114   

# Frame227

# x        y
7.9501     11.8777   
3.8871     8.8568    
7.5828     17.7991   
1.0050     2.6846    
9.8290     25.8889   
13.8666    20.4183   

# Frame228

# x        y
7.9511     11.8792   
3.8855     8.8589    
7.5832     17.8041   
1.0050     2.6846    
9.8290     25.8889   
13.8599    20.4251   

# Frame229

# x        y
7.9521     11.8808   
3.8840     8.8611    
7.5836     17.8091   
1.0050     2.6846    
9.8290     25.8889   
13.8533    20.4318   

# Frame230

# x        y
7.9531     11.8823   
3.8824     8.8631    
7.5841     17.8139   
1.0050     2.6846    
9.8290     25.8889   
13.8468    20.4383   

# Frame231

# x        y
7.9540     11.8837   
3.8809     8.8652    
7.5845     17.8187   
1.0050     2.6846    
9.8290     25.8889   
13.8404    20.4448   

# Frame232

# x        y
7.9550     11.8852   
3.8794     8.8672    
7.5848     17.8234   
1.0050     2.6846    
9.8290     25.8889   
13.8341    20.4511   

# Frame233

# x        y
7.9559     11.8866   
3.8780     8.8692    
7.5852     17.8280   
1.0050     2.6846    
9.8290     25.8889   
13.8280    20.4574   

# Frame234

# x        y
7.9568     11.8880   
3.8766     8.8711    
7.5856     17.8325   
1.0050     2.6846    
9.8290     25.8889   
13.8219    20.4635   

# Frame235

# x        y
7.9577     11.8894   
3.8751     8.8730    
7.5860     17.8370   
1.0050     2.6846    
9.8290     25.8889   
13.8159    20.4696   

# Frame236

# x        y
7.9585     11.8907   
3.8738     8.8749    
7.5864     17.8414   
1.0050     2.6846    
9.8290     25.8889   
13.8101    20.4755   

# Frame237

# x        y
7.9594     11.8921   
3.8724     8.8767    
7.5867     17.8457   
1.0050     2.6846    
9.8290     25.8889   
13.8043    20.4813   

# Frame238

# x        y
7.9602     11.8934   
3.8711     8.8786    
7.5871     17.8499   
1.0050     2.6846    
9.8290     25.8889   
13.7986    20.4871   

# Frame239

# x        y
7.9611     11.8947   
3.8698     8.8804    
7.5874     17.8541   
1.0050     2.6846    
9.8290     25.8889   
13.7930    20.4927   

# Frame240

# x        y
7.9619     11.8959   
3.8685     8.8821    
7.5878     17.8582   
1.0050     2.6846    
9.8290     25.8889   
13.7875    20.4983   

# Frame241

# x        y
7.9627     11.8972   
3.8672     8.8838    
7.5881     17.8623   
1.0050     2.6846    
9.8290     25.8889   
13.7821    20.5037   

# Frame242

# x        y
7.9635     11.8984   
3.8659     8.8855    
7.5884     17.8662   
1.0050     2.6846    
9.8290     25.8889   
13.7768    20.5091   

# Frame243

# x        y
7.9643     11.8996   
3.8647     8.8872    
7.5888     17.8701   
1.0050     2.6846    
9.8290     25.8889   
13.7716    20.5144   

# Frame244

# x        y
7.9650     11.9008   
3.8635     8.8889    
7.5891     17.8740   
1.0050     2.6846    
9.8290     25.8889   
13.7665    20.5196   

# Frame245

# x        y
7.9658     11.9019   
3.8623     8.8905    
7.5894     17.8777   
1.0050     2.6846    
9.8290     25.8889   
13.7614    20.5247   

# Frame246

# x        y
7.9665     11.9031   
3.8611     8.8921    
7.5897     17.8814   
1.0050     2.6846    
9.8290     25.8889   
13.7565    20.5297   

# Frame247

# x        y
7.9672     11.9042   
3.8600     8.8936    
7.5900     17.8851   
1.0050     2.6846    
9.8290     25.8889   
13.7516    20.5346   

# Frame248

# x        y
7.9679     11.9053   
3.8589     8.8952    
7.5903     17.8887   
1.0050     2.6846    
9.8290     25.8889   
13.7468    20.5395   

# Frame249

# x        y
7.9686     11.9064   
3.8577     8.8967    
7.5906     17.8922   
1.0050     2.6846    
9.8290     25.8889   
13.7421    20.5443   

# Frame250

# x        y
7.9693     11.9075   
3.8567     8.8981    
7.5909     17.8957   
1.0050     2.6846    
9.8290     25.8889   
13.7374    20.5490   

# Frame251

# x        y
7.9700     11.9085   
3.8556     8.8996    
7.5912     17.8991   
1.0050     2.6846    
9.8290     25.8889   
13.7329    20.5536   

# Frame252

# x        y
7.9707     11.9095   
3.8545     8.9010    
7.5915     17.9024   
1.0050     2.6846    
9.8290     25.8889   
13.7284    20.5581   

# Frame253

# x        y
7.9713     11.9106   
3.8535     8.9025    
7.5917     17.9057   
1.0050     2.6846    
9.8290     25.8889   
13.7240    20.5626   

# Frame254

# x        y
7.9720     11.9116   
3.8525     8.9038    
7.5920     17.9090   
1.0050     2.6846    
9.8290     25.8889   
13.7196    20.5670   

# Frame255

# x        y
7.9726     11.9125   
3.8515     8.9052    
7.5923     17.9122   
1.0050     2.6846    
9.8290     25.8889   
13.7154    20.5713   

# Frame256

# x        y
7.9732     11.9135   
3.8505     8.9066    
7.5925     17.9153   
1.0050     2.6846    
9.8290     25.8889   
13.7112    20.5755   

# Frame257

# x        y
7.9738     11.9145   
3.8495     8.9079    
7.5928     17.9184   
1.0050     2.6846    
9.8290     25.8889   
13.7071    20.5797   

# Frame258

# x        y
7.9744     11.9154   
3.8485     8.9092    
7.5930     17.9214   
1.0050     2.6846    
9.8290     25.8889   
13.7030    20.5838   

# Frame259

# x        y
7.9750     11.9163   
3.8476     8.9105    
7.5933     17.9244   
1.0050     2.6846    
9.8290     25.8889   
13.6990    20.5878   

# Frame260

# x        y
7.9756     11.9172   
3.8467     8.9117    
7.5935     17.9273   
1.0050     2.6846    
9.8290     25.8889   
13.6951    20.5918   

# Frame261

# x        y
7.9762     11.9181   
3.8458     8.9129    
7.5938     17.9302   
1.0050     2.6846    
9.8290     25.8889   
13.6912    20.5957   

# Frame262

# x        y
7.9768     11.9190   
3.8449     8.9142    
7.5940     17.9330   
1.0050     2.6846    
9.8290     25.8889   
13.6875    20.5995   

# Frame263

# x        y
7.9773     11.9198   
3.8440     8.9154    
7.5942     17.9358   
1.0050     2.6846    
9.8290     25.8889   
13.6837    20.6033   

# Frame264

# x        y
7.9779     11.9207   
3.8431     8.9165    
7.5945     17.9386   
1.0050     2.6846    
9.8290     25.8889   
13.6801    20.6070   

# Frame265

# x        y
7.9784     11.9215   
3.8423     8.9177    
7.5947     17.9413   
1.0050     2.6846    
9.8290     25.8889   
13.6765    20.6107   

# Frame266

# x        y
7.9789     11.9223   
3.8414     8.9188    
7.5949     17.9439   
1.0050     2.6846    
9.8290     25.8889   
13.6729    20.6142   

# Frame267

# x        y
7.9794     11.9231   
3.8406     8.9199    
7.5951     17.9465   
1.0050     2.6846    
9.8290     25.8889   
13.6694    20.6178   

# Frame268

# x        y
7.9799     11.9239   
3.8398     8.9210    
7.5954     17.9491   
1.0050     2.6846    
9.8290     25.8889   
13.6660    20.6212   

# Frame269

# x        y
7.9804     11.9247   
3.8390     8.9221    
7.5956     17.9516   
1.0050     2.6846    
9.8290     25.8889   
13.6626    20.6246   

# Frame270

# x        y
7.9809     11.9255   
3.8382     8.9232    
7.5958     17.9541   
1.0050     2.6846    
9.8290     25.8889   
13.6593    20.6280   

# Frame271

# x        y
7.9814     11.9262   
3.8375     8.9242    
7.5960     17.9565   
1.0050     2.6846    
9.8290     25.8889   
13.6561    20.6313   

# Frame272

# x        y
7.9819     11.9269   
3.8367     8.9252    
7.5962     17.9589   
1.0050     2.6846    
9.8290     25.8889   
13.6528    20.6345   

# Frame273

# x        y
7.9824     11.9277   
3.8360     8.9262    
7.5964     17.9613   
1.0050     2.6846    
9.8290     25.8889   
13.6497    20.6377   

# Frame274

# x        y
7.9828     11.9284   
3.8352     8.9272    
7.5966     17.9636   
1.0050     2.6846    
9.8290     25.8889   
13.6466    20.6409   

# Frame275

# x        y
7.9833     11.9291   
3.8345     8.9282    
7.5968     17.9659   
1.0050     2.6846    
9.8290     25.8889   
13.6435    20.6439   

# Frame276

# x        y
7.9837     11.9298   
3.8338     8.9292    
7.5969     17.9681   
1.0050     2.6846    
9.8290     25.8889   
13.6406    20.6470   

# Frame277

# x        y
7.9842     11.9305   
3.8331     8.9301    
7.5971     17.9703   
1.0050     2.6846    
9.8290     25.8889   
13.6376    20.6500   

# Frame278

# x        y
7.9846     11.9311   
3.8324     8.9310    
7.5973     17.9725   
1.0050     2.6846    
9.8290     25.8889   
13.6347    20.6529   

# Frame279

# x        y
7.9850     11.9318   
3.8318     8.9320    
7.5975     17.9746   
1.0050     2.6846    
9.8290     25.8889   
13.6319    20.6558   

# Frame280

# x        y
7.9854     11.9324   
3.8311     8.9329    
7.5977     17.9767   
1.0050     2.6846    
9.8290     25.8889   
13.6291    20.6586   

# Frame281

# x        y
7.9858     11.9331   
3.8305     8.9337    
7.5978     17.9787   
1.0050     2.6846    
9.8290     25.8889   
13.6263    20.6614   

# Frame282

# x        y
7.9862     11.9337   
3.8298     8.9346    
7.5980     17.9808   
1.0050     2.6846    
9.8290     25.8889   
13.6236    20.6641   

# Frame283

# x        y
7.9866     11.9343   
3.8292     8.9355    
7.5982     17.9828   
1.0050     2.6846    
9.8290     25.8889   
13.6209    20.6668   

# Frame284

# x        y
7.9870     11.9349   
3.8286     8.9363    
7.5983     17.9847   
1.0050     2.6846    
9.8290     25.8889   
13.6183    20.6695   

# Frame285

# x        y
7.9874     11.9355   
3.8280     8.9371    
7.5985     17.9866   
1.0050     2.6846    
9.8290     25.8889   
13.6157    20.6721   

# Frame286

# x        y
7.9878     11.9361   
3.8274     8.9379    
7.5987     17.9885   
1.0050     2.6846    
9.8290     25.8889   
13.6132    20.6747   

# Frame287

# x        y
7.9882     11.9367   
3.8268     8.9387    
7.5988     17.9904   
1.0050     2.6846    
9.8290     25.8889   
13.6107    20.6772   

# Frame288

# x        y
7.9885     11.9372   
3.8262     8.9395    
7.5990     17.9922   
1.0050     2.6846    
9.8290     25.8889   
13.6083    20.6796   

# Frame289

# x        y
7.9889     11.9378   
3.8256     8.9403    
7.5991     17.9940   
1.0050     2.6846    
9.8290     25.8889   
13.6059    20.6821   

# Frame290

# x        y
7.9892     11.9383   
3.8251     8.9410    
7.5993     17.9958   
1.0050     2.6846    
9.8290     25.8889   
13.6035    20.6845   

# Frame291

# x        y
7.9896     11.9389   
3.8245     8.9418    
7.5994     17.9975   
1.0050     2.6846    
9.8290     25.8889   
13.6012    20.6868   

# Frame292

# x        y
7.9899     11.9394   
3.8240     8.9425    
7.5995     17.9993   
1.0050     2.6846    
9.8290     25.8889   
13.5989    20.6892   

# Frame293

# x        y
7.9903     11.9399   
3.8235     8.9432    
7.5997     18.0009   
1.0050     2.6846    
9.8290     25.8889   
13.5966    20.6914   

# Frame294

# x        y
7.9906     11.9404   
3.8229     8.9440    
7.5998     18.0026   
1.0050     2.6846    
9.8290     25.8889   
13.5944    20.6937   

# Frame295

# x        y
7.9909     11.9409   
3.8224     8.9447    
7.6000     18.0042   
1.0050     2.6846    
9.8290     25.8889   
13.5922    20.6959   

# Frame296

# x        y
7.9912     11.9414   
3.8219     8.9453    
7.6001     18.0058   
1.0050     2.6846    
9.8290     25.8889   
13.5901    20.6980   

# Frame297

# x        y
7.9915     11.9419   
3.8214     8.9460    
7.6002     18.0074   
1.0050     2.6846    
9.8290     25.8889   
13.5880    20.7002   

# Frame298

# x        y
7.9918     11.9424   
3.8209     8.9467    
7.6004     18.0089   
1.0050     2.6846    
9.8290     25.8889   
13.5859    20.7023   

# Frame299

# x        y
7.9921     11.9428   
3.8204     8.9473    
7.6005     18.0105   
1.0050     2.6846    
9.8290     25.8889   
13.5839    20.7043   

# Frame300

# x        y
7.9924     11.9433   
3.8200     8.9480    
7.6006     18.0120   
1.0050     2.6846    
9.8290     25.8889   
13.5819    20.7063   

# Frame301

# x        y
7.9927     11.9438   
3.8195     8.9486    
7.6007     18.0134   
1.0050     2.6846    
9.8290     25.8889   
13.5799    20.7083   

# Frame302

# x        y
7.9930     11.9442   
3.8191     8.9492    
7.6009     18.0149   
1.0050     2.6846    
9.8290     25.8889   
13.5780    20.7103   

# Frame303

# x        y
7.9933     11.9446   
3.8186     8.9498    
7.6010     18.0163   
1.0050     2.6846    
9.8290     25.8889   
13.5761    20.7122   

# Frame304

# x        y
7.9936     11.9451   
3.8182     8.9504    
7.6011     18.0177   
1.0050     2.6846    
9.8290     25.8889   
13.5742    20.7141   

# Frame305

# x        y
7.9939     11.9455   
3.8177     8.9510    
7.6012     18.0191   
1.0050     2.6846    
9.8290     25.8889   
13.5723    20.7160   

# Frame306

# x        y
7.9941     11.9459   
3.8173     8.9516    
7.6013     18.0204   
1.0050     2.6846    
9.8290     25.8889   
13.5705    20.7178   

# Frame307

# x        y
7.9944     11.9463   
3.8169     8.9522    
7.6014     18.0218   
1.0050     2.6846    
9.8290     25.8889   
13.5688    20.7196   

# Frame308

# x        y
7.9947     11.9467   
3.8165     8.9527    
7.6015     18.0231   
1.0050     2.6846    
9.8290     25.8889   
13.5670    20.7214   

# Frame309

# x        y
7.9949     11.9471   
3.8161     8.9533    
7.6016     18.0244   
1.0050     2.6846    
9.8290     25.8889   
13.5653    20.7231   

# Frame310

# x        y
7.9952     11.9475   
3.8157     8.9538    
7.6017     18.0256   
1.0050     2.6846    
9.8290     25.8889   
13.5636    20.7248   

# Frame311

# x        y
7.9954     11.9479   
3.8153     8.9544    
7.6019     18.0269   
1.0050     2.6846    
9.8290     25.8889   
13.5619    20.7265   

# Frame312

# x        y
7.9957     11.9483   
3.8149     8.9549    
7.6020     18.0281   
1.0050     2.6846    
9.8290     25.8889   
13.5603    20.7282   

# Frame313

# x        y
7.9959     11.9486   
3.8145     8.9554    
7.6021     18.0293   
1.0050     2.6846    
9.8290     25.8889   
13.5587    20.7298   

# Frame314

# x        y
7.9961     11.9490   
3.8141     8.9559    
7.6022     18.0305   
1.0050     2.6846    
9.8290     25.8889   
13.5571    20.7314   

# Frame315

# x        y
7.9964     11.9494   
3.8138     8.9564    
7.6023     18.0316   
1.0050     2.6846    
9.8290     25.8889   
13.5555    20.7330   

# Frame316

# x        y
7.9966     11.9497   
3.8134     8.9569    
7.6023     18.0328   
1.0050     2.6846    
9.8290     25.8889   
13.5540    20.7345   

# Frame317

# x        y
7.9968     11.9501   
3.8131     8.9574    
7.6024     18.0339   
1.0050     2.6846    
9.8290     25.8889   
13.5525    20.7360   

# Frame318

# x        y
7.9970     11.9504   
3.8127     8.9578    
7.6025     18.0350   
1.0050     2.6846    
9.8290     25.8889   
13.5510    20.7375   

# Frame319

# x        y
7.9972     11.9507   
3.8124     8.9583    
7.6026     18.0361   
1.0050     2.6846    
9.8290     25.8889   
13.5496    20.7390   

# Frame320

# x        y
7.9975     11.9511   
3.8120     8.9588    
7.6027     18.0372   
1.0050     2.6846    
9.8290     25.8889   
13.5481    20.7405   

# Frame321

# x        y
7.9977     11.9514   
3.8117     8.9592    
7.6028     18.0382   
1.0050     2.6846    
9.8290     25.8889   
13.5467    20.7419   

# Frame322

# x        y
7.9979     11.9517   
3.8114     8.9597    
7.6029     18.0392   
1.0050     2.6846    
9.8290     25.8889   
13.5454    20.7433   

# Frame323

# x        y
7.9981     11.9520   
3.8110     8.9601    
7.6030     18.0403   
1.0050     2.6846    
9.8290     25.8889   
13.5440    20.7447   

# Frame324

# x        y
7.9983     11.9523   
3.8107     8.9605    
7.6031     18.0413   
1.0050     2.6846    
9.8290     25.8889   
13.5427    20.7460   

# Frame325

# x        y
7.9985     11.9526   
3.8104     8.9609    
7.6031     18.0422   
1.0050     2.6846    
9.8290     25.8889   
13.5413    20.7473   

# Frame326

# x        y
7.9987     11.9529   
3.8101     8.9614    
7.6032     18.0432   
1.0050     2.6846    
9.8290     25.8889   
13.5401    20.7487   

# Frame327

# x        y
7.9988     11.9532   
3.8098     8.9618    
7.6033     18.0442   
1.0050     2.6846    
9.8290     25.8889   
13.5388    20.7499   

# Frame328

# x        y
7.9990     11.9535   
3.8095     8.9622    
7.6034     18.0451   
1.0050     2.6846    
9.8290     25.8889   
13.5375    20.7512   

# Frame329

# x        y
7.9992     11.9538   
3.8092     8.9626    
7.6035     18.0460   
1.0050     2.6846    
9.8290     25.8889   
13.5363    20.7524   

# Frame330

# x        y
7.9994     11.9541   
3.8089     8.9629    
7.6035     18.0469   
1.0050     2.6846    
9.8290     25.8889   
13.5351    20.7537   

# Frame331

# x        y
7.9996     11.9543   
3.8087     8.9633    
7.6036     18.0478   
1.0050     2.6846    
9.8290     25.8889   
13.5339    20.7549   

# Frame332

# x        y
7.9997     11.9546   
3.8084     8.9637    
7.6037     18.0487   
1.0050     2.6846    
9.8290     25.8889   
13.5327    20.7561   

# Frame333

# x        y
7.9999     11.9549   
3.8081     8.9641    
7.6037     18.0495   
1.0050     2.6846    
9.8290     25.8889   
13.5316    20.7572   

# Frame334

# x        y
8.0001     11.9551   
3.8079     8.9644    
7.6038     18.0504   
1.0050     2.6846    
9.8290     25.8889   
13.5305    20.7584   

# Frame335

# x        y
8.0003     11.9554   
3.8076     8.9648    
7.6039     18.0512   
1.0050     2.6846    
9.8290     25.8889   
13.5293    20.7595   

# Frame336

# x        y
8.0004     11.9557   
3.8073     8.9651    
7.6040     18.0520   
1.0050     2.6846    
9.8290     25.8889   
13.5282    20.7606   

# Frame337

# x        y
8.0006     11.9559   
3.8071     8.9655    
7.6040     18.0528   
1.0050     2.6846    
9.8290     25.8889   
13.5272    20.7617   

# Frame338

# x        y
8.0007     11.9561   
3.8068     8.9658    
7.6041     18.0536   
1.0050     2.6846    
9.8290     25.8889   
13.5261    20.7628   

# Frame339

# x        y
8.0009     11.9564   
3.8066     8.9662    
7.6042     18.0544   
1.0050     2.6846    
9.8290     25.8889   
13.5251    20.7638   

# Frame340

# x        y
8.0010     11.9566   
3.8063     8.9665    
7.6042     18.0552   
1.0050     2.6846    
9.8290     25.8889   
13.5241    20.7648   

# Frame341

# x        y
8.0012     11.9569   
3.8061     8.9668    
7.6043     18.0559   
1.0050     2.6846    
9.8290     25.8889   
13.5231    20.7659   

# Frame342

# x        y
8.0013     11.9571   
3.8059     8.9671    
7.6043     18.0567   
1.0050     2.6846    
9.8290     25.8889   
13.5221    20.7669   

# Frame343

# x        y
8.0015     11.9573   
3.8056     8.9674    
7.6044     18.0574   
1.0050     2.6846    
9.8290     25.8889   
13.5211    20.7678   

# Frame344

# x        y
8.0016     11.9575   
3.8054     8.9677    
7.6045     18.0581   
1.0050     2.6846    
9.8290     25.8889   
13.5201    20.7688   

# Frame345

# x        y
8.0018     11.9577   
3.8052     8.9680    
7.6045     18.0588   
1.0050     2.6846    
9.8290     25.8889   
13.5192    20.7698   

# Frame346

# x        y
8.0019     11.9580   
3.8050     8.9683    
7.6046     18.0595   
1.0050     2.6846    
9.8290     25.8889   
13.5183    20.7707   

# Frame347

# x        y
8.0020     11.9582   
3.8048     8.9686    
7.6046     18.0602   
1.0050     2.6846    
9.8290     25.8889   
13.5174    20.7716   

# Frame348

# x        y
8.0022     11.9584   
3.8046     8.9689    
7.6047     18.0608   
1.0050     2.6846    
9.8290     25.8889   
13.5165    20.7725   

# Frame349

# x        y
8.0023     11.9586   
3.8044     8.9692    
7.6047     18.0615   
1.0050     2.6846    
9.8290     25.8889   
13.5156    20.7734   

# Frame350

# x        y
8.0024     11.9588   
3.8041     8.9695    
7.6048     18.0621   
1.0050     2.6846    
9.8290     25.8889   
13.5147    20.7743   

# Frame351

# x        y
8.0025     11.9590   
3.8039     8.9697    
7.6049     18.0628   
1.0050     2.6846    
9.8290     25.8889   
13.5139    20.7751   

# Frame352

# x        y
8.0027     11.9592   
3.8038     8.9700    
7.6049     18.0634   
1.0050     2.6846    
9.8290     25.8889   
13.5130    20.7760   

# Frame353

# x        y
8.0028     11.9593   
3.8036     8.9703    
7.6050     18.0640   
1.0050     2.6846    
9.8290     25.8889   
13.5122    20.7768   

# Frame354

# x        y
8.0029     11.9595   
3.8034     8.9705    
7.6050     18.0646   
1.0050     2.6846    
9.8290     25.8889   
13.5114    20.7776   

# Frame355

# x        y
8.0030     11.9597   
3.8032     8.9708    
7.6051     18.0652   
1.0050     2.6846    
9.8290     25.8889   
13.5106    20.7784   

# Frame356

# x        y
8.0031     11.9599   
3.8030     8.9710    
7.6051     18.0658   
1.0050     2.6846    
9.8290     25.8889   
13.5098    20.7792   

# Frame357

# x        y
8.0033     11.9601   
3.8028     8.9713    
7.6052     18.0664   
1.0050     2.6846    
9.8290     25.8889   
13.5091    20.7800   

# Frame358

# x        y
8.0034     11.9602   
3.8026     8.9715    
7.6052     18.0669   
1.0050     2.6846    
9.8290     25.8889   
13.5083    20.7808   

# Frame359

# x        y
8.0035     11.9604   
3.8025     8.9718    
7.6052     18.0675   
1.0050     2.6846    
9.8290     25.8889   
13.5076    20.7815   

# Frame360

# x        y
8.0036     11.9606   
3.8023     8.9720    
7.6053     18.0680   
1.0050     2.6846    
9.8290     25.8889   
13.5068    20.7822   

# Frame361

# x        y
8.0037     11.9607   
3.8021     8.9722    
7.6053     18.0686   
1.0050     2.6846    
9.8290     25.8889   
13.5061    20.7830   

# Frame362

# x        y
8.0038     11.9609   
3.8020     8.9724    
7.6054     18.0691   
1.0050     2.6846    
9.8290     25.8889   
13.5054    20.7837   

# Frame363

# x        y
8.0039     11.9611   
3.8018     8.9727    
7.6054     18.0696   
1.0050     2.6846    
9.8290     25.8889   
13.5047    20.7844   

# Frame364

# x        y
8.0040     11.9612   
3.8016     8.9729    
7.6055     18.0701   
1.0050     2.6846    
9.8290     25.8889   
13.5040    20.7851   

# Frame365

# x        y
8.0041     11.9614   
3.8015     8.9731    
7.6055     18.0706   
1.0050     2.6846    
9.8290     25.8889   
13.5034    20.7858   

# Frame366

# x        y
8.0042     11.9615   
3.8013     8.9733    
7.6056     18.0711   
1.0050     2.6846    
9.8290     25.8889   
13.5027    20.7864   

# Frame367

# x        y
8.0043     11.9617   
3.8012     8.9735    
7.6056     18.0716   
1.0050     2.6846    
9.8290     25.8889   
13.5021    20.7871   

# Frame368

# x        y
8.0044     11.9618   
3.8010     8.9737    
7.6056     18.0721   
1.0050     2.6846    
9.8290     25.8889   
13.5014    20.7877   

# Frame369

# x        y
8.0045     11.9620   
3.8009     8.9739    
7.6057     18.0726   
1.0050     2.6846    
9.8290     25.8889   
13.5008    20.7884   

# Frame370

# x        y
8.0046     11.9621   
3.8007     8.9741    
7.6057     18.0730   
1.0050     2.6846    
9.8290     25.8889   
13.5002    20.7890   

# Frame371

# x        y
8.0047     11.9623   
3.8006     8.9743    
7.6057     18.0735   
1.0050     2.6846    
9.8290     25.8889   
13.4996    20.7896   

# Frame372

# x        y
8.0048     11.9624   
3.8004     8.9745    
7.6058     18.0739   
1.0050     2.6846    
9.8290     25.8889   
13.4990    20.7902   

# Frame373

# x        y
8.0049     11.9625   
3.8003     8.9747    
7.6058     18.0744   
1.0050     2.6846    
9.8290     25.8889   
13.4984    20.7908   

# Frame374

# x        y
8.0049     11.9627   
3.8002     8.9749    
7.6059     18.0748   
1.0050     2.6846    
9.8290     25.8889   
13.4978    20.7914   

# Frame375

# x        y
8.0050     11.9628   
3.8000     8.9751    
7.6059     18.0752   
1.0050     2.6846    
9.8290     25.8889   
13.4972    20.7920   

# Frame376

# x        y
8.0051     11.9629   
3.7999     8.9752    
7.6059     18.0756   
1.0050     2.6846    
9.8290     25.8889   
13.4967    20.7925   

# Frame377

# x        y
8.0052     11.9631   
3.7998     8.9754    
7.6060     18.0760   
1.0050     2.6846    
9.8290     25.8889   
13.4961    20.7931   

# Frame378

# x        y
8.0053     11.9632   
3.7996     8.9756    
7.6060     18.0764   
1.0050     2.6846    
9.8290     25.8889   
13.4956    20.7936   

# Frame379

# x        y
8.0053     11.9633   
3.7995     8.9758    
7.6060     18.0768   
1.0050     2.6846    
9.8290     25.8889   
13.4951    20.7942   

# Frame380

# x        y
8.0054     11.9634   
3.7994     8.9759    
7.6061     18.0772   
1.0050     2.6846    
9.8290     25.8889   
13.4945    20.7947   

# Frame381

# x        y
8.0055     11.9635   
3.7993     8.9761    
7.6061     18.0776   
1.0050     2.6846    
9.8290     25.8889   
13.4940    20.7952   

# Frame382

# x        y
8.0056     11.9637   
3.7992     8.9763    
7.6061     18.0780   
1.0050     2.6846    
9.8290     25.8889   
13.4935    20.7957   

# Frame383

# x        y
8.0056     11.9638   
3.7990     8.9764    
7.6062     18.0784   
1.0050     2.6846    
9.8290     25.8889   
13.4930    20.7962   

# Frame384

# x        y
8.0057     11.9639   
3.7989     8.9766    
7.6062     18.0787   
1.0050     2.6846    
9.8290     25.8889   
13.4925    20.7967   

# Frame385

# x        y
8.0058     11.9640   
3.7988     8.9767    
7.6062     18.0791   
1.0050     2.6846    
9.8290     25.8889   
13.4921    20.7972   

# Frame386

# x        y
8.0059     11.9641   
3.7987     8.9769    
7.6062     18.0794   
1.0050     2.6846    
9.8290     25.8889   
13.4916    20.7977   

# Frame387

# x        y
8.0059     11.9642   
3.7986     8.9770    
7.6063     18.0798   
1.0050     2.6846    
9.8290     25.8889   
13.4911    20.7981   

# Frame388

# x        y
8.0060     11.9643   
3.7985     8.9772    
7.6063     18.0801   
1.0050     2.6846    
9.8290     25.8889   
13.4907    20.7986   

# Frame389

# x        y
8.0061     11.9644   
3.7984     8.9773    
7.6063     18.0805   
1.0050     2.6846    
9.8290     25.8889   
13.4902    20.7991   

# Frame390

# x        y
8.0061     11.9645   
3.7983     8.9775    
7.6064     18.0808   
1.0050     2.6846    
9.8290     25.8889   
13.4898    20.7995   

# Frame391

# x        y
8.0062     11.9646   
3.7982     8.9776    
7.6064     18.0811   
1.0050     2.6846    
9.8290     25.8889   
13.4893    20.7999   

# Frame392

# x        y
8.0063     11.9647   
3.7981     8.9777    
7.6064     18.0814   
1.0050     2.6846    
9.8290     25.8889   
13.4889    20.8004   

# Frame393

# x        y
8.0063     11.9648   
3.7980     8.9779    
7.6064     18.0817   
1.0050     2.6846    
9.8290     25.8889   
13.4885    20.8008   

# Frame394

# x        y
8.0064     11.9649   
3.7979     8.9780    
7.6065     18.0821   
1.0050     2.6846    
9.8290     25.8889   
13.4881    20.8012   

# Frame395

# x        y
8.0064     11.9650   
3.7978     8.9781    
7.6065     18.0824   
1.0050     2.6846    
9.8290     25.8889   
13.4877    20.8016   

# Frame396

# x        y
8.0065     11.9651   
3.7977     8.9783    
7.6065     18.0827   
1.0050     2.6846    
9.8290     25.8889   
13.4873    20.8020   

# Frame397

# x        y
8.0066     11.9652   
3.7976     8.9784    
7.6065     18.0829   
1.0050     2.6846    
9.8290     25.8889   
13.4869    20.8024   

# Frame398

# x        y
8.0066     11.9653   
3.7975     8.9785    
7.6066     18.0832   
1.0050     2.6846    
9.8290     25.8889   
13.4865    20.8028   

# Frame399

# x        y
8.0067     11.9654   
3.7974     8.9786    
7.6066     18.0835   
1.0050     2.6846    
9.8290     25.8889   
13.4861    20.8032   

# Frame400

# x        y
8.0067     11.9654   
3.7973     8.9787    
7.6066     18.0838   
1.0050     2.6846    
9.8290     25.8889   
13.4858    20.8036   

# Frame401

# x        y
8.0067     11.9654   
3.7972     8.9789    
7.6066     18.0841   
1.0050     2.6846    
9.8290     25.8889   
13.4854    20.8040   

# Frame402

# x        y
8.0067     11.9654   
3.7971     8.9790    
7.6067     18.0843   
1.0050     2.6846    
9.8290     25.8889   
13.4850    20.8043   

# Frame403

# x        y
8.0067     11.9654   
3.7971     8.9791    
7.6067     18.0846   
1.0050     2.6846    
9.8290     25.8889   
13.4847    20.8047   

# Frame404

# x        y
8.0067     11.9654   
3.7970     8.9792    
7.6067     18.0849   
1.0050     2.6846    
9.8290     25.8889   
13.4843    20.8050   

# Frame405

# x        y
8.0067     11.9654   
3.7969     8.9793    
7.6067     18.0851   
1.0050     2.6846    
9.8290     25.8889   
13.4840    20.8054   

# Frame406

# x        y
8.0067     11.9654   
3.7968     8.9794    
7.6067     18.0854   
1.0050     2.6846    
9.8290     25.8889   
13.4836    20.8057   

# Frame407

# x        y
8.0067     11.9654   
3.7967     8.9795    
7.6068     18.0856   
1.0050     2.6846    
9.8290     25.8889   
13.4833    20.8061   

# Frame408

# x        y
8.0067     11.9654   
3.7967     8.9796    
7.6068     18.0859   
1.0050     2.6846    
9.8290     25.8889   
13.4830    20.8064   

# Frame409

# x        y
8.0067     11.9654   
3.7966     8.9797    
7.6068     18.0861   
1.0050     2.6846    
9.8290     25.8889   
13.4827    20.8067   

# Frame410

# x        y
8.0067     11.9654   
3.7965     8.9798    
7.6068     18.0863   
1.0050     2.6846    
9.8290     25.8889   
13.4824    20.8070   

# Frame411

# x        y
8.0067     11.9654   
3.7964     8.9799    
7.6068     18.0866   
1.0050     2.6846    
9.8290     25.8889   
13.4820    20.8073   

# Frame412

# x        y
8.0067     11.9654   
3.7964     8.9800    
7.6069     18.0868   
1.0050     2.6846    
9.8290     25.8889   
13.4817    20.8076   

# Frame413

# x        y
8.0067     11.9654   
3.7963     8.9801    
7.6069     18.0870   
1.0050     2.6846    
9.8290     25.8889   
13.4814    20.8080   

# Frame414

# x        y
8.0067     11.9654   
3.7962     8.9802    
7.6069     18.0872   
1.0050     2.6846    
9.8290     25.8889   
13.4811    20.8082   

# Frame415

# x        y
8.0067     11.9654   
3.7962     8.9803    
7.6069     18.0875   
1.0050     2.6846    
9.8290     25.8889   
13.4809    20.8085   

# Frame416

# x        y
8.0067     11.9654   
3.7961     8.9804    
7.6069     18.0877   
1.0050     2.6846    
9.8290     25.8889   
13.4806    20.8088   

# Frame417

# x        y
8.0067     11.9654   
3.7960     8.9805    
7.6070     18.0879   
1.0050     2.6846    
9.8290     25.8889   
13.4803    20.8091   

# Frame418

# x        y
8.0067     11.9654   
3.7960     8.9806    
7.6070     18.0881   
1.0050     2.6846    
9.8290     25.8889   
13.4800    20.8094   

# Frame419

# x        y
8.0067     11.9654   
3.7959     8.9807    
7.6070     18.0883   
1.0050     2.6846    
9.8290     25.8889   
13.4797    20.8097   

# Frame420

# x        y
8.0067     11.9654   
3.7958     8.9808    
7.6070     18.0885   
1.0050     2.6846    
9.8290     25.8889   
13.4795    20.8099   

# Frame421

# x        y
8.0067     11.9654   
3.7958     8.9808    
7.6070     18.0887   
1.0050     2.6846    
9.8290     25.8889   
13.4792    20.8102   

# Frame422

# x        y
8.0067     11.9654   
3.7957     8.9809    
7.6070     18.0889   
1.0050     2.6846    
9.8290     25.8889   
13.4790    20.8105   

# Frame423

# x        y
8.0067     11.9654   
3.7957     8.9810    
7.6071     18.0891   
1.0050     2.6846    
9.8290     25.8889   
13.4787    20.8107   

# Frame424

# x        y
8.0067     11.9654   
3.7957     8.9810    
7.6071     18.0893   
1.0050     2.6846    
9.8290     25.8889   
13.4785    20.8110   

# Frame425

# x        y
8.0067     11.9654   
3.7957     8.9810    
7.6071     18.0894   
1.0050     2.6846    
9.8290     25.8889   
13.4782    20.8112   

# Frame426

# x        y
8.0067     11.9654   
3.7957     8.9810    
7.6071     18.0896   
1.0050     2.6846    
9.8290     25.8889   
13.4780    20.8115   

# Frame427

# x        y
8.0067     11.9654   
3.7957     8.9810    
7.6071     18.0898   
1.0050     2.6846    
9.8290     25.8889   
13.4777    20.8117   

# Frame428

# x        y
8.0067     11.9654   
3.7957     8.9810    
7.6071     18.0900   
1.0050     2.6846    
9.8290     25.8889   
13.4775    20.8119   

# Frame429

# x        y
8.0067     11.9654   
3.7957     8.9810    
7.6071     18.0901   
1.0050     2.6846    
9.8290     25.8889   
13.4773    20.8122   

# Frame430

# x        y
8.0067     11.9654   
3.7957     8.9810    
7.6072     18.0903   
1.0050     2.6846    
9.8290     25.8889   
13.4770    20.8124   

# Frame431

# x        y
8.0067     11.9654   
3.7957     8.9810    
7.6072     18.0905   
1.0050     2.6846    
9.8290     25.8889   
13.4768    20.8126   

# Frame432

# x        y
8.0067     11.9654   
3.7957     8.9810    
7.6072     18.0906   
1.0050     2.6846    
9.8290     25.8889   
13.4766    20.8128   

# Frame433

# x        y
8.0067     11.9654   
3.7957     8.9810    
7.6072     18.0908   
1.0050     2.6846    
9.8290     25.8889   
13.4764    20.8131   

# Frame434

# x        y
8.0067     11.9654   
3.7957     8.9810    
7.6072     18.0910   
1.0050     2.6846    
9.8290     25.8889   
13.4762    20.8133   

# Frame435

# x        y
8.0067     11.9654   
3.7957     8.9810    
7.6072     18.0911   
1.0050     2.6846    
9.8290     25.8889   
13.4760    20.8135   

# Frame436

# x        y
8.0067     11.9654   
3.7957     8.9810    
7.6072     18.0913   
1.0050     2.6846    
9.8290     25.8889   
13.4758    20.8137   

# Frame437

# x        y
8.0067     11.9654   
3.7957     8.9810    
7.6073     18.0914   
1.0050     2.6846    
9.8290     25.8889   
13.4756    20.8139   

# Frame438

# x        y
8.0067     11.9654   
3.7957     8.9810    
7.6073     18.0916   
1.0050     2.6846    
9.8290     25.8889   
13.4754    20.8141   

# Frame439

# x        y
8.0067     11.9654   
3.7957     8.9810    
7.6073     18.0917   
1.0050     2.6846    
9.8290     25.8889   
13.4752    20.8143   

# Frame440

# x        y
8.0067     11.9654   
3.7957     8.9810    
7.6073     18.0918   
1.0050     2.6846    
9.8290     25.8889   
13.4750    20.8145   

# Frame441

# x        y
8.0067     11.9654   
3.7957     8.9810    
7.6073     18.0920   
1.0050     2.6846    
9.8290     25.8889   
13.4748    20.8147   

# Frame442

# x        y
8.0067     11.9654   
3.7957     8.9810    
7.6073     18.0921   
1.0050     2.6846    
9.8290     25.8889   
13.4746    20.8149   

# Frame443

# x        y
8.0067     11.9654   
3.7957     8.9810    
7.6073     18.0923   
1.0050     2.6846    
9.8290     25.8889   
13.4744    20.8150   

# Frame444

# x        y
8.0067     11.9654   
3.7957     8.9810    
7.6073     18.0924   
1.0050     2.6846    
9.8290     25.8889   
13.4743    20.8152   

# Frame445

# x        y
8.0067     11.9654   
3.7957     8.9810    
7.6073     18.0925   
1.0050     2.6846    
9.8290     25.8889   
13.4741    20.8154   

# Frame446

# x        y
8.0067     11.9654   
3.7957     8.9810    
7.6074     18.0927   
1.0050     2.6846    
9.8290     25.8889   
13.4739    20.8156   

# Frame447

# x        y
8.0067     11.9654   
3.7957     8.9810    
7.6074     18.0928   
1.0050     2.6846    
9.8290     25.8889   
13.4737    20.8157   

# Frame448

# x        y
8.0067     11.9654   
3.7957     8.9810    
7.6074     18.0929   
1.0050     2.6846    
9.8290     25.8889   
13.4736    20.8159   

# Frame449

# x        y
8.0067     11.9654   
3.7957     8.9810    
7.6074     18.0930   
1.0050     2.6846    
9.8290     25.8889   
13.4734    20.8161   

# Frame450

# x        y
8.0067     11.9654   
3.7957     8.9810    
7.6074     18.0931   
1.0050     2.6846    
9.8290     25.8889   
13.4733    20.8162   

# Frame451

# x        y
8.0067     11.9654   
3.7957     8.9810    
7.6074     18.0933   
1.0050     2.6846    
9.8290     25.8889   
13.4731    20.8164   

# Frame452

# x        y
8.0067     11.9654   
3.7957     8.9810    
7.6074     18.0934   
1.0050     2.6846    
9.8290     25.8889   
13.4729    20.8166   

# Frame453

# x        y
8.0067     11.9654   
3.7957     8.9810    
7.6074     18.0935   
1.0050     2.6846    
9.8290     25.8889   
13.4728    20.8167   

# Frame454

# x        y
8.0067     11.9654   
3.7957     8.9810    
7.6074     18.0936   
1.0050     2.6846    
9.8290     25.8889   
13.4726    20.8169   

# Frame455

# x        y
8.0067     11.9654   
3.7957     8.9810    
7.6074     18.0937   
1.0050     2.6846    
9.8290     25.8889   
13.4725    20.8170   

# Frame456

# x        y
8.0067     11.9654   
3.7957     8.9810    
7.6075     18.0938   
1.0050     2.6846    
9.8290     25.8889   
13.4723    20.8172   

# Frame457

# x        y
8.0067     11.9654   
3.7957     8.9810    
7.6075     18.0939   
1.0050     2.6846    
9.8290     25.8889   
13.4722    20.8173   

# Frame458

# x        y
8.0067     11.9654   
3.7957     8.9810    
7.6075     18.0940   
1.0050     2.6846    
9.8290     25.8889   
13.4721    20.8174   

# Frame459

# x        y
8.0067     11.9654   
3.7957     8.9810    
7.6075     18.0941   
1.0050     2.6846    
9.8290     25.8889   
13.4719    20.8176   

# Frame460

# x        y
8.0067     11.9654   
3.7957     8.9810    
7.6075     18.0942   
1.0050     2.6846    
9.8290     25.8889   
13.4718    20.8177   

# Frame461

# x        y
8.0067     11.9654   
3.7957     8.9810    
7.6075     18.0942   
1.0050     2.6846    
9.8290     25.8889   
13.4716    20.8179   

# Frame462

# x        y
8.0067     11.9654   
3.7957     8.9810    
7.6075     18.0942   
1.0050     2.6846    
9.8290     25.8889   
13.4715    20.8180   

# Frame463

# x        y
8.0067     11.9654   
3.7957     8.9810    
7.6075     18.0942   
1.0050     2.6846    
9.8290     25.8889   
13.4714    20.8181   

# Frame464

# x        y
8.0067     11.9654   
3.7957     8.9810    
7.6075     18.0942   
1.0050     2.6846    
9.8290     25.8889   
13.4713    20.8182   

# Frame465

# x        y
8.0067     11.9654   
3.7957     8.9810    
7.6075     18.0942   
1.0050     2.6846    
9.8290     25.8889   
13.4711    20.8184   

# Frame466

# x        y
8.0067     11.9654   
3.7957     8.9810    
7.6075     18.0942   
1.0050     2.6846    
9.8290     25.8889   
13.4710    20.8185   

# Frame467

# x        y
8.0067     11.9654   
3.7957     8.9810    
7.6075     18.0942   
1.0050     2.6846    
9.8290     25.8889   
13.4709    20.8186   

# Frame468

# x        y
8.0067     11.9654   
3.7957     8.9810    
7.6075     18.0942   
1.0050     2.6846    
9.8290     25.8889   
13.4708    20.8187   

# Frame469

# x        y
8.0067     11.9654   
3.7957     8.9810    
7.6075     18.0942   
1.0050     2.6846    
9.8290     25.8889   
13.4707    20.8189   

# Frame470

# x        y
8.0067     11.9654   
3.7957     8.9810    
7.6075     18.0942   
1.0050     2.6846    
9.8290     25.8889   
13.4705    20.8190   

# Frame471

# x        y
8.0067     11.9654   
3.7957     8.9810    
7.6075     18.0942   
1.0050     2.6846    
9.8290     25.8889   
13.4704    20.8191   

# Frame472

# x        y
8.0067     11.9654   
3.7957     8.9810    
7.6075     18.0942   
1.0050     2.6846    
9.8290     25.8889   
13.4703    20.8192   

# Frame473

# x        y
8.0067     11.9654   
3.7957     8.9810    
7.6075     18.0942   
1.0050     2.6846    
9.8290     25.8889   
13.4702    20.8193   

# Frame474

# x        y
8.0067     11.9654   
3.7957     8.9810    
7.6075     18.0942   
1.0050     2.6846    
9.8290     25.8889   
13.4701    20.8194   

# Frame475

# x        y
8.0067     11.9654   
3.7957     8.9810    
7.6075     18.0942   
1.0050     2.6846    
9.8290     25.8889   
13.4700    20.8195   

# Frame476

# x        y
8.0067     11.9654   
3.7957     8.9810    
7.6075     18.0942   
1.0050     2.6846    
9.8290     25.8889   
13.4699    20.8196   

# Frame477

# x        y
8.0067     11.9654   
3.7957     8.9810    
7.6075     18.0942   
1.0050     2.6846    
9.8290     25.8889   
13.4698    20.8197   

# Frame478

# x        y
8.0067     11.9654   
3.7957     8.9810    
7.6075     18.0942   
1.0050     2.6846    
9.8290     25.8889   
13.4697    20.8198   

# Frame479

# x        y
8.0067     11.9654   
3.7957     8.9810    
7.6075     18.0942   
1.0050     2.6846    
9.8290     25.8889   
13.4696    20.8199   

# Frame480

# x        y
8.0067     11.9654   
3.7957     8.9810    
7.6075     18.0942   
1.0050     2.6846    
9.8290     25.8889   
13.4695    20.8200   

# Frame481

# x        y
8.0067     11.9654   
3.7957     8.9810    
7.6075     18.0942   
1.0050     2.6846    
9.8290     25.8889   
13.4694    20.8201   

# Frame482

# x        y
8.0067     11.9654   
3.7957     8.9810    
7.6075     18.0942   
1.0050     2.6846    
9.8290     25.8889   
13.4693    20.8202   

# Frame483

# x        y
8.0067     11.9654   
3.7957     8.9810    
7.6075     18.0942   
1.0050     2.6846    
9.8290     25.8889   
13.4692    20.8203   

# Frame484

# x        y
8.0067     11.9654   
3.7957     8.9810    
7.6075     18.0942   
1.0050     2.6846    
9.8290     25.8889   
13.4691    20.8204   

# Frame485

# x        y
8.0067     11.9654   
3.7957     8.9810    
7.6075     18.0942   
1.0050     2.6846    
9.8290     25.8889   
13.4690    20.8205   

# Frame486

# x        y
8.0067     11.9654   
3.7957     8.9810    
7.6075     18.0942   
1.0050     2.6846    
9.8290     25.8889   
13.4689    20.8206   

# Frame487

# x        y
8.0067     11.9654   
3.7957     8.9810    
7.6075     18.0942   
1.0050     2.6846    
9.8290     25.8889   
13.4689    20.8207   

# Frame488

# x        y
8.0067     11.9654   
3.7957     8.9810    
7.6075     18.0942   
1.0050     2.6846    
9.8290     25.8889   
13.4688    20.8208   

# Frame489

# x        y
8.0067     11.9654   
3.7957     8.9810    
7.6075     18.0942   
1.0050     2.6846    
9.8290     25.8889   
13.4687    20.8208   

# Frame490

# x        y
8.0067     11.9654   
3.7957     8.9810    
7.6075     18.0942   
1.0050     2.6846    
9.8290     25.8889   
13.4686    20.8209   

# Frame491

# x        y
8.0067     11.9654   
3.7957     8.9810    
7.6075     18.0942   
1.0050     2.6846    
9.8290     25.8889   
13.4685    20.8210   

# Frame492

# x        y
8.0067     11.9654   
3.7957     8.9810    
7.6075     18.0942   
1.0050     2.6846    
9.8290     25.8889   
13.4684    20.8211   

# Frame493

# x        y
8.0067     11.9654   
3.7957     8.9810    
7.6075     18.0942   
1.0050     2.6846    
9.8290     25.8889   
13.4684    20.8212   

# Frame494

# x        y
8.0067     11.9654   
3.7957     8.9810    
7.6075     18.0942   
1.0050     2.6846    
9.8290     25.8889   
13.4683    20.8213   

# Frame495

# x        y
8.0067     11.9654   
3.7957     8.9810    
7.6075     18.0942   
1.0050     2.6846    
9.8290     25.8889   
13.4682    20.8213   

# Frame496

# x        y
8.0067     11.9654   
3.7957     8.9810    
7.6075     18.0942   
1.0050     2.6846    
9.8290     25.8889   
13.4681    20.8214   

# Frame497

# x        y
8.0067     11.9654   
3.7957     8.9810    
7.6075     18.0942   
1.0050     2.6846    
9.8290     25.8889   
13.4681    20.8215   

# Frame498

# x        y
8.0067     11.9654   
3.7957     8.9810    
7.6075     18.0942   
1.0050     2.6846    
9.8290     25.8889   
13.4680    20.8215   

# Frame499

