# x        y
10.5269    1.8092    
1.0045     3.1431    
7.7593     18.8020   
16.8215    16.4673   
15.5260    7.0005    
18.8149    16.5406   

# Frame1

# x        y
10.5269    1.8092    
1.7168     5.0120    
7.7593     18.8020   
16.8215    16.4673   
15.5260    7.0005    
18.8149    16.5406   

# Frame2

# x        y
10.5269    1.8092    
2.4173     6.8497    
7.7593     18.8020   
16.8215    16.4673   
15.5260    7.0005    
18.8149    16.5406   

# Frame3

# x        y
10.5269    1.8092    
3.1061     8.6568    
7.7593     18.8020   
16.8214    16.4673   
15.5260    7.0005    
18.8150    16.5406   

# Frame4

# x        y
10.5269    1.8092    
3.7833     10.4337   
7.7593     18.8020   
16.8214    16.4673   
15.5260    7.0005    
18.8150    16.5406   

# Frame5

# x        y
10.5269    1.8092    
4.4494     12.1811   
7.7593     18.8020   
16.8214    16.4673   
15.5260    7.0005    
18.8150    16.5406   

# Frame6

# x        y
10.5269    1.8092    
5.1043     13.8993   
7.7593     18.8020   
16.8214    16.4673   
15.5260    7.0005    
18.8150    16.5406   

# Frame7

# x        y
10.5269    1.8092    
5.7483     15.5889   
7.7593     18.8020   
16.8214    16.4673   
15.5260    7.0005    
18.8150    16.5406   

# Frame8

# x        y
10.5269    1.8092    
6.3815     17.2503   
7.7593     18.8020   
16.8214    16.4673   
15.5260    7.0005    
18.8150    16.5406   

# Frame9

# x        y
10.5269    1.8092    
6.4365     17.8362   
8.3270     19.8498   
16.8214    16.4673   
15.5260    7.0005    
18.8150    16.5406   

# Frame10

# x        y
10.5269    1.8092    
6.4613     18.3558   
8.9145     20.9367   
16.8214    16.4673   
15.5260    7.0005    
18.8150    16.5406   

# Frame11

# x        y
10.5269    1.8092    
6.4856     18.8667   
9.4923     22.0055   
16.8214    16.4673   
15.5260    7.0005    
18.8150    16.5406   

# Frame12

# x        y
10.5269    1.8092    
6.5095     19.3691   
10.0605    23.0565   
16.8214    16.4673   
15.5260    7.0005    
18.8150    16.5406   

# Frame13

# x        y
10.5269    1.8092    
6.5331     19.8631   
10.6192    24.0900   
16.8214    16.4673   
15.5260    7.0005    
18.8150    16.5406   

# Frame14

# x        y
10.5269    1.8092    
6.5562     20.3489   
11.1685    25.1062   
16.8214    16.4673   
15.5260    7.0005    
18.8150    16.5406   

# Frame15

# x        y
10.5269    1.8092    
6.5789     20.8266   
11.7088    26.1056   
16.8214    16.4673   
15.5260    7.0005    
18.8150    16.5406   

# Frame16

# x        y
10.5269    1.8092    
6.6013     21.2964   
12.2400    27.0882   
16.8214    16.4673   
15.5260    7.0005    
18.8150    16.5406   

# Frame17

# x        y
10.5269    1.8092    
6.6233     21.7583   
12.7623    28.0545   
16.8214    16.4673   
15.5260    7.0005    
18.8150    16.5406   

# Frame18

# x        y
10.5269    1.8092    
6.6450     22.2125   
13.2760    29.0047   
16.8214    16.4673   
15.5260    7.0005    
18.8150    16.5406   

# Frame19

# x        y
10.5269    1.8092    
6.6662     22.6591   
13.7811    29.9390   
16.8214    16.4673   
15.5260    7.0005    
18.8150    16.5406   

# Frame20

# x        y
10.5269    1.8092    
6.6871     23.0983   
14.2778    30.8578   
16.8214    16.4673   
15.5260    7.0005    
18.8150    16.5406   

# Frame21

# x        y
10.5269    1.8092    
6.7077     23.5302   
14.7662    31.7612   
16.8214    16.4673   
15.5260    7.0005    
18.8150    16.5406   

# Frame22

# x        y
10.5269    1.8092    
6.7279     23.9549   
15.2464    32.6496   
16.8214    16.4673   
15.5260    7.0005    
18.8150    16.5406   

# Frame23

# x        y
10.5269    1.8092    
6.7478     24.3725   
15.7187    33.5232   
16.8214    16.4673   
15.5260    7.0005    
18.8150    16.5406   

# Frame24

# x        y
10.5269    1.8092    
6.7674     24.7831   
16.1831    34.3823   
16.8214    16.4673   
15.5260    7.0005    
18.8150    16.5406   

# Frame25

# x        y
10.5269    1.8092    
6.7866     25.1869   
16.6397    35.2270   
16.8214    16.4673   
15.5260    7.0005    
18.8150    16.5406   

# Frame26

# x        y
10.5269    1.8092    
6.8055     25.5840   
17.0887    36.0576   
16.8214    16.4673   
15.5260    7.0005    
18.8150    16.5406   

# Frame27

# x        y
10.5269    1.8092    
6.8241     25.9744   
17.5303    36.8744   
16.8214    16.4673   
15.5260    7.0005    
18.8150    16.5406   

# Frame28

# x        y
10.5269    1.8092    
6.8424     26.3583   
17.9645    37.6776   
16.8214    16.4673   
15.5260    7.0005    
18.8150    16.5406   

# Frame29

# x        y
10.5269    1.8092    
6.8604     26.7359   
18.3914    38.4674   
16.8214    16.4673   
15.5260    7.0005    
18.8150    16.5406   

# Frame30

# x        y
10.5269    1.8092    
6.8781     27.1071   
18.7371    38.8756   
16.8214    16.4673   
15.5260    7.0005    
18.8150    16.5406   

# Frame31

# x        y
10.5269    1.8092    
6.8955     27.4722   
18.9129    38.4938   
16.8214    16.4673   
15.5260    7.0005    
18.8150    16.5406   

# Frame32

# x        y
10.5269    1.8092    
6.9126     27.8312   
18.9552    38.1509   
16.8214    16.4673   
15.5260    7.0005    
18.8150    16.5406   

# Frame33

# x        y
10.5269    1.8092    
6.9294     28.1842   
18.8702    37.8503   
16.8214    16.4673   
15.5260    7.0005    
18.8150    16.5406   

# Frame34

# x        y
10.5269    1.8092    
6.9459     28.5313   
18.7866    37.5546   
16.8214    16.4673   
15.5260    7.0005    
18.8150    16.5406   

# Frame35

# x        y
10.5269    1.8092    
6.9622     28.8726   
18.7044    37.2639   
16.8214    16.4673   
15.5260    7.0005    
18.8150    16.5406   

# Frame36

# x        y
10.5269    1.8092    
6.9782     29.2082   
18.6235    36.9780   
16.8214    16.4673   
15.5260    7.0005    
18.8150    16.5406   

# Frame37

# x        y
10.5269    1.8092    
6.9939     29.5383   
18.5440    36.6969   
16.8214    16.4673   
15.5260    7.0005    
18.8150    16.5406   

# Frame38

# x        y
10.5269    1.8092    
7.0093     29.8628   
18.4659    36.4205   
16.8214    16.4673   
15.5260    7.0005    
18.8150    16.5406   

# Frame39

# x        y
10.5269    1.8092    
7.0245     30.1820   
18.3890    36.1487   
16.8214    16.4673   
15.5260    7.0005    
18.8150    16.5406   

# Frame40

# x        y
10.5269    1.8092    
7.0395     30.4958   
18.3134    35.8814   
16.8214    16.4673   
15.5260    7.0005    
18.8150    16.5406   

# Frame41

# x        y
10.5269    1.8092    
7.0542     30.8044   
18.2391    35.6186   
16.8214    16.4673   
15.5260    7.0005    
18.8150    16.5406   

# Frame42

# x        y
10.5269    1.8092    
7.0686     31.1078   
18.1660    35.3601   
16.8214    16.4673   
15.5260    7.0005    
18.8150    16.5406   

# Frame43

# x        y
10.5269    1.8092    
7.0829     31.4062   
18.0941    35.1060   
16.8214    16.4673   
15.5260    7.0005    
18.8150    16.5406   

# Frame44

# x        y
10.5269    1.8092    
7.0968     31.6996   
18.0235    34.8561   
16.8214    16.4673   
15.5260    7.0005    
18.8150    16.5406   

# Frame45

# x        y
10.5269    1.8092    
7.1106     31.9881   
17.9540    34.6104   
16.8214    16.4673   
15.5260    7.0005    
18.8150    16.5406   

# Frame46

# x        y
10.5269    1.8092    
7.1241     32.2718   
17.8856    34.3687   
16.8214    16.4673   
15.5260    7.0005    
18.8150    16.5406   

# Frame47

# x        y
10.5269    1.8092    
7.1374     32.5508   
17.8184    34.1311   
16.8214    16.4673   
15.5260    7.0005    
18.8150    16.5406   

# Frame48

# x        y
10.5269    1.8092    
7.1504     32.8251   
17.7524    33.8974   
16.8214    16.4673   
15.5260    7.0005    
18.8150    16.5406   

# Frame49

# x        y
10.5269    1.8092    
7.1633     33.0949   
17.6874    33.6677   
16.8214    16.4673   
15.5260    7.0005    
18.8150    16.5406   

# Frame50

# x        y
10.5269    1.8092    
7.1759     33.3602   
17.6235    33.4417   
16.8214    16.4673   
15.5260    7.0005    
18.8150    16.5406   

# Frame51

# x        y
10.5269    1.8092    
7.1883     33.6210   
17.5607    33.2196   
16.8214    16.4673   
15.5260    7.0005    
18.8150    16.5406   

# Frame52

# x        y
10.5269    1.8092    
7.2006     33.8775   
17.4989    33.0011   
16.8214    16.4673   
15.5260    7.0005    
18.8150    16.5406   

# Frame53

# x        y
10.5269    1.8092    
7.2126     34.1297   
17.4382    32.7863   
16.8214    16.4673   
15.5260    7.0005    
18.8150    16.5406   

# Frame54

# x        y
10.5269    1.8092    
7.2244     34.3778   
17.3784    32.5750   
16.8214    16.4673   
15.5260    7.0005    
18.8150    16.5406   

# Frame55

# x        y
10.5269    1.8092    
7.2360     34.6216   
17.3197    32.3673   
16.8214    16.4673   
15.5260    7.0005    
18.8150    16.5406   

# Frame56

# x        y
10.5269    1.8092    
7.2474     34.8615   
17.2619    32.1631   
16.8214    16.4673   
15.5260    7.0005    
18.8150    16.5406   

# Frame57

# x        y
10.5269    1.8092    
7.2587     35.0973   
17.2051    31.9622   
16.8214    16.4673   
15.5260    7.0005    
18.8150    16.5406   

# Frame58

# x        y
10.5269    1.8092    
7.2697     35.3292   
17.1493    31.7647   
16.8214    16.4673   
15.5260    7.0005    
18.8150    16.5406   

# Frame59

# x        y
10.5269    1.8092    
7.2806     35.5572   
17.0943    31.5705   
16.8214    16.4673   
15.5260    7.0005    
18.8150    16.5406   

# Frame60

# x        y
10.5269    1.8092    
7.2912     35.7814   
17.0403    31.3795   
16.8214    16.4673   
15.5260    7.0005    
18.8150    16.5406   

# Frame61

# x        y
10.5269    1.8092    
7.3017     36.0019   
16.9872    31.1917   
16.8214    16.4673   
15.5260    7.0005    
18.8150    16.5406   

# Frame62

# x        y
10.5269    1.8092    
7.3121     36.2187   
16.9350    31.0070   
16.8214    16.4673   
15.5260    7.0005    
18.8150    16.5406   

# Frame63

# x        y
10.5269    1.8092    
7.3222     36.4319   
16.8837    30.8254   
16.8214    16.4673   
15.5260    7.0005    
18.8150    16.5406   

# Frame64

# x        y
10.5269    1.8092    
7.3322     36.6416   
16.8332    30.6469   
16.8214    16.4673   
15.5260    7.0005    
18.8150    16.5406   

# Frame65

# x        y
10.5269    1.8092    
7.3420     36.8477   
16.7835    30.4713   
16.8214    16.4673   
15.5260    7.0005    
18.8150    16.5406   

# Frame66

# x        y
10.5269    1.8092    
7.3517     37.0505   
16.7347    30.2986   
16.8214    16.4673   
15.5260    7.0005    
18.8150    16.5406   

# Frame67

# x        y
10.5269    1.8092    
7.3612     37.2498   
16.6867    30.1289   
16.8214    16.4673   
15.5260    7.0005    
18.8150    16.5406   

# Frame68

# x        y
10.5269    1.8092    
7.3705     37.4458   
16.6395    29.9619   
16.8214    16.4673   
15.5260    7.0005    
18.8150    16.5406   

# Frame69

# x        y
10.5269    1.8092    
7.3797     37.6386   
16.5930    29.7977   
16.8214    16.4673   
15.5260    7.0005    
18.8150    16.5406   

# Frame70

# x        y
10.5269    1.8092    
7.3887     37.8281   
16.5474    29.6363   
16.8214    16.4673   
15.5260    7.0005    
18.8150    16.5406   

# Frame71

# x        y
10.5269    1.8092    
7.3976     38.0145   
16.5025    29.4776   
16.8214    16.4673   
15.5260    7.0005    
18.8150    16.5406   

# Frame72

# x        y
10.5269    1.8092    
7.4063     38.1978   
16.4583    29.3215   
16.8214    16.4673   
15.5260    7.0005    
18.8150    16.5406   

# Frame73

# x        y
10.5269    1.8092    
7.4149     38.3780   
16.4149    29.1680   
16.8214    16.4673   
15.5260    7.0005    
18.8150    16.5406   

# Frame74

# x        y
10.5269    1.8092    
7.4234     38.5552   
16.3723    29.0170   
16.8214    16.4673   
15.5260    7.0005    
18.8150    16.5406   

# Frame75

# x        y
10.5269    1.8092    
7.4317     38.7295   
16.3303    28.8686   
16.8214    16.4673   
15.5260    7.0005    
18.8150    16.5406   

# Frame76

# x        y
10.5269    1.8092    
7.4398     38.9008   
16.2890    28.7227   
16.8214    16.4673   
15.5260    7.0005    
18.8150    16.5406   

# Frame77

# x        y
10.5269    1.8092    
7.4542     38.9630   
16.2484    28.5791   
16.8214    16.4673   
15.5260    7.0005    
18.8150    16.5406   

# Frame78

# x        y
10.5269    1.8092    
7.4786     38.8802   
16.2085    28.4380   
16.8214    16.4673   
15.5260    7.0005    
18.8150    16.5406   

# Frame79

# x        y
10.5269    1.8092    
7.5025     38.7987   
16.1693    28.2992   
16.8214    16.4673   
15.5260    7.0005    
18.8150    16.5406   

# Frame80

# x        y
10.5269    1.8092    
7.5260     38.7186   
16.1307    28.1628   
16.8214    16.4673   
15.5260    7.0005    
18.8150    16.5406   

# Frame81

# x        y
10.5269    1.8092    
7.5492     38.6398   
16.0927    28.0286   
16.8214    16.4673   
15.5260    7.0005    
18.8150    16.5406   

# Frame82

# x        y
10.5269    1.8092    
7.5719     38.5623   
16.0554    27.8967   
16.8214    16.4673   
15.5260    7.0005    
18.8150    16.5406   

# Frame83

# x        y
10.5269    1.8092    
7.5943     38.4862   
16.0187    27.7669   
16.8214    16.4673   
15.5260    7.0005    
18.8150    16.5406   

# Frame84

# x        y
10.5269    1.8092    
7.6163     38.4113   
15.9827    27.6393   
16.8214    16.4673   
15.5260    7.0005    
18.8150    16.5406   

# Frame85

# x        y
10.5269    1.8092    
7.6379     38.3376   
15.9472    27.5139   
16.8214    16.4673   
15.5260    7.0005    
18.8150    16.5406   

# Frame86

# x        y
10.5269    1.8092    
7.6592     38.2652   
15.9123    27.3905   
16.8214    16.4673   
15.5260    7.0005    
18.8150    16.5406   

# Frame87

# x        y
10.5269    1.8092    
7.6801     38.1940   
15.8780    27.2692   
16.8214    16.4673   
15.5260    7.0005    
18.8150    16.5406   

# Frame88

# x        y
10.5269    1.8092    
7.7007     38.1240   
15.8442    27.1499   
16.8214    16.4673   
15.5260    7.0005    
18.8150    16.5406   

# Frame89

# x        y
10.5269    1.8092    
7.7209     38.0551   
15.8111    27.0326   
16.8214    16.4673   
15.5260    7.0005    
18.8150    16.5406   

# Frame90

# x        y
10.5269    1.8092    
7.7408     37.9874   
15.7785    26.9172   
16.8214    16.4673   
15.5260    7.0005    
18.8150    16.5406   

# Frame91

# x        y
10.5269    1.8092    
7.7604     37.9208   
15.7464    26.8038   
16.8214    16.4673   
15.5260    7.0005    
18.8150    16.5406   

# Frame92

# x        y
10.5269    1.8092    
7.7796     37.8553   
15.7148    26.6923   
16.8214    16.4673   
15.5260    7.0005    
18.8150    16.5406   

# Frame93

# x        y
10.5269    1.8092    
7.7985     37.7909   
15.6838    26.5826   
16.8214    16.4673   
15.5260    7.0005    
18.8150    16.5406   

# Frame94

# x        y
10.5269    1.8092    
7.8171     37.7276   
15.6533    26.4747   
16.8214    16.4673   
15.5260    7.0005    
18.8150    16.5406   

# Frame95

# x        y
10.5269    1.8092    
7.8354     37.6654   
15.6233    26.3687   
16.8214    16.4673   
15.5260    7.0005    
18.8150    16.5406   

# Frame96

# x        y
10.5269    1.8092    
7.8534     37.6041   
15.5939    26.2644   
16.8214    16.4673   
15.5260    7.0005    
18.8150    16.5406   

# Frame97

# x        y
10.5269    1.8092    
7.8711     37.5439   
15.5649    26.1619   
16.8214    16.4673   
15.5260    7.0005    
18.8150    16.5406   

# Frame98

# x        y
10.5269    1.8092    
7.8885     37.4848   
15.5363    26.0610   
16.8214    16.4673   
15.5260    7.0005    
18.8150    16.5406   

# Frame99

# x        y
10.5269    1.8092    
7.9056     37.4265   
15.5083    25.9619   
16.8214    16.4673   
15.5260    7.0005    
18.8150    16.5406   

# Frame100

# x        y
10.5269    1.8092    
7.9224     37.3693   
15.4807    25.8644   
16.8214    16.4673   
15.5260    7.0005    
18.8150    16.5406   

# Frame101

# x        y
10.5269    1.8092    
7.9389     37.3130   
15.4536    25.7685   
16.8214    16.4673   
15.5260    7.0005    
18.8150    16.5406   

# Frame102

# x        y
10.5269    1.8092    
7.9552     37.2577   
15.4270    25.6742   
16.8214    16.4673   
15.5260    7.0005    
18.8150    16.5406   

# Frame103

# x        y
10.5269    1.8092    
7.9711     37.2032   
15.4007    25.5815   
16.8214    16.4673   
15.5260    7.0005    
18.8150    16.5406   

# Frame104

# x        y
10.5269    1.8092    
7.9869     37.1497   
15.3750    25.4903   
16.8214    16.4673   
15.5260    7.0005    
18.8150    16.5406   

# Frame105

# x        y
10.5269    1.8092    
8.0023     37.0971   
15.3496    25.4007   
16.8214    16.4673   
15.5260    7.0005    
18.8150    16.5406   

# Frame106

# x        y
10.5269    1.8092    
8.0175     37.0454   
15.3247    25.3125   
16.8214    16.4673   
15.5260    7.0005    
18.8150    16.5406   

# Frame107

# x        y
10.5269    1.8092    
8.0325     36.9945   
15.3002    25.2259   
16.8214    16.4673   
15.5260    7.0005    
18.8150    16.5406   

# Frame108

# x        y
10.5269    1.8092    
8.0472     36.9444   
15.2761    25.1406   
16.8214    16.4673   
15.5260    7.0005    
18.8150    16.5406   

# Frame109

# x        y
10.5269    1.8092    
8.0616     36.8952   
15.2524    25.0568   
16.8214    16.4673   
15.5260    7.0005    
18.8150    16.5406   

# Frame110

# x        y
10.5269    1.8092    
8.0758     36.8469   
15.2291    24.9744   
16.8214    16.4673   
15.5260    7.0005    
18.8150    16.5406   

# Frame111

# x        y
10.5269    1.8092    
8.0898     36.7993   
15.2061    24.8933   
16.8214    16.4673   
15.5260    7.0005    
18.8150    16.5406   

# Frame112

# x        y
10.5269    1.8092    
8.1036     36.7525   
15.1836    24.8137   
16.8214    16.4673   
15.5260    7.0005    
18.8150    16.5406   

# Frame113

# x        y
10.5269    1.8092    
8.1171     36.7065   
15.1614    24.7353   
16.8214    16.4673   
15.5260    7.0005    
18.8150    16.5406   

# Frame114

# x        y
10.5269    1.8092    
8.1304     36.6613   
15.1396    24.6582   
16.8214    16.4673   
15.5260    7.0005    
18.8150    16.5406   

# Frame115

# x        y
10.5269    1.8092    
8.1434     36.6168   
15.1182    24.5825   
16.8214    16.4673   
15.5260    7.0005    
18.8150    16.5406   

# Frame116

# x        y
10.5269    1.8092    
8.1563     36.5730   
15.0971    24.5079   
16.8214    16.4673   
15.5260    7.0005    
18.8150    16.5406   

# Frame117

# x        y
10.5269    1.8092    
8.1689     36.5300   
15.0764    24.4347   
16.8214    16.4673   
15.5260    7.0005    
18.8150    16.5406   

# Frame118

# x        y
10.5269    1.8092    
8.1813     36.4877   
15.0561    24.3626   
16.8214    16.4673   
15.5260    7.0005    
18.8150    16.5406   

# Frame119

# x        y
10.5269    1.8092    
8.1935     36.4461   
15.0360    24.2918   
16.8214    16.4673   
15.5260    7.0005    
18.8150    16.5406   

# Frame120

# x        y
10.5269    1.8092    
8.2056     36.4052   
15.0163    24.2221   
16.8214    16.4673   
15.5260    7.0005    
18.8150    16.5406   

# Frame121

# x        y
10.5269    1.8092    
8.2174     36.3650   
14.9969    24.1536   
16.8214    16.4673   
15.5260    7.0005    
18.8150    16.5406   

# Frame122

# x        y
10.5269    1.8092    
8.2290     36.3255   
14.9779    24.0862   
16.8214    16.4673   
15.5260    7.0005    
18.8150    16.5406   

# Frame123

# x        y
10.5269    1.8092    
8.2404     36.2866   
14.9592    24.0200   
16.8214    16.4673   
15.5260    7.0005    
18.8150    16.5406   

# Frame124

# x        y
10.5269    1.8092    
8.2516     36.2483   
14.9407    23.9548   
16.8214    16.4673   
15.5260    7.0005    
18.8150    16.5406   

# Frame125

# x        y
10.5269    1.8092    
8.2627     36.2107   
14.9226    23.8908   
16.8214    16.4673   
15.5260    7.0005    
18.8150    16.5406   

# Frame126

# x        y
10.5269    1.8092    
8.2736     36.1738   
14.9048    23.8278   
16.8214    16.4673   
15.5260    7.0005    
18.8150    16.5406   

# Frame127

# x        y
10.5269    1.8092    
8.2842     36.1374   
14.8873    23.7659   
16.8214    16.4673   
15.5260    7.0005    
18.8150    16.5406   

# Frame128

# x        y
10.5269    1.8092    
8.2947     36.1016   
14.8701    23.7050   
16.8214    16.4673   
15.5260    7.0005    
18.8150    16.5406   

# Frame129

# x        y
10.5269    1.8092    
8.3051     36.0665   
14.8531    23.6451   
16.8214    16.4673   
15.5260    7.0005    
18.8150    16.5406   

# Frame130

# x        y
10.5269    1.8092    
8.3152     36.0319   
14.8365    23.5862   
16.8214    16.4673   
15.5260    7.0005    
18.8150    16.5406   

# Frame131

# x        y
10.5269    1.8092    
8.3252     35.9979   
14.8201    23.5283   
16.8214    16.4673   
15.5260    7.0005    
18.8150    16.5406   

# Frame132

# x        y
10.5269    1.8092    
8.3350     35.9645   
14.8040    23.4713   
16.8214    16.4673   
15.5260    7.0005    
18.8150    16.5406   

# Frame133

# x        y
10.5269    1.8092    
8.3447     35.9316   
14.7882    23.4153   
16.8214    16.4673   
15.5260    7.0005    
18.8150    16.5406   

# Frame134

# x        y
10.5269    1.8092    
8.3542     35.8993   
14.7726    23.3603   
16.8214    16.4673   
15.5260    7.0005    
18.8150    16.5406   

# Frame135

# x        y
10.5269    1.8092    
8.3635     35.8675   
14.7573    23.3061   
16.8214    16.4673   
15.5260    7.0005    
18.8150    16.5406   

# Frame136

# x        y
10.5269    1.8092    
8.3727     35.8363   
14.7422    23.2529   
16.8214    16.4673   
15.5260    7.0005    
18.8150    16.5406   

# Frame137

# x        y
10.5269    1.8092    
8.3817     35.8055   
14.7274    23.2005   
16.8214    16.4673   
15.5260    7.0005    
18.8150    16.5406   

# Frame138

# x        y
10.5269    1.8092    
8.3906     35.7753   
14.7129    23.1491   
16.8214    16.4673   
15.5260    7.0005    
18.8150    16.5406   

# Frame139

# x        y
10.5269    1.8092    
8.3993     35.7456   
14.6986    23.0984   
16.8214    16.4673   
15.5260    7.0005    
18.8150    16.5406   

# Frame140

# x        y
10.5269    1.8092    
8.4079     35.7164   
14.6845    23.0487   
16.8214    16.4673   
15.5260    7.0005    
18.8150    16.5406   

# Frame141

# x        y
10.5269    1.8092    
8.4164     35.6876   
14.6706    22.9997   
16.8214    16.4673   
15.5260    7.0005    
18.8150    16.5406   

# Frame142

# x        y
10.5269    1.8092    
8.4247     35.6594   
14.6570    22.9516   
16.8214    16.4673   
15.5260    7.0005    
18.8150    16.5406   

# Frame143

# x        y
10.5269    1.8092    
8.4328     35.6316   
14.6436    22.9042   
16.8214    16.4673   
15.5260    7.0005    
18.8150    16.5406   

# Frame144

# x        y
10.5269    1.8092    
8.4408     35.6043   
14.6305    22.8577   
16.8214    16.4673   
15.5260    7.0005    
18.8150    16.5406   

# Frame145

# x        y
10.5269    1.8092    
8.4487     35.5774   
14.6175    22.8119   
16.8214    16.4673   
15.5260    7.0005    
18.8150    16.5406   

# Frame146

# x        y
10.5269    1.8092    
8.4565     35.5510   
14.6048    22.7669   
16.8214    16.4673   
15.5260    7.0005    
18.8150    16.5406   

# Frame147

# x        y
10.5269    1.8092    
8.4641     35.5250   
14.5923    22.7227   
16.8214    16.4673   
15.5260    7.0005    
18.8150    16.5406   

# Frame148

# x        y
10.5269    1.8092    
8.4716     35.4995   
14.5800    22.6792   
16.8214    16.4673   
15.5260    7.0005    
18.8150    16.5406   

# Frame149

# x        y
10.5269    1.8092    
8.4790     35.4743   
14.5679    22.6364   
16.8214    16.4673   
15.5260    7.0005    
18.8150    16.5406   

# Frame150

# x        y
10.5269    1.8092    
8.4863     35.4496   
14.5560    22.5943   
16.8214    16.4673   
15.5260    7.0005    
18.8150    16.5406   

# Frame151

# x        y
10.5269    1.8092    
8.4934     35.4253   
14.5443    22.5529   
16.8214    16.4673   
15.5260    7.0005    
18.8150    16.5406   

# Frame152

# x        y
10.5269    1.8092    
8.5004     35.4015   
14.5328    22.5122   
16.8214    16.4673   
15.5260    7.0005    
18.8150    16.5406   

# Frame153

# x        y
10.5269    1.8092    
8.5073     35.3780   
14.5215    22.4722   
16.8214    16.4673   
15.5260    7.0005    
18.8150    16.5406   

# Frame154

# x        y
10.5269    1.8092    
8.5141     35.3549   
14.5103    22.4329   
16.8214    16.4673   
15.5260    7.0005    
18.8150    16.5406   

# Frame155

# x        y
10.5269    1.8092    
8.5208     35.3322   
14.4994    22.3942   
16.8214    16.4673   
15.5260    7.0005    
18.8150    16.5406   

# Frame156

# x        y
10.5269    1.8092    
8.5273     35.3098   
14.4887    22.3562   
16.8214    16.4673   
15.5260    7.0005    
18.8150    16.5406   

# Frame157

# x        y
10.5269    1.8092    
8.5338     35.2879   
14.4781    22.3187   
16.8214    16.4673   
15.5260    7.0005    
18.8150    16.5406   

# Frame158

# x        y
10.5269    1.8092    
8.5401     35.2663   
14.4677    22.2820   
16.8214    16.4673   
15.5260    7.0005    
18.8150    16.5406   

# Frame159

# x        y
10.5269    1.8092    
8.5464     35.2451   
14.4574    22.2458   
16.8214    16.4673   
15.5260    7.0005    
18.8150    16.5406   

# Frame160

# x        y
10.5269    1.8092    
8.5525     35.2242   
14.4474    22.2102   
16.8214    16.4673   
15.5260    7.0005    
18.8150    16.5406   

# Frame161

# x        y
10.5269    1.8092    
8.5585     35.2036   
14.4375    22.1752   
16.8214    16.4673   
15.5260    7.0005    
18.8150    16.5406   

# Frame162

# x        y
10.5269    1.8092    
8.5645     35.1834   
14.4278    22.1409   
16.8214    16.4673   
15.5260    7.0005    
18.8150    16.5406   

# Frame163

# x        y
10.5269    1.8092    
8.5703     35.1636   
14.4182    22.1070   
16.8214    16.4673   
15.5260    7.0005    
18.8150    16.5406   

# Frame164

# x        y
10.5269    1.8092    
8.5760     35.1441   
14.4088    22.0738   
16.8214    16.4673   
15.5260    7.0005    
18.8150    16.5406   

# Frame165

# x        y
10.5269    1.8092    
8.5817     35.1249   
14.3996    22.0411   
16.8214    16.4673   
15.5260    7.0005    
18.8150    16.5406   

# Frame166

# x        y
10.5269    1.8092    
8.5872     35.1060   
14.3905    22.0089   
16.8214    16.4673   
15.5260    7.0005    
18.8150    16.5406   

# Frame167

# x        y
10.5269    1.8092    
8.5927     35.0874   
14.3815    21.9773   
16.8214    16.4673   
15.5260    7.0005    
18.8150    16.5406   

# Frame168

# x        y
10.5269    1.8092    
8.5980     35.0692   
14.3727    21.9462   
16.8214    16.4673   
15.5260    7.0005    
18.8150    16.5406   

# Frame169

# x        y
10.5269    1.8092    
8.6033     35.0512   
14.3641    21.9156   
16.8214    16.4673   
15.5260    7.0005    
18.8150    16.5406   

# Frame170

# x        y
10.5269    1.8092    
8.6085     35.0336   
14.3556    21.8856   
16.8214    16.4673   
15.5260    7.0005    
18.8150    16.5406   

# Frame171

# x        y
10.5269    1.8092    
8.6136     35.0162   
14.3472    21.8560   
16.8214    16.4673   
15.5260    7.0005    
18.8150    16.5406   

# Frame172

# x        y
10.5269    1.8092    
8.6186     34.9992   
14.3390    21.8269   
16.8214    16.4673   
15.5260    7.0005    
18.8150    16.5406   

# Frame173

# x        y
10.5269    1.8092    
8.6235     34.9824   
14.3309    21.7983   
16.8214    16.4673   
15.5260    7.0005    
18.8150    16.5406   

# Frame174

# x        y
10.5269    1.8092    
8.6284     34.9659   
14.3230    21.7702   
16.8214    16.4673   
15.5260    7.0005    
18.8150    16.5406   

# Frame175

# x        y
10.5269    1.8092    
8.6331     34.9496   
14.3151    21.7426   
16.8214    16.4673   
15.5260    7.0005    
18.8150    16.5406   

# Frame176

# x        y
10.5269    1.8092    
8.6378     34.9337   
14.3075    21.7154   
16.8214    16.4673   
15.5260    7.0005    
18.8150    16.5406   

# Frame177

# x        y
10.5269    1.8092    
8.6424     34.9180   
14.2999    21.6887   
16.8214    16.4673   
15.5260    7.0005    
18.8150    16.5406   

# Frame178

# x        y
10.5269    1.8092    
8.6470     34.9026   
14.2925    21.6624   
16.8214    16.4673   
15.5260    7.0005    
18.8150    16.5406   

# Frame179

# x        y
10.5269    1.8092    
8.6514     34.8874   
14.2852    21.6365   
16.8214    16.4673   
15.5260    7.0005    
18.8150    16.5406   

# Frame180

# x        y
10.5269    1.8092    
8.6558     34.8725   
14.2780    21.6111   
16.8214    16.4673   
15.5260    7.0005    
18.8150    16.5406   

# Frame181

# x        y
10.5269    1.8092    
8.6601     34.8578   
14.2709    21.5861   
16.8214    16.4673   
15.5260    7.0005    
18.8150    16.5406   

# Frame182

# x        y
10.5269    1.8092    
8.6643     34.8434   
14.2640    21.5616   
16.8214    16.4673   
15.5260    7.0005    
18.8150    16.5406   

# Frame183

# x        y
10.5269    1.8092    
8.6685     34.8292   
14.2571    21.5374   
16.8214    16.4673   
15.5260    7.0005    
18.8150    16.5406   

# Frame184

# x        y
10.5269    1.8092    
8.6726     34.8152   
14.2504    21.5136   
16.8214    16.4673   
15.5260    7.0005    
18.8150    16.5406   

# Frame185

# x        y
10.5269    1.8092    
8.6766     34.8015   
14.2438    21.4903   
16.8214    16.4673   
15.5260    7.0005    
18.8150    16.5406   

# Frame186

# x        y
10.5269    1.8092    
8.6806     34.7880   
14.2373    21.4673   
16.8214    16.4673   
15.5260    7.0005    
18.8150    16.5406   

# Frame187

# x        y
10.5269    1.8092    
8.6845     34.7748   
14.2309    21.4447   
16.8214    16.4673   
15.5260    7.0005    
18.8150    16.5406   

# Frame188

# x        y
10.5269    1.8092    
8.6883     34.7617   
14.2246    21.4225   
16.8214    16.4673   
15.5260    7.0005    
18.8150    16.5406   

# Frame189

# x        y
10.5269    1.8092    
8.6921     34.7489   
14.2184    21.4006   
16.8214    16.4673   
15.5260    7.0005    
18.8150    16.5406   

# Frame190

# x        y
10.5269    1.8092    
8.6958     34.7363   
14.2124    21.3792   
16.8214    16.4673   
15.5260    7.0005    
18.8150    16.5406   

# Frame191

# x        y
10.5269    1.8092    
8.6994     34.7239   
14.2064    21.3580   
16.8214    16.4673   
15.5260    7.0005    
18.8150    16.5406   

# Frame192

# x        y
10.5269    1.8092    
8.7030     34.7117   
14.2005    21.3373   
16.8214    16.4673   
15.5260    7.0005    
18.8150    16.5406   

# Frame193

# x        y
10.5269    1.8092    
8.7065     34.6997   
14.1947    21.3168   
16.8214    16.4673   
15.5260    7.0005    
18.8150    16.5406   

# Frame194

# x        y
10.5269    1.8092    
8.7100     34.6879   
14.1891    21.2968   
16.8214    16.4673   
15.5260    7.0005    
18.8150    16.5406   

# Frame195

# x        y
10.5269    1.8092    
8.7134     34.6763   
14.1835    21.2770   
16.8214    16.4673   
15.5260    7.0005    
18.8150    16.5406   

# Frame196

# x        y
10.5269    1.8092    
8.7168     34.6649   
14.1780    21.2576   
16.8214    16.4673   
15.5260    7.0005    
18.8150    16.5406   

# Frame197

# x        y
10.5269    1.8092    
8.7201     34.6537   
14.1726    21.2385   
16.8214    16.4673   
15.5260    7.0005    
18.8150    16.5406   

# Frame198

# x        y
10.5269    1.8092    
8.7233     34.6427   
14.1673    21.2197   
16.8214    16.4673   
15.5260    7.0005    
18.8150    16.5406   

# Frame199

# x        y
10.5269    1.8092    
8.7265     34.6318   
14.1621    21.2012   
16.8214    16.4673   
15.5260    7.0005    
18.8150    16.5406   

# Frame200

# x        y
10.5269    1.8092    
8.7296     34.6212   
14.1569    21.1831   
16.8214    16.4673   
15.5260    7.0005    
18.8150    16.5406   

# Frame201

# x        y
10.5269    1.8092    
8.7327     34.6107   
14.1519    21.1652   
16.8214    16.4673   
15.5260    7.0005    
18.8150    16.5406   

# Frame202

# x        y
10.5269    1.8092    
8.7357     34.6004   
14.1469    21.1477   
16.8214    16.4673   
15.5260    7.0005    
18.8150    16.5406   

# Frame203

# x        y
10.5269    1.8092    
8.7387     34.5903   
14.1420    21.1304   
16.8214    16.4673   
15.5260    7.0005    
18.8150    16.5406   

# Frame204

# x        y
10.5269    1.8092    
8.7416     34.5803   
14.1372    21.1134   
16.8214    16.4673   
15.5260    7.0005    
18.8150    16.5406   

# Frame205

# x        y
10.5269    1.8092    
8.7445     34.5705   
14.1325    21.0967   
16.8214    16.4673   
15.5260    7.0005    
18.8150    16.5406   

# Frame206

# x        y
10.5269    1.8092    
8.7473     34.5609   
14.1279    21.0803   
16.8214    16.4673   
15.5260    7.0005    
18.8150    16.5406   

# Frame207

# x        y
10.5269    1.8092    
8.7501     34.5514   
14.1233    21.0642   
16.8214    16.4673   
15.5260    7.0005    
18.8150    16.5406   

# Frame208

# x        y
10.5269    1.8092    
8.7529     34.5421   
14.1188    21.0483   
16.8214    16.4673   
15.5260    7.0005    
18.8150    16.5406   

# Frame209

# x        y
10.5269    1.8092    
8.7555     34.5329   
14.1144    21.0327   
16.8214    16.4673   
15.5260    7.0005    
18.8150    16.5406   

# Frame210

# x        y
10.5269    1.8092    
8.7582     34.5239   
14.1100    21.0173   
16.8214    16.4673   
15.5260    7.0005    
18.8150    16.5406   

# Frame211

# x        y
10.5269    1.8092    
8.7608     34.5150   
14.1058    21.0022   
16.8214    16.4673   
15.5260    7.0005    
18.8150    16.5406   

# Frame212

# x        y
10.5269    1.8092    
8.7634     34.5063   
14.1016    20.9874   
16.8214    16.4673   
15.5260    7.0005    
18.8150    16.5406   

# Frame213

# x        y
10.5269    1.8092    
8.7659     34.4977   
14.0975    20.9728   
16.8214    16.4673   
15.5260    7.0005    
18.8150    16.5406   

# Frame214

# x        y
10.5269    1.8092    
8.7684     34.4893   
14.0934    20.9584   
16.8214    16.4673   
15.5260    7.0005    
18.8150    16.5406   

# Frame215

# x        y
10.5269    1.8092    
8.7708     34.4810   
14.0894    20.9443   
16.8214    16.4673   
15.5260    7.0005    
18.8150    16.5406   

# Frame216

# x        y
10.5269    1.8092    
8.7732     34.4729   
14.0855    20.9305   
16.8214    16.4673   
15.5260    7.0005    
18.8150    16.5406   

# Frame217

# x        y
10.5269    1.8092    
8.7755     34.4649   
14.0816    20.9168   
16.8214    16.4673   
15.5260    7.0005    
18.8150    16.5406   

# Frame218

# x        y
10.5269    1.8092    
8.7778     34.4570   
14.0778    20.9034   
16.8214    16.4673   
15.5260    7.0005    
18.8150    16.5406   

# Frame219

# x        y
10.5269    1.8092    
8.7801     34.4492   
14.0741    20.8902   
16.8214    16.4673   
15.5260    7.0005    
18.8150    16.5406   

# Frame220

# x        y
10.5269    1.8092    
8.7824     34.4416   
14.0704    20.8772   
16.8214    16.4673   
15.5260    7.0005    
18.8150    16.5406   

# Frame221

# x        y
10.5269    1.8092    
8.7846     34.4341   
14.0668    20.8645   
16.8214    16.4673   
15.5260    7.0005    
18.8150    16.5406   

# Frame222

# x        y
10.5269    1.8092    
8.7867     34.4268   
14.0633    20.8519   
16.8214    16.4673   
15.5260    7.0005    
18.8150    16.5406   

# Frame223

# x        y
10.5269    1.8092    
8.7888     34.4195   
14.0598    20.8396   
16.8214    16.4673   
15.5260    7.0005    
18.8150    16.5406   

# Frame224

# x        y
10.5269    1.8092    
8.7909     34.4124   
14.0563    20.8274   
16.8214    16.4673   
15.5260    7.0005    
18.8150    16.5406   

# Frame225

# x        y
10.5269    1.8092    
8.7930     34.4054   
14.0530    20.8155   
16.8214    16.4673   
15.5260    7.0005    
18.8150    16.5406   

# Frame226

# x        y
10.5269    1.8092    
8.7950     34.3985   
14.0497    20.8038   
16.8214    16.4673   
15.5260    7.0005    
18.8150    16.5406   

# Frame227

# x        y
10.5269    1.8092    
8.7970     34.3918   
14.0464    20.7923   
16.8214    16.4673   
15.5260    7.0005    
18.8150    16.5406   

# Frame228

# x        y
10.5269    1.8092    
8.7990     34.3851   
14.0432    20.7809   
16.8214    16.4673   
15.5260    7.0005    
18.8150    16.5406   

# Frame229

# x        y
10.5269    1.8092    
8.8009     34.3785   
14.0400    20.7698   
16.8214    16.4673   
15.5260    7.0005    
18.8150    16.5406   

# Frame230

# x        y
10.5269    1.8092    
8.8028     34.3721   
14.0369    20.7588   
16.8214    16.4673   
15.5260    7.0005    
18.8150    16.5406   

# Frame231

# x        y
10.5269    1.8092    
8.8046     34.3658   
14.0339    20.7480   
16.8214    16.4673   
15.5260    7.0005    
18.8150    16.5406   

# Frame232

# x        y
10.5269    1.8092    
8.8065     34.3595   
14.0309    20.7374   
16.8214    16.4673   
15.5260    7.0005    
18.8150    16.5406   

# Frame233

# x        y
10.5269    1.8092    
8.8083     34.3534   
14.0279    20.7270   
16.8214    16.4673   
15.5260    7.0005    
18.8150    16.5406   

# Frame234

# x        y
10.5269    1.8092    
8.8100     34.3474   
14.0250    20.7167   
16.8214    16.4673   
15.5260    7.0005    
18.8150    16.5406   

# Frame235

# x        y
10.5269    1.8092    
8.8118     34.3415   
14.0222    20.7066   
16.8214    16.4673   
15.5260    7.0005    
18.8150    16.5406   

# Frame236

# x        y
10.5269    1.8092    
8.8135     34.3357   
14.0194    20.6967   
16.8214    16.4673   
15.5260    7.0005    
18.8150    16.5406   

# Frame237

# x        y
10.5269    1.8092    
8.8152     34.3299   
14.0166    20.6870   
16.8214    16.4673   
15.5260    7.0005    
18.8150    16.5406   

# Frame238

# x        y
10.5269    1.8092    
8.8168     34.3243   
14.0139    20.6774   
16.8214    16.4673   
15.5260    7.0005    
18.8150    16.5406   

# Frame239

# x        y
10.5269    1.8092    
8.8184     34.3188   
14.0112    20.6679   
16.8214    16.4673   
15.5260    7.0005    
18.8150    16.5406   

# Frame240

# x        y
10.5269    1.8092    
8.8200     34.3133   
14.0086    20.6587   
16.8214    16.4673   
15.5260    7.0005    
18.8150    16.5406   

# Frame241

# x        y
10.5269    1.8092    
8.8216     34.3080   
14.0060    20.6496   
16.8214    16.4673   
15.5260    7.0005    
18.8150    16.5406   

# Frame242

# x        y
10.5269    1.8092    
8.8232     34.3027   
14.0035    20.6406   
16.8214    16.4673   
15.5260    7.0005    
18.8150    16.5406   

# Frame243

# x        y
10.5269    1.8092    
8.8247     34.2975   
14.0010    20.6318   
16.8214    16.4673   
15.5260    7.0005    
18.8150    16.5406   

# Frame244

# x        y
10.5269    1.8092    
8.8262     34.2925   
13.9986    20.6231   
16.8214    16.4673   
15.5260    7.0005    
18.8150    16.5406   

# Frame245

# x        y
10.5269    1.8092    
8.8276     34.2874   
13.9962    20.6146   
16.8214    16.4673   
15.5260    7.0005    
18.8150    16.5406   

# Frame246

# x        y
10.5269    1.8092    
8.8291     34.2825   
13.9938    20.6062   
16.8214    16.4673   
15.5260    7.0005    
18.8150    16.5406   

# Frame247

# x        y
10.5269    1.8092    
8.8305     34.2777   
13.9915    20.5980   
16.8214    16.4673   
15.5260    7.0005    
18.8150    16.5406   

# Frame248

# x        y
10.5269    1.8092    
8.8319     34.2729   
13.9892    20.5899   
16.8214    16.4673   
15.5260    7.0005    
18.8150    16.5406   

# Frame249

# x        y
10.5269    1.8092    
8.8333     34.2683   
13.9869    20.5819   
16.8214    16.4673   
15.5260    7.0005    
18.8150    16.5406   

# Frame250

# x        y
10.5269    1.8092    
8.8346     34.2637   
13.9847    20.5741   
16.8214    16.4673   
15.5260    7.0005    
18.8150    16.5406   

# Frame251

# x        y
10.5269    1.8092    
8.8360     34.2591   
13.9825    20.5663   
16.8214    16.4673   
15.5260    7.0005    
18.8150    16.5406   

# Frame252

# x        y
10.5269    1.8092    
8.8373     34.2547   
13.9804    20.5588   
16.8214    16.4673   
15.5260    7.0005    
18.8150    16.5406   

# Frame253

# x        y
10.5269    1.8092    
8.8386     34.2503   
13.9783    20.5513   
16.8214    16.4673   
15.5260    7.0005    
18.8150    16.5406   

# Frame254

# x        y
10.5269    1.8092    
8.8398     34.2460   
13.9762    20.5440   
16.8214    16.4673   
15.5260    7.0005    
18.8150    16.5406   

# Frame255

# x        y
10.5269    1.8092    
8.8411     34.2418   
13.9742    20.5368   
16.8214    16.4673   
15.5260    7.0005    
18.8150    16.5406   

# Frame256

# x        y
10.5269    1.8092    
8.8423     34.2376   
13.9722    20.5297   
16.8214    16.4673   
15.5260    7.0005    
18.8150    16.5406   

# Frame257

# x        y
10.5269    1.8092    
8.8435     34.2335   
13.9702    20.5227   
16.8214    16.4673   
15.5260    7.0005    
18.8150    16.5406   

# Frame258

# x        y
10.5269    1.8092    
8.8447     34.2295   
13.9682    20.5159   
16.8214    16.4673   
15.5260    7.0005    
18.8150    16.5406   

# Frame259

# x        y
10.5269    1.8092    
8.8458     34.2256   
13.9663    20.5091   
16.8214    16.4673   
15.5260    7.0005    
18.8150    16.5406   

# Frame260

# x        y
10.5269    1.8092    
8.8470     34.2217   
13.9645    20.5025   
16.8214    16.4673   
15.5260    7.0005    
18.8150    16.5406   

# Frame261

# x        y
10.5269    1.8092    
8.8481     34.2178   
13.9626    20.4960   
16.8214    16.4673   
15.5260    7.0005    
18.8150    16.5406   

# Frame262

# x        y
10.5269    1.8092    
8.8492     34.2141   
13.9608    20.4896   
16.8214    16.4673   
15.5260    7.0005    
18.8150    16.5406   

# Frame263

# x        y
10.5269    1.8092    
8.8503     34.2104   
13.9590    20.4833   
16.8214    16.4673   
15.5260    7.0005    
18.8150    16.5406   

# Frame264

# x        y
10.5269    1.8092    
8.8514     34.2067   
13.9573    20.4771   
16.8214    16.4673   
15.5260    7.0005    
18.8150    16.5406   

# Frame265

# x        y
10.5269    1.8092    
8.8524     34.2032   
13.9556    20.4710   
16.8214    16.4673   
15.5260    7.0005    
18.8150    16.5406   

# Frame266

# x        y
10.5269    1.8092    
8.8534     34.1997   
13.9539    20.4650   
16.8214    16.4673   
15.5260    7.0005    
18.8150    16.5406   

# Frame267

# x        y
10.5269    1.8092    
8.8545     34.1962   
13.9522    20.4591   
16.8214    16.4673   
15.5260    7.0005    
18.8150    16.5406   

# Frame268

# x        y
10.5269    1.8092    
8.8554     34.1928   
13.9506    20.4533   
16.8214    16.4673   
15.5260    7.0005    
18.8150    16.5406   

# Frame269

# x        y
10.5269    1.8092    
8.8564     34.1895   
13.9490    20.4477   
16.8214    16.4673   
15.5260    7.0005    
18.8150    16.5406   

# Frame270

# x        y
10.5269    1.8092    
8.8574     34.1862   
13.9474    20.4421   
16.8214    16.4673   
15.5260    7.0005    
18.8150    16.5406   

# Frame271

# x        y
10.5269    1.8092    
8.8583     34.1829   
13.9458    20.4365   
16.8214    16.4673   
15.5260    7.0005    
18.8150    16.5406   

# Frame272

# x        y
10.5269    1.8092    
8.8593     34.1798   
13.9443    20.4311   
16.8214    16.4673   
15.5260    7.0005    
18.8150    16.5406   

# Frame273

# x        y
10.5269    1.8092    
8.8602     34.1766   
13.9428    20.4258   
16.8214    16.4673   
15.5260    7.0005    
18.8150    16.5406   

# Frame274

# x        y
10.5269    1.8092    
8.8611     34.1736   
13.9413    20.4206   
16.8214    16.4673   
15.5260    7.0005    
18.8150    16.5406   

# Frame275

# x        y
10.5269    1.8092    
8.8620     34.1705   
13.9398    20.4154   
16.8214    16.4673   
15.5260    7.0005    
18.8150    16.5406   

# Frame276

# x        y
10.5269    1.8092    
8.8629     34.1676   
13.9384    20.4104   
16.8214    16.4673   
15.5260    7.0005    
18.8150    16.5406   

# Frame277

# x        y
10.5269    1.8092    
8.8637     34.1646   
13.9370    20.4054   
16.8214    16.4673   
15.5260    7.0005    
18.8150    16.5406   

# Frame278

# x        y
10.5269    1.8092    
8.8646     34.1618   
13.9356    20.4005   
16.8214    16.4673   
15.5260    7.0005    
18.8150    16.5406   

# Frame279

# x        y
10.5269    1.8092    
8.8654     34.1590   
13.9343    20.3957   
16.8214    16.4673   
15.5260    7.0005    
18.8150    16.5406   

# Frame280

# x        y
10.5269    1.8092    
8.8662     34.1562   
13.9329    20.3909   
16.8214    16.4673   
15.5260    7.0005    
18.8150    16.5406   

# Frame281

# x        y
10.5269    1.8092    
8.8670     34.1534   
13.9316    20.3863   
16.8214    16.4673   
15.5260    7.0005    
18.8150    16.5406   

# Frame282

# x        y
10.5269    1.8092    
8.8678     34.1508   
13.9303    20.3817   
16.8214    16.4673   
15.5260    7.0005    
18.8150    16.5406   

# Frame283

# x        y
10.5269    1.8092    
8.8686     34.1481   
13.9290    20.3772   
16.8214    16.4673   
15.5260    7.0005    
18.8150    16.5406   

# Frame284

# x        y
10.5269    1.8092    
8.8693     34.1455   
13.9278    20.3728   
16.8214    16.4673   
15.5260    7.0005    
18.8150    16.5406   

# Frame285

# x        y
10.5269    1.8092    
8.8701     34.1430   
13.9266    20.3684   
16.8214    16.4673   
15.5260    7.0005    
18.8150    16.5406   

# Frame286

# x        y
10.5269    1.8092    
8.8708     34.1404   
13.9253    20.3642   
16.8214    16.4673   
15.5260    7.0005    
18.8150    16.5406   

# Frame287

# x        y
10.5269    1.8092    
8.8716     34.1380   
13.9242    20.3599   
16.8214    16.4673   
15.5260    7.0005    
18.8150    16.5406   

# Frame288

# x        y
10.5269    1.8092    
8.8723     34.1355   
13.9230    20.3558   
16.8214    16.4673   
15.5260    7.0005    
18.8150    16.5406   

# Frame289

# x        y
10.5269    1.8092    
8.8730     34.1332   
13.9218    20.3517   
16.8214    16.4673   
15.5260    7.0005    
18.8150    16.5406   

# Frame290

# x        y
10.5269    1.8092    
8.8737     34.1308   
13.9207    20.3477   
16.8214    16.4673   
15.5260    7.0005    
18.8150    16.5406   

# Frame291

# x        y
10.5269    1.8092    
8.8743     34.1285   
13.9196    20.3438   
16.8214    16.4673   
15.5260    7.0005    
18.8150    16.5406   

# Frame292

# x        y
10.5269    1.8092    
8.8750     34.1262   
13.9185    20.3399   
16.8214    16.4673   
15.5260    7.0005    
18.8150    16.5406   

# Frame293

# x        y
10.5269    1.8092    
8.8757     34.1240   
13.9174    20.3361   
16.8214    16.4673   
15.5260    7.0005    
18.8150    16.5406   

# Frame294

# x        y
10.5269    1.8092    
8.8763     34.1218   
13.9164    20.3324   
16.8214    16.4673   
15.5260    7.0005    
18.8150    16.5406   

# Frame295

# x        y
10.5269    1.8092    
8.8769     34.1196   
13.9153    20.3287   
16.8214    16.4673   
15.5260    7.0005    
18.8150    16.5406   

# Frame296

# x        y
10.5269    1.8092    
8.8776     34.1175   
13.9143    20.3251   
16.8214    16.4673   
15.5260    7.0005    
18.8150    16.5406   

# Frame297

# x        y
10.5269    1.8092    
8.8782     34.1154   
13.9133    20.3215   
16.8214    16.4673   
15.5260    7.0005    
18.8150    16.5406   

# Frame298

# x        y
10.5269    1.8092    
8.8788     34.1134   
13.9123    20.3180   
16.8214    16.4673   
15.5260    7.0005    
18.8150    16.5406   

# Frame299

# x        y
10.5269    1.8092    
8.8794     34.1114   
13.9113    20.3146   
16.8214    16.4673   
15.5260    7.0005    
18.8150    16.5406   

# Frame300

# x        y
10.5269    1.8092    
8.8800     34.1094   
13.9104    20.3112   
16.8214    16.4673   
15.5260    7.0005    
18.8150    16.5406   

# Frame301

# x        y
10.5269    1.8092    
8.8805     34.1074   
13.9094    20.3079   
16.8214    16.4673   
15.5260    7.0005    
18.8150    16.5406   

# Frame302

# x        y
10.5269    1.8092    
8.8811     34.1055   
13.9085    20.3046   
16.8214    16.4673   
15.5260    7.0005    
18.8150    16.5406   

# Frame303

# x        y
10.5269    1.8092    
8.8816     34.1036   
13.9076    20.3014   
16.8214    16.4673   
15.5260    7.0005    
18.8150    16.5406   

# Frame304

# x        y
10.5269    1.8092    
8.8822     34.1018   
13.9067    20.2982   
16.8214    16.4673   
15.5260    7.0005    
18.8150    16.5406   

# Frame305

# x        y
10.5269    1.8092    
8.8827     34.0999   
13.9058    20.2951   
16.8214    16.4673   
15.5260    7.0005    
18.8150    16.5406   

# Frame306

# x        y
10.5269    1.8092    
8.8833     34.0981   
13.9050    20.2921   
16.8214    16.4673   
15.5260    7.0005    
18.8150    16.5406   

# Frame307

# x        y
10.5269    1.8092    
8.8838     34.0964   
13.9041    20.2891   
16.8214    16.4673   
15.5260    7.0005    
18.8150    16.5406   

# Frame308

# x        y
10.5269    1.8092    
8.8843     34.0946   
13.9033    20.2861   
16.8214    16.4673   
15.5260    7.0005    
18.8150    16.5406   

# Frame309

# x        y
10.5269    1.8092    
8.8848     34.0929   
13.9024    20.2832   
16.8214    16.4673   
15.5260    7.0005    
18.8150    16.5406   

# Frame310

# x        y
10.5269    1.8092    
8.8853     34.0912   
13.9016    20.2803   
16.8214    16.4673   
15.5260    7.0005    
18.8150    16.5406   

# Frame311

# x        y
10.5269    1.8092    
8.8858     34.0896   
13.9008    20.2775   
16.8214    16.4673   
15.5260    7.0005    
18.8150    16.5406   

# Frame312

# x        y
10.5269    1.8092    
8.8862     34.0880   
13.9001    20.2748   
16.8214    16.4673   
15.5260    7.0005    
18.8150    16.5406   

# Frame313

# x        y
10.5269    1.8092    
8.8867     34.0864   
13.8993    20.2721   
16.8214    16.4673   
15.5260    7.0005    
18.8150    16.5406   

# Frame314

# x        y
10.5269    1.8092    
8.8872     34.0848   
13.8985    20.2694   
16.8214    16.4673   
15.5260    7.0005    
18.8150    16.5406   

# Frame315

# x        y
10.5269    1.8092    
8.8876     34.0833   
13.8978    20.2668   
16.8214    16.4673   
15.5260    7.0005    
18.8150    16.5406   

# Frame316

# x        y
10.5269    1.8092    
8.8881     34.0818   
13.8971    20.2642   
16.8214    16.4673   
15.5260    7.0005    
18.8150    16.5406   

# Frame317

# x        y
10.5269    1.8092    
8.8885     34.0803   
13.8963    20.2616   
16.8214    16.4673   
15.5260    7.0005    
18.8150    16.5406   

# Frame318

# x        y
10.5269    1.8092    
8.8889     34.0788   
13.8956    20.2591   
16.8214    16.4673   
15.5260    7.0005    
18.8150    16.5406   

# Frame319

# x        y
10.5269    1.8092    
8.8894     34.0774   
13.8949    20.2567   
16.8214    16.4673   
15.5260    7.0005    
18.8150    16.5406   

# Frame320

# x        y
10.5269    1.8092    
8.8898     34.0759   
13.8943    20.2543   
16.8214    16.4673   
15.5260    7.0005    
18.8150    16.5406   

# Frame321

# x        y
10.5269    1.8092    
8.8902     34.0745   
13.8936    20.2519   
16.8214    16.4673   
15.5260    7.0005    
18.8150    16.5406   

# Frame322

# x        y
10.5269    1.8092    
8.8906     34.0732   
13.8929    20.2495   
16.8214    16.4673   
15.5260    7.0005    
18.8150    16.5406   

# Frame323

# x        y
10.5269    1.8092    
8.8910     34.0718   
13.8923    20.2472   
16.8214    16.4673   
15.5260    7.0005    
18.8150    16.5406   

# Frame324

# x        y
10.5269    1.8092    
8.8914     34.0705   
13.8916    20.2450   
16.8214    16.4673   
15.5260    7.0005    
18.8150    16.5406   

# Frame325

# x        y
10.5269    1.8092    
8.8918     34.0692   
13.8910    20.2428   
16.8214    16.4673   
15.5260    7.0005    
18.8150    16.5406   

# Frame326

# x        y
10.5269    1.8092    
8.8921     34.0679   
13.8904    20.2406   
16.8214    16.4673   
15.5260    7.0005    
18.8150    16.5406   

# Frame327

# x        y
10.5269    1.8092    
8.8925     34.0666   
13.8898    20.2384   
16.8214    16.4673   
15.5260    7.0005    
18.8150    16.5406   

# Frame328

# x        y
10.5269    1.8092    
8.8929     34.0654   
13.8892    20.2363   
16.8214    16.4673   
15.5260    7.0005    
18.8150    16.5406   

# Frame329

# x        y
10.5269    1.8092    
8.8932     34.0642   
13.8886    20.2342   
16.8214    16.4673   
15.5260    7.0005    
18.8150    16.5406   

# Frame330

# x        y
10.5269    1.8092    
8.8936     34.0630   
13.8880    20.2322   
16.8214    16.4673   
15.5260    7.0005    
18.8150    16.5406   

# Frame331

# x        y
10.5269    1.8092    
8.8939     34.0618   
13.8875    20.2302   
16.8214    16.4673   
15.5260    7.0005    
18.8150    16.5406   

# Frame332

# x        y
10.5269    1.8092    
8.8943     34.0606   
13.8869    20.2282   
16.8214    16.4673   
15.5260    7.0005    
18.8150    16.5406   

# Frame333

# x        y
10.5269    1.8092    
8.8946     34.0595   
13.8863    20.2263   
16.8214    16.4673   
15.5260    7.0005    
18.8150    16.5406   

# Frame334

# x        y
10.5269    1.8092    
8.8949     34.0584   
13.8858    20.2244   
16.8214    16.4673   
15.5260    7.0005    
18.8150    16.5406   

# Frame335

# x        y
10.5269    1.8092    
8.8953     34.0573   
13.8853    20.2225   
16.8214    16.4673   
15.5260    7.0005    
18.8150    16.5406   

# Frame336

# x        y
10.5269    1.8092    
8.8956     34.0562   
13.8848    20.2206   
16.8214    16.4673   
15.5260    7.0005    
18.8150    16.5406   

# Frame337

# x        y
10.5269    1.8092    
8.8959     34.0551   
13.8842    20.2188   
16.8214    16.4673   
15.5260    7.0005    
18.8150    16.5406   

# Frame338

# x        y
10.5269    1.8092    
8.8962     34.0541   
13.8837    20.2170   
16.8214    16.4673   
15.5260    7.0005    
18.8150    16.5406   

# Frame339

# x        y
10.5269    1.8092    
8.8965     34.0530   
13.8832    20.2153   
16.8214    16.4673   
15.5260    7.0005    
18.8150    16.5406   

# Frame340

# x        y
10.5269    1.8092    
8.8968     34.0520   
13.8827    20.2136   
16.8214    16.4673   
15.5260    7.0005    
18.8150    16.5406   

# Frame341

# x        y
10.5269    1.8092    
8.8971     34.0510   
13.8823    20.2119   
16.8214    16.4673   
15.5260    7.0005    
18.8150    16.5406   

# Frame342

# x        y
10.5269    1.8092    
8.8974     34.0501   
13.8818    20.2102   
16.8214    16.4673   
15.5260    7.0005    
18.8150    16.5406   

# Frame343

# x        y
10.5269    1.8092    
8.8977     34.0491   
13.8813    20.2085   
16.8214    16.4673   
15.5260    7.0005    
18.8150    16.5406   

# Frame344

# x        y
10.5269    1.8092    
8.8979     34.0481   
13.8809    20.2069   
16.8214    16.4673   
15.5260    7.0005    
18.8150    16.5406   

# Frame345

# x        y
10.5269    1.8092    
8.8982     34.0472   
13.8804    20.2053   
16.8214    16.4673   
15.5260    7.0005    
18.8150    16.5406   

# Frame346

# x        y
10.5269    1.8092    
8.8985     34.0463   
13.8800    20.2038   
16.8214    16.4673   
15.5260    7.0005    
18.8150    16.5406   

# Frame347

# x        y
10.5269    1.8092    
8.8988     34.0454   
13.8796    20.2022   
16.8214    16.4673   
15.5260    7.0005    
18.8150    16.5406   

# Frame348

# x        y
10.5269    1.8092    
8.8990     34.0445   
13.8791    20.2007   
16.8214    16.4673   
15.5260    7.0005    
18.8150    16.5406   

# Frame349

# x        y
10.5269    1.8092    
8.8993     34.0436   
13.8787    20.1993   
16.8214    16.4673   
15.5260    7.0005    
18.8150    16.5406   

# Frame350

# x        y
10.5269    1.8092    
8.8995     34.0428   
13.8783    20.1978   
16.8214    16.4673   
15.5260    7.0005    
18.8150    16.5406   

# Frame351

# x        y
10.5269    1.8092    
8.8998     34.0419   
13.8779    20.1964   
16.8214    16.4673   
15.5260    7.0005    
18.8150    16.5406   

# Frame352

# x        y
10.5269    1.8092    
8.9000     34.0411   
13.8775    20.1950   
16.8214    16.4673   
15.5260    7.0005    
18.8150    16.5406   

# Frame353

# x        y
10.5269    1.8092    
8.9002     34.0403   
13.8771    20.1936   
16.8214    16.4673   
15.5260    7.0005    
18.8150    16.5406   

# Frame354

# x        y
10.5269    1.8092    
8.9005     34.0395   
13.8767    20.1922   
16.8214    16.4673   
15.5260    7.0005    
18.8150    16.5406   

# Frame355

# x        y
10.5269    1.8092    
8.9007     34.0387   
13.8763    20.1909   
16.8214    16.4673   
15.5260    7.0005    
18.8150    16.5406   

# Frame356

# x        y
10.5269    1.8092    
8.9009     34.0379   
13.8760    20.1895   
16.8214    16.4673   
15.5260    7.0005    
18.8150    16.5406   

# Frame357

# x        y
10.5269    1.8092    
8.9012     34.0372   
13.8756    20.1882   
16.8214    16.4673   
15.5260    7.0005    
18.8150    16.5406   

# Frame358

# x        y
10.5269    1.8092    
8.9014     34.0364   
13.8752    20.1870   
16.8214    16.4673   
15.5260    7.0005    
18.8150    16.5406   

# Frame359

# x        y
10.5269    1.8092    
8.9016     34.0357   
13.8749    20.1857   
16.8214    16.4673   
15.5260    7.0005    
18.8150    16.5406   

# Frame360

# x        y
10.5269    1.8092    
8.9018     34.0350   
13.8745    20.1845   
16.8214    16.4673   
15.5260    7.0005    
18.8150    16.5406   

# Frame361

# x        y
10.5269    1.8092    
8.9020     34.0342   
13.8742    20.1833   
16.8214    16.4673   
15.5260    7.0005    
18.8150    16.5406   

# Frame362

# x        y
10.5269    1.8092    
8.9022     34.0335   
13.8738    20.1821   
16.8214    16.4673   
15.5260    7.0005    
18.8150    16.5406   

# Frame363

# x        y
10.5269    1.8092    
8.9024     34.0329   
13.8735    20.1809   
16.8214    16.4673   
15.5260    7.0005    
18.8150    16.5406   

# Frame364

# x        y
10.5269    1.8092    
8.9026     34.0322   
13.8732    20.1797   
16.8214    16.4673   
15.5260    7.0005    
18.8150    16.5406   

# Frame365

# x        y
10.5269    1.8092    
8.9028     34.0315   
13.8729    20.1786   
16.8214    16.4673   
15.5260    7.0005    
18.8150    16.5406   

# Frame366

# x        y
10.5269    1.8092    
8.9030     34.0309   
13.8725    20.1775   
16.8214    16.4673   
15.5260    7.0005    
18.8150    16.5406   

# Frame367

# x        y
10.5269    1.8092    
8.9032     34.0302   
13.8722    20.1764   
16.8214    16.4673   
15.5260    7.0005    
18.8150    16.5406   

# Frame368

# x        y
10.5269    1.8092    
8.9034     34.0296   
13.8719    20.1753   
16.8214    16.4673   
15.5260    7.0005    
18.8150    16.5406   

# Frame369

# x        y
10.5269    1.8092    
8.9036     34.0290   
13.8716    20.1743   
16.8214    16.4673   
15.5260    7.0005    
18.8150    16.5406   

# Frame370

# x        y
10.5269    1.8092    
8.9038     34.0283   
13.8713    20.1732   
16.8214    16.4673   
15.5260    7.0005    
18.8150    16.5406   

# Frame371

# x        y
10.5269    1.8092    
8.9039     34.0277   
13.8710    20.1722   
16.8214    16.4673   
15.5260    7.0005    
18.8150    16.5406   

# Frame372

# x        y
10.5269    1.8092    
8.9041     34.0271   
13.8708    20.1712   
16.8214    16.4673   
15.5260    7.0005    
18.8150    16.5406   

# Frame373

# x        y
10.5269    1.8092    
8.9043     34.0266   
13.8705    20.1702   
16.8214    16.4673   
15.5260    7.0005    
18.8150    16.5406   

# Frame374

# x        y
10.5269    1.8092    
8.9044     34.0260   
13.8702    20.1692   
16.8214    16.4673   
15.5260    7.0005    
18.8150    16.5406   

# Frame375

# x        y
10.5269    1.8092    
8.9046     34.0254   
13.8699    20.1683   
16.8214    16.4673   
15.5260    7.0005    
18.8150    16.5406   

# Frame376

# x        y
10.5269    1.8092    
8.9048     34.0249   
13.8697    20.1673   
16.8214    16.4673   
15.5260    7.0005    
18.8150    16.5406   

# Frame377

# x        y
10.5269    1.8092    
8.9049     34.0243   
13.8694    20.1664   
16.8214    16.4673   
15.5260    7.0005    
18.8150    16.5406   

# Frame378

# x        y
10.5269    1.8092    
8.9051     34.0238   
13.8692    20.1655   
16.8214    16.4673   
15.5260    7.0005    
18.8150    16.5406   

# Frame379

# x        y
10.5269    1.8092    
8.9052     34.0233   
13.8689    20.1646   
16.8214    16.4673   
15.5260    7.0005    
18.8150    16.5406   

# Frame380

# x        y
10.5269    1.8092    
8.9054     34.0228   
13.8686    20.1637   
16.8214    16.4673   
15.5260    7.0005    
18.8150    16.5406   

# Frame381

# x        y
10.5269    1.8092    
8.9055     34.0222   
13.8684    20.1628   
16.8214    16.4673   
15.5260    7.0005    
18.8150    16.5406   

# Frame382

# x        y
10.5269    1.8092    
8.9057     34.0217   
13.8682    20.1620   
16.8214    16.4673   
15.5260    7.0005    
18.8150    16.5406   

# Frame383

# x        y
10.5269    1.8092    
8.9058     34.0213   
13.8679    20.1611   
16.8214    16.4673   
15.5260    7.0005    
18.8150    16.5406   

# Frame384

# x        y
10.5269    1.8092    
8.9060     34.0208   
13.8677    20.1603   
16.8214    16.4673   
15.5260    7.0005    
18.8150    16.5406   

# Frame385

# x        y
10.5269    1.8092    
8.9061     34.0203   
13.8675    20.1595   
16.8214    16.4673   
15.5260    7.0005    
18.8150    16.5406   

# Frame386

# x        y
10.5269    1.8092    
8.9063     34.0198   
13.8672    20.1587   
16.8214    16.4673   
15.5260    7.0005    
18.8150    16.5406   

# Frame387

# x        y
10.5269    1.8092    
8.9064     34.0194   
13.8670    20.1579   
16.8214    16.4673   
15.5260    7.0005    
18.8150    16.5406   

# Frame388

# x        y
10.5269    1.8092    
8.9065     34.0189   
13.8668    20.1572   
16.8214    16.4673   
15.5260    7.0005    
18.8150    16.5406   

# Frame389

# x        y
10.5269    1.8092    
8.9067     34.0185   
13.8666    20.1564   
16.8214    16.4673   
15.5260    7.0005    
18.8150    16.5406   

# Frame390

# x        y
10.5269    1.8092    
8.9068     34.0180   
13.8664    20.1556   
16.8214    16.4673   
15.5260    7.0005    
18.8150    16.5406   

# Frame391

# x        y
10.5269    1.8092    
8.9069     34.0176   
13.8662    20.1549   
16.8214    16.4673   
15.5260    7.0005    
18.8150    16.5406   

# Frame392

# x        y
10.5269    1.8092    
8.9070     34.0172   
13.8660    20.1542   
16.8214    16.4673   
15.5260    7.0005    
18.8150    16.5406   

# Frame393

# x        y
10.5269    1.8092    
8.9072     34.0168   
13.8658    20.1535   
16.8214    16.4673   
15.5260    7.0005    
18.8150    16.5406   

# Frame394

# x        y
10.5269    1.8092    
8.9073     34.0163   
13.8656    20.1528   
16.8214    16.4673   
15.5260    7.0005    
18.8150    16.5406   

# Frame395

# x        y
10.5269    1.8092    
8.9074     34.0159   
13.8654    20.1521   
16.8214    16.4673   
15.5260    7.0005    
18.8150    16.5406   

# Frame396

# x        y
10.5269    1.8092    
8.9075     34.0155   
13.8652    20.1514   
16.8214    16.4673   
15.5260    7.0005    
18.8150    16.5406   

# Frame397

# x        y
10.5269    1.8092    
8.9076     34.0152   
13.8650    20.1508   
16.8214    16.4673   
15.5260    7.0005    
18.8150    16.5406   

# Frame398

# x        y
10.5269    1.8092    
8.9077     34.0148   
13.8648    20.1501   
16.8214    16.4673   
15.5260    7.0005    
18.8150    16.5406   

# Frame399

# x        y
10.5269    1.8092    
8.9079     34.0144   
13.8646    20.1495   
16.8214    16.4673   
15.5260    7.0005    
18.8150    16.5406   

# Frame400

# x        y
10.5269    1.8092    
8.9080     34.0140   
13.8644    20.1488   
16.8214    16.4673   
15.5260    7.0005    
18.8150    16.5406   

# Frame401

# x        y
10.5269    1.8092    
8.9081     34.0137   
13.8643    20.1482   
16.8214    16.4673   
15.5260    7.0005    
18.8150    16.5406   

# Frame402

# x        y
10.5269    1.8092    
8.9082     34.0133   
13.8641    20.1476   
16.8214    16.4673   
15.5260    7.0005    
18.8150    16.5406   

# Frame403

# x        y
10.5269    1.8092    
8.9083     34.0130   
13.8639    20.1470   
16.8214    16.4673   
15.5260    7.0005    
18.8150    16.5406   

# Frame404

# x        y
10.5269    1.8092    
8.9084     34.0126   
13.8638    20.1464   
16.8214    16.4673   
15.5260    7.0005    
18.8150    16.5406   

# Frame405

# x        y
10.5269    1.8092    
8.9085     34.0123   
13.8636    20.1459   
16.8214    16.4673   
15.5260    7.0005    
18.8150    16.5406   

# Frame406

# x        y
10.5269    1.8092    
8.9086     34.0119   
13.8634    20.1453   
16.8214    16.4673   
15.5260    7.0005    
18.8150    16.5406   

# Frame407

# x        y
10.5269    1.8092    
8.9087     34.0116   
13.8633    20.1447   
16.8214    16.4673   
15.5260    7.0005    
18.8150    16.5406   

# Frame408

# x        y
10.5269    1.8092    
8.9088     34.0113   
13.8631    20.1442   
16.8214    16.4673   
15.5260    7.0005    
18.8150    16.5406   

# Frame409

# x        y
10.5269    1.8092    
8.9089     34.0110   
13.8630    20.1436   
16.8214    16.4673   
15.5260    7.0005    
18.8150    16.5406   

# Frame410

# x        y
10.5269    1.8092    
8.9090     34.0107   
13.8628    20.1431   
16.8214    16.4673   
15.5260    7.0005    
18.8150    16.5406   

# Frame411

# x        y
10.5269    1.8092    
8.9090     34.0103   
13.8627    20.1426   
16.8214    16.4673   
15.5260    7.0005    
18.8150    16.5406   

# Frame412

# x        y
10.5269    1.8092    
8.9091     34.0100   
13.8625    20.1421   
16.8214    16.4673   
15.5260    7.0005    
18.8150    16.5406   

# Frame413

# x        y
10.5269    1.8092    
8.9092     34.0097   
13.8624    20.1416   
16.8214    16.4673   
15.5260    7.0005    
18.8150    16.5406   

# Frame414

# x        y
10.5269    1.8092    
8.9093     34.0094   
13.8622    20.1411   
16.8214    16.4673   
15.5260    7.0005    
18.8150    16.5406   

# Frame415

# x        y
10.5269    1.8092    
8.9094     34.0092   
13.8621    20.1406   
16.8214    16.4673   
15.5260    7.0005    
18.8150    16.5406   

# Frame416

# x        y
10.5269    1.8092    
8.9095     34.0089   
13.8620    20.1401   
16.8214    16.4673   
15.5260    7.0005    
18.8150    16.5406   

# Frame417

# x        y
10.5269    1.8092    
8.9096     34.0086   
13.8618    20.1396   
16.8214    16.4673   
15.5260    7.0005    
18.8150    16.5406   

# Frame418

# x        y
10.5269    1.8092    
8.9096     34.0083   
13.8617    20.1391   
16.8214    16.4673   
15.5260    7.0005    
18.8150    16.5406   

# Frame419

# x        y
10.5269    1.8092    
8.9097     34.0081   
13.8616    20.1387   
16.8214    16.4673   
15.5260    7.0005    
18.8150    16.5406   

# Frame420

# x        y
10.5269    1.8092    
8.9098     34.0078   
13.8614    20.1382   
16.8214    16.4673   
15.5260    7.0005    
18.8150    16.5406   

# Frame421

# x        y
10.5269    1.8092    
8.9099     34.0075   
13.8613    20.1378   
16.8214    16.4673   
15.5260    7.0005    
18.8150    16.5406   

# Frame422

# x        y
10.5269    1.8092    
8.9099     34.0073   
13.8612    20.1374   
16.8214    16.4673   
15.5260    7.0005    
18.8150    16.5406   

# Frame423

# x        y
10.5269    1.8092    
8.9100     34.0070   
13.8611    20.1369   
16.8214    16.4673   
15.5260    7.0005    
18.8150    16.5406   

# Frame424

# x        y
10.5269    1.8092    
8.9101     34.0068   
13.8610    20.1365   
16.8214    16.4673   
15.5260    7.0005    
18.8150    16.5406   

# Frame425

# x        y
10.5269    1.8092    
8.9102     34.0065   
13.8608    20.1361   
16.8214    16.4673   
15.5260    7.0005    
18.8150    16.5406   

# Frame426

# x        y
10.5269    1.8092    
8.9102     34.0063   
13.8607    20.1357   
16.8214    16.4673   
15.5260    7.0005    
18.8150    16.5406   

# Frame427

# x        y
10.5269    1.8092    
8.9103     34.0061   
13.8606    20.1353   
16.8214    16.4673   
15.5260    7.0005    
18.8150    16.5406   

# Frame428

# x        y
10.5269    1.8092    
8.9104     34.0058   
13.8605    20.1349   
16.8214    16.4673   
15.5260    7.0005    
18.8150    16.5406   

# Frame429

# x        y
10.5269    1.8092    
8.9104     34.0056   
13.8604    20.1345   
16.8214    16.4673   
15.5260    7.0005    
18.8150    16.5406   

# Frame430

# x        y
10.5269    1.8092    
8.9105     34.0054   
13.8603    20.1341   
16.8214    16.4673   
15.5260    7.0005    
18.8150    16.5406   

# Frame431

# x        y
10.5269    1.8092    
8.9106     34.0052   
13.8602    20.1338   
16.8214    16.4673   
15.5260    7.0005    
18.8150    16.5406   

# Frame432

# x        y
10.5269    1.8092    
8.9106     34.0049   
13.8601    20.1334   
16.8214    16.4673   
15.5260    7.0005    
18.8150    16.5406   

# Frame433

# x        y
10.5269    1.8092    
8.9107     34.0047   
13.8600    20.1330   
16.8214    16.4673   
15.5260    7.0005    
18.8150    16.5406   

# Frame434

# x        y
10.5269    1.8092    
8.9108     34.0045   
13.8599    20.1327   
16.8214    16.4673   
15.5260    7.0005    
18.8150    16.5406   

# Frame435

# x        y
10.5269    1.8092    
8.9108     34.0043   
13.8598    20.1323   
16.8214    16.4673   
15.5260    7.0005    
18.8150    16.5406   

# Frame436

# x        y
10.5269    1.8092    
8.9109     34.0041   
13.8597    20.1320   
16.8214    16.4673   
15.5260    7.0005    
18.8150    16.5406   

# Frame437

# x        y
10.5269    1.8092    
8.9109     34.0039   
13.8596    20.1316   
16.8214    16.4673   
15.5260    7.0005    
18.8150    16.5406   

# Frame438

# x        y
10.5269    1.8092    
8.9110     34.0037   
13.8595    20.1313   
16.8214    16.4673   
15.5260    7.0005    
18.8150    16.5406   

# Frame439

# x        y
10.5269    1.8092    
8.9110     34.0035   
13.8594    20.1310   
16.8214    16.4673   
15.5260    7.0005    
18.8150    16.5406   

# Frame440

# x        y
10.5269    1.8092    
8.9111     34.0033   
13.8593    20.1307   
16.8214    16.4673   
15.5260    7.0005    
18.8150    16.5406   

# Frame441

# x        y
10.5269    1.8092    
8.9112     34.0031   
13.8592    20.1303   
16.8214    16.4673   
15.5260    7.0005    
18.8150    16.5406   

# Frame442

# x        y
10.5269    1.8092    
8.9112     34.0030   
13.8591    20.1300   
16.8214    16.4673   
15.5260    7.0005    
18.8150    16.5406   

# Frame443

# x        y
10.5269    1.8092    
8.9113     34.0028   
13.8590    20.1297   
16.8214    16.4673   
15.5260    7.0005    
18.8150    16.5406   

# Frame444

# x        y
10.5269    1.8092    
8.9113     34.0026   
13.8590    20.1294   
16.8214    16.4673   
15.5260    7.0005    
18.8150    16.5406   

# Frame445

# x        y
10.5269    1.8092    
8.9114     34.0024   
13.8589    20.1291   
16.8214    16.4673   
15.5260    7.0005    
18.8150    16.5406   

# Frame446

# x        y
10.5269    1.8092    
8.9114     34.0023   
13.8588    20.1288   
16.8214    16.4673   
15.5260    7.0005    
18.8150    16.5406   

# Frame447

# x        y
10.5269    1.8092    
8.9115     34.0021   
13.8587    20.1286   
16.8214    16.4673   
15.5260    7.0005    
18.8150    16.5406   

# Frame448

# x        y
10.5269    1.8092    
8.9115     34.0019   
13.8586    20.1283   
16.8214    16.4673   
15.5260    7.0005    
18.8150    16.5406   

# Frame449

# x        y
10.5269    1.8092    
8.9116     34.0018   
13.8585    20.1280   
16.8214    16.4673   
15.5260    7.0005    
18.8150    16.5406   

# Frame450

# x        y
10.5269    1.8092    
8.9116     34.0016   
13.8585    20.1277   
16.8214    16.4673   
15.5260    7.0005    
18.8150    16.5406   

# Frame451

# x        y
10.5269    1.8092    
8.9116     34.0015   
13.8584    20.1275   
16.8214    16.4673   
15.5260    7.0005    
18.8150    16.5406   

# Frame452

# x        y
10.5269    1.8092    
8.9117     34.0013   
13.8583    20.1272   
16.8214    16.4673   
15.5260    7.0005    
18.8150    16.5406   

# Frame453

# x        y
10.5269    1.8092    
8.9117     34.0011   
13.8582    20.1269   
16.8214    16.4673   
15.5260    7.0005    
18.8150    16.5406   

# Frame454

# x        y
10.5269    1.8092    
8.9118     34.0010   
13.8582    20.1267   
16.8214    16.4673   
15.5260    7.0005    
18.8150    16.5406   

# Frame455

# x        y
10.5269    1.8092    
8.9118     34.0009   
13.8581    20.1264   
16.8214    16.4673   
15.5260    7.0005    
18.8150    16.5406   

# Frame456

# x        y
10.5269    1.8092    
8.9119     34.0007   
13.8580    20.1262   
16.8214    16.4673   
15.5260    7.0005    
18.8150    16.5406   

# Frame457

# x        y
10.5269    1.8092    
8.9119     34.0006   
13.8580    20.1259   
16.8214    16.4673   
15.5260    7.0005    
18.8150    16.5406   

# Frame458

# x        y
10.5269    1.8092    
8.9120     34.0004   
13.8579    20.1257   
16.8214    16.4673   
15.5260    7.0005    
18.8150    16.5406   

# Frame459

# x        y
10.5269    1.8092    
8.9120     34.0003   
13.8578    20.1255   
16.8214    16.4673   
15.5260    7.0005    
18.8150    16.5406   

# Frame460

# x        y
10.5269    1.8092    
8.9120     34.0002   
13.8578    20.1252   
16.8214    16.4673   
15.5260    7.0005    
18.8150    16.5406   

# Frame461

# x        y
10.5269    1.8092    
8.9121     34.0000   
13.8577    20.1250   
16.8214    16.4673   
15.5260    7.0005    
18.8150    16.5406   

# Frame462

# x        y
10.5269    1.8092    
8.9121     33.9999   
13.8576    20.1248   
16.8214    16.4673   
15.5260    7.0005    
18.8150    16.5406   

# Frame463

# x        y
10.5269    1.8092    
8.9121     33.9998   
13.8576    20.1246   
16.8214    16.4673   
15.5260    7.0005    
18.8150    16.5406   

# Frame464

# x        y
10.5269    1.8092    
8.9122     33.9996   
13.8575    20.1244   
16.8214    16.4673   
15.5260    7.0005    
18.8150    16.5406   

# Frame465

# x        y
10.5269    1.8092    
8.9122     33.9995   
13.8575    20.1241   
16.8214    16.4673   
15.5260    7.0005    
18.8150    16.5406   

# Frame466

# x        y
10.5269    1.8092    
8.9123     33.9994   
13.8574    20.1239   
16.8214    16.4673   
15.5260    7.0005    
18.8150    16.5406   

# Frame467

# x        y
10.5269    1.8092    
8.9123     33.9993   
13.8573    20.1237   
16.8214    16.4673   
15.5260    7.0005    
18.8150    16.5406   

# Frame468

# x        y
10.5269    1.8092    
8.9123     33.9992   
13.8573    20.1235   
16.8214    16.4673   
15.5260    7.0005    
18.8150    16.5406   

# Frame469

# x        y
10.5269    1.8092    
8.9124     33.9990   
13.8572    20.1233   
16.8214    16.4673   
15.5260    7.0005    
18.8150    16.5406   

# Frame470

# x        y
10.5269    1.8092    
8.9124     33.9989   
13.8572    20.1231   
16.8214    16.4673   
15.5260    7.0005    
18.8150    16.5406   

# Frame471

# x        y
10.5269    1.8092    
8.9124     33.9988   
13.8571    20.1230   
16.8214    16.4673   
15.5260    7.0005    
18.8150    16.5406   

# Frame472

# x        y
10.5269    1.8092    
8.9125     33.9987   
13.8571    20.1228   
16.8214    16.4673   
15.5260    7.0005    
18.8150    16.5406   

# Frame473

# x        y
10.5269    1.8092    
8.9125     33.9986   
13.8570    20.1226   
16.8214    16.4673   
15.5260    7.0005    
18.8150    16.5406   

# Frame474

# x        y
10.5269    1.8092    
8.9125     33.9985   
13.8570    20.1224   
16.8214    16.4673   
15.5260    7.0005    
18.8150    16.5406   

# Frame475

# x        y
10.5269    1.8092    
8.9126     33.9984   
13.8569    20.1222   
16.8214    16.4673   
15.5260    7.0005    
18.8150    16.5406   

# Frame476

# x        y
10.5269    1.8092    
8.9126     33.9983   
13.8569    20.1220   
16.8214    16.4673   
15.5260    7.0005    
18.8150    16.5406   

# Frame477

# x        y
10.5269    1.8092    
8.9126     33.9982   
13.8568    20.1219   
16.8214    16.4673   
15.5260    7.0005    
18.8150    16.5406   

# Frame478

# x        y
10.5269    1.8092    
8.9126     33.9981   
13.8568    20.1217   
16.8214    16.4673   
15.5260    7.0005    
18.8150    16.5406   

# Frame479

# x        y
10.5269    1.8092    
8.9127     33.9980   
13.8567    20.1215   
16.8214    16.4673   
15.5260    7.0005    
18.8150    16.5406   

# Frame480

# x        y
10.5269    1.8092    
8.9127     33.9980   
13.8567    20.1214   
16.8214    16.4673   
15.5260    7.0005    
18.8150    16.5406   

# Frame481

# x        y
10.5269    1.8092    
8.9127     33.9980   
13.8566    20.1212   
16.8214    16.4673   
15.5260    7.0005    
18.8150    16.5406   

# Frame482

# x        y
10.5269    1.8092    
8.9127     33.9980   
13.8566    20.1210   
16.8214    16.4673   
15.5260    7.0005    
18.8150    16.5406   

# Frame483

# x        y
10.5269    1.8092    
8.9127     33.9980   
13.8565    20.1209   
16.8214    16.4673   
15.5260    7.0005    
18.8150    16.5406   

# Frame484

# x        y
10.5269    1.8092    
8.9127     33.9980   
13.8565    20.1207   
16.8214    16.4673   
15.5260    7.0005    
18.8150    16.5406   

# Frame485

# x        y
10.5269    1.8092    
8.9127     33.9980   
13.8565    20.1206   
16.8214    16.4673   
15.5260    7.0005    
18.8150    16.5406   

# Frame486

# x        y
10.5269    1.8092    
8.9127     33.9980   
13.8564    20.1204   
16.8214    16.4673   
15.5260    7.0005    
18.8150    16.5406   

# Frame487

# x        y
10.5269    1.8092    
8.9127     33.9980   
13.8564    20.1203   
16.8214    16.4673   
15.5260    7.0005    
18.8150    16.5406   

# Frame488

# x        y
10.5269    1.8092    
8.9127     33.9980   
13.8563    20.1202   
16.8214    16.4673   
15.5260    7.0005    
18.8150    16.5406   

# Frame489

# x        y
10.5269    1.8092    
8.9127     33.9980   
13.8563    20.1200   
16.8214    16.4673   
15.5260    7.0005    
18.8150    16.5406   

# Frame490

# x        y
10.5269    1.8092    
8.9127     33.9980   
13.8562    20.1199   
16.8214    16.4673   
15.5260    7.0005    
18.8150    16.5406   

# Frame491

# x        y
10.5269    1.8092    
8.9127     33.9980   
13.8562    20.1197   
16.8214    16.4673   
15.5260    7.0005    
18.8150    16.5406   

# Frame492

# x        y
10.5269    1.8092    
8.9127     33.9980   
13.8562    20.1196   
16.8214    16.4673   
15.5260    7.0005    
18.8150    16.5406   

# Frame493

# x        y
10.5269    1.8092    
8.9127     33.9980   
13.8561    20.1195   
16.8214    16.4673   
15.5260    7.0005    
18.8150    16.5406   

# Frame494

# x        y
10.5269    1.8092    
8.9127     33.9980   
13.8561    20.1193   
16.8214    16.4673   
15.5260    7.0005    
18.8150    16.5406   

# Frame495

# x        y
10.5269    1.8092    
8.9127     33.9980   
13.8561    20.1192   
16.8214    16.4673   
15.5260    7.0005    
18.8150    16.5406   

# Frame496

# x        y
10.5269    1.8092    
8.9127     33.9980   
13.8560    20.1191   
16.8214    16.4673   
15.5260    7.0005    
18.8150    16.5406   

# Frame497

# x        y
10.5269    1.8092    
8.9127     33.9980   
13.8560    20.1190   
16.8214    16.4673   
15.5260    7.0005    
18.8150    16.5406   

# Frame498

# x        y
10.5269    1.8092    
8.9127     33.9980   
13.8560    20.1188   
16.8214    16.4673   
15.5260    7.0005    
18.8150    16.5406   

# Frame499

# x        y
10.5269    1.8092    
8.9127     33.9980   
13.8559    20.1187   
16.8214    16.4673   
15.5260    7.0005    
18.8150    16.5406   

# Frame500

# x        y
10.5269    1.8092    
8.9127     33.9980   
13.8559    20.1186   
16.8214    16.4673   
15.5260    7.0005    
18.8150    16.5406   

# Frame501

# x        y
10.5269    1.8092    
8.9127     33.9980   
13.8559    20.1185   
16.8214    16.4673   
15.5260    7.0005    
18.8150    16.5406   

# Frame502

# x        y
10.5269    1.8092    
8.9127     33.9980   
13.8558    20.1184   
16.8214    16.4673   
15.5260    7.0005    
18.8150    16.5406   

# Frame503

# x        y
10.5269    1.8092    
8.9127     33.9980   
13.8558    20.1183   
16.8214    16.4673   
15.5260    7.0005    
18.8150    16.5406   

# Frame504

# x        y
10.5269    1.8092    
8.9127     33.9980   
13.8558    20.1182   
16.8214    16.4673   
15.5260    7.0005    
18.8150    16.5406   

# Frame505

# x        y
10.5269    1.8092    
8.9127     33.9980   
13.8557    20.1180   
16.8214    16.4673   
15.5260    7.0005    
18.8150    16.5406   

# Frame506

# x        y
10.5269    1.8092    
8.9127     33.9980   
13.8557    20.1179   
16.8214    16.4673   
15.5260    7.0005    
18.8150    16.5406   

# Frame507

# x        y
10.5269    1.8092    
8.9127     33.9980   
13.8557    20.1178   
16.8214    16.4673   
15.5260    7.0005    
18.8150    16.5406   

# Frame508

# x        y
10.5269    1.8092    
8.9127     33.9980   
13.8556    20.1177   
16.8214    16.4673   
15.5260    7.0005    
18.8150    16.5406   

# Frame509

# x        y
10.5269    1.8092    
8.9127     33.9980   
13.8556    20.1176   
16.8214    16.4673   
15.5260    7.0005    
18.8150    16.5406   

# Frame510

# x        y
10.5269    1.8092    
8.9127     33.9980   
13.8556    20.1175   
16.8214    16.4673   
15.5260    7.0005    
18.8150    16.5406   

# Frame511

# x        y
10.5269    1.8092    
8.9127     33.9980   
13.8556    20.1174   
16.8214    16.4673   
15.5260    7.0005    
18.8150    16.5406   

# Frame512

