# x        y
15.3888    20.4444   
7.8182     38.9952   
4.1040     33.1502   
14.3940    1.8072    
8.3171     22.4930   
17.3777    16.3674   

# Frame1

# x        y
15.3888    20.4444   
7.8182     38.9952   
4.1040     33.1502   
14.3940    1.8072    
8.3171     22.4930   
18.7503    14.9128   

# Frame2

# x        y
15.3888    20.4444   
7.8182     38.9952   
4.1040     33.1502   
14.3940    1.8072    
8.3171     22.4930   
18.4482    14.2816   

# Frame3

# x        y
15.3888    20.4444   
7.8182     38.9951   
4.1040     33.1502   
14.3940    1.8072    
8.3171     22.4930   
17.7846    13.8438   

# Frame4

# x        y
15.3888    20.4444   
7.8182     38.9951   
4.1040     33.1502   
14.3940    1.8072    
8.3171     22.4930   
17.1320    13.4133   

# Frame5

# x        y
15.3888    20.4444   
7.8182     38.9951   
4.1040     33.1502   
14.3940    1.8072    
8.3171     22.4930   
16.4904    12.9900   

# Frame6

# x        y
15.3888    20.4444   
7.8182     38.9951   
4.1040     33.1502   
14.3940    1.8072    
8.3171     22.4930   
15.8594    12.5737   

# Frame7

# x        y
15.3888    20.4444   
7.8182     38.9951   
4.1040     33.1502   
14.3940    1.8072    
8.3171     22.4930   
15.2390    12.1644   

# Frame8

# x        y
15.3888    20.4444   
7.8182     38.9950   
4.1040     33.1502   
14.3940    1.8072    
8.3171     22.4930   
14.6288    11.7619   

# Frame9

# x        y
15.3888    20.4444   
7.8182     38.9950   
4.1040     33.1502   
14.3940    1.8072    
8.3171     22.4930   
14.0289    11.3661   

# Frame10

# x        y
15.3888    20.4444   
7.8182     38.9950   
4.1040     33.1502   
14.3940    1.8072    
8.3171     22.4930   
13.4390    10.9769   

# Frame11

# x        y
15.3888    20.4444   
7.8182     38.9950   
4.1040     33.1502   
14.3940    1.8072    
8.3171     22.4930   
12.8589    10.5942   

# Frame12

# x        y
15.3888    20.4444   
7.8182     38.9950   
4.1040     33.1502   
14.3940    1.8072    
8.3171     22.4930   
12.2884    10.2179   

# Frame13

# x        y
15.3888    20.4444   
7.8182     38.9950   
4.1040     33.1502   
14.3940    1.8072    
8.3171     22.4930   
11.7275    9.8478    

# Frame14

# x        y
15.3888    20.4444   
7.8182     38.9950   
4.1040     33.1502   
14.3940    1.8072    
8.3171     22.4930   
11.1759    9.4839    

# Frame15

# x        y
15.3888    20.4444   
7.8182     38.9950   
4.1040     33.1502   
14.3940    1.8072    
8.3171     22.4930   
10.6335    9.1261    

# Frame16

# x        y
15.3888    20.4444   
7.8182     38.9950   
4.1040     33.1502   
14.3940    1.8072    
8.3171     22.4930   
10.1002    8.7742    

# Frame17

# x        y
15.3888    20.4444   
7.8182     38.9950   
4.1040     33.1502   
14.3940    1.8072    
8.3171     22.4930   
9.5757     8.4282    

# Frame18

# x        y
15.3888    20.4444   
7.8182     38.9950   
4.1040     33.1502   
14.3940    1.8072    
8.3171     22.4930   
9.0600     8.0880    

# Frame19

# x        y
15.3888    20.4444   
7.8182     38.9950   
4.1040     33.1502   
14.3940    1.8072    
8.3171     22.4930   
8.5529     7.7534    

# Frame20

# x        y
15.3888    20.4444   
7.8182     38.9950   
4.1040     33.1502   
14.3940    1.8072    
8.3171     22.4930   
8.0542     7.4244    

# Frame21

# x        y
15.3888    20.4444   
7.8182     38.9950   
4.1040     33.1502   
14.3940    1.8072    
8.3171     22.4930   
7.5638     7.1009    

# Frame22

# x        y
15.3888    20.4444   
7.8182     38.9950   
4.1040     33.1502   
14.3940    1.8072    
8.3171     22.4930   
7.0816     6.7828    

# Frame23

# x        y
15.3888    20.4444   
7.8182     38.9950   
4.1040     33.1502   
14.3940    1.8072    
8.3171     22.4930   
6.6075     6.4700    

# Frame24

# x        y
15.3888    20.4444   
7.8182     38.9950   
4.1040     33.1502   
14.3940    1.8072    
8.3171     22.4930   
6.1412     6.1624    

# Frame25

# x        y
15.3888    20.4444   
7.8182     38.9950   
4.1040     33.1502   
14.3940    1.8072    
8.3171     22.4930   
5.6828     5.8599    

# Frame26

# x        y
15.3888    20.4444   
7.8182     38.9950   
4.1040     33.1502   
14.3940    1.8072    
8.3171     22.4930   
5.2319     5.5625    

# Frame27

# x        y
15.3888    20.4444   
7.8182     38.9950   
4.1040     33.1502   
14.3940    1.8072    
8.3171     22.4930   
4.7886     5.2700    

# Frame28

# x        y
15.3888    20.4444   
7.8182     38.9950   
4.1040     33.1502   
14.3940    1.8072    
8.3171     22.4930   
4.3527     4.9824    

# Frame29

# x        y
15.3888    20.4444   
7.8182     38.9950   
4.1040     33.1502   
14.3940    1.8072    
8.3171     22.4930   
3.9240     4.6996    

# Frame30

# x        y
15.3888    20.4444   
7.8182     38.9950   
4.1040     33.1502   
14.3940    1.8072    
8.3171     22.4930   
3.5025     4.4215    

# Frame31

# x        y
15.3888    20.4444   
7.8182     38.9950   
4.1040     33.1502   
14.3940    1.8072    
8.3171     22.4930   
3.0880     4.1481    

# Frame32

# x        y
15.3888    20.4444   
7.8182     38.9950   
4.1040     33.1502   
14.3940    1.8072    
8.3171     22.4930   
2.6804     3.8792    

# Frame33

# x        y
15.3888    20.4444   
7.8182     38.9950   
4.1040     33.1502   
14.3940    1.8072    
8.3171     22.4930   
2.2796     3.6147    

# Frame34

# x        y
15.3888    20.4444   
7.8182     38.9950   
4.1040     33.1502   
14.3940    1.8072    
8.3171     22.4930   
1.8855     3.3547    

# Frame35

# x        y
15.3888    20.4444   
7.8182     38.9950   
4.1040     33.1502   
14.3940    1.8072    
8.3171     22.4930   
1.4979     3.0991    

# Frame36

# x        y
15.3888    20.4444   
7.8182     38.9950   
4.1040     33.1502   
14.3940    1.8072    
8.3171     22.4930   
1.1168     2.8476    

# Frame37

# x        y
15.3888    20.4444   
7.8182     38.9950   
4.1040     33.1502   
14.3940    1.8072    
8.3171     22.4930   
1.1313     2.6869    

# Frame38

# x        y
15.3888    20.4444   
7.8182     38.9950   
4.1040     33.1502   
14.3940    1.8072    
8.3171     22.4930   
1.3155     2.5698    

# Frame39

# x        y
15.3888    20.4444   
7.8182     38.9950   
4.1040     33.1502   
14.3940    1.8072    
8.3171     22.4930   
1.4967     2.4547    

# Frame40

# x        y
15.3888    20.4444   
7.8182     38.9950   
4.1040     33.1502   
14.3940    1.8072    
8.3171     22.4930   
1.6749     2.3415    

# Frame41

# x        y
15.3888    20.4444   
7.8182     38.9950   
4.1040     33.1502   
14.3940    1.8072    
8.3171     22.4930   
1.8501     2.2302    

# Frame42

# x        y
15.3888    20.4444   
7.8182     38.9950   
4.1040     33.1502   
14.3940    1.8072    
8.3171     22.4930   
2.0223     2.1207    

# Frame43

# x        y
15.3888    20.4444   
7.8182     38.9950   
4.1040     33.1502   
14.3940    1.8072    
8.3171     22.4930   
2.1917     2.0131    

# Frame44

# x        y
15.3888    20.4444   
7.8182     38.9950   
4.1040     33.1502   
14.3940    1.8072    
8.3171     22.4930   
2.3583     1.9072    

# Frame45

# x        y
15.3888    20.4444   
7.8182     38.9950   
4.1040     33.1502   
14.3940    1.8072    
8.3171     22.4930   
2.5221     1.8031    

# Frame46

# x        y
15.3888    20.4444   
7.8182     38.9950   
4.1040     33.1502   
14.3940    1.8072    
8.3171     22.4930   
2.6832     1.7008    

# Frame47

# x        y
15.3888    20.4444   
7.8182     38.9950   
4.1040     33.1502   
14.3940    1.8072    
8.3171     22.4930   
2.8415     1.6002    

# Frame48

# x        y
15.3888    20.4444   
7.8182     38.9950   
4.1040     33.1502   
14.3940    1.8072    
8.3171     22.4930   
2.9973     1.5012    

# Frame49

# x        y
15.3888    20.4444   
7.8182     38.9950   
4.1040     33.1502   
14.3940    1.8072    
8.3171     22.4930   
3.1504     1.4039    

# Frame50

# x        y
15.3888    20.4444   
7.8182     38.9950   
4.1040     33.1502   
14.3940    1.8072    
8.3171     22.4930   
3.3010     1.3082    

# Frame51

# x        y
15.3888    20.4444   
7.8182     38.9950   
4.1040     33.1502   
14.3940    1.8072    
8.3171     22.4930   
3.4491     1.2141    

# Frame52

# x        y
15.3888    20.4444   
7.8182     38.9950   
4.1040     33.1502   
14.3940    1.8072    
8.3171     22.4930   
3.5947     1.1215    

# Frame53

# x        y
15.3888    20.4444   
7.8182     38.9950   
4.1040     33.1502   
14.3940    1.8072    
8.3171     22.4930   
3.7379     1.0306    

# Frame54

# x        y
15.3888    20.4444   
7.8182     38.9950   
4.1040     33.1502   
14.3940    1.8072    
8.3171     22.4930   
3.8638     1.0318    

# Frame55

# x        y
15.3888    20.4444   
7.8182     38.9950   
4.1040     33.1502   
14.3940    1.8072    
8.3171     22.4930   
3.9780     1.0758    

# Frame56

# x        y
15.3888    20.4444   
7.8182     38.9950   
4.1040     33.1502   
14.3940    1.8072    
8.3171     22.4930   
4.0902     1.1191    

# Frame57

# x        y
15.3888    20.4444   
7.8182     38.9950   
4.1040     33.1502   
14.3940    1.8072    
8.3171     22.4930   
4.2006     1.1616    

# Frame58

# x        y
15.3888    20.4444   
7.8182     38.9950   
4.1040     33.1502   
14.3940    1.8072    
8.3171     22.4930   
4.3091     1.2034    

# Frame59

# x        y
15.3888    20.4444   
7.8182     38.9950   
4.1040     33.1502   
14.3940    1.8072    
8.3171     22.4930   
4.4159     1.2445    

# Frame60

# x        y
15.3888    20.4444   
7.8182     38.9950   
4.1040     33.1502   
14.3940    1.8072    
8.3171     22.4930   
4.5208     1.2850    

# Frame61

# x        y
15.3888    20.4444   
7.8182     38.9950   
4.1040     33.1502   
14.3940    1.8072    
8.3171     22.4930   
4.6240     1.3248    

# Frame62

# x        y
15.3888    20.4444   
7.8182     38.9950   
4.1040     33.1502   
14.3940    1.8072    
8.3171     22.4930   
4.7255     1.3639    

# Frame63

# x        y
15.3888    20.4444   
7.8182     38.9950   
4.1040     33.1502   
14.3940    1.8072    
8.3171     22.4930   
4.8253     1.4023    

# Frame64

# x        y
15.3888    20.4444   
7.8182     38.9950   
4.1040     33.1502   
14.3940    1.8072    
8.3171     22.4930   
4.9234     1.4401    

# Frame65

# x        y
15.3888    20.4444   
7.8182     38.9950   
4.1040     33.1502   
14.3940    1.8072    
8.3171     22.4930   
5.0199     1.4773    

# Frame66

# x        y
15.3888    20.4444   
7.8182     38.9950   
4.1040     33.1502   
14.3940    1.8072    
8.3171     22.4930   
5.1148     1.5139    

# Frame67

# x        y
15.3888    20.4444   
7.8182     38.9950   
4.1040     33.1502   
14.3940    1.8072    
8.3171     22.4930   
5.2081     1.5498    

# Frame68

# x        y
15.3888    20.4444   
7.8182     38.9950   
4.1040     33.1502   
14.3940    1.8072    
8.3171     22.4930   
5.2999     1.5852    

# Frame69

# x        y
15.3888    20.4444   
7.8182     38.9950   
4.1040     33.1502   
14.3940    1.8072    
8.3171     22.4930   
5.3901     1.6200    

# Frame70

# x        y
15.3888    20.4444   
7.8182     38.9950   
4.1040     33.1502   
14.3940    1.8072    
8.3171     22.4930   
5.4788     1.6542    

# Frame71

# x        y
15.3888    20.4444   
7.8182     38.9950   
4.1040     33.1502   
14.3940    1.8072    
8.3171     22.4930   
5.5660     1.6878    

# Frame72

# x        y
15.3888    20.4444   
7.8182     38.9950   
4.1040     33.1502   
14.3940    1.8072    
8.3171     22.4930   
5.6518     1.7208    

# Frame73

# x        y
15.3888    20.4444   
7.8182     38.9950   
4.1040     33.1502   
14.3940    1.8072    
8.3171     22.4930   
5.7362     1.7533    

# Frame74

# x        y
15.3888    20.4444   
7.8182     38.9950   
4.1040     33.1502   
14.3940    1.8072    
8.3171     22.4930   
5.8191     1.7853    

# Frame75

# x        y
15.3888    20.4444   
7.8182     38.9950   
4.1040     33.1502   
14.3940    1.8072    
8.3171     22.4930   
5.9007     1.8167    

# Frame76

# x        y
15.3888    20.4444   
7.8182     38.9950   
4.1040     33.1502   
14.3940    1.8072    
8.3171     22.4930   
5.9809     1.8476    

# Frame77

# x        y
15.3888    20.4444   
7.8182     38.9950   
4.1040     33.1502   
14.3940    1.8072    
8.3171     22.4930   
6.0597     1.8780    

# Frame78

# x        y
15.3888    20.4444   
7.8182     38.9950   
4.1040     33.1502   
14.3940    1.8072    
8.3171     22.4930   
6.1373     1.9079    

# Frame79

# x        y
15.3888    20.4444   
7.8182     38.9950   
4.1040     33.1502   
14.3940    1.8072    
8.3171     22.4930   
6.2136     1.9373    

# Frame80

# x        y
15.3888    20.4444   
7.8182     38.9950   
4.1040     33.1502   
14.3940    1.8072    
8.3171     22.4930   
6.2885     1.9662    

# Frame81

# x        y
15.3888    20.4444   
7.8182     38.9950   
4.1040     33.1502   
14.3940    1.8072    
8.3171     22.4930   
6.3623     1.9946    

# Frame82

# x        y
15.3888    20.4444   
7.8182     38.9950   
4.1040     33.1502   
14.3940    1.8072    
8.3171     22.4930   
6.4348     2.0226    

# Frame83

# x        y
15.3888    20.4444   
7.8182     38.9950   
4.1040     33.1502   
14.3940    1.8072    
8.3171     22.4930   
6.5061     2.0501    

# Frame84

# x        y
15.3888    20.4444   
7.8182     38.9950   
4.1040     33.1502   
14.3940    1.8072    
8.3171     22.4930   
6.5762     2.0771    

# Frame85

# x        y
15.3888    20.4444   
7.8182     38.9950   
4.1040     33.1502   
14.3940    1.8072    
8.3171     22.4930   
6.6452     2.1036    

# Frame86

# x        y
15.3888    20.4444   
7.8182     38.9950   
4.1040     33.1502   
14.3940    1.8072    
8.3171     22.4930   
6.7129     2.1298    

# Frame87

# x        y
15.3888    20.4444   
7.8182     38.9950   
4.1040     33.1502   
14.3940    1.8072    
8.3171     22.4930   
6.7796     2.1555    

# Frame88

# x        y
15.3888    20.4444   
7.8182     38.9950   
4.1040     33.1502   
14.3940    1.8072    
8.3171     22.4930   
6.8452     2.1807    

# Frame89

# x        y
15.3888    20.4444   
7.8182     38.9950   
4.1040     33.1502   
14.3940    1.8072    
8.3171     22.4930   
6.9096     2.2056    

# Frame90

# x        y
15.3888    20.4444   
7.8182     38.9950   
4.1040     33.1502   
14.3940    1.8072    
8.3171     22.4930   
6.9730     2.2300    

# Frame91

# x        y
15.3888    20.4444   
7.8182     38.9950   
4.1040     33.1502   
14.3940    1.8072    
8.3171     22.4930   
7.0354     2.2540    

# Frame92

# x        y
15.3888    20.4444   
7.8182     38.9950   
4.1040     33.1502   
14.3940    1.8072    
8.3171     22.4930   
7.0966     2.2776    

# Frame93

# x        y
15.3888    20.4444   
7.8182     38.9950   
4.1040     33.1502   
14.3940    1.8072    
8.3171     22.4930   
7.1569     2.3009    

# Frame94

# x        y
15.3888    20.4444   
7.8182     38.9950   
4.1040     33.1502   
14.3940    1.8072    
8.3171     22.4930   
7.2162     2.3237    

# Frame95

# x        y
15.3888    20.4444   
7.8182     38.9950   
4.1040     33.1502   
14.3940    1.8072    
8.3171     22.4930   
7.2745     2.3462    

# Frame96

# x        y
15.3888    20.4444   
7.8182     38.9950   
4.1040     33.1502   
14.3940    1.8072    
8.3171     22.4930   
7.3318     2.3682    

# Frame97

# x        y
15.3888    20.4444   
7.8182     38.9950   
4.1040     33.1502   
14.3940    1.8072    
8.3171     22.4930   
7.3881     2.3900    

# Frame98

# x        y
15.3888    20.4444   
7.8182     38.9950   
4.1040     33.1502   
14.3940    1.8072    
8.3171     22.4930   
7.4435     2.4113    

# Frame99

# x        y
15.3888    20.4444   
7.8182     38.9950   
4.1040     33.1502   
14.3940    1.8072    
8.3171     22.4930   
7.4980     2.4323    

# Frame100

# x        y
15.3888    20.4444   
7.8182     38.9950   
4.1040     33.1502   
14.3940    1.8072    
8.3171     22.4930   
7.5516     2.4530    

# Frame101

# x        y
15.3888    20.4444   
7.8182     38.9950   
4.1040     33.1502   
14.3940    1.8072    
8.3171     22.4930   
7.6043     2.4733    

# Frame102

# x        y
15.3888    20.4444   
7.8182     38.9950   
4.1040     33.1502   
14.3940    1.8072    
8.3171     22.4930   
7.6561     2.4932    

# Frame103

# x        y
15.3888    20.4444   
7.8182     38.9950   
4.1040     33.1502   
14.3940    1.8072    
8.3171     22.4930   
7.7071     2.5129    

# Frame104

# x        y
15.3888    20.4444   
7.8182     38.9950   
4.1040     33.1502   
14.3940    1.8072    
8.3171     22.4930   
7.7572     2.5322    

# Frame105

# x        y
15.3888    20.4444   
7.8182     38.9950   
4.1040     33.1502   
14.3940    1.8072    
8.3171     22.4930   
7.8064     2.5512    

# Frame106

# x        y
15.3888    20.4444   
7.8182     38.9950   
4.1040     33.1502   
14.3940    1.8072    
8.3171     22.4930   
7.8549     2.5698    

# Frame107

# x        y
15.3888    20.4444   
7.8182     38.9950   
4.1040     33.1502   
14.3940    1.8072    
8.3171     22.4930   
7.9025     2.5882    

# Frame108

# x        y
15.3888    20.4444   
7.8182     38.9950   
4.1040     33.1502   
14.3940    1.8072    
8.3171     22.4930   
7.9493     2.6062    

# Frame109

# x        y
15.3888    20.4444   
7.8182     38.9950   
4.1040     33.1502   
14.3940    1.8072    
8.3171     22.4930   
7.9954     2.6240    

# Frame110

# x        y
15.3888    20.4444   
7.8182     38.9950   
4.1040     33.1502   
14.3940    1.8072    
8.3171     22.4930   
8.0407     2.6414    

# Frame111

# x        y
15.3888    20.4444   
7.8182     38.9950   
4.1040     33.1502   
14.3940    1.8072    
8.3171     22.4930   
8.0852     2.6586    

# Frame112

# x        y
15.3888    20.4444   
7.8182     38.9950   
4.1040     33.1502   
14.3940    1.8072    
8.3171     22.4930   
8.1290     2.6755    

# Frame113

# x        y
15.3888    20.4444   
7.8182     38.9950   
4.1040     33.1502   
14.3940    1.8072    
8.3171     22.4930   
8.1721     2.6921    

# Frame114

# x        y
15.3888    20.4444   
7.8182     38.9950   
4.1040     33.1502   
14.3940    1.8072    
8.3171     22.4930   
8.2144     2.7084    

# Frame115

# x        y
15.3888    20.4444   
7.8182     38.9950   
4.1040     33.1502   
14.3940    1.8072    
8.3171     22.4930   
8.2561     2.7244    

# Frame116

# x        y
15.3888    20.4444   
7.8182     38.9950   
4.1040     33.1502   
14.3940    1.8072    
8.3171     22.4930   
8.2970     2.7402    

# Frame117

# x        y
15.3888    20.4444   
7.8182     38.9950   
4.1040     33.1502   
14.3940    1.8072    
8.3171     22.4930   
8.3373     2.7557    

# Frame118

# x        y
15.3888    20.4444   
7.8182     38.9950   
4.1040     33.1502   
14.3940    1.8072    
8.3171     22.4930   
8.3769     2.7710    

# Frame119

# x        y
15.3888    20.4444   
7.8182     38.9950   
4.1040     33.1502   
14.3940    1.8072    
8.3171     22.4930   
8.4158     2.7860    

# Frame120

# x        y
15.3888    20.4444   
7.8182     38.9950   
4.1040     33.1502   
14.3940    1.8072    
8.3171     22.4930   
8.4541     2.8008    

# Frame121

# x        y
15.3888    20.4444   
7.8182     38.9950   
4.1040     33.1502   
14.3940    1.8072    
8.3171     22.4930   
8.4917     2.8153    

# Frame122

# x        y
15.3888    20.4444   
7.8182     38.9950   
4.1040     33.1502   
14.3940    1.8072    
8.3171     22.4930   
8.5288     2.8295    

# Frame123

# x        y
15.3888    20.4444   
7.8182     38.9950   
4.1040     33.1502   
14.3940    1.8072    
8.3171     22.4930   
8.5652     2.8436    

# Frame124

# x        y
15.3888    20.4444   
7.8182     38.9950   
4.1040     33.1502   
14.3940    1.8072    
8.3171     22.4930   
8.6010     2.8574    

# Frame125

# x        y
15.3888    20.4444   
7.8182     38.9950   
4.1040     33.1502   
14.3940    1.8072    
8.3171     22.4930   
8.6362     2.8709    

# Frame126

# x        y
15.3888    20.4444   
7.8182     38.9950   
4.1040     33.1502   
14.3940    1.8072    
8.3171     22.4930   
8.6708     2.8843    

# Frame127

# x        y
15.3888    20.4444   
7.8182     38.9950   
4.1040     33.1502   
14.3940    1.8072    
8.3171     22.4930   
8.7048     2.8974    

# Frame128

# x        y
15.3888    20.4444   
7.8182     38.9950   
4.1040     33.1502   
14.3940    1.8072    
8.3171     22.4930   
8.7383     2.9103    

# Frame129

# x        y
15.3888    20.4444   
7.8182     38.9950   
4.1040     33.1502   
14.3940    1.8072    
8.3171     22.4930   
8.7712     2.9230    

# Frame130

# x        y
15.3888    20.4444   
7.8182     38.9950   
4.1040     33.1502   
14.3940    1.8072    
8.3171     22.4930   
8.8036     2.9354    

# Frame131

# x        y
15.3888    20.4444   
7.8182     38.9950   
4.1040     33.1502   
14.3940    1.8072    
8.3171     22.4930   
8.8354     2.9477    

# Frame132

# x        y
15.3888    20.4444   
7.8182     38.9950   
4.1040     33.1502   
14.3940    1.8072    
8.3171     22.4930   
8.8667     2.9597    

# Frame133

# x        y
15.3888    20.4444   
7.8182     38.9950   
4.1040     33.1502   
14.3940    1.8072    
8.3171     22.4930   
8.8974     2.9716    

# Frame134

# x        y
15.3888    20.4444   
7.8182     38.9950   
4.1040     33.1502   
14.3940    1.8072    
8.3171     22.4930   
8.9277     2.9833    

# Frame135

# x        y
15.3888    20.4444   
7.8182     38.9950   
4.1040     33.1502   
14.3940    1.8072    
8.3171     22.4930   
8.9575     2.9947    

# Frame136

# x        y
15.3888    20.4444   
7.8182     38.9950   
4.1040     33.1502   
14.3940    1.8072    
8.3171     22.4930   
8.9867     3.0060    

# Frame137

# x        y
15.3888    20.4444   
7.8182     38.9950   
4.1040     33.1502   
14.3940    1.8072    
8.3171     22.4930   
9.0155     3.0171    

# Frame138

# x        y
15.3888    20.4444   
7.8182     38.9950   
4.1040     33.1502   
14.3940    1.8072    
8.3171     22.4930   
9.0438     3.0280    

# Frame139

# x        y
15.3888    20.4444   
7.8182     38.9950   
4.1040     33.1502   
14.3940    1.8072    
8.3171     22.4930   
9.0716     3.0387    

# Frame140

# x        y
15.3888    20.4444   
7.8182     38.9950   
4.1040     33.1502   
14.3940    1.8072    
8.3171     22.4930   
9.0989     3.0493    

# Frame141

# x        y
15.3888    20.4444   
7.8182     38.9950   
4.1040     33.1502   
14.3940    1.8072    
8.3171     22.4930   
9.1258     3.0596    

# Frame142

# x        y
15.3888    20.4444   
7.8182     38.9950   
4.1040     33.1502   
14.3940    1.8072    
8.3171     22.4930   
9.1523     3.0698    

# Frame143

# x        y
15.3888    20.4444   
7.8182     38.9950   
4.1040     33.1502   
14.3940    1.8072    
8.3171     22.4930   
9.1783     3.0798    

# Frame144

# x        y
15.3888    20.4444   
7.8182     38.9950   
4.1040     33.1502   
14.3940    1.8072    
8.3171     22.4930   
9.2039     3.0897    

# Frame145

# x        y
15.3888    20.4444   
7.8182     38.9950   
4.1040     33.1502   
14.3940    1.8072    
8.3171     22.4930   
9.2290     3.0994    

# Frame146

# x        y
15.3888    20.4444   
7.8182     38.9950   
4.1040     33.1502   
14.3940    1.8072    
8.3171     22.4930   
9.2538     3.1089    

# Frame147

# x        y
15.3888    20.4444   
7.8182     38.9950   
4.1040     33.1502   
14.3940    1.8072    
8.3171     22.4930   
9.2781     3.1183    

# Frame148

# x        y
15.3888    20.4444   
7.8182     38.9950   
4.1040     33.1502   
14.3940    1.8072    
8.3171     22.4930   
9.3020     3.1275    

# Frame149

# x        y
15.3888    20.4444   
7.8182     38.9950   
4.1040     33.1502   
14.3940    1.8072    
8.3171     22.4930   
9.3255     3.1366    

# Frame150

# x        y
15.3888    20.4444   
7.8182     38.9950   
4.1040     33.1502   
14.3940    1.8072    
8.3171     22.4930   
9.3486     3.1455    

# Frame151

# x        y
15.3888    20.4444   
7.8182     38.9950   
4.1040     33.1502   
14.3940    1.8072    
8.3171     22.4930   
9.3714     3.1542    

# Frame152

# x        y
15.3888    20.4444   
7.8182     38.9950   
4.1040     33.1502   
14.3940    1.8072    
8.3171     22.4930   
9.3937     3.1629    

# Frame153

# x        y
15.3888    20.4444   
7.8182     38.9950   
4.1040     33.1502   
14.3940    1.8072    
8.3171     22.4930   
9.4157     3.1713    

# Frame154

# x        y
15.3888    20.4444   
7.8182     38.9950   
4.1040     33.1502   
14.3940    1.8072    
8.3171     22.4930   
9.4373     3.1797    

# Frame155

# x        y
15.3888    20.4444   
7.8182     38.9950   
4.1040     33.1502   
14.3940    1.8072    
8.3171     22.4930   
9.4586     3.1879    

# Frame156

# x        y
15.3888    20.4444   
7.8182     38.9950   
4.1040     33.1502   
14.3940    1.8072    
8.3171     22.4930   
9.4795     3.1959    

# Frame157

# x        y
15.3888    20.4444   
7.8182     38.9950   
4.1040     33.1502   
14.3940    1.8072    
8.3171     22.4930   
9.5001     3.2038    

# Frame158

# x        y
15.3888    20.4444   
7.8182     38.9950   
4.1040     33.1502   
14.3940    1.8072    
8.3171     22.4930   
9.5203     3.2116    

# Frame159

# x        y
15.3888    20.4444   
7.8182     38.9950   
4.1040     33.1502   
14.3940    1.8072    
8.3171     22.4930   
9.5402     3.2193    

# Frame160

# x        y
15.3888    20.4444   
7.8182     38.9950   
4.1040     33.1502   
14.3940    1.8072    
8.3171     22.4930   
9.5597     3.2268    

# Frame161

# x        y
15.3888    20.4444   
7.8182     38.9950   
4.1040     33.1502   
14.3940    1.8072    
8.3171     22.4930   
9.5789     3.2342    

# Frame162

# x        y
15.3888    20.4444   
7.8182     38.9950   
4.1040     33.1502   
14.3940    1.8072    
8.3171     22.4930   
9.5978     3.2415    

# Frame163

# x        y
15.3888    20.4444   
7.8182     38.9950   
4.1040     33.1502   
14.3940    1.8072    
8.3171     22.4930   
9.6164     3.2487    

# Frame164

# x        y
15.3888    20.4444   
7.8182     38.9950   
4.1040     33.1502   
14.3940    1.8072    
8.3171     22.4930   
9.6347     3.2557    

# Frame165

# x        y
15.3888    20.4444   
7.8182     38.9950   
4.1040     33.1502   
14.3940    1.8072    
8.3171     22.4930   
9.6527     3.2626    

# Frame166

# x        y
15.3888    20.4444   
7.8182     38.9950   
4.1040     33.1502   
14.3940    1.8072    
8.3171     22.4930   
9.6703     3.2695    

# Frame167

# x        y
15.3888    20.4444   
7.8182     38.9950   
4.1040     33.1502   
14.3940    1.8072    
8.3171     22.4930   
9.6877     3.2761    

# Frame168

# x        y
15.3888    20.4444   
7.8182     38.9950   
4.1040     33.1502   
14.3940    1.8072    
8.3171     22.4930   
9.7048     3.2827    

# Frame169

# x        y
15.3888    20.4444   
7.8182     38.9950   
4.1040     33.1502   
14.3940    1.8072    
8.3171     22.4930   
9.7216     3.2892    

# Frame170

# x        y
15.3888    20.4444   
7.8182     38.9950   
4.1040     33.1502   
14.3940    1.8072    
8.3171     22.4930   
9.7381     3.2956    

# Frame171

# x        y
15.3888    20.4444   
7.8182     38.9950   
4.1040     33.1502   
14.3940    1.8072    
8.3171     22.4930   
9.7544     3.3018    

# Frame172

# x        y
15.3888    20.4444   
7.8182     38.9950   
4.1040     33.1502   
14.3940    1.8072    
8.3171     22.4930   
9.7703     3.3080    

# Frame173

# x        y
15.3888    20.4444   
7.8182     38.9950   
4.1040     33.1502   
14.3940    1.8072    
8.3171     22.4930   
9.7861     3.3140    

# Frame174

# x        y
15.3888    20.4444   
7.8182     38.9950   
4.1040     33.1502   
14.3940    1.8072    
8.3171     22.4930   
9.8015     3.3200    

# Frame175

# x        y
15.3888    20.4444   
7.8182     38.9950   
4.1040     33.1502   
14.3940    1.8072    
8.3171     22.4930   
9.8167     3.3259    

# Frame176

# x        y
15.3888    20.4444   
7.8182     38.9950   
4.1040     33.1502   
14.3940    1.8072    
8.3171     22.4930   
9.8316     3.3316    

# Frame177

# x        y
15.3888    20.4444   
7.8182     38.9950   
4.1040     33.1502   
14.3940    1.8072    
8.3171     22.4930   
9.8463     3.3373    

# Frame178

# x        y
15.3888    20.4444   
7.8182     38.9950   
4.1040     33.1502   
14.3940    1.8072    
8.3171     22.4930   
9.8608     3.3428    

# Frame179

# x        y
15.3888    20.4444   
7.8182     38.9950   
4.1040     33.1502   
14.3940    1.8072    
8.3171     22.4930   
9.8750     3.3483    

# Frame180

# x        y
15.3888    20.4444   
7.8182     38.9950   
4.1040     33.1502   
14.3940    1.8072    
8.3171     22.4930   
9.8889     3.3537    

# Frame181

# x        y
15.3888    20.4444   
7.8182     38.9950   
4.1040     33.1502   
14.3940    1.8072    
8.3171     22.4930   
9.9027     3.3590    

# Frame182

# x        y
15.3888    20.4444   
7.8182     38.9950   
4.1040     33.1502   
14.3940    1.8072    
8.3171     22.4930   
9.9162     3.3642    

# Frame183

# x        y
15.3888    20.4444   
7.8182     38.9950   
4.1040     33.1502   
14.3940    1.8072    
8.3171     22.4930   
9.9294     3.3693    

# Frame184

# x        y
15.3888    20.4444   
7.8182     38.9950   
4.1040     33.1502   
14.3940    1.8072    
8.3171     22.4930   
9.9425     3.3743    

# Frame185

# x        y
15.3888    20.4444   
7.8182     38.9950   
4.1040     33.1502   
14.3940    1.8072    
8.3171     22.4930   
9.9553     3.3793    

# Frame186

# x        y
15.3888    20.4444   
7.8182     38.9950   
4.1040     33.1502   
14.3940    1.8072    
8.3171     22.4930   
9.9680     3.3842    

# Frame187

# x        y
15.3888    20.4444   
7.8182     38.9950   
4.1040     33.1502   
14.3940    1.8072    
8.3171     22.4930   
9.9804     3.3889    

# Frame188

# x        y
15.3888    20.4444   
7.8182     38.9950   
4.1040     33.1502   
14.3940    1.8072    
8.3171     22.4930   
9.9926     3.3936    

# Frame189

# x        y
15.3888    20.4444   
7.8182     38.9950   
4.1040     33.1502   
14.3940    1.8072    
8.3171     22.4930   
10.0046    3.3983    

# Frame190

# x        y
15.3888    20.4444   
7.8182     38.9950   
4.1040     33.1502   
14.3940    1.8072    
8.3171     22.4930   
10.0164    3.4028    

# Frame191

# x        y
15.3888    20.4444   
7.8182     38.9950   
4.1040     33.1502   
14.3940    1.8072    
8.3171     22.4930   
10.0280    3.4073    

# Frame192

# x        y
15.3888    20.4444   
7.8182     38.9950   
4.1040     33.1502   
14.3940    1.8072    
8.3171     22.4930   
10.0394    3.4117    

# Frame193

# x        y
15.3888    20.4444   
7.8182     38.9950   
4.1040     33.1502   
14.3940    1.8072    
8.3171     22.4930   
10.0507    3.4160    

# Frame194

# x        y
15.3888    20.4444   
7.8182     38.9950   
4.1040     33.1502   
14.3940    1.8072    
8.3171     22.4930   
10.0617    3.4203    

# Frame195

# x        y
15.3888    20.4444   
7.8182     38.9950   
4.1040     33.1502   
14.3940    1.8072    
8.3171     22.4930   
10.0726    3.4245    

# Frame196

# x        y
15.3888    20.4444   
7.8182     38.9950   
4.1040     33.1502   
14.3940    1.8072    
8.3171     22.4930   
10.0832    3.4286    

# Frame197

# x        y
15.3888    20.4444   
7.8182     38.9950   
4.1040     33.1502   
14.3940    1.8072    
8.3171     22.4930   
10.0937    3.4326    

# Frame198

# x        y
15.3888    20.4444   
7.8182     38.9950   
4.1040     33.1502   
14.3940    1.8072    
8.3171     22.4930   
10.1040    3.4366    

# Frame199

# x        y
15.3888    20.4444   
7.8182     38.9950   
4.1040     33.1502   
14.3940    1.8072    
8.3171     22.4930   
10.1142    3.4405    

# Frame200

# x        y
15.3888    20.4444   
7.8182     38.9950   
4.1040     33.1502   
14.3940    1.8072    
8.3171     22.4930   
10.1242    3.4443    

# Frame201

# x        y
15.3888    20.4444   
7.8182     38.9950   
4.1040     33.1502   
14.3940    1.8072    
8.3171     22.4930   
10.1340    3.4481    

# Frame202

# x        y
15.3888    20.4444   
7.8182     38.9950   
4.1040     33.1502   
14.3940    1.8072    
8.3171     22.4930   
10.1436    3.4518    

# Frame203

# x        y
15.3888    20.4444   
7.8182     38.9950   
4.1040     33.1502   
14.3940    1.8072    
8.3171     22.4930   
10.1531    3.4555    

# Frame204

# x        y
15.3888    20.4444   
7.8182     38.9950   
4.1040     33.1502   
14.3940    1.8072    
8.3171     22.4930   
10.1624    3.4591    

# Frame205

# x        y
15.3888    20.4444   
7.8182     38.9950   
4.1040     33.1502   
14.3940    1.8072    
8.3171     22.4930   
10.1716    3.4626    

# Frame206

# x        y
15.3888    20.4444   
7.8182     38.9950   
4.1040     33.1502   
14.3940    1.8072    
8.3171     22.4930   
10.1806    3.4661    

# Frame207

# x        y
15.3888    20.4444   
7.8182     38.9950   
4.1040     33.1502   
14.3940    1.8072    
8.3171     22.4930   
10.1895    3.4695    

# Frame208

# x        y
15.3888    20.4444   
7.8182     38.9950   
4.1040     33.1502   
14.3940    1.8072    
8.3171     22.4930   
10.1982    3.4729    

# Frame209

# x        y
15.3888    20.4444   
7.8182     38.9950   
4.1040     33.1502   
14.3940    1.8072    
8.3171     22.4930   
10.2068    3.4762    

# Frame210

# x        y
15.3888    20.4444   
7.8182     38.9950   
4.1040     33.1502   
14.3940    1.8072    
8.3171     22.4930   
10.2153    3.4794    

# Frame211

# x        y
15.3888    20.4444   
7.8182     38.9950   
4.1040     33.1502   
14.3940    1.8072    
8.3171     22.4930   
10.2235    3.4826    

# Frame212

# x        y
15.3888    20.4444   
7.8182     38.9950   
4.1040     33.1502   
14.3940    1.8072    
8.3171     22.4930   
10.2317    3.4858    

# Frame213

# x        y
15.3888    20.4444   
7.8182     38.9950   
4.1040     33.1502   
14.3940    1.8072    
8.3171     22.4930   
10.2397    3.4889    

# Frame214

# x        y
15.3888    20.4444   
7.8182     38.9950   
4.1040     33.1502   
14.3940    1.8072    
8.3171     22.4930   
10.2476    3.4919    

# Frame215

# x        y
15.3888    20.4444   
7.8182     38.9950   
4.1040     33.1502   
14.3940    1.8072    
8.3171     22.4930   
10.2554    3.4949    

# Frame216

# x        y
15.3888    20.4444   
7.8182     38.9950   
4.1040     33.1502   
14.3940    1.8072    
8.3171     22.4930   
10.2630    3.4978    

# Frame217

# x        y
15.3888    20.4444   
7.8182     38.9950   
4.1040     33.1502   
14.3940    1.8072    
8.3171     22.4930   
10.2705    3.5007    

# Frame218

# x        y
15.3888    20.4444   
7.8182     38.9950   
4.1040     33.1502   
14.3940    1.8072    
8.3171     22.4930   
10.2779    3.5036    

# Frame219

# x        y
15.3888    20.4444   
7.8182     38.9950   
4.1040     33.1502   
14.3940    1.8072    
8.3171     22.4930   
10.2851    3.5064    

# Frame220

# x        y
15.3888    20.4444   
7.8182     38.9950   
4.1040     33.1502   
14.3940    1.8072    
8.3171     22.4930   
10.2922    3.5091    

# Frame221

# x        y
15.3888    20.4444   
7.8182     38.9950   
4.1040     33.1502   
14.3940    1.8072    
8.3171     22.4930   
10.2993    3.5118    

# Frame222

# x        y
15.3888    20.4444   
7.8182     38.9950   
4.1040     33.1502   
14.3940    1.8072    
8.3171     22.4930   
10.3062    3.5145    

# Frame223

# x        y
15.3888    20.4444   
7.8182     38.9950   
4.1040     33.1502   
14.3940    1.8072    
8.3171     22.4930   
10.3129    3.5171    

# Frame224

# x        y
15.3888    20.4444   
7.8182     38.9950   
4.1040     33.1502   
14.3940    1.8072    
8.3171     22.4930   
10.3196    3.5197    

# Frame225

# x        y
15.3888    20.4444   
7.8182     38.9950   
4.1040     33.1502   
14.3940    1.8072    
8.3171     22.4930   
10.3262    3.5222    

# Frame226

# x        y
15.3888    20.4444   
7.8182     38.9950   
4.1040     33.1502   
14.3940    1.8072    
8.3171     22.4930   
10.3326    3.5247    

# Frame227

# x        y
15.3888    20.4444   
7.8182     38.9950   
4.1040     33.1502   
14.3940    1.8072    
8.3171     22.4930   
10.3389    3.5271    

# Frame228

# x        y
15.3888    20.4444   
7.8182     38.9950   
4.1040     33.1502   
14.3940    1.8072    
8.3171     22.4930   
10.3452    3.5295    

# Frame229

# x        y
15.3888    20.4444   
7.8182     38.9950   
4.1040     33.1502   
14.3940    1.8072    
8.3171     22.4930   
10.3513    3.5319    

# Frame230

# x        y
15.3888    20.4444   
7.8182     38.9950   
4.1040     33.1502   
14.3940    1.8072    
8.3171     22.4930   
10.3573    3.5342    

# Frame231

# x        y
15.3888    20.4444   
7.8182     38.9950   
4.1040     33.1502   
14.3940    1.8072    
8.3171     22.4930   
10.3633    3.5365    

# Frame232

# x        y
15.3888    20.4444   
7.8182     38.9950   
4.1040     33.1502   
14.3940    1.8072    
8.3171     22.4930   
10.3691    3.5387    

# Frame233

# x        y
15.3888    20.4444   
7.8182     38.9950   
4.1040     33.1502   
14.3940    1.8072    
8.3171     22.4930   
10.3748    3.5409    

# Frame234

# x        y
15.3888    20.4444   
7.8182     38.9950   
4.1040     33.1502   
14.3940    1.8072    
8.3171     22.4930   
10.3805    3.5431    

# Frame235

# x        y
15.3888    20.4444   
7.8182     38.9950   
4.1040     33.1502   
14.3940    1.8072    
8.3171     22.4930   
10.3860    3.5452    

# Frame236

# x        y
15.3888    20.4444   
7.8182     38.9950   
4.1040     33.1502   
14.3940    1.8072    
8.3171     22.4930   
10.3914    3.5473    

# Frame237

# x        y
15.3888    20.4444   
7.8182     38.9950   
4.1040     33.1502   
14.3940    1.8072    
8.3171     22.4930   
10.3968    3.5494    

# Frame238

# x        y
15.3888    20.4444   
7.8182     38.9950   
4.1040     33.1502   
14.3940    1.8072    
8.3171     22.4930   
10.4021    3.5514    

# Frame239

# x        y
15.3888    20.4444   
7.8182     38.9950   
4.1040     33.1502   
14.3940    1.8072    
8.3171     22.4930   
10.4073    3.5534    

# Frame240

# x        y
15.3888    20.4444   
7.8182     38.9950   
4.1040     33.1502   
14.3940    1.8072    
8.3171     22.4930   
10.4123    3.5554    

# Frame241

# x        y
15.3888    20.4444   
7.8182     38.9950   
4.1040     33.1502   
14.3940    1.8072    
8.3171     22.4930   
10.4174    3.5573    

# Frame242

# x        y
15.3888    20.4444   
7.8182     38.9950   
4.1040     33.1502   
14.3940    1.8072    
8.3171     22.4930   
10.4223    3.5592    

# Frame243

# x        y
15.3888    20.4444   
7.8182     38.9950   
4.1040     33.1502   
14.3940    1.8072    
8.3171     22.4930   
10.4271    3.5611    

# Frame244

# x        y
15.3888    20.4444   
7.8182     38.9950   
4.1040     33.1502   
14.3940    1.8072    
8.3171     22.4930   
10.4319    3.5629    

# Frame245

# x        y
15.3888    20.4444   
7.8182     38.9950   
4.1040     33.1502   
14.3940    1.8072    
8.3171     22.4930   
10.4366    3.5647    

# Frame246

# x        y
15.3888    20.4444   
7.8182     38.9950   
4.1040     33.1502   
14.3940    1.8072    
8.3171     22.4930   
10.4412    3.5665    

# Frame247

# x        y
15.3888    20.4444   
7.8182     38.9950   
4.1040     33.1502   
14.3940    1.8072    
8.3171     22.4930   
10.4457    3.5683    

# Frame248

# x        y
15.3888    20.4444   
7.8182     38.9950   
4.1040     33.1502   
14.3940    1.8072    
8.3171     22.4930   
10.4502    3.5700    

# Frame249

# x        y
15.3888    20.4444   
7.8182     38.9950   
4.1040     33.1502   
14.3940    1.8072    
8.3171     22.4930   
10.4545    3.5717    

# Frame250

# x        y
15.3888    20.4444   
7.8182     38.9950   
4.1040     33.1502   
14.3940    1.8072    
8.3171     22.4930   
10.4589    3.5733    

# Frame251

# x        y
15.3888    20.4444   
7.8182     38.9950   
4.1040     33.1502   
14.3940    1.8072    
8.3171     22.4930   
10.4631    3.5750    

# Frame252

# x        y
15.3888    20.4444   
7.8182     38.9950   
4.1040     33.1502   
14.3940    1.8072    
8.3171     22.4930   
10.4672    3.5766    

# Frame253

# x        y
15.3888    20.4444   
7.8182     38.9950   
4.1040     33.1502   
14.3940    1.8072    
8.3171     22.4930   
10.4713    3.5781    

# Frame254

# x        y
15.3888    20.4444   
7.8182     38.9950   
4.1040     33.1502   
14.3940    1.8072    
8.3171     22.4930   
10.4754    3.5797    

# Frame255

# x        y
15.3888    20.4444   
7.8182     38.9950   
4.1040     33.1502   
14.3940    1.8072    
8.3171     22.4930   
10.4793    3.5812    

# Frame256

# x        y
15.3888    20.4444   
7.8182     38.9950   
4.1040     33.1502   
14.3940    1.8072    
8.3171     22.4930   
10.4832    3.5827    

# Frame257

# x        y
15.3888    20.4444   
7.8182     38.9950   
4.1040     33.1502   
14.3940    1.8072    
8.3171     22.4930   
10.4871    3.5842    

# Frame258

# x        y
15.3888    20.4444   
7.8182     38.9950   
4.1040     33.1502   
14.3940    1.8072    
8.3171     22.4930   
10.4908    3.5856    

# Frame259

# x        y
15.3888    20.4444   
7.8182     38.9950   
4.1040     33.1502   
14.3940    1.8072    
8.3171     22.4930   
10.4945    3.5871    

# Frame260

# x        y
15.3888    20.4444   
7.8182     38.9950   
4.1040     33.1502   
14.3940    1.8072    
8.3171     22.4930   
10.4982    3.5885    

# Frame261

# x        y
15.3888    20.4444   
7.8182     38.9950   
4.1040     33.1502   
14.3940    1.8072    
8.3171     22.4930   
10.5017    3.5899    

# Frame262

# x        y
15.3888    20.4444   
7.8182     38.9950   
4.1040     33.1502   
14.3940    1.8072    
8.3171     22.4930   
10.5053    3.5912    

# Frame263

# x        y
15.3888    20.4444   
7.8182     38.9950   
4.1040     33.1502   
14.3940    1.8072    
8.3171     22.4930   
10.5087    3.5925    

# Frame264

# x        y
15.3888    20.4444   
7.8182     38.9950   
4.1040     33.1502   
14.3940    1.8072    
8.3171     22.4930   
10.5121    3.5939    

# Frame265

# x        y
15.3888    20.4444   
7.8182     38.9950   
4.1040     33.1502   
14.3940    1.8072    
8.3171     22.4930   
10.5155    3.5951    

# Frame266

# x        y
15.3888    20.4444   
7.8182     38.9950   
4.1040     33.1502   
14.3940    1.8072    
8.3171     22.4930   
10.5188    3.5964    

# Frame267

# x        y
15.3888    20.4444   
7.8182     38.9950   
4.1040     33.1502   
14.3940    1.8072    
8.3171     22.4930   
10.5220    3.5977    

# Frame268

# x        y
15.3888    20.4444   
7.8182     38.9950   
4.1040     33.1502   
14.3940    1.8072    
8.3171     22.4930   
10.5252    3.5989    

# Frame269

# x        y
15.3888    20.4444   
7.8182     38.9950   
4.1040     33.1502   
14.3940    1.8072    
8.3171     22.4930   
10.5283    3.6001    

# Frame270

# x        y
15.3888    20.4444   
7.8182     38.9950   
4.1040     33.1502   
14.3940    1.8072    
8.3171     22.4930   
10.5314    3.6013    

# Frame271

# x        y
15.3888    20.4444   
7.8182     38.9950   
4.1040     33.1502   
14.3940    1.8072    
8.3171     22.4930   
10.5344    3.6024    

# Frame272

# x        y
15.3888    20.4444   
7.8182     38.9950   
4.1040     33.1502   
14.3940    1.8072    
8.3171     22.4930   
10.5374    3.6036    

# Frame273

# x        y
15.3888    20.4444   
7.8182     38.9950   
4.1040     33.1502   
14.3940    1.8072    
8.3171     22.4930   
10.5403    3.6047    

# Frame274

# x        y
15.3888    20.4444   
7.8182     38.9950   
4.1040     33.1502   
14.3940    1.8072    
8.3171     22.4930   
10.5432    3.6058    

# Frame275

# x        y
15.3888    20.4444   
7.8182     38.9950   
4.1040     33.1502   
14.3940    1.8072    
8.3171     22.4930   
10.5460    3.6069    

# Frame276

# x        y
15.3888    20.4444   
7.8182     38.9950   
4.1040     33.1502   
14.3940    1.8072    
8.3171     22.4930   
10.5488    3.6080    

# Frame277

# x        y
15.3888    20.4444   
7.8182     38.9950   
4.1040     33.1502   
14.3940    1.8072    
8.3171     22.4930   
10.5515    3.6090    

# Frame278

# x        y
15.3888    20.4444   
7.8182     38.9950   
4.1040     33.1502   
14.3940    1.8072    
8.3171     22.4930   
10.5542    3.6101    

# Frame279

# x        y
15.3888    20.4444   
7.8182     38.9950   
4.1040     33.1502   
14.3940    1.8072    
8.3171     22.4930   
10.5569    3.6111    

# Frame280

# x        y
15.3888    20.4444   
7.8182     38.9950   
4.1040     33.1502   
14.3940    1.8072    
8.3171     22.4930   
10.5595    3.6121    

# Frame281

# x        y
15.3888    20.4444   
7.8182     38.9950   
4.1040     33.1502   
14.3940    1.8072    
8.3171     22.4930   
10.5620    3.6131    

# Frame282

# x        y
15.3888    20.4444   
7.8182     38.9950   
4.1040     33.1502   
14.3940    1.8072    
8.3171     22.4930   
10.5645    3.6141    

# Frame283

# x        y
15.3888    20.4444   
7.8182     38.9950   
4.1040     33.1502   
14.3940    1.8072    
8.3171     22.4930   
10.5670    3.6150    

# Frame284

# x        y
15.3888    20.4444   
7.8182     38.9950   
4.1040     33.1502   
14.3940    1.8072    
8.3171     22.4930   
10.5695    3.6159    

# Frame285

# x        y
15.3888    20.4444   
7.8182     38.9950   
4.1040     33.1502   
14.3940    1.8072    
8.3171     22.4930   
10.5718    3.6169    

# Frame286

# x        y
15.3888    20.4444   
7.8182     38.9950   
4.1040     33.1502   
14.3940    1.8072    
8.3171     22.4930   
10.5742    3.6178    

# Frame287

# x        y
15.3888    20.4444   
7.8182     38.9950   
4.1040     33.1502   
14.3940    1.8072    
8.3171     22.4930   
10.5765    3.6187    

# Frame288

# x        y
15.3888    20.4444   
7.8182     38.9950   
4.1040     33.1502   
14.3940    1.8072    
8.3171     22.4930   
10.5788    3.6195    

# Frame289

# x        y
15.3888    20.4444   
7.8182     38.9950   
4.1040     33.1502   
14.3940    1.8072    
8.3171     22.4930   
10.5810    3.6204    

# Frame290

# x        y
15.3888    20.4444   
7.8182     38.9950   
4.1040     33.1502   
14.3940    1.8072    
8.3171     22.4930   
10.5832    3.6213    

# Frame291

# x        y
15.3888    20.4444   
7.8182     38.9950   
4.1040     33.1502   
14.3940    1.8072    
8.3171     22.4930   
10.5854    3.6221    

# Frame292

# x        y
15.3888    20.4444   
7.8182     38.9950   
4.1040     33.1502   
14.3940    1.8072    
8.3171     22.4930   
10.5875    3.6229    

# Frame293

# x        y
15.3888    20.4444   
7.8182     38.9950   
4.1040     33.1502   
14.3940    1.8072    
8.3171     22.4930   
10.5896    3.6237    

# Frame294

# x        y
15.3888    20.4444   
7.8182     38.9950   
4.1040     33.1502   
14.3940    1.8072    
8.3171     22.4930   
10.5917    3.6245    

# Frame295

# x        y
15.3888    20.4444   
7.8182     38.9950   
4.1040     33.1502   
14.3940    1.8072    
8.3171     22.4930   
10.5937    3.6253    

# Frame296

# x        y
15.3888    20.4444   
7.8182     38.9950   
4.1040     33.1502   
14.3940    1.8072    
8.3171     22.4930   
10.5957    3.6260    

# Frame297

# x        y
15.3888    20.4444   
7.8182     38.9950   
4.1040     33.1502   
14.3940    1.8072    
8.3171     22.4930   
10.5976    3.6268    

# Frame298

# x        y
15.3888    20.4444   
7.8182     38.9950   
4.1040     33.1502   
14.3940    1.8072    
8.3171     22.4930   
10.5995    3.6275    

# Frame299

# x        y
15.3888    20.4444   
7.8182     38.9950   
4.1040     33.1502   
14.3940    1.8072    
8.3171     22.4930   
10.6014    3.6283    

# Frame300

# x        y
15.3888    20.4444   
7.8182     38.9950   
4.1040     33.1502   
14.3940    1.8072    
8.3171     22.4930   
10.6033    3.6290    

# Frame301

# x        y
15.3888    20.4444   
7.8182     38.9950   
4.1040     33.1502   
14.3940    1.8072    
8.3171     22.4930   
10.6051    3.6297    

# Frame302

# x        y
15.3888    20.4444   
7.8182     38.9950   
4.1040     33.1502   
14.3940    1.8072    
8.3171     22.4930   
10.6069    3.6304    

# Frame303

# x        y
15.3888    20.4444   
7.8182     38.9950   
4.1040     33.1502   
14.3940    1.8072    
8.3171     22.4930   
10.6087    3.6311    

# Frame304

# x        y
15.3888    20.4444   
7.8182     38.9950   
4.1040     33.1502   
14.3940    1.8072    
8.3171     22.4930   
10.6104    3.6317    

# Frame305

# x        y
15.3888    20.4444   
7.8182     38.9950   
4.1040     33.1502   
14.3940    1.8072    
8.3171     22.4930   
10.6121    3.6324    

# Frame306

# x        y
15.3888    20.4444   
7.8182     38.9950   
4.1040     33.1502   
14.3940    1.8072    
8.3171     22.4930   
10.6138    3.6330    

# Frame307

# x        y
15.3888    20.4444   
7.8182     38.9950   
4.1040     33.1502   
14.3940    1.8072    
8.3171     22.4930   
10.6155    3.6337    

# Frame308

# x        y
15.3888    20.4444   
7.8182     38.9950   
4.1040     33.1502   
14.3940    1.8072    
8.3171     22.4930   
10.6171    3.6343    

# Frame309

# x        y
15.3888    20.4444   
7.8182     38.9950   
4.1040     33.1502   
14.3940    1.8072    
8.3171     22.4930   
10.6187    3.6349    

# Frame310

# x        y
15.3888    20.4444   
7.8182     38.9950   
4.1040     33.1502   
14.3940    1.8072    
8.3171     22.4930   
10.6203    3.6355    

# Frame311

# x        y
15.3888    20.4444   
7.8182     38.9950   
4.1040     33.1502   
14.3940    1.8072    
8.3171     22.4930   
10.6218    3.6361    

# Frame312

# x        y
15.3888    20.4444   
7.8182     38.9950   
4.1040     33.1502   
14.3940    1.8072    
8.3171     22.4930   
10.6233    3.6367    

# Frame313

# x        y
15.3888    20.4444   
7.8182     38.9950   
4.1040     33.1502   
14.3940    1.8072    
8.3171     22.4930   
10.6248    3.6373    

# Frame314

# x        y
15.3888    20.4444   
7.8182     38.9950   
4.1040     33.1502   
14.3940    1.8072    
8.3171     22.4930   
10.6263    3.6378    

# Frame315

# x        y
15.3888    20.4444   
7.8182     38.9950   
4.1040     33.1502   
14.3940    1.8072    
8.3171     22.4930   
10.6277    3.6384    

# Frame316

# x        y
15.3888    20.4444   
7.8182     38.9950   
4.1040     33.1502   
14.3940    1.8072    
8.3171     22.4930   
10.6291    3.6389    

# Frame317

# x        y
15.3888    20.4444   
7.8182     38.9950   
4.1040     33.1502   
14.3940    1.8072    
8.3171     22.4930   
10.6305    3.6395    

# Frame318

# x        y
15.3888    20.4444   
7.8182     38.9950   
4.1040     33.1502   
14.3940    1.8072    
8.3171     22.4930   
10.6319    3.6400    

# Frame319

# x        y
15.3888    20.4444   
7.8182     38.9950   
4.1040     33.1502   
14.3940    1.8072    
8.3171     22.4930   
10.6333    3.6405    

# Frame320

# x        y
15.3888    20.4444   
7.8182     38.9950   
4.1040     33.1502   
14.3940    1.8072    
8.3171     22.4930   
10.6346    3.6410    

# Frame321

# x        y
15.3888    20.4444   
7.8182     38.9950   
4.1040     33.1502   
14.3940    1.8072    
8.3171     22.4930   
10.6359    3.6416    

# Frame322

# x        y
15.3888    20.4444   
7.8182     38.9950   
4.1040     33.1502   
14.3940    1.8072    
8.3171     22.4930   
10.6372    3.6420    

# Frame323

# x        y
15.3888    20.4444   
7.8182     38.9950   
4.1040     33.1502   
14.3940    1.8072    
8.3171     22.4930   
10.6384    3.6425    

# Frame324

# x        y
15.3888    20.4444   
7.8182     38.9950   
4.1040     33.1502   
14.3940    1.8072    
8.3171     22.4930   
10.6397    3.6430    

# Frame325

# x        y
15.3888    20.4444   
7.8182     38.9950   
4.1040     33.1502   
14.3940    1.8072    
8.3171     22.4930   
10.6409    3.6435    

# Frame326

# x        y
15.3888    20.4444   
7.8182     38.9950   
4.1040     33.1502   
14.3940    1.8072    
8.3171     22.4930   
10.6421    3.6439    

# Frame327

# x        y
15.3888    20.4444   
7.8182     38.9950   
4.1040     33.1502   
14.3940    1.8072    
8.3171     22.4930   
10.6433    3.6444    

# Frame328

# x        y
15.3888    20.4444   
7.8182     38.9950   
4.1040     33.1502   
14.3940    1.8072    
8.3171     22.4930   
10.6444    3.6448    

# Frame329

# x        y
15.3888    20.4444   
7.8182     38.9950   
4.1040     33.1502   
14.3940    1.8072    
8.3171     22.4930   
10.6456    3.6453    

# Frame330

# x        y
15.3888    20.4444   
7.8182     38.9950   
4.1040     33.1502   
14.3940    1.8072    
8.3171     22.4930   
10.6467    3.6457    

# Frame331

# x        y
15.3888    20.4444   
7.8182     38.9950   
4.1040     33.1502   
14.3940    1.8072    
8.3171     22.4930   
10.6478    3.6461    

# Frame332

# x        y
15.3888    20.4444   
7.8182     38.9950   
4.1040     33.1502   
14.3940    1.8072    
8.3171     22.4930   
10.6489    3.6466    

# Frame333

# x        y
15.3888    20.4444   
7.8182     38.9950   
4.1040     33.1502   
14.3940    1.8072    
8.3171     22.4930   
10.6500    3.6470    

# Frame334

# x        y
15.3888    20.4444   
7.8182     38.9950   
4.1040     33.1502   
14.3940    1.8072    
8.3171     22.4930   
10.6510    3.6474    

# Frame335

# x        y
15.3888    20.4444   
7.8182     38.9950   
4.1040     33.1502   
14.3940    1.8072    
8.3171     22.4930   
10.6520    3.6478    

# Frame336

# x        y
15.3888    20.4444   
7.8182     38.9950   
4.1040     33.1502   
14.3940    1.8072    
8.3171     22.4930   
10.6531    3.6482    

# Frame337

# x        y
15.3888    20.4444   
7.8182     38.9950   
4.1040     33.1502   
14.3940    1.8072    
8.3171     22.4930   
10.6541    3.6486    

# Frame338

# x        y
15.3888    20.4444   
7.8182     38.9950   
4.1040     33.1502   
14.3940    1.8072    
8.3171     22.4930   
10.6550    3.6489    

# Frame339

# x        y
15.3888    20.4444   
7.8182     38.9950   
4.1040     33.1502   
14.3940    1.8072    
8.3171     22.4930   
10.6560    3.6493    

# Frame340

# x        y
15.3888    20.4444   
7.8182     38.9950   
4.1040     33.1502   
14.3940    1.8072    
8.3171     22.4930   
10.6570    3.6497    

# Frame341

# x        y
15.3888    20.4444   
7.8182     38.9950   
4.1040     33.1502   
14.3940    1.8072    
8.3171     22.4930   
10.6579    3.6500    

# Frame342

# x        y
15.3888    20.4444   
7.8182     38.9950   
4.1040     33.1502   
14.3940    1.8072    
8.3171     22.4930   
10.6588    3.6504    

# Frame343

# x        y
15.3888    20.4444   
7.8182     38.9950   
4.1040     33.1502   
14.3940    1.8072    
8.3171     22.4930   
10.6597    3.6507    

# Frame344

# x        y
15.3888    20.4444   
7.8182     38.9950   
4.1040     33.1502   
14.3940    1.8072    
8.3171     22.4930   
10.6606    3.6511    

# Frame345

# x        y
15.3888    20.4444   
7.8182     38.9950   
4.1040     33.1502   
14.3940    1.8072    
8.3171     22.4930   
10.6615    3.6514    

# Frame346

# x        y
15.3888    20.4444   
7.8182     38.9950   
4.1040     33.1502   
14.3940    1.8072    
8.3171     22.4930   
10.6623    3.6517    

# Frame347

# x        y
15.3888    20.4444   
7.8182     38.9950   
4.1040     33.1502   
14.3940    1.8072    
8.3171     22.4930   
10.6632    3.6521    

# Frame348

# x        y
15.3888    20.4444   
7.8182     38.9950   
4.1040     33.1502   
14.3940    1.8072    
8.3171     22.4930   
10.6640    3.6524    

# Frame349

# x        y
15.3888    20.4444   
7.8182     38.9950   
4.1040     33.1502   
14.3940    1.8072    
8.3171     22.4930   
10.6648    3.6527    

# Frame350

# x        y
15.3888    20.4444   
7.8182     38.9950   
4.1040     33.1502   
14.3940    1.8072    
8.3171     22.4930   
10.6656    3.6530    

# Frame351

# x        y
15.3888    20.4444   
7.8182     38.9950   
4.1040     33.1502   
14.3940    1.8072    
8.3171     22.4930   
10.6664    3.6533    

# Frame352

# x        y
15.3888    20.4444   
7.8182     38.9950   
4.1040     33.1502   
14.3940    1.8072    
8.3171     22.4930   
10.6672    3.6536    

# Frame353

# x        y
15.3888    20.4444   
7.8182     38.9950   
4.1040     33.1502   
14.3940    1.8072    
8.3171     22.4930   
10.6679    3.6539    

# Frame354

# x        y
15.3888    20.4444   
7.8182     38.9950   
4.1040     33.1502   
14.3940    1.8072    
8.3171     22.4930   
10.6687    3.6542    

# Frame355

# x        y
15.3888    20.4444   
7.8182     38.9950   
4.1040     33.1502   
14.3940    1.8072    
8.3171     22.4930   
10.6694    3.6545    

# Frame356

# x        y
15.3888    20.4444   
7.8182     38.9950   
4.1040     33.1502   
14.3940    1.8072    
8.3171     22.4930   
10.6702    3.6548    

# Frame357

# x        y
15.3888    20.4444   
7.8182     38.9950   
4.1040     33.1502   
14.3940    1.8072    
8.3171     22.4930   
10.6709    3.6550    

# Frame358

# x        y
15.3888    20.4444   
7.8182     38.9950   
4.1040     33.1502   
14.3940    1.8072    
8.3171     22.4930   
10.6716    3.6553    

# Frame359

# x        y
15.3888    20.4444   
7.8182     38.9950   
4.1040     33.1502   
14.3940    1.8072    
8.3171     22.4930   
10.6723    3.6556    

# Frame360

# x        y
15.3888    20.4444   
7.8182     38.9950   
4.1040     33.1502   
14.3940    1.8072    
8.3171     22.4930   
10.6729    3.6558    

# Frame361

# x        y
15.3888    20.4444   
7.8182     38.9950   
4.1040     33.1502   
14.3940    1.8072    
8.3171     22.4930   
10.6736    3.6561    

# Frame362

# x        y
15.3888    20.4444   
7.8182     38.9950   
4.1040     33.1502   
14.3940    1.8072    
8.3171     22.4930   
10.6743    3.6563    

# Frame363

# x        y
15.3888    20.4444   
7.8182     38.9950   
4.1040     33.1502   
14.3940    1.8072    
8.3171     22.4930   
10.6749    3.6566    

# Frame364

# x        y
15.3888    20.4444   
7.8182     38.9950   
4.1040     33.1502   
14.3940    1.8072    
8.3171     22.4930   
10.6755    3.6568    

# Frame365

# x        y
15.3888    20.4444   
7.8182     38.9950   
4.1040     33.1502   
14.3940    1.8072    
8.3171     22.4930   
10.6762    3.6571    

# Frame366

# x        y
15.3888    20.4444   
7.8182     38.9950   
4.1040     33.1502   
14.3940    1.8072    
8.3171     22.4930   
10.6768    3.6573    

# Frame367

# x        y
15.3888    20.4444   
7.8182     38.9950   
4.1040     33.1502   
14.3940    1.8072    
8.3171     22.4930   
10.6774    3.6575    

# Frame368

# x        y
15.3888    20.4444   
7.8182     38.9950   
4.1040     33.1502   
14.3940    1.8072    
8.3171     22.4930   
10.6780    3.6578    

# Frame369

# x        y
15.3888    20.4444   
7.8182     38.9950   
4.1040     33.1502   
14.3940    1.8072    
8.3171     22.4930   
10.6786    3.6580    

# Frame370

# x        y
15.3888    20.4444   
7.8182     38.9950   
4.1040     33.1502   
14.3940    1.8072    
8.3171     22.4930   
10.6791    3.6582    

# Frame371

# x        y
15.3888    20.4444   
7.8182     38.9950   
4.1040     33.1502   
14.3940    1.8072    
8.3171     22.4930   
10.6797    3.6584    

# Frame372

# x        y
15.3888    20.4444   
7.8182     38.9950   
4.1040     33.1502   
14.3940    1.8072    
8.3171     22.4930   
10.6802    3.6586    

# Frame373

# x        y
15.3888    20.4444   
7.8182     38.9950   
4.1040     33.1502   
14.3940    1.8072    
8.3171     22.4930   
10.6808    3.6589    

# Frame374

# x        y
15.3888    20.4444   
7.8182     38.9950   
4.1040     33.1502   
14.3940    1.8072    
8.3171     22.4930   
10.6813    3.6591    

# Frame375

# x        y
15.3888    20.4444   
7.8182     38.9950   
4.1040     33.1502   
14.3940    1.8072    
8.3171     22.4930   
10.6818    3.6593    

# Frame376

# x        y
15.3888    20.4444   
7.8182     38.9950   
4.1040     33.1502   
14.3940    1.8072    
8.3171     22.4930   
10.6824    3.6595    

# Frame377

# x        y
15.3888    20.4444   
7.8182     38.9950   
4.1040     33.1502   
14.3940    1.8072    
8.3171     22.4930   
10.6829    3.6597    

# Frame378

# x        y
15.3888    20.4444   
7.8182     38.9950   
4.1040     33.1502   
14.3940    1.8072    
8.3171     22.4930   
10.6834    3.6599    

# Frame379

# x        y
15.3888    20.4444   
7.8182     38.9950   
4.1040     33.1502   
14.3940    1.8072    
8.3171     22.4930   
10.6839    3.6600    

# Frame380

# x        y
15.3888    20.4444   
7.8182     38.9950   
4.1040     33.1502   
14.3940    1.8072    
8.3171     22.4930   
10.6844    3.6602    

# Frame381

# x        y
15.3888    20.4444   
7.8182     38.9950   
4.1040     33.1502   
14.3940    1.8072    
8.3171     22.4930   
10.6848    3.6604    

# Frame382

# x        y
15.3888    20.4444   
7.8182     38.9950   
4.1040     33.1502   
14.3940    1.8072    
8.3171     22.4930   
10.6853    3.6606    

# Frame383

# x        y
15.3888    20.4444   
7.8182     38.9950   
4.1040     33.1502   
14.3940    1.8072    
8.3171     22.4930   
10.6858    3.6608    

# Frame384

# x        y
15.3888    20.4444   
7.8182     38.9950   
4.1040     33.1502   
14.3940    1.8072    
8.3171     22.4930   
10.6862    3.6609    

# Frame385

# x        y
15.3888    20.4444   
7.8182     38.9950   
4.1040     33.1502   
14.3940    1.8072    
8.3171     22.4930   
10.6867    3.6611    

# Frame386

# x        y
15.3888    20.4444   
7.8182     38.9950   
4.1040     33.1502   
14.3940    1.8072    
8.3171     22.4930   
10.6871    3.6613    

# Frame387

# x        y
15.3888    20.4444   
7.8182     38.9950   
4.1040     33.1502   
14.3940    1.8072    
8.3171     22.4930   
10.6875    3.6615    

# Frame388

# x        y
15.3888    20.4444   
7.8182     38.9950   
4.1040     33.1502   
14.3940    1.8072    
8.3171     22.4930   
10.6880    3.6616    

# Frame389

# x        y
15.3888    20.4444   
7.8182     38.9950   
4.1040     33.1502   
14.3940    1.8072    
8.3171     22.4930   
10.6884    3.6618    

# Frame390

# x        y
15.3888    20.4444   
7.8182     38.9950   
4.1040     33.1502   
14.3940    1.8072    
8.3171     22.4930   
10.6888    3.6619    

# Frame391

# x        y
15.3888    20.4444   
7.8182     38.9950   
4.1040     33.1502   
14.3940    1.8072    
8.3171     22.4930   
10.6892    3.6621    

# Frame392

# x        y
15.3888    20.4444   
7.8182     38.9950   
4.1040     33.1502   
14.3940    1.8072    
8.3171     22.4930   
10.6896    3.6622    

# Frame393

# x        y
15.3888    20.4444   
7.8182     38.9950   
4.1040     33.1502   
14.3940    1.8072    
8.3171     22.4930   
10.6900    3.6624    

# Frame394

# x        y
15.3888    20.4444   
7.8182     38.9950   
4.1040     33.1502   
14.3940    1.8072    
8.3171     22.4930   
10.6903    3.6625    

# Frame395

# x        y
15.3888    20.4444   
7.8182     38.9950   
4.1040     33.1502   
14.3940    1.8072    
8.3171     22.4930   
10.6907    3.6627    

# Frame396

# x        y
15.3888    20.4444   
7.8182     38.9950   
4.1040     33.1502   
14.3940    1.8072    
8.3171     22.4930   
10.6911    3.6628    

# Frame397

# x        y
15.3888    20.4444   
7.8182     38.9950   
4.1040     33.1502   
14.3940    1.8072    
8.3171     22.4930   
10.6915    3.6630    

# Frame398

# x        y
15.3888    20.4444   
7.8182     38.9950   
4.1040     33.1502   
14.3940    1.8072    
8.3171     22.4930   
10.6918    3.6631    

# Frame399

# x        y
15.3888    20.4444   
7.8182     38.9950   
4.1040     33.1502   
14.3940    1.8072    
8.3171     22.4930   
10.6922    3.6632    

# Frame400

# x        y
15.3888    20.4444   
7.8182     38.9950   
4.1040     33.1502   
14.3940    1.8072    
8.3171     22.4930   
10.6925    3.6634    

# Frame401

# x        y
15.3888    20.4444   
7.8182     38.9950   
4.1040     33.1502   
14.3940    1.8072    
8.3171     22.4930   
10.6929    3.6635    

# Frame402

# x        y
15.3888    20.4444   
7.8182     38.9950   
4.1040     33.1502   
14.3940    1.8072    
8.3171     22.4930   
10.6932    3.6636    

# Frame403

# x        y
15.3888    20.4444   
7.8182     38.9950   
4.1040     33.1502   
14.3940    1.8072    
8.3171     22.4930   
10.6935    3.6638    

# Frame404

# x        y
15.3888    20.4444   
7.8182     38.9950   
4.1040     33.1502   
14.3940    1.8072    
8.3171     22.4930   
10.6938    3.6639    

# Frame405

# x        y
15.3888    20.4444   
7.8182     38.9950   
4.1040     33.1502   
14.3940    1.8072    
8.3171     22.4930   
10.6942    3.6640    

# Frame406

# x        y
15.3888    20.4444   
7.8182     38.9950   
4.1040     33.1502   
14.3940    1.8072    
8.3171     22.4930   
10.6945    3.6641    

# Frame407

# x        y
15.3888    20.4444   
7.8182     38.9950   
4.1040     33.1502   
14.3940    1.8072    
8.3171     22.4930   
10.6948    3.6642    

# Frame408

# x        y
15.3888    20.4444   
7.8182     38.9950   
4.1040     33.1502   
14.3940    1.8072    
8.3171     22.4930   
10.6951    3.6644    

# Frame409

# x        y
15.3888    20.4444   
7.8182     38.9950   
4.1040     33.1502   
14.3940    1.8072    
8.3171     22.4930   
10.6954    3.6645    

# Frame410

# x        y
15.3888    20.4444   
7.8182     38.9950   
4.1040     33.1502   
14.3940    1.8072    
8.3171     22.4930   
10.6957    3.6646    

# Frame411

# x        y
15.3888    20.4444   
7.8182     38.9950   
4.1040     33.1502   
14.3940    1.8072    
8.3171     22.4930   
10.6960    3.6647    

# Frame412

# x        y
15.3888    20.4444   
7.8182     38.9950   
4.1040     33.1502   
14.3940    1.8072    
8.3171     22.4930   
10.6962    3.6648    

# Frame413

# x        y
15.3888    20.4444   
7.8182     38.9950   
4.1040     33.1502   
14.3940    1.8072    
8.3171     22.4930   
10.6965    3.6649    

# Frame414

# x        y
15.3888    20.4444   
7.8182     38.9950   
4.1040     33.1502   
14.3940    1.8072    
8.3171     22.4930   
10.6968    3.6650    

# Frame415

# x        y
15.3888    20.4444   
7.8182     38.9950   
4.1040     33.1502   
14.3940    1.8072    
8.3171     22.4930   
10.6971    3.6651    

# Frame416

# x        y
15.3888    20.4444   
7.8182     38.9950   
4.1040     33.1502   
14.3940    1.8072    
8.3171     22.4930   
10.6973    3.6652    

# Frame417

# x        y
15.3888    20.4444   
7.8182     38.9950   
4.1040     33.1502   
14.3940    1.8072    
8.3171     22.4930   
10.6976    3.6653    

# Frame418

# x        y
15.3888    20.4444   
7.8182     38.9950   
4.1040     33.1502   
14.3940    1.8072    
8.3171     22.4930   
10.6978    3.6654    

# Frame419

# x        y
15.3888    20.4444   
7.8182     38.9950   
4.1040     33.1502   
14.3940    1.8072    
8.3171     22.4930   
10.6981    3.6655    

# Frame420

# x        y
15.3888    20.4444   
7.8182     38.9950   
4.1040     33.1502   
14.3940    1.8072    
8.3171     22.4930   
10.6983    3.6656    

# Frame421

# x        y
15.3888    20.4444   
7.8182     38.9950   
4.1040     33.1502   
14.3940    1.8072    
8.3171     22.4930   
10.6986    3.6657    

# Frame422

# x        y
15.3888    20.4444   
7.8182     38.9950   
4.1040     33.1502   
14.3940    1.8072    
8.3171     22.4930   
10.6988    3.6658    

# Frame423

# x        y
15.3888    20.4444   
7.8182     38.9950   
4.1040     33.1502   
14.3940    1.8072    
8.3171     22.4930   
10.6991    3.6659    

# Frame424

# x        y
15.3888    20.4444   
7.8182     38.9950   
4.1040     33.1502   
14.3940    1.8072    
8.3171     22.4930   
10.6993    3.6660    

# Frame425

# x        y
15.3888    20.4444   
7.8182     38.9950   
4.1040     33.1502   
14.3940    1.8072    
8.3171     22.4930   
10.6995    3.6661    

# Frame426

# x        y
15.3888    20.4444   
7.8182     38.9950   
4.1040     33.1502   
14.3940    1.8072    
8.3171     22.4930   
10.6997    3.6662    

# Frame427

# x        y
15.3888    20.4444   
7.8182     38.9950   
4.1040     33.1502   
14.3940    1.8072    
8.3171     22.4930   
10.7000    3.6662    

# Frame428

# x        y
15.3888    20.4444   
7.8182     38.9950   
4.1040     33.1502   
14.3940    1.8072    
8.3171     22.4930   
10.7002    3.6663    

# Frame429

# x        y
15.3888    20.4444   
7.8182     38.9950   
4.1040     33.1502   
14.3940    1.8072    
8.3171     22.4930   
10.7004    3.6664    

# Frame430

# x        y
15.3888    20.4444   
7.8182     38.9950   
4.1040     33.1502   
14.3940    1.8072    
8.3171     22.4930   
10.7006    3.6665    

# Frame431

# x        y
15.3888    20.4444   
7.8182     38.9950   
4.1040     33.1502   
14.3940    1.8072    
8.3171     22.4930   
10.7008    3.6666    

# Frame432

# x        y
15.3888    20.4444   
7.8182     38.9950   
4.1040     33.1502   
14.3940    1.8072    
8.3171     22.4930   
10.7010    3.6666    

# Frame433

# x        y
15.3888    20.4444   
7.8182     38.9950   
4.1040     33.1502   
14.3940    1.8072    
8.3171     22.4930   
10.7012    3.6667    

# Frame434

# x        y
15.3888    20.4444   
7.8182     38.9950   
4.1040     33.1502   
14.3940    1.8072    
8.3171     22.4930   
10.7014    3.6668    

# Frame435

# x        y
15.3888    20.4444   
7.8182     38.9950   
4.1040     33.1502   
14.3940    1.8072    
8.3171     22.4930   
10.7016    3.6669    

# Frame436

# x        y
15.3888    20.4444   
7.8182     38.9950   
4.1040     33.1502   
14.3940    1.8072    
8.3171     22.4930   
10.7018    3.6669    

# Frame437

# x        y
15.3888    20.4444   
7.8182     38.9950   
4.1040     33.1502   
14.3940    1.8072    
8.3171     22.4930   
10.7020    3.6670    

# Frame438

# x        y
15.3888    20.4444   
7.8182     38.9950   
4.1040     33.1502   
14.3940    1.8072    
8.3171     22.4930   
10.7022    3.6671    

# Frame439

# x        y
15.3888    20.4444   
7.8182     38.9950   
4.1040     33.1502   
14.3940    1.8072    
8.3171     22.4930   
10.7023    3.6672    

# Frame440

# x        y
15.3888    20.4444   
7.8182     38.9950   
4.1040     33.1502   
14.3940    1.8072    
8.3171     22.4930   
10.7025    3.6672    

# Frame441

# x        y
15.3888    20.4444   
7.8182     38.9950   
4.1040     33.1502   
14.3940    1.8072    
8.3171     22.4930   
10.7027    3.6673    

# Frame442

# x        y
15.3888    20.4444   
7.8182     38.9950   
4.1040     33.1502   
14.3940    1.8072    
8.3171     22.4930   
10.7029    3.6674    

# Frame443

# x        y
15.3888    20.4444   
7.8182     38.9950   
4.1040     33.1502   
14.3940    1.8072    
8.3171     22.4930   
10.7030    3.6674    

# Frame444

# x        y
15.3888    20.4444   
7.8182     38.9950   
4.1040     33.1502   
14.3940    1.8072    
8.3171     22.4930   
10.7032    3.6675    

# Frame445

# x        y
15.3888    20.4444   
7.8182     38.9950   
4.1040     33.1502   
14.3940    1.8072    
8.3171     22.4930   
10.7033    3.6675    

# Frame446

# x        y
15.3888    20.4444   
7.8182     38.9950   
4.1040     33.1502   
14.3940    1.8072    
8.3171     22.4930   
10.7035    3.6676    

# Frame447

# x        y
15.3888    20.4444   
7.8182     38.9950   
4.1040     33.1502   
14.3940    1.8072    
8.3171     22.4930   
10.7037    3.6677    

# Frame448

# x        y
15.3888    20.4444   
7.8182     38.9950   
4.1040     33.1502   
14.3940    1.8072    
8.3171     22.4930   
10.7038    3.6677    

# Frame449

# x        y
15.3888    20.4444   
7.8182     38.9950   
4.1040     33.1502   
14.3940    1.8072    
8.3171     22.4930   
10.7040    3.6678    

# Frame450

# x        y
15.3888    20.4444   
7.8182     38.9950   
4.1040     33.1502   
14.3940    1.8072    
8.3171     22.4930   
10.7041    3.6678    

# Frame451

# x        y
15.3888    20.4444   
7.8182     38.9950   
4.1040     33.1502   
14.3940    1.8072    
8.3171     22.4930   
10.7043    3.6679    

# Frame452

# x        y
15.3888    20.4444   
7.8182     38.9950   
4.1040     33.1502   
14.3940    1.8072    
8.3171     22.4930   
10.7044    3.6680    

# Frame453

# x        y
15.3888    20.4444   
7.8182     38.9950   
4.1040     33.1502   
14.3940    1.8072    
8.3171     22.4930   
10.7046    3.6680    

# Frame454

# x        y
15.3888    20.4444   
7.8182     38.9950   
4.1040     33.1502   
14.3940    1.8072    
8.3171     22.4930   
10.7047    3.6681    

# Frame455

# x        y
15.3888    20.4444   
7.8182     38.9950   
4.1040     33.1502   
14.3940    1.8072    
8.3171     22.4930   
10.7048    3.6681    

# Frame456

# x        y
15.3888    20.4444   
7.8182     38.9950   
4.1040     33.1502   
14.3940    1.8072    
8.3171     22.4930   
10.7050    3.6682    

# Frame457

# x        y
15.3888    20.4444   
7.8182     38.9950   
4.1040     33.1502   
14.3940    1.8072    
8.3171     22.4930   
10.7051    3.6682    

# Frame458

# x        y
15.3888    20.4444   
7.8182     38.9950   
4.1040     33.1502   
14.3940    1.8072    
8.3171     22.4930   
10.7052    3.6683    

# Frame459

# x        y
15.3888    20.4444   
7.8182     38.9950   
4.1040     33.1502   
14.3940    1.8072    
8.3171     22.4930   
10.7054    3.6683    

# Frame460

# x        y
15.3888    20.4444   
7.8182     38.9950   
4.1040     33.1502   
14.3940    1.8072    
8.3171     22.4930   
10.7055    3.6684    

# Frame461

# x        y
15.3888    20.4444   
7.8182     38.9950   
4.1040     33.1502   
14.3940    1.8072    
8.3171     22.4930   
10.7056    3.6684    

# Frame462

# x        y
15.3888    20.4444   
7.8182     38.9950   
4.1040     33.1502   
14.3940    1.8072    
8.3171     22.4930   
10.7057    3.6685    

# Frame463

# x        y
15.3888    20.4444   
7.8182     38.9950   
4.1040     33.1502   
14.3940    1.8072    
8.3171     22.4930   
10.7059    3.6685    

# Frame464

# x        y
15.3888    20.4444   
7.8182     38.9950   
4.1040     33.1502   
14.3940    1.8072    
8.3171     22.4930   
10.7060    3.6686    

# Frame465

# x        y
15.3888    20.4444   
7.8182     38.9950   
4.1040     33.1502   
14.3940    1.8072    
8.3171     22.4930   
10.7061    3.6686    

# Frame466

# x        y
15.3888    20.4444   
7.8182     38.9950   
4.1040     33.1502   
14.3940    1.8072    
8.3171     22.4930   
10.7062    3.6686    

# Frame467

# x        y
15.3888    20.4444   
7.8182     38.9950   
4.1040     33.1502   
14.3940    1.8072    
8.3171     22.4930   
10.7063    3.6687    

# Frame468

# x        y
15.3888    20.4444   
7.8182     38.9950   
4.1040     33.1502   
14.3940    1.8072    
8.3171     22.4930   
10.7064    3.6687    

# Frame469

# x        y
15.3888    20.4444   
7.8182     38.9950   
4.1040     33.1502   
14.3940    1.8072    
8.3171     22.4930   
10.7065    3.6688    

# Frame470

# x        y
15.3888    20.4444   
7.8182     38.9950   
4.1040     33.1502   
14.3940    1.8072    
8.3171     22.4930   
10.7066    3.6688    

# Frame471

# x        y
15.3888    20.4444   
7.8182     38.9950   
4.1040     33.1502   
14.3940    1.8072    
8.3171     22.4930   
10.7067    3.6689    

# Frame472

# x        y
15.3888    20.4444   
7.8182     38.9950   
4.1040     33.1502   
14.3940    1.8072    
8.3171     22.4930   
10.7068    3.6689    

# Frame473

# x        y
15.3888    20.4444   
7.8182     38.9950   
4.1040     33.1502   
14.3940    1.8072    
8.3171     22.4930   
10.7069    3.6689    

# Frame474

# x        y
15.3888    20.4444   
7.8182     38.9950   
4.1040     33.1502   
14.3940    1.8072    
8.3171     22.4930   
10.7070    3.6690    

# Frame475

# x        y
15.3888    20.4444   
7.8182     38.9950   
4.1040     33.1502   
14.3940    1.8072    
8.3171     22.4930   
10.7071    3.6690    

# Frame476

# x        y
15.3888    20.4444   
7.8182     38.9950   
4.1040     33.1502   
14.3940    1.8072    
8.3171     22.4930   
10.7072    3.6690    

# Frame477

# x        y
15.3888    20.4444   
7.8182     38.9950   
4.1040     33.1502   
14.3940    1.8072    
8.3171     22.4930   
10.7073    3.6691    

# Frame478

