# x        y
14.2908    28.7713   
13.0877    32.5221   
1.0048     23.4528   
2.9568     10.3969   
12.1095    10.3302   
5.0268     1.6867    

# Frame1

# x        y
14.2908    28.7713   
12.6621    30.5679   
1.0048     23.4528   
2.9568     10.3969   
12.1095    10.3302   
5.0268     1.6867    

# Frame2

# x        y
14.2822    28.5341   
12.2523    28.8835   
1.0049     23.4528   
2.9568     10.3969   
12.1095    10.3302   
5.0268     1.6867    

# Frame3

# x        y
14.2496    27.9432   
11.8734    27.5847   
1.0049     23.4528   
2.9568     10.3969   
12.1095    10.3302   
5.0268     1.6867    

# Frame4

# x        y
14.2176    27.3622   
11.5008    26.3076   
1.0049     23.4528   
2.9568     10.3969   
12.1095    10.3302   
5.0268     1.6867    

# Frame5

# x        y
14.1861    26.7909   
11.1344    25.0518   
1.0049     23.4528   
2.9568     10.3969   
12.1095    10.3302   
5.0268     1.6867    

# Frame6

# x        y
14.1552    26.2291   
10.7741    23.8169   
1.0049     23.4528   
2.9568     10.3969   
12.1095    10.3302   
5.0268     1.6867    

# Frame7

# x        y
14.1248    25.6766   
10.4198    22.6026   
1.0050     23.4528   
2.9568     10.3969   
12.1095    10.3302   
5.0268     1.6867    

# Frame8

# x        y
14.0948    25.1334   
10.0715    21.4085   
1.0050     23.4528   
2.9568     10.3969   
12.1095    10.3302   
5.0268     1.6867    

# Frame9

# x        y
14.0654    24.5992   
9.7289     20.2344   
1.0050     23.4528   
2.9568     10.3969   
12.1095    10.3302   
5.0268     1.6867    

# Frame10

# x        y
14.0365    24.0740   
9.3920     19.0798   
1.0050     23.4528   
2.9568     10.3969   
12.1095    10.3302   
5.0268     1.6867    

# Frame11

# x        y
14.0080    23.5574   
9.0608     17.9444   
1.0050     23.4528   
2.9568     10.3969   
12.1095    10.3302   
5.0268     1.6867    

# Frame12

# x        y
13.9800    23.0495   
8.7351     16.8280   
1.0050     23.4528   
2.9568     10.3969   
12.1095    10.3302   
5.0268     1.6867    

# Frame13

# x        y
13.9525    22.5501   
8.4148     15.7302   
1.0050     23.4528   
2.9568     10.3969   
12.1095    10.3302   
5.0268     1.6867    

# Frame14

# x        y
13.9255    22.0590   
8.0998     14.6506   
1.0050     23.4528   
2.9568     10.3969   
12.1095    10.3302   
5.0268     1.6867    

# Frame15

# x        y
13.8989    21.5760   
7.7901     13.5891   
1.0050     23.4528   
2.9568     10.3969   
12.1095    10.3302   
5.0268     1.6867    

# Frame16

# x        y
13.8727    21.1011   
7.4855     12.5452   
1.0050     23.4528   
2.9568     10.3969   
12.1095    10.3302   
5.0268     1.6867    

# Frame17

# x        y
13.8470    20.6342   
7.1861     11.5188   
1.0050     23.4528   
2.9568     10.3969   
12.1095    10.3302   
5.0268     1.6867    

# Frame18

# x        y
13.8217    20.1750   
6.8916     10.5095   
1.0050     23.4528   
2.9568     10.3969   
12.1095    10.3302   
5.0268     1.6867    

# Frame19

# x        y
13.7968    19.7234   
6.6020     9.5169    
1.0050     23.4528   
2.9568     10.3969   
12.1095    10.3302   
5.0268     1.6867    

# Frame20

# x        y
13.7723    19.2794   
6.3173     8.5410    
1.0050     23.4528   
2.9568     10.3969   
12.1095    10.3302   
5.0268     1.6867    

# Frame21

# x        y
13.7483    18.8428   
6.0373     7.5813    
1.0050     23.4528   
2.9568     10.3969   
12.1095    10.3302   
5.0268     1.6867    

# Frame22

# x        y
13.7246    18.4135   
5.7619     6.6375    
1.0050     23.4528   
2.9568     10.3969   
12.1095    10.3302   
5.0268     1.6867    

# Frame23

# x        y
13.7014    17.9913   
5.4912     5.7096    
1.0050     23.4528   
2.9568     10.3969   
12.1095    10.3302   
5.0268     1.6867    

# Frame24

# x        y
13.6785    17.5761   
5.2250     4.7970    
1.0050     23.4528   
2.9568     10.3969   
12.1095    10.3302   
5.0268     1.6867    

# Frame25

# x        y
13.6560    17.1679   
4.9632     3.8997    
1.0050     23.4528   
2.9568     10.3969   
12.1095    10.3302   
5.0268     1.6867    

# Frame26

# x        y
13.6339    16.7665   
4.7322     3.5021    
1.0050     23.4528   
2.9568     10.3969   
12.1095    10.3302   
5.0003     1.2020    

# Frame27

# x        y
13.6122    16.3718   
4.5148     3.2750    
1.0050     23.4528   
2.9568     10.3969   
12.1095    10.3302   
4.9380     1.2216    

# Frame28

# x        y
13.5908    15.9836   
4.2584     3.3403    
1.0050     23.4528   
2.9568     10.3969   
12.1095    10.3302   
4.9071     1.2479    

# Frame29

# x        y
13.5698    15.6019   
3.9953     3.4809    
1.0050     23.4528   
2.9568     10.3969   
12.1095    10.3302   
4.8875     1.1973    

# Frame30

# x        y
13.5491    15.2266   
3.7367     3.6192    
1.0050     23.4528   
2.9568     10.3969   
12.1095    10.3302   
4.8683     1.1475    

# Frame31

# x        y
13.5288    14.8575   
3.4824     3.7552    
1.0050     23.4528   
2.9568     10.3969   
12.1095    10.3302   
4.8493     1.0986    

# Frame32

# x        y
13.5088    14.4946   
3.2323     3.8889    
1.0050     23.4528   
2.9568     10.3969   
12.1095    10.3302   
4.8307     1.0505    

# Frame33

# x        y
13.4891    14.1378   
2.9864     4.0204    
1.0050     23.4528   
2.9568     10.3969   
12.1095    10.3302   
4.8124     1.0032    

# Frame34

# x        y
13.4698    13.7868   
2.7446     4.1497    
1.0050     23.4528   
2.9568     10.3969   
12.1095    10.3302   
4.7635     1.0265    

# Frame35

# x        y
13.4508    13.4418   
2.5068     4.2768    
1.0050     23.4528   
2.9568     10.3969   
12.1095    10.3302   
4.7154     1.0494    

# Frame36

# x        y
13.4321    13.1025   
2.2729     4.4018    
1.0050     23.4528   
2.9568     10.3969   
12.1095    10.3302   
4.6682     1.0718    

# Frame37

# x        y
13.4137    12.7688   
2.0430     4.5248    
1.0050     23.4528   
2.9568     10.3969   
12.1095    10.3302   
4.6217     1.0940    

# Frame38

# x        y
13.3956    12.4407   
1.8169     4.6457    
1.0050     23.4528   
2.9568     10.3969   
12.1095    10.3302   
4.5760     1.1157    

# Frame39

# x        y
13.3778    12.1181   
1.5946     4.7645    
1.0050     23.4528   
2.9568     10.3969   
12.1095    10.3302   
4.5311     1.1371    

# Frame40

# x        y
13.3755    11.8478   
1.3760     4.8814    
1.0050     23.4528   
2.9568     10.3969   
12.0944    10.2832   
4.4869     1.1581    

# Frame41

# x        y
13.4136    11.7352   
1.1610     4.9964    
1.0050     23.4528   
2.9568     10.3969   
12.0390    10.0838   
4.4434     1.1788    

# Frame42

# x        y
13.4512    11.6245   
1.0275     5.1040    
1.0050     23.4528   
2.9568     10.3969   
11.9846    9.8878    
4.4007     1.1991    

# Frame43

# x        y
13.4881    11.5156   
1.1315     5.1905    
1.0050     23.4528   
2.9568     10.3969   
11.9311    9.6950    
4.3587     1.2191    

# Frame44

# x        y
13.5243    11.4085   
1.2337     5.2756    
1.0050     23.4528   
2.9568     10.3969   
11.8785    9.5055    
4.3173     1.2387    

# Frame45

# x        y
13.5600    11.3032   
1.3342     5.3593    
1.0050     23.4528   
2.9568     10.3969   
11.8267    9.3191    
4.2767     1.2581    

# Frame46

# x        y
13.5951    11.1996   
1.4330     5.4415    
1.0050     23.4528   
2.9568     10.3969   
11.7758    9.1358    
4.2368     1.2771    

# Frame47

# x        y
13.6296    11.0978   
1.5302     5.5224    
1.0050     23.4528   
2.9568     10.3969   
11.7258    8.9556    
4.1975     1.2958    

# Frame48

# x        y
13.6635    10.9977   
1.6258     5.6020    
1.0050     23.4528   
2.9568     10.3969   
11.6766    8.7784    
4.1588     1.3141    

# Frame49

# x        y
13.6969    10.8993   
1.7197     5.6802    
1.0050     23.4528   
2.9568     10.3969   
11.6282    8.6041    
4.1208     1.3322    

# Frame50

# x        y
13.7297    10.8024   
1.8121     5.7571    
1.0050     23.4528   
2.9568     10.3969   
11.5806    8.4327    
4.0835     1.3500    

# Frame51

# x        y
13.7619    10.7072   
1.9030     5.8327    
1.0050     23.4528   
2.9568     10.3969   
11.5338    8.2642    
4.0468     1.3674    

# Frame52

# x        y
13.7937    10.6136   
1.9923     5.9071    
1.0050     23.4528   
2.9568     10.3969   
11.4878    8.0985    
4.0106     1.3846    

# Frame53

# x        y
13.8249    10.5216   
2.0802     5.9802    
1.0050     23.4528   
2.9568     10.3969   
11.4426    7.9356    
3.9751     1.4015    

# Frame54

# x        y
13.8555    10.4311   
2.1666     6.0521    
1.0050     23.4528   
2.9568     10.3969   
11.3981    7.7754    
3.9402     1.4181    

# Frame55

# x        y
13.8857    10.3421   
2.2515     6.1229    
1.0050     23.4528   
2.9568     10.3969   
11.3544    7.6178    
3.9059     1.4345    

# Frame56

# x        y
13.9153    10.2545   
2.3351     6.1924    
1.0050     23.4528   
2.9568     10.3969   
11.3114    7.4629    
3.8721     1.4505    

# Frame57

# x        y
13.9445    10.1685   
2.4172     6.2608    
1.0050     23.4528   
2.9568     10.3969   
11.2691    7.3105    
3.8389     1.4663    

# Frame58

# x        y
13.9732    10.0838   
2.4980     6.3280    
1.0050     23.4528   
2.9568     10.3969   
11.2275    7.1607    
3.8062     1.4819    

# Frame59

# x        y
14.0014    10.0006   
2.5774     6.3941    
1.0050     23.4528   
2.9568     10.3969   
11.1866    7.0134    
3.7741     1.4972    

# Frame60

# x        y
14.0291    9.9188    
2.6555     6.4592    
1.0050     23.4528   
2.9568     10.3969   
11.1463    6.8686    
3.7425     1.5122    

# Frame61

# x        y
14.0564    9.8383    
2.7323     6.5231    
1.0050     23.4528   
2.9568     10.3969   
11.1068    6.7261    
3.7115     1.5269    

# Frame62

# x        y
14.0832    9.7592    
2.8078     6.5860    
1.0050     23.4528   
2.9568     10.3969   
11.0679    6.5861    
3.6809     1.5415    

# Frame63

# x        y
14.1096    9.6814    
2.8821     6.6478    
1.0050     23.4528   
2.9568     10.3969   
11.0297    6.4483    
3.6509     1.5557    

# Frame64

# x        y
14.1355    9.6049    
2.9551     6.7086    
1.0050     23.4528   
2.9568     10.3969   
10.9921    6.3129    
3.6214     1.5698    

# Frame65

# x        y
14.1610    9.5296    
3.0270     6.7683    
1.0050     23.4528   
2.9568     10.3969   
10.9551    6.1797    
3.5924     1.5836    

# Frame66

# x        y
14.1861    9.4556    
3.0976     6.8271    
1.0050     23.4528   
2.9568     10.3969   
10.9187    6.0488    
3.5638     1.5972    

# Frame67

# x        y
14.2107    9.3829    
3.1670     6.8849    
1.0050     23.4528   
2.9568     10.3969   
10.8830    5.9200    
3.5358     1.6105    

# Frame68

# x        y
14.2349    9.3114    
3.2353     6.9417    
1.0050     23.4528   
2.9568     10.3969   
10.8478    5.7934    
3.5081     1.6237    

# Frame69

# x        y
14.2588    9.2410    
3.3024     6.9976    
1.0050     23.4528   
2.9568     10.3969   
10.8133    5.6688    
3.4810     1.6366    

# Frame70

# x        y
14.2822    9.1718    
3.3684     7.0526    
1.0050     23.4528   
2.9568     10.3969   
10.7793    5.5464    
3.4543     1.6493    

# Frame71

# x        y
14.3053    9.1038    
3.4334     7.1066    
1.0050     23.4528   
2.9568     10.3969   
10.7458    5.4260    
3.4281     1.6618    

# Frame72

# x        y
14.3279    9.0369    
3.4972     7.1598    
1.0050     23.4528   
2.9568     10.3969   
10.7130    5.3076    
3.4023     1.6740    

# Frame73

# x        y
14.3502    8.9712    
3.5600     7.2120    
1.0050     23.4528   
2.9568     10.3969   
10.6806    5.1912    
3.3769     1.6861    

# Frame74

# x        y
14.3721    8.9065    
3.6217     7.2634    
1.0050     23.4528   
2.9568     10.3969   
10.6489    5.0767    
3.3519     1.6980    

# Frame75

# x        y
14.3937    8.8429    
3.6824     7.3139    
1.0050     23.4528   
2.9568     10.3969   
10.6176    4.9641    
3.3274     1.7097    

# Frame76

# x        y
14.4149    8.7803    
3.7421     7.3636    
1.0050     23.4528   
2.9568     10.3969   
10.5869    4.8534    
3.3033     1.7211    

# Frame77

# x        y
14.4357    8.7188    
3.8008     7.4125    
1.0050     23.4528   
2.9568     10.3969   
10.5566    4.7446    
3.2795     1.7324    

# Frame78

# x        y
14.4562    8.6584    
3.8585     7.4605    
1.0050     23.4528   
2.9568     10.3969   
10.5269    4.6375    
3.2562     1.7435    

# Frame79

# x        y
14.4764    8.5989    
3.9153     7.5078    
1.0050     23.4528   
2.9568     10.3969   
10.4977    4.5323    
3.2332     1.7544    

# Frame80

# x        y
14.4962    8.5404    
3.9711     7.5542    
1.0050     23.4528   
2.9568     10.3969   
10.4690    4.4288    
3.2107     1.7652    

# Frame81

# x        y
14.5156    8.4829    
4.0259     7.5999    
1.0050     23.4528   
2.9568     10.3969   
10.4407    4.3270    
3.1885     1.7757    

# Frame82

# x        y
14.5348    8.4264    
4.0799     7.6448    
1.0050     23.4528   
2.9568     10.3969   
10.4129    4.2269    
3.1667     1.7861    

# Frame83

# x        y
14.5536    8.3708    
4.1330     7.6890    
1.0050     23.4528   
2.9568     10.3969   
10.3856    4.1285    
3.1452     1.7963    

# Frame84

# x        y
14.5722    8.3161    
4.1852     7.7324    
1.0050     23.4528   
2.9568     10.3969   
10.3587    4.0317    
3.1241     1.8063    

# Frame85

# x        y
14.5904    8.2624    
4.2365     7.7751    
1.0050     23.4528   
2.9568     10.3969   
10.3323    3.9366    
3.1034     1.8162    

# Frame86

# x        y
14.6083    8.2095    
4.2869     7.8171    
1.0050     23.4528   
2.9568     10.3969   
10.3063    3.8430    
3.0830     1.8259    

# Frame87

# x        y
14.6259    8.1575    
4.3365     7.8584    
1.0050     23.4528   
2.9568     10.3969   
10.2808    3.7510    
3.0629     1.8355    

# Frame88

# x        y
14.6432    8.1064    
4.3853     7.8991    
1.0050     23.4528   
2.9568     10.3969   
10.2557    3.6605    
3.0432     1.8448    

# Frame89

# x        y
14.6603    8.0562    
4.4333     7.9390    
1.0050     23.4528   
2.9568     10.3969   
10.2310    3.5715    
3.0238     1.8541    

# Frame90

# x        y
14.6770    8.0067    
4.4805     7.9783    
1.0050     23.4528   
2.9568     10.3969   
10.2067    3.4841    
3.0048     1.8631    

# Frame91

# x        y
14.6935    7.9581    
4.5269     8.0169    
1.0050     23.4528   
2.9568     10.3969   
10.1828    3.3980    
2.9860     1.8721    

# Frame92

# x        y
14.7097    7.9103    
4.5725     8.0548    
1.0050     23.4528   
2.9568     10.3969   
10.1593    3.3134    
2.9676     1.8808    

# Frame93

# x        y
14.7256    7.8633    
4.6173     8.0922    
1.0050     23.4528   
2.9568     10.3969   
10.1362    3.2302    
2.9494     1.8894    

# Frame94

# x        y
14.7413    7.8171    
4.6614     8.1289    
1.0050     23.4528   
2.9568     10.3969   
10.1135    3.1484    
2.9316     1.8979    

# Frame95

# x        y
14.7567    7.7717    
4.7048     8.1650    
1.0050     23.4528   
2.9568     10.3969   
10.0912    3.0680    
2.9141     1.9063    

# Frame96

# x        y
14.7718    7.7270    
4.7475     8.2005    
1.0050     23.4528   
2.9568     10.3969   
10.0692    2.9889    
2.8968     1.9145    

# Frame97

# x        y
14.7867    7.6831    
4.7894     8.2354    
1.0050     23.4528   
2.9568     10.3969   
10.0476    2.9111    
2.8799     1.9225    

# Frame98

# x        y
14.8013    7.6398    
4.8306     8.2697    
1.0050     23.4528   
2.9568     10.3969   
10.0264    2.8347    
2.8632     1.9305    

# Frame99

# x        y
14.8157    7.5974    
4.8712     8.3035    
1.0050     23.4528   
2.9568     10.3969   
10.0055    2.7594    
2.8468     1.9383    

# Frame100

# x        y
14.8299    7.5556    
4.9111     8.3367    
1.0050     23.4528   
2.9568     10.3969   
9.9850     2.6855    
2.8307     1.9459    

# Frame101

# x        y
14.8438    7.5145    
4.9503     8.3693    
1.0050     23.4528   
2.9568     10.3969   
9.9648     2.6128    
2.8148     1.9535    

# Frame102

# x        y
14.8575    7.4741    
4.9888     8.4014    
1.0050     23.4528   
2.9568     10.3969   
9.9449     2.5413    
2.7992     1.9609    

# Frame103

# x        y
14.8710    7.4344    
5.0267     8.4330    
1.0050     23.4528   
2.9568     10.3969   
9.9254     2.4709    
2.7839     1.9682    

# Frame104

# x        y
14.8842    7.3953    
5.0640     8.4640    
1.0050     23.4528   
2.9568     10.3969   
9.9062     2.4018    
2.7688     1.9754    

# Frame105

# x        y
14.8972    7.3569    
5.1007     8.4945    
1.0050     23.4528   
2.9568     10.3969   
9.8873     2.3338    
2.7540     1.9824    

# Frame106

# x        y
14.9100    7.3191    
5.1367     8.5245    
1.0050     23.4528   
2.9568     10.3969   
9.8688     2.2670    
2.7394     1.9893    

# Frame107

# x        y
14.9226    7.2820    
5.1722     8.5541    
1.0050     23.4528   
2.9568     10.3969   
9.8505     2.2012    
2.7251     1.9962    

# Frame108

# x        y
14.9350    7.2455    
5.2070     8.5831    
1.0050     23.4528   
2.9568     10.3969   
9.8326     2.1366    
2.7110     2.0029    

# Frame109

# x        y
14.9471    7.2095    
5.2413     8.6116    
1.0050     23.4528   
2.9568     10.3969   
9.8149     2.0730    
2.6972     2.0095    

# Frame110

# x        y
14.9591    7.1742    
5.2750     8.6397    
1.0050     23.4528   
2.9568     10.3969   
9.7975     2.0105    
2.6835     2.0159    

# Frame111

# x        y
14.9709    7.1395    
5.3082     8.6673    
1.0050     23.4528   
2.9568     10.3969   
9.7805     1.9490    
2.6701     2.0223    

# Frame112

# x        y
14.9824    7.1054    
5.3408     8.6944    
1.0050     23.4528   
2.9568     10.3969   
9.7637     1.8886    
2.6570     2.0286    

# Frame113

# x        y
14.9938    7.0718    
5.3728     8.7211    
1.0050     23.4528   
2.9568     10.3969   
9.7472     1.8291    
2.6440     2.0347    

# Frame114

# x        y
15.0050    7.0388    
5.4043     8.7473    
1.0050     23.4528   
2.9568     10.3969   
9.7310     1.7707    
2.6313     2.0408    

# Frame115

# x        y
15.0160    7.0063    
5.4353     8.7731    
1.0050     23.4528   
2.9568     10.3969   
9.7150     1.7132    
2.6187     2.0468    

# Frame116

# x        y
15.0268    6.9744    
5.4658     8.7985    
1.0050     23.4528   
2.9568     10.3969   
9.6993     1.6567    
2.6064     2.0526    

# Frame117

# x        y
15.0375    6.9430    
5.4958     8.8234    
1.0050     23.4528   
2.9568     10.3969   
9.6839     1.6011    
2.5943     2.0584    

# Frame118

# x        y
15.0479    6.9121    
5.5252     8.8479    
1.0050     23.4528   
2.9568     10.3969   
9.6687     1.5465    
2.5824     2.0641    

# Frame119

# x        y
15.0582    6.8817    
5.5542     8.8721    
1.0050     23.4528   
2.9568     10.3969   
9.6538     1.4927    
2.5707     2.0696    

# Frame120

# x        y
15.0683    6.8519    
5.5827     8.8958    
1.0050     23.4528   
2.9568     10.3969   
9.6391     1.4399    
2.5591     2.0751    

# Frame121

# x        y
15.0783    6.8225    
5.6107     8.9191    
1.0050     23.4528   
2.9568     10.3969   
9.6247     1.3879    
2.5478     2.0805    

# Frame122

# x        y
15.0881    6.7937    
5.6383     8.9420    
1.0050     23.4528   
2.9568     10.3969   
9.6105     1.3368    
2.5367     2.0858    

# Frame123

# x        y
15.0977    6.7653    
5.6654     8.9646    
1.0050     23.4528   
2.9568     10.3969   
9.5966     1.2866    
2.5257     2.0910    

# Frame124

# x        y
15.1071    6.7374    
5.6920     8.9868    
1.0050     23.4528   
2.9568     10.3969   
9.5828     1.2372    
2.5150     2.0961    

# Frame125

# x        y
15.1164    6.7099    
5.7182     9.0086    
1.0050     23.4528   
2.9568     10.3969   
9.5694     1.1886    
2.5044     2.1012    

# Frame126

# x        y
15.1256    6.6829    
5.7440     9.0300    
1.0050     23.4528   
2.9568     10.3969   
9.5561     1.1408    
2.4940     2.1061    

# Frame127

# x        y
15.1346    6.6564    
5.7693     9.0511    
1.0050     23.4528   
2.9568     10.3969   
9.5431     1.0938    
2.4837     2.1110    

# Frame128

# x        y
15.1434    6.6303    
5.7942     9.0718    
1.0050     23.4528   
2.9568     10.3969   
9.5302     1.0477    
2.4736     2.1158    

# Frame129

# x        y
15.1521    6.6046    
5.8187     9.0922    
1.0050     23.4528   
2.9568     10.3969   
9.5176     1.0022    
2.4637     2.1205    

# Frame130

# x        y
15.1607    6.5794    
5.8428     9.1123    
1.0050     23.4528   
2.9568     10.3969   
9.5120     1.0246    
2.4540     2.1251    

# Frame131

# x        y
15.1691    6.5546    
5.8665     9.1320    
1.0050     23.4528   
2.9568     10.3969   
9.5065     1.0465    
2.4444     2.1297    

# Frame132

# x        y
15.1773    6.5302    
5.8897     9.1514    
1.0050     23.4528   
2.9568     10.3969   
9.5011     1.0681    
2.4350     2.1342    

# Frame133

# x        y
15.1855    6.5062    
5.9126     9.1704    
1.0050     23.4528   
2.9568     10.3969   
9.4958     1.0894    
2.4258     2.1386    

# Frame134

# x        y
15.1935    6.4826    
5.9352     9.1892    
1.0050     23.4528   
2.9568     10.3969   
9.4906     1.1102    
2.4167     2.1429    

# Frame135

# x        y
15.2013    6.4594    
5.9573     9.2076    
1.0050     23.4528   
2.9568     10.3969   
9.4855     1.1308    
2.4077     2.1471    

# Frame136

# x        y
15.2091    6.4366    
5.9791     9.2257    
1.0050     23.4528   
2.9568     10.3969   
9.4804     1.1510    
2.3989     2.1513    

# Frame137

# x        y
15.2167    6.4141    
6.0005     9.2435    
1.0050     23.4528   
2.9568     10.3969   
9.4755     1.1708    
2.3902     2.1554    

# Frame138

# x        y
15.2241    6.3921    
6.0215     9.2611    
1.0050     23.4528   
2.9568     10.3969   
9.4706     1.1903    
2.3817     2.1595    

# Frame139

# x        y
15.2315    6.3704    
6.0422     9.2783    
1.0050     23.4528   
2.9568     10.3969   
9.4658     1.2095    
2.3734     2.1635    

# Frame140

# x        y
15.2387    6.3491    
6.0626     9.2952    
1.0050     23.4528   
2.9568     10.3969   
9.4611     1.2284    
2.3651     2.1674    

# Frame141

# x        y
15.2458    6.3281    
6.0826     9.3119    
1.0050     23.4528   
2.9568     10.3969   
9.4564     1.2470    
2.3570     2.1712    

# Frame142

# x        y
15.2528    6.3075    
6.1023     9.3283    
1.0050     23.4528   
2.9568     10.3969   
9.4519     1.2652    
2.3491     2.1750    

# Frame143

# x        y
15.2597    6.2872    
6.1217     9.3444    
1.0050     23.4528   
2.9568     10.3969   
9.4474     1.2832    
2.3413     2.1788    

# Frame144

# x        y
15.2664    6.2672    
6.1407     9.3603    
1.0050     23.4528   
2.9568     10.3969   
9.4430     1.3008    
2.3336     2.1824    

# Frame145

# x        y
15.2731    6.2476    
6.1594     9.3758    
1.0050     23.4528   
2.9568     10.3969   
9.4386     1.3182    
2.3260     2.1860    

# Frame146

# x        y
15.2796    6.2283    
6.1778     9.3912    
1.0050     23.4528   
2.9568     10.3969   
9.4343     1.3353    
2.3186     2.1896    

# Frame147

# x        y
15.2860    6.2094    
6.1959     9.4062    
1.0050     23.4528   
2.9568     10.3969   
9.4302     1.3520    
2.3112     2.1930    

# Frame148

# x        y
15.2924    6.1907    
6.2137     9.4210    
1.0050     23.4528   
2.9568     10.3969   
9.4260     1.3685    
2.3040     2.1965    

# Frame149

# x        y
15.2986    6.1724    
6.2312     9.4356    
1.0050     23.4528   
2.9568     10.3969   
9.4220     1.3848    
2.2970     2.1998    

# Frame150

# x        y
15.3047    6.1544    
6.2484     9.4499    
1.0050     23.4528   
2.9568     10.3969   
9.4180     1.4007    
2.2900     2.2031    

# Frame151

# x        y
15.3107    6.1366    
6.2653     9.4640    
1.0050     23.4528   
2.9568     10.3969   
9.4141     1.4164    
2.2832     2.2064    

# Frame152

# x        y
15.3166    6.1192    
6.2820     9.4779    
1.0050     23.4528   
2.9568     10.3969   
9.4102     1.4318    
2.2764     2.2096    

# Frame153

# x        y
15.3224    6.1021    
6.2983     9.4915    
1.0050     23.4528   
2.9568     10.3969   
9.4064     1.4470    
2.2698     2.2127    

# Frame154

# x        y
15.3281    6.0852    
6.3144     9.5049    
1.0050     23.4528   
2.9568     10.3969   
9.4027     1.4619    
2.2633     2.2158    

# Frame155

# x        y
15.3337    6.0686    
6.3303     9.5181    
1.0050     23.4528   
2.9568     10.3969   
9.3990     1.4766    
2.2569     2.2189    

# Frame156

# x        y
15.3393    6.0523    
6.3458     9.5310    
1.0050     23.4528   
2.9568     10.3969   
9.3954     1.4910    
2.2506     2.2219    

# Frame157

# x        y
15.3447    6.0363    
6.3611     9.5437    
1.0050     23.4528   
2.9568     10.3969   
9.3918     1.5052    
2.2445     2.2248    

# Frame158

# x        y
15.3500    6.0205    
6.3762     9.5563    
1.0050     23.4528   
2.9568     10.3969   
9.3884     1.5192    
2.2384     2.2277    

# Frame159

# x        y
15.3553    6.0050    
6.3910     9.5686    
1.0050     23.4528   
2.9568     10.3969   
9.3849     1.5329    
2.2324     2.2305    

# Frame160

# x        y
15.3604    5.9898    
6.4055     9.5807    
1.0050     23.4528   
2.9568     10.3969   
9.3816     1.5464    
2.2265     2.2333    

# Frame161

# x        y
15.3655    5.9748    
6.4198     9.5926    
1.0050     23.4528   
2.9568     10.3969   
9.3782     1.5596    
2.2207     2.2361    

# Frame162

# x        y
15.3705    5.9601    
6.4339     9.6043    
1.0050     23.4528   
2.9568     10.3969   
9.3750     1.5727    
2.2150     2.2388    

# Frame163

# x        y
15.3754    5.9456    
6.4477     9.6158    
1.0050     23.4528   
2.9568     10.3969   
9.3718     1.5855    
2.2094     2.2415    

# Frame164

# x        y
15.3803    5.9313    
6.4613     9.6271    
1.0050     23.4528   
2.9568     10.3969   
9.3686     1.5981    
2.2039     2.2441    

# Frame165

# x        y
15.3850    5.9173    
6.4747     9.6383    
1.0050     23.4528   
2.9568     10.3969   
9.3655     1.6105    
2.1985     2.2466    

# Frame166

# x        y
15.3897    5.9035    
6.4878     9.6492    
1.0050     23.4528   
2.9568     10.3969   
9.3625     1.6227    
2.1932     2.2492    

# Frame167

# x        y
15.3943    5.8900    
6.5008     9.6600    
1.0050     23.4528   
2.9568     10.3969   
9.3595     1.6347    
2.1880     2.2517    

# Frame168

# x        y
15.3988    5.8767    
6.5135     9.6706    
1.0050     23.4528   
2.9568     10.3969   
9.3565     1.6465    
2.1829     2.2541    

# Frame169

# x        y
15.4032    5.8636    
6.5260     9.6810    
1.0050     23.4528   
2.9568     10.3969   
9.3536     1.6581    
2.1778     2.2565    

# Frame170

# x        y
15.4076    5.8507    
6.5383     9.6912    
1.0050     23.4528   
2.9568     10.3969   
9.3508     1.6695    
2.1728     2.2589    

# Frame171

# x        y
15.4119    5.8380    
6.5504     9.7013    
1.0050     23.4528   
2.9568     10.3969   
9.3480     1.6807    
2.1679     2.2612    

# Frame172

# x        y
15.4161    5.8256    
6.5623     9.7112    
1.0050     23.4528   
2.9568     10.3969   
9.3452     1.6917    
2.1631     2.2635    

# Frame173

# x        y
15.4202    5.8133    
6.5739     9.7209    
1.0050     23.4528   
2.9568     10.3969   
9.3425     1.7026    
2.1584     2.2657    

# Frame174

# x        y
15.4243    5.8013    
6.5854     9.7305    
1.0050     23.4528   
2.9568     10.3969   
9.3398     1.7132    
2.1538     2.2679    

# Frame175

# x        y
15.4283    5.7894    
6.5968     9.7399    
1.0050     23.4528   
2.9568     10.3969   
9.3372     1.7237    
2.1492     2.2701    

# Frame176

# x        y
15.4323    5.7778    
6.6079     9.7491    
1.0050     23.4528   
2.9568     10.3969   
9.3346     1.7340    
2.1447     2.2723    

# Frame177

# x        y
15.4362    5.7663    
6.6188     9.7582    
1.0050     23.4528   
2.9568     10.3969   
9.3321     1.7442    
2.1403     2.2744    

# Frame178

# x        y
15.4400    5.7551    
6.6295     9.7672    
1.0050     23.4528   
2.9568     10.3969   
9.3296     1.7541    
2.1359     2.2764    

# Frame179

# x        y
15.4437    5.7440    
6.6401     9.7760    
1.0050     23.4528   
2.9568     10.3969   
9.3272     1.7639    
2.1317     2.2785    

# Frame180

# x        y
15.4474    5.7331    
6.6505     9.7846    
1.0050     23.4528   
2.9568     10.3969   
9.3248     1.7736    
2.1275     2.2805    

# Frame181

# x        y
15.4511    5.7224    
6.6607     9.7931    
1.0050     23.4528   
2.9568     10.3969   
9.3224     1.7831    
2.1233     2.2824    

# Frame182

# x        y
15.4546    5.7119    
6.6708     9.8015    
1.0050     23.4528   
2.9568     10.3969   
9.3201     1.7924    
2.1193     2.2844    

# Frame183

# x        y
15.4581    5.7015    
6.6807     9.8097    
1.0050     23.4528   
2.9568     10.3969   
9.3178     1.8015    
2.1153     2.2863    

# Frame184

# x        y
15.4616    5.6913    
6.6904     9.8178    
1.0050     23.4528   
2.9568     10.3969   
9.3155     1.8105    
2.1113     2.2881    

# Frame185

# x        y
15.4650    5.6813    
6.6999     9.8258    
1.0050     23.4528   
2.9568     10.3969   
9.3133     1.8194    
2.1075     2.2900    

# Frame186

# x        y
15.4683    5.6715    
6.7093     9.8336    
1.0050     23.4528   
2.9568     10.3969   
9.3111     1.8281    
2.1037     2.2918    

# Frame187

# x        y
15.4716    5.6618    
6.7186     9.8413    
1.0050     23.4528   
2.9568     10.3969   
9.3090     1.8367    
2.0999     2.2935    

# Frame188

# x        y
15.4748    5.6523    
6.7277     9.8489    
1.0050     23.4528   
2.9568     10.3969   
9.3069     1.8451    
2.0963     2.2953    

# Frame189

# x        y
15.4780    5.6429    
6.7366     9.8563    
1.0050     23.4528   
2.9568     10.3969   
9.3048     1.8534    
2.0927     2.2970    

# Frame190

# x        y
15.4811    5.6337    
6.7454     9.8636    
1.0050     23.4528   
2.9568     10.3969   
9.3028     1.8615    
2.0891     2.2987    

# Frame191

# x        y
15.4842    5.6246    
6.7540     9.8708    
1.0050     23.4528   
2.9568     10.3969   
9.3008     1.8696    
2.0856     2.3004    

# Frame192

# x        y
15.4872    5.6157    
6.7625     9.8779    
1.0050     23.4528   
2.9568     10.3969   
9.2988     1.8774    
2.0822     2.3020    

# Frame193

# x        y
15.4902    5.6070    
6.7709     9.8848    
1.0050     23.4528   
2.9568     10.3969   
9.2968     1.8852    
2.0788     2.3036    

# Frame194

# x        y
15.4931    5.5984    
6.7791     9.8917    
1.0050     23.4528   
2.9568     10.3969   
9.2949     1.8928    
2.0755     2.3052    

# Frame195

# x        y
15.4959    5.5899    
6.7872     9.8984    
1.0050     23.4528   
2.9568     10.3969   
9.2931     1.9003    
2.0722     2.3067    

# Frame196

# x        y
15.4988    5.5816    
6.7951     9.9050    
1.0050     23.4528   
2.9568     10.3969   
9.2912     1.9077    
2.0690     2.3083    

# Frame197

# x        y
15.5015    5.5734    
6.8029     9.9115    
1.0050     23.4528   
2.9568     10.3969   
9.2894     1.9149    
2.0658     2.3098    

# Frame198

# x        y
15.5043    5.5654    
6.8106     9.9179    
1.0050     23.4528   
2.9568     10.3969   
9.2876     1.9220    
2.0627     2.3112    

# Frame199

# x        y
15.5069    5.5575    
6.8181     9.9242    
1.0050     23.4528   
2.9568     10.3969   
9.2859     1.9290    
2.0597     2.3127    

# Frame200

# x        y
15.5096    5.5497    
6.8256     9.9304    
1.0050     23.4528   
2.9568     10.3969   
9.2842     1.9359    
2.0567     2.3141    

# Frame201

# x        y
15.5122    5.5420    
6.8329     9.9364    
1.0050     23.4528   
2.9568     10.3969   
9.2825     1.9427    
2.0537     2.3155    

# Frame202

# x        y
15.5147    5.5345    
6.8401     9.9424    
1.0050     23.4528   
2.9568     10.3969   
9.2808     1.9493    
2.0508     2.3169    

# Frame203

# x        y
15.5172    5.5271    
6.8471     9.9483    
1.0050     23.4528   
2.9568     10.3969   
9.2792     1.9559    
2.0480     2.3183    

# Frame204

# x        y
15.5197    5.5198    
6.8541     9.9541    
1.0050     23.4528   
2.9568     10.3969   
9.2776     1.9623    
2.0452     2.3196    

# Frame205

# x        y
15.5221    5.5127    
6.8609     9.9598    
1.0050     23.4528   
2.9568     10.3969   
9.2760     1.9687    
2.0424     2.3209    

# Frame206

# x        y
15.5245    5.5056    
6.8676     9.9653    
1.0050     23.4528   
2.9568     10.3969   
9.2744     1.9749    
2.0397     2.3222    

# Frame207

# x        y
15.5268    5.4987    
6.8742     9.9708    
1.0050     23.4528   
2.9568     10.3969   
9.2729     1.9810    
2.0370     2.3235    

# Frame208

# x        y
15.5291    5.4919    
6.8807     9.9762    
1.0050     23.4528   
2.9568     10.3969   
9.2714     1.9870    
2.0344     2.3247    

# Frame209

# x        y
15.5314    5.4852    
6.8871     9.9816    
1.0050     23.4528   
2.9568     10.3969   
9.2699     1.9929    
2.0318     2.3260    

# Frame210

# x        y
15.5336    5.4786    
6.8934     9.9868    
1.0050     23.4528   
2.9568     10.3969   
9.2684     1.9988    
2.0293     2.3272    

# Frame211

# x        y
15.5358    5.4722    
6.8995     9.9919    
1.0050     23.4528   
2.9568     10.3969   
9.2670     2.0045    
2.0268     2.3283    

# Frame212

# x        y
15.5380    5.4658    
6.9056     9.9970    
1.0050     23.4528   
2.9568     10.3969   
9.2656     2.0101    
2.0243     2.3295    

# Frame213

# x        y
15.5401    5.4596    
6.9116     10.0019   
1.0050     23.4528   
2.9568     10.3969   
9.2642     2.0157    
2.0219     2.3307    

# Frame214

# x        y
15.5422    5.4534    
6.9174     10.0068   
1.0050     23.4528   
2.9568     10.3969   
9.2629     2.0211    
2.0195     2.3318    

# Frame215

# x        y
15.5442    5.4474    
6.9232     10.0116   
1.0050     23.4528   
2.9568     10.3969   
9.2615     2.0265    
2.0172     2.3329    

# Frame216

# x        y
15.5463    5.4414    
6.9289     10.0164   
1.0050     23.4528   
2.9568     10.3969   
9.2602     2.0317    
2.0149     2.3340    

# Frame217

# x        y
15.5482    5.4356    
6.9345     10.0210   
1.0050     23.4528   
2.9568     10.3969   
9.2589     2.0369    
2.0127     2.3351    

# Frame218

# x        y
15.5502    5.4298    
6.9400     10.0256   
1.0050     23.4528   
2.9568     10.3969   
9.2576     2.0420    
2.0104     2.3361    

# Frame219

# x        y
15.5521    5.4242    
6.9454     10.0301   
1.0050     23.4528   
2.9568     10.3969   
9.2564     2.0470    
2.0083     2.3372    

# Frame220

# x        y
15.5540    5.4186    
6.9507     10.0345   
1.0050     23.4528   
2.9568     10.3969   
9.2552     2.0519    
2.0061     2.3382    

# Frame221

# x        y
15.5558    5.4131    
6.9559     10.0388   
1.0050     23.4528   
2.9568     10.3969   
9.2540     2.0567    
2.0040     2.3392    

# Frame222

# x        y
15.5577    5.4078    
6.9610     10.0431   
1.0050     23.4528   
2.9568     10.3969   
9.2528     2.0615    
2.0019     2.3402    

# Frame223

# x        y
15.5595    5.4025    
6.9661     10.0473   
1.0050     23.4528   
2.9568     10.3969   
9.2516     2.0662    
1.9999     2.3411    

# Frame224

# x        y
15.5612    5.3973    
6.9710     10.0514   
1.0050     23.4528   
2.9568     10.3969   
9.2504     2.0708    
1.9979     2.3421    

# Frame225

# x        y
15.5629    5.3922    
6.9759     10.0555   
1.0050     23.4528   
2.9568     10.3969   
9.2493     2.0753    
1.9959     2.3430    

# Frame226

# x        y
15.5646    5.3871    
6.9807     10.0595   
1.0050     23.4528   
2.9568     10.3969   
9.2482     2.0798    
1.9940     2.3440    

# Frame227

# x        y
15.5663    5.3822    
6.9854     10.0634   
1.0050     23.4528   
2.9568     10.3969   
9.2471     2.0841    
1.9921     2.3449    

# Frame228

# x        y
15.5680    5.3773    
6.9901     10.0673   
1.0050     23.4528   
2.9568     10.3969   
9.2460     2.0884    
1.9902     2.3458    

# Frame229

# x        y
15.5696    5.3726    
6.9946     10.0711   
1.0050     23.4528   
2.9568     10.3969   
9.2450     2.0927    
1.9883     2.3466    

# Frame230

# x        y
15.5712    5.3679    
6.9991     10.0748   
1.0050     23.4528   
2.9568     10.3969   
9.2439     2.0968    
1.9865     2.3475    

# Frame231

# x        y
15.5727    5.3632    
7.0035     10.0785   
1.0050     23.4528   
2.9568     10.3969   
9.2429     2.1009    
1.9847     2.3483    

# Frame232

# x        y
15.5743    5.3587    
7.0078     10.0821   
1.0050     23.4528   
2.9568     10.3969   
9.2419     2.1049    
1.9830     2.3492    

# Frame233

# x        y
15.5758    5.3542    
7.0121     10.0856   
1.0050     23.4528   
2.9568     10.3969   
9.2409     2.1089    
1.9813     2.3500    

# Frame234

# x        y
15.5773    5.3498    
7.0163     10.0891   
1.0050     23.4528   
2.9568     10.3969   
9.2399     2.1128    
1.9796     2.3508    

# Frame235

# x        y
15.5788    5.3455    
7.0204     10.0926   
1.0050     23.4528   
2.9568     10.3969   
9.2390     2.1166    
1.9779     2.3516    

# Frame236

# x        y
15.5802    5.3413    
7.0245     10.0959   
1.0050     23.4528   
2.9568     10.3969   
9.2380     2.1204    
1.9763     2.3524    

# Frame237

# x        y
15.5816    5.3371    
7.0285     10.0993   
1.0050     23.4528   
2.9568     10.3969   
9.2371     2.1241    
1.9747     2.3531    

# Frame238

# x        y
15.5830    5.3330    
7.0324     10.1025   
1.0050     23.4528   
2.9568     10.3969   
9.2362     2.1277    
1.9731     2.3539    

# Frame239

# x        y
15.5844    5.3289    
7.0362     10.1057   
1.0050     23.4528   
2.9568     10.3969   
9.2353     2.1313    
1.9715     2.3546    

# Frame240

# x        y
15.5857    5.3250    
7.0400     10.1089   
1.0050     23.4528   
2.9568     10.3969   
9.2344     2.1348    
1.9700     2.3554    

# Frame241

# x        y
15.5870    5.3211    
7.0438     10.1120   
1.0050     23.4528   
2.9568     10.3969   
9.2336     2.1382    
1.9685     2.3561    

# Frame242

# x        y
15.5883    5.3172    
7.0474     10.1150   
1.0050     23.4528   
2.9568     10.3969   
9.2327     2.1416    
1.9670     2.3568    

# Frame243

# x        y
15.5896    5.3134    
7.0510     10.1180   
1.0050     23.4528   
2.9568     10.3969   
9.2319     2.1450    
1.9655     2.3575    

# Frame244

# x        y
15.5909    5.3097    
7.0546     10.1210   
1.0050     23.4528   
2.9568     10.3969   
9.2311     2.1483    
1.9641     2.3582    

# Frame245

# x        y
15.5921    5.3061    
7.0581     10.1239   
1.0050     23.4528   
2.9568     10.3969   
9.2303     2.1515    
1.9627     2.3588    

# Frame246

# x        y
15.5933    5.3025    
7.0615     10.1267   
1.0050     23.4528   
2.9568     10.3969   
9.2295     2.1547    
1.9613     2.3595    

# Frame247

# x        y
15.5945    5.2990    
7.0649     10.1296   
1.0050     23.4528   
2.9568     10.3969   
9.2287     2.1578    
1.9599     2.3601    

# Frame248

# x        y
15.5957    5.2955    
7.0682     10.1323   
1.0050     23.4528   
2.9568     10.3969   
9.2279     2.1609    
1.9586     2.3608    

# Frame249

# x        y
15.5969    5.2921    
7.0714     10.1350   
1.0050     23.4528   
2.9568     10.3969   
9.2272     2.1639    
1.9573     2.3614    

# Frame250

# x        y
15.5980    5.2887    
7.0746     10.1377   
1.0050     23.4528   
2.9568     10.3969   
9.2264     2.1669    
1.9560     2.3620    

# Frame251

# x        y
15.5991    5.2854    
7.0778     10.1403   
1.0050     23.4528   
2.9568     10.3969   
9.2257     2.1698    
1.9547     2.3626    

# Frame252

# x        y
15.6002    5.2822    
7.0809     10.1429   
1.0050     23.4528   
2.9568     10.3969   
9.2250     2.1727    
1.9535     2.3632    

# Frame253

# x        y
15.6013    5.2790    
7.0839     10.1454   
1.0050     23.4528   
2.9568     10.3969   
9.2243     2.1755    
1.9522     2.3638    

# Frame254

# x        y
15.6024    5.2758    
7.0869     10.1479   
1.0050     23.4528   
2.9568     10.3969   
9.2236     2.1783    
1.9510     2.3644    

# Frame255

# x        y
15.6034    5.2727    
7.0899     10.1504   
1.0050     23.4528   
2.9568     10.3969   
9.2229     2.1810    
1.9498     2.3650    

# Frame256

# x        y
15.6044    5.2697    
7.0928     10.1528   
1.0050     23.4528   
2.9568     10.3969   
9.2222     2.1837    
1.9487     2.3655    

# Frame257

# x        y
15.6055    5.2667    
7.0956     10.1552   
1.0050     23.4528   
2.9568     10.3969   
9.2215     2.1863    
1.9475     2.3661    

# Frame258

# x        y
15.6065    5.2638    
7.0984     10.1575   
1.0050     23.4528   
2.9568     10.3969   
9.2209     2.1889    
1.9464     2.3666    

# Frame259

# x        y
15.6074    5.2609    
7.1012     10.1598   
1.0050     23.4528   
2.9568     10.3969   
9.2203     2.1915    
1.9453     2.3671    

# Frame260

# x        y
15.6084    5.2581    
7.1039     10.1620   
1.0050     23.4528   
2.9568     10.3969   
9.2196     2.1940    
1.9442     2.3677    

# Frame261

# x        y
15.6093    5.2553    
7.1066     10.1643   
1.0050     23.4528   
2.9568     10.3969   
9.2190     2.1965    
1.9431     2.3682    

# Frame262

# x        y
15.6103    5.2525    
7.1092     10.1664   
1.0050     23.4528   
2.9568     10.3969   
9.2184     2.1989    
1.9420     2.3687    

# Frame263

# x        y
15.6112    5.2498    
7.1118     10.1686   
1.0050     23.4528   
2.9568     10.3969   
9.2178     2.2013    
1.9410     2.3692    

# Frame264

# x        y
15.6121    5.2472    
7.1143     10.1707   
1.0050     23.4528   
2.9568     10.3969   
9.2172     2.2036    
1.9400     2.3696    

# Frame265

# x        y
15.6130    5.2446    
7.1168     10.1728   
1.0050     23.4528   
2.9568     10.3969   
9.2166     2.2060    
1.9390     2.3701    

# Frame266

# x        y
15.6138    5.2420    
7.1192     10.1748   
1.0050     23.4528   
2.9568     10.3969   
9.2161     2.2082    
1.9380     2.3706    

# Frame267

# x        y
15.6147    5.2395    
7.1216     10.1768   
1.0050     23.4528   
2.9568     10.3969   
9.2155     2.2105    
1.9370     2.3711    

# Frame268

# x        y
15.6155    5.2370    
7.1240     10.1788   
1.0050     23.4528   
2.9568     10.3969   
9.2150     2.2127    
1.9360     2.3715    

# Frame269

# x        y
15.6164    5.2345    
7.1263     10.1807   
1.0050     23.4528   
2.9568     10.3969   
9.2144     2.2148    
1.9351     2.3720    

# Frame270

# x        y
15.6172    5.2321    
7.1286     10.1826   
1.0050     23.4528   
2.9568     10.3969   
9.2139     2.2169    
1.9342     2.3724    

# Frame271

# x        y
15.6180    5.2298    
7.1309     10.1845   
1.0050     23.4528   
2.9568     10.3969   
9.2134     2.2190    
1.9333     2.3728    

# Frame272

# x        y
15.6188    5.2275    
7.1331     10.1863   
1.0050     23.4528   
2.9568     10.3969   
9.2129     2.2211    
1.9324     2.3733    

# Frame273

# x        y
15.6195    5.2252    
7.1353     10.1882   
1.0050     23.4528   
2.9568     10.3969   
9.2124     2.2231    
1.9315     2.3737    

# Frame274

# x        y
15.6203    5.2229    
7.1374     10.1899   
1.0050     23.4528   
2.9568     10.3969   
9.2119     2.2251    
1.9306     2.3741    

# Frame275

# x        y
15.6210    5.2207    
7.1395     10.1917   
1.0050     23.4528   
2.9568     10.3969   
9.2114     2.2270    
1.9298     2.3745    

# Frame276

# x        y
15.6218    5.2186    
7.1416     10.1934   
1.0050     23.4528   
2.9568     10.3969   
9.2109     2.2290    
1.9289     2.3749    

# Frame277

# x        y
15.6225    5.2164    
7.1436     10.1951   
1.0050     23.4528   
2.9568     10.3969   
9.2104     2.2308    
1.9281     2.3753    

# Frame278

# x        y
15.6232    5.2143    
7.1456     10.1968   
1.0050     23.4528   
2.9568     10.3969   
9.2100     2.2327    
1.9273     2.3757    

# Frame279

# x        y
15.6239    5.2123    
7.1476     10.1984   
1.0050     23.4528   
2.9568     10.3969   
9.2095     2.2345    
1.9265     2.3761    

# Frame280

# x        y
15.6246    5.2102    
7.1495     10.2000   
1.0050     23.4528   
2.9568     10.3969   
9.2091     2.2363    
1.9257     2.3764    

# Frame281

# x        y
15.6253    5.2083    
7.1514     10.2016   
1.0050     23.4528   
2.9568     10.3969   
9.2086     2.2381    
1.9249     2.3768    

# Frame282

# x        y
15.6259    5.2063    
7.1533     10.2032   
1.0050     23.4528   
2.9568     10.3969   
9.2082     2.2398    
1.9242     2.3772    

# Frame283

# x        y
15.6266    5.2044    
7.1552     10.2047   
1.0050     23.4528   
2.9568     10.3969   
9.2078     2.2415    
1.9234     2.3775    

# Frame284

# x        y
15.6272    5.2025    
7.1570     10.2062   
1.0050     23.4528   
2.9568     10.3969   
9.2073     2.2432    
1.9227     2.3779    

# Frame285

# x        y
15.6279    5.2006    
7.1587     10.2077   
1.0050     23.4528   
2.9568     10.3969   
9.2069     2.2449    
1.9220     2.3782    

# Frame286

# x        y
15.6285    5.1988    
7.1605     10.2091   
1.0050     23.4528   
2.9568     10.3969   
9.2065     2.2465    
1.9213     2.3785    

# Frame287

# x        y
15.6291    5.1970    
7.1622     10.2106   
1.0050     23.4528   
2.9568     10.3969   
9.2061     2.2481    
1.9206     2.3789    

# Frame288

# x        y
15.6297    5.1952    
7.1639     10.2120   
1.0050     23.4528   
2.9568     10.3969   
9.2057     2.2496    
1.9199     2.3792    

# Frame289

# x        y
15.6303    5.1934    
7.1656     10.2134   
1.0050     23.4528   
2.9568     10.3969   
9.2053     2.2512    
1.9192     2.3795    

# Frame290

# x        y
15.6309    5.1917    
7.1672     10.2147   
1.0050     23.4528   
2.9568     10.3969   
9.2050     2.2527    
1.9186     2.3798    

# Frame291

# x        y
15.6314    5.1900    
7.1688     10.2161   
1.0050     23.4528   
2.9568     10.3969   
9.2046     2.2542    
1.9179     2.3801    

# Frame292

# x        y
15.6320    5.1884    
7.1704     10.2174   
1.0050     23.4528   
2.9568     10.3969   
9.2042     2.2557    
1.9173     2.3804    

# Frame293

# x        y
15.6326    5.1868    
7.1720     10.2187   
1.0050     23.4528   
2.9568     10.3969   
9.2039     2.2571    
1.9167     2.3807    

# Frame294

# x        y
15.6331    5.1852    
7.1735     10.2200   
1.0050     23.4528   
2.9568     10.3969   
9.2035     2.2585    
1.9160     2.3810    

# Frame295

# x        y
15.6336    5.1836    
7.1750     10.2212   
1.0050     23.4528   
2.9568     10.3969   
9.2032     2.2599    
1.9154     2.3813    

# Frame296

# x        y
15.6342    5.1820    
7.1765     10.2224   
1.0050     23.4528   
2.9568     10.3969   
9.2028     2.2613    
1.9148     2.3816    

# Frame297

# x        y
15.6347    5.1805    
7.1779     10.2237   
1.0050     23.4528   
2.9568     10.3969   
9.2025     2.2626    
1.9142     2.3819    

# Frame298

# x        y
15.6352    5.1790    
7.1794     10.2248   
1.0050     23.4528   
2.9568     10.3969   
9.2021     2.2640    
1.9137     2.3822    

# Frame299

# x        y
15.6357    5.1775    
7.1808     10.2260   
1.0050     23.4528   
2.9568     10.3969   
9.2018     2.2653    
1.9131     2.3824    

# Frame300

# x        y
15.6362    5.1761    
7.1821     10.2272   
1.0050     23.4528   
2.9568     10.3969   
9.2015     2.2666    
1.9125     2.3827    

# Frame301

# x        y
15.6367    5.1747    
7.1835     10.2283   
1.0050     23.4528   
2.9568     10.3969   
9.2012     2.2678    
1.9120     2.3830    

# Frame302

# x        y
15.6371    5.1733    
7.1848     10.2294   
1.0050     23.4528   
2.9568     10.3969   
9.2009     2.2691    
1.9114     2.3832    

# Frame303

# x        y
15.6376    5.1719    
7.1862     10.2305   
1.0050     23.4528   
2.9568     10.3969   
9.2006     2.2703    
1.9109     2.3835    

# Frame304

# x        y
15.6381    5.1705    
7.1874     10.2316   
1.0050     23.4528   
2.9568     10.3969   
9.2003     2.2715    
1.9104     2.3837    

# Frame305

# x        y
15.6385    5.1692    
7.1887     10.2326   
1.0050     23.4528   
2.9568     10.3969   
9.2000     2.2727    
1.9099     2.3840    

# Frame306

# x        y
15.6389    5.1679    
7.1900     10.2337   
1.0050     23.4528   
2.9568     10.3969   
9.1997     2.2738    
1.9094     2.3842    

# Frame307

# x        y
15.6394    5.1666    
7.1912     10.2347   
1.0050     23.4528   
2.9568     10.3969   
9.1994     2.2749    
1.9089     2.3844    

# Frame308

# x        y
15.6398    5.1653    
7.1924     10.2357   
1.0050     23.4528   
2.9568     10.3969   
9.1991     2.2761    
1.9084     2.3847    

# Frame309

# x        y
15.6402    5.1641    
7.1936     10.2367   
1.0050     23.4528   
2.9568     10.3969   
9.1988     2.2772    
1.9079     2.3849    

# Frame310

# x        y
15.6407    5.1629    
7.1948     10.2377   
1.0050     23.4528   
2.9568     10.3969   
9.1986     2.2783    
1.9074     2.3851    

# Frame311

# x        y
15.6411    5.1617    
7.1959     10.2386   
1.0050     23.4528   
2.9568     10.3969   
9.1983     2.2793    
1.9070     2.3853    

# Frame312

# x        y
15.6415    5.1605    
7.1970     10.2396   
1.0050     23.4528   
2.9568     10.3969   
9.1980     2.2804    
1.9065     2.3856    

# Frame313

# x        y
15.6419    5.1593    
7.1982     10.2405   
1.0050     23.4528   
2.9568     10.3969   
9.1978     2.2814    
1.9061     2.3858    

# Frame314

# x        y
15.6422    5.1582    
7.1993     10.2414   
1.0050     23.4528   
2.9568     10.3969   
9.1975     2.2824    
1.9056     2.3860    

# Frame315

# x        y
15.6426    5.1570    
7.2003     10.2423   
1.0050     23.4528   
2.9568     10.3969   
9.1973     2.2834    
1.9052     2.3862    

# Frame316

# x        y
15.6430    5.1559    
7.2014     10.2432   
1.0050     23.4528   
2.9568     10.3969   
9.1970     2.2844    
1.9048     2.3864    

# Frame317

# x        y
15.6434    5.1548    
7.2024     10.2440   
1.0050     23.4528   
2.9568     10.3969   
9.1968     2.2854    
1.9043     2.3866    

# Frame318

# x        y
15.6437    5.1538    
7.2034     10.2449   
1.0050     23.4528   
2.9568     10.3969   
9.1966     2.2863    
1.9039     2.3868    

# Frame319

# x        y
15.6441    5.1527    
7.2044     10.2457   
1.0050     23.4528   
2.9568     10.3969   
9.1963     2.2872    
1.9035     2.3870    

# Frame320

# x        y
15.6444    5.1517    
7.2054     10.2466   
1.0050     23.4528   
2.9568     10.3969   
9.1961     2.2882    
1.9031     2.3872    

# Frame321

# x        y
15.6448    5.1507    
7.2064     10.2474   
1.0050     23.4528   
2.9568     10.3969   
9.1959     2.2891    
1.9027     2.3874    

# Frame322

# x        y
15.6451    5.1497    
7.2074     10.2482   
1.0050     23.4528   
2.9568     10.3969   
9.1956     2.2899    
1.9023     2.3875    

# Frame323

# x        y
15.6455    5.1487    
7.2083     10.2489   
1.0050     23.4528   
2.9568     10.3969   
9.1954     2.2908    
1.9020     2.3877    

# Frame324

# x        y
15.6458    5.1477    
7.2092     10.2497   
1.0050     23.4528   
2.9568     10.3969   
9.1952     2.2917    
1.9016     2.3879    

# Frame325

# x        y
15.6461    5.1468    
7.2101     10.2505   
1.0050     23.4528   
2.9568     10.3969   
9.1950     2.2925    
1.9012     2.3881    

# Frame326

# x        y
15.6464    5.1458    
7.2110     10.2512   
1.0050     23.4528   
2.9568     10.3969   
9.1948     2.2933    
1.9009     2.3883    

# Frame327

# x        y
15.6467    5.1449    
7.2119     10.2519   
1.0050     23.4528   
2.9568     10.3969   
9.1946     2.2942    
1.9005     2.3884    

# Frame328

# x        y
15.6470    5.1440    
7.2128     10.2527   
1.0050     23.4528   
2.9568     10.3969   
9.1944     2.2950    
1.9001     2.3886    

# Frame329

# x        y
15.6473    5.1431    
7.2136     10.2534   
1.0050     23.4528   
2.9568     10.3969   
9.1942     2.2957    
1.8998     2.3888    

# Frame330

# x        y
15.6476    5.1422    
7.2145     10.2541   
1.0050     23.4528   
2.9568     10.3969   
9.1940     2.2965    
1.8995     2.3889    

# Frame331

# x        y
15.6479    5.1414    
7.2153     10.2548   
1.0050     23.4528   
2.9568     10.3969   
9.1938     2.2973    
1.8991     2.3891    

# Frame332

# x        y
15.6482    5.1405    
7.2161     10.2554   
1.0050     23.4528   
2.9568     10.3969   
9.1936     2.2980    
1.8988     2.3892    

# Frame333

# x        y
15.6485    5.1397    
7.2169     10.2561   
1.0050     23.4528   
2.9568     10.3969   
9.1934     2.2988    
1.8985     2.3894    

# Frame334

# x        y
15.6488    5.1389    
7.2177     10.2567   
1.0050     23.4528   
2.9568     10.3969   
9.1933     2.2995    
1.8982     2.3895    

# Frame335

# x        y
15.6491    5.1381    
7.2184     10.2574   
1.0050     23.4528   
2.9568     10.3969   
9.1931     2.3002    
1.8979     2.3897    

# Frame336

# x        y
15.6493    5.1373    
7.2192     10.2580   
1.0050     23.4528   
2.9568     10.3969   
9.1929     2.3009    
1.8976     2.3898    

# Frame337

# x        y
15.6496    5.1365    
7.2199     10.2586   
1.0050     23.4528   
2.9568     10.3969   
9.1927     2.3016    
1.8973     2.3900    

# Frame338

# x        y
15.6498    5.1357    
7.2207     10.2592   
1.0050     23.4528   
2.9568     10.3969   
9.1926     2.3023    
1.8970     2.3901    

# Frame339

# x        y
15.6501    5.1350    
7.2214     10.2598   
1.0050     23.4528   
2.9568     10.3969   
9.1924     2.3029    
1.8967     2.3902    

# Frame340

# x        y
15.6504    5.1342    
7.2221     10.2604   
1.0050     23.4528   
2.9568     10.3969   
9.1922     2.3036    
1.8964     2.3904    

# Frame341

# x        y
15.6506    5.1335    
7.2228     10.2610   
1.0050     23.4528   
2.9568     10.3969   
9.1921     2.3042    
1.8961     2.3905    

# Frame342

# x        y
15.6508    5.1328    
7.2235     10.2616   
1.0050     23.4528   
2.9568     10.3969   
9.1919     2.3049    
1.8958     2.3906    

# Frame343

# x        y
15.6511    5.1321    
7.2241     10.2621   
1.0050     23.4528   
2.9568     10.3969   
9.1918     2.3055    
1.8956     2.3908    

# Frame344

# x        y
15.6513    5.1314    
7.2248     10.2627   
1.0050     23.4528   
2.9568     10.3969   
9.1916     2.3061    
1.8953     2.3909    

# Frame345

# x        y
15.6515    5.1307    
7.2254     10.2632   
1.0050     23.4528   
2.9568     10.3969   
9.1915     2.3067    
1.8950     2.3910    

# Frame346

# x        y
15.6518    5.1300    
7.2261     10.2637   
1.0050     23.4528   
2.9568     10.3969   
9.1913     2.3073    
1.8948     2.3911    

# Frame347

# x        y
15.6520    5.1294    
7.2267     10.2643   
1.0050     23.4528   
2.9568     10.3969   
9.1912     2.3079    
1.8945     2.3913    

# Frame348

# x        y
15.6522    5.1287    
7.2273     10.2648   
1.0050     23.4528   
2.9568     10.3969   
9.1910     2.3084    
1.8943     2.3914    

# Frame349

# x        y
15.6524    5.1281    
7.2279     10.2653   
1.0050     23.4528   
2.9568     10.3969   
9.1909     2.3090    
1.8940     2.3915    

# Frame350

# x        y
15.6526    5.1275    
7.2285     10.2658   
1.0050     23.4528   
2.9568     10.3969   
9.1907     2.3096    
1.8938     2.3916    

# Frame351

# x        y
15.6528    5.1269    
7.2291     10.2663   
1.0050     23.4528   
2.9568     10.3969   
9.1906     2.3101    
1.8935     2.3917    

# Frame352

# x        y
15.6531    5.1263    
7.2297     10.2667   
1.0050     23.4528   
2.9568     10.3969   
9.1905     2.3106    
1.8933     2.3918    

# Frame353

# x        y
15.6533    5.1257    
7.2303     10.2672   
1.0050     23.4528   
2.9568     10.3969   
9.1903     2.3112    
1.8931     2.3920    

# Frame354

# x        y
15.6535    5.1251    
7.2308     10.2677   
1.0050     23.4528   
2.9568     10.3969   
9.1902     2.3117    
1.8929     2.3921    

# Frame355

# x        y
15.6536    5.1245    
7.2314     10.2681   
1.0050     23.4528   
2.9568     10.3969   
9.1901     2.3122    
1.8926     2.3922    

# Frame356

# x        y
15.6538    5.1239    
7.2319     10.2686   
1.0050     23.4528   
2.9568     10.3969   
9.1900     2.3127    
1.8924     2.3923    

# Frame357

# x        y
15.6540    5.1234    
7.2324     10.2690   
1.0050     23.4528   
2.9568     10.3969   
9.1898     2.3132    
1.8922     2.3924    

# Frame358

# x        y
15.6542    5.1228    
7.2330     10.2695   
1.0050     23.4528   
2.9568     10.3969   
9.1897     2.3137    
1.8920     2.3925    

# Frame359

# x        y
15.6544    5.1223    
7.2335     10.2699   
1.0050     23.4528   
2.9568     10.3969   
9.1896     2.3142    
1.8918     2.3926    

# Frame360

# x        y
15.6546    5.1218    
7.2340     10.2703   
1.0050     23.4528   
2.9568     10.3969   
9.1895     2.3146    
1.8916     2.3927    

# Frame361

# x        y
15.6548    5.1213    
7.2345     10.2707   
1.0050     23.4528   
2.9568     10.3969   
9.1894     2.3151    
1.8914     2.3928    

# Frame362

# x        y
15.6549    5.1207    
7.2350     10.2711   
1.0050     23.4528   
2.9568     10.3969   
9.1892     2.3155    
1.8912     2.3929    

# Frame363

# x        y
15.6551    5.1202    
7.2354     10.2715   
1.0050     23.4528   
2.9568     10.3969   
9.1891     2.3160    
1.8910     2.3929    

# Frame364

# x        y
15.6553    5.1197    
7.2359     10.2719   
1.0050     23.4528   
2.9568     10.3969   
9.1890     2.3164    
1.8908     2.3930    

# Frame365

# x        y
15.6554    5.1193    
7.2364     10.2723   
1.0050     23.4528   
2.9568     10.3969   
9.1889     2.3168    
1.8906     2.3931    

# Frame366

# x        y
15.6556    5.1188    
7.2368     10.2727   
1.0050     23.4528   
2.9568     10.3969   
9.1888     2.3173    
1.8904     2.3932    

# Frame367

# x        y
15.6558    5.1183    
7.2373     10.2731   
1.0050     23.4528   
2.9568     10.3969   
9.1887     2.3177    
1.8902     2.3933    

# Frame368

# x        y
15.6559    5.1179    
7.2377     10.2734   
1.0050     23.4528   
2.9568     10.3969   
9.1886     2.3181    
1.8901     2.3934    

# Frame369

# x        y
15.6561    5.1174    
7.2382     10.2738   
1.0050     23.4528   
2.9568     10.3969   
9.1885     2.3185    
1.8899     2.3935    

# Frame370

# x        y
15.6562    5.1169    
7.2386     10.2741   
1.0050     23.4528   
2.9568     10.3969   
9.1884     2.3189    
1.8897     2.3936    

# Frame371

# x        y
15.6564    5.1165    
7.2390     10.2745   
1.0050     23.4528   
2.9568     10.3969   
9.1883     2.3193    
1.8895     2.3936    

# Frame372

# x        y
15.6565    5.1161    
7.2394     10.2748   
1.0050     23.4528   
2.9568     10.3969   
9.1882     2.3197    
1.8894     2.3937    

# Frame373

# x        y
15.6567    5.1157    
7.2398     10.2752   
1.0050     23.4528   
2.9568     10.3969   
9.1881     2.3200    
1.8892     2.3938    

# Frame374

# x        y
15.6568    5.1152    
7.2402     10.2755   
1.0050     23.4528   
2.9568     10.3969   
9.1880     2.3204    
1.8891     2.3939    

# Frame375

# x        y
15.6569    5.1148    
7.2406     10.2758   
1.0050     23.4528   
2.9568     10.3969   
9.1879     2.3208    
1.8889     2.3939    

# Frame376

# x        y
15.6571    5.1144    
7.2410     10.2762   
1.0050     23.4528   
2.9568     10.3969   
9.1878     2.3211    
1.8887     2.3940    

# Frame377

# x        y
15.6572    5.1140    
7.2414     10.2765   
1.0050     23.4528   
2.9568     10.3969   
9.1878     2.3215    
1.8886     2.3941    

# Frame378

# x        y
15.6573    5.1136    
7.2418     10.2768   
1.0050     23.4528   
2.9568     10.3969   
9.1877     2.3218    
1.8884     2.3942    

# Frame379

# x        y
15.6575    5.1132    
7.2421     10.2771   
1.0050     23.4528   
2.9568     10.3969   
9.1876     2.3222    
1.8883     2.3942    

# Frame380

# x        y
15.6576    5.1129    
7.2425     10.2774   
1.0050     23.4528   
2.9568     10.3969   
9.1875     2.3225    
1.8881     2.3943    

# Frame381

# x        y
15.6577    5.1125    
7.2428     10.2777   
1.0050     23.4528   
2.9568     10.3969   
9.1874     2.3228    
1.8880     2.3944    

# Frame382

# x        y
15.6578    5.1121    
7.2432     10.2780   
1.0050     23.4528   
2.9568     10.3969   
9.1873     2.3232    
1.8879     2.3944    

# Frame383

# x        y
15.6580    5.1118    
7.2435     10.2783   
1.0050     23.4528   
2.9568     10.3969   
9.1873     2.3235    
1.8877     2.3945    

# Frame384

# x        y
15.6581    5.1114    
7.2439     10.2785   
1.0050     23.4528   
2.9568     10.3969   
9.1872     2.3238    
1.8876     2.3946    

# Frame385

# x        y
15.6582    5.1111    
7.2442     10.2788   
1.0050     23.4528   
2.9568     10.3969   
9.1871     2.3241    
1.8874     2.3946    

# Frame386

# x        y
15.6583    5.1107    
7.2445     10.2791   
1.0050     23.4528   
2.9568     10.3969   
9.1870     2.3244    
1.8873     2.3947    

# Frame387

# x        y
15.6584    5.1104    
7.2448     10.2794   
1.0050     23.4528   
2.9568     10.3969   
9.1870     2.3247    
1.8872     2.3948    

# Frame388

# x        y
15.6585    5.1101    
7.2452     10.2796   
1.0050     23.4528   
2.9568     10.3969   
9.1869     2.3250    
1.8871     2.3948    

# Frame389

# x        y
15.6587    5.1097    
7.2455     10.2799   
1.0050     23.4528   
2.9568     10.3969   
9.1868     2.3253    
1.8869     2.3949    

# Frame390

# x        y
15.6588    5.1094    
7.2458     10.2801   
1.0050     23.4528   
2.9568     10.3969   
9.1867     2.3256    
1.8868     2.3949    

# Frame391

# x        y
15.6589    5.1091    
7.2461     10.2804   
1.0050     23.4528   
2.9568     10.3969   
9.1867     2.3258    
1.8867     2.3950    

# Frame392

# x        y
15.6590    5.1088    
7.2464     10.2806   
1.0050     23.4528   
2.9568     10.3969   
9.1866     2.3261    
1.8866     2.3950    

# Frame393

# x        y
15.6591    5.1085    
7.2467     10.2809   
1.0050     23.4528   
2.9568     10.3969   
9.1865     2.3264    
1.8865     2.3951    

# Frame394

# x        y
15.6592    5.1082    
7.2469     10.2811   
1.0050     23.4528   
2.9568     10.3969   
9.1865     2.3266    
1.8863     2.3952    

# Frame395

# x        y
15.6593    5.1079    
7.2472     10.2813   
1.0050     23.4528   
2.9568     10.3969   
9.1864     2.3269    
1.8862     2.3952    

# Frame396

# x        y
15.6594    5.1076    
7.2475     10.2816   
1.0050     23.4528   
2.9568     10.3969   
9.1863     2.3271    
1.8861     2.3953    

# Frame397

# x        y
15.6595    5.1073    
7.2478     10.2818   
1.0050     23.4528   
2.9568     10.3969   
9.1863     2.3274    
1.8860     2.3953    

# Frame398

# x        y
15.6596    5.1071    
7.2480     10.2820   
1.0050     23.4528   
2.9568     10.3969   
9.1862     2.3276    
1.8859     2.3954    

# Frame399

# x        y
15.6597    5.1068    
7.2483     10.2822   
1.0050     23.4528   
2.9568     10.3969   
9.1862     2.3279    
1.8858     2.3954    

# Frame400

# x        y
15.6597    5.1065    
7.2485     10.2824   
1.0050     23.4528   
2.9568     10.3969   
9.1861     2.3281    
1.8857     2.3955    

# Frame401

# x        y
15.6598    5.1062    
7.2488     10.2827   
1.0050     23.4528   
2.9568     10.3969   
9.1860     2.3284    
1.8856     2.3955    

# Frame402

# x        y
15.6599    5.1060    
7.2491     10.2829   
1.0050     23.4528   
2.9568     10.3969   
9.1860     2.3286    
1.8855     2.3956    

# Frame403

# x        y
15.6600    5.1057    
7.2493     10.2831   
1.0050     23.4528   
2.9568     10.3969   
9.1859     2.3288    
1.8854     2.3956    

# Frame404

# x        y
15.6601    5.1055    
7.2495     10.2833   
1.0050     23.4528   
2.9568     10.3969   
9.1859     2.3290    
1.8853     2.3957    

# Frame405

# x        y
15.6602    5.1052    
7.2498     10.2835   
1.0050     23.4528   
2.9568     10.3969   
9.1858     2.3293    
1.8852     2.3957    

# Frame406

# x        y
15.6603    5.1050    
7.2500     10.2837   
1.0050     23.4528   
2.9568     10.3969   
9.1858     2.3295    
1.8851     2.3957    

# Frame407

# x        y
15.6603    5.1047    
7.2502     10.2838   
1.0050     23.4528   
2.9568     10.3969   
9.1857     2.3297    
1.8850     2.3958    

# Frame408

# x        y
15.6604    5.1045    
7.2505     10.2840   
1.0050     23.4528   
2.9568     10.3969   
9.1856     2.3299    
1.8849     2.3958    

# Frame409

# x        y
15.6605    5.1043    
7.2507     10.2842   
1.0050     23.4528   
2.9568     10.3969   
9.1856     2.3301    
1.8849     2.3958    

# Frame410

# x        y
15.6606    5.1040    
7.2509     10.2844   
1.0050     23.4528   
2.9568     10.3969   
9.1855     2.3303    
1.8849     2.3958    

# Frame411

# x        y
15.6607    5.1038    
7.2511     10.2846   
1.0050     23.4528   
2.9568     10.3969   
9.1855     2.3305    
1.8849     2.3958    

# Frame412

# x        y
15.6607    5.1036    
7.2513     10.2848   
1.0050     23.4528   
2.9568     10.3969   
9.1854     2.3307    
1.8849     2.3958    

# Frame413

# x        y
15.6608    5.1034    
7.2515     10.2849   
1.0050     23.4528   
2.9568     10.3969   
9.1854     2.3309    
1.8849     2.3958    

# Frame414

# x        y
15.6609    5.1032    
7.2517     10.2851   
1.0050     23.4528   
2.9568     10.3969   
9.1853     2.3311    
1.8849     2.3958    

# Frame415

# x        y
15.6610    5.1030    
7.2519     10.2853   
1.0050     23.4528   
2.9568     10.3969   
9.1853     2.3313    
1.8849     2.3958    

# Frame416

# x        y
15.6610    5.1028    
7.2521     10.2854   
1.0050     23.4528   
2.9568     10.3969   
9.1853     2.3315    
1.8849     2.3958    

# Frame417

# x        y
15.6611    5.1026    
7.2523     10.2856   
1.0050     23.4528   
2.9568     10.3969   
9.1852     2.3316    
1.8849     2.3958    

# Frame418

# x        y
15.6612    5.1024    
7.2525     10.2857   
1.0050     23.4528   
2.9568     10.3969   
9.1852     2.3318    
1.8849     2.3958    

# Frame419

# x        y
15.6612    5.1022    
7.2527     10.2859   
1.0050     23.4528   
2.9568     10.3969   
9.1851     2.3320    
1.8849     2.3958    

# Frame420

# x        y
15.6613    5.1020    
7.2529     10.2861   
1.0050     23.4528   
2.9568     10.3969   
9.1851     2.3322    
1.8849     2.3958    

# Frame421

# x        y
15.6614    5.1018    
7.2531     10.2862   
1.0050     23.4528   
2.9568     10.3969   
9.1850     2.3323    
1.8849     2.3958    

# Frame422

# x        y
15.6614    5.1016    
7.2532     10.2864   
1.0050     23.4528   
2.9568     10.3969   
9.1850     2.3325    
1.8849     2.3958    

# Frame423

# x        y
15.6615    5.1014    
7.2534     10.2865   
1.0050     23.4528   
2.9568     10.3969   
9.1850     2.3326    
1.8849     2.3958    

# Frame424

# x        y
15.6615    5.1012    
7.2536     10.2866   
1.0050     23.4528   
2.9568     10.3969   
9.1849     2.3328    
1.8849     2.3958    

# Frame425

# x        y
15.6616    5.1010    
7.2538     10.2868   
1.0050     23.4528   
2.9568     10.3969   
9.1849     2.3330    
1.8849     2.3958    

# Frame426

# x        y
15.6617    5.1009    
7.2539     10.2869   
1.0050     23.4528   
2.9568     10.3969   
9.1848     2.3331    
1.8849     2.3958    

# Frame427

# x        y
15.6617    5.1007    
7.2541     10.2871   
1.0050     23.4528   
2.9568     10.3969   
9.1848     2.3333    
1.8849     2.3958    

# Frame428

# x        y
15.6618    5.1005    
7.2543     10.2872   
1.0050     23.4528   
2.9568     10.3969   
9.1848     2.3334    
1.8849     2.3958    

# Frame429

# x        y
15.6618    5.1004    
7.2544     10.2873   
1.0050     23.4528   
2.9568     10.3969   
9.1847     2.3336    
1.8849     2.3958    

# Frame430

# x        y
15.6619    5.1002    
7.2546     10.2875   
1.0050     23.4528   
2.9568     10.3969   
9.1847     2.3337    
1.8849     2.3958    

# Frame431

# x        y
15.6619    5.1000    
7.2547     10.2876   
1.0050     23.4528   
2.9568     10.3969   
9.1847     2.3339    
1.8849     2.3958    

# Frame432

# x        y
15.6620    5.0999    
7.2549     10.2877   
1.0050     23.4528   
2.9568     10.3969   
9.1846     2.3340    
1.8849     2.3958    

# Frame433

# x        y
15.6620    5.0997    
7.2550     10.2878   
1.0050     23.4528   
2.9568     10.3969   
9.1846     2.3341    
1.8849     2.3958    

# Frame434

# x        y
15.6621    5.0996    
7.2552     10.2880   
1.0050     23.4528   
2.9568     10.3969   
9.1846     2.3343    
1.8849     2.3958    

# Frame435

# x        y
15.6621    5.0994    
7.2553     10.2881   
1.0050     23.4528   
2.9568     10.3969   
9.1845     2.3344    
1.8849     2.3958    

# Frame436

# x        y
15.6622    5.0993    
7.2554     10.2882   
1.0050     23.4528   
2.9568     10.3969   
9.1845     2.3345    
1.8849     2.3958    

# Frame437

# x        y
15.6622    5.0991    
7.2556     10.2883   
1.0050     23.4528   
2.9568     10.3969   
9.1845     2.3347    
1.8849     2.3958    

# Frame438

# x        y
15.6623    5.0990    
7.2557     10.2884   
1.0050     23.4528   
2.9568     10.3969   
9.1844     2.3348    
1.8849     2.3958    

# Frame439

# x        y
15.6623    5.0989    
7.2559     10.2885   
1.0050     23.4528   
2.9568     10.3969   
9.1844     2.3349    
1.8849     2.3958    

# Frame440

# x        y
15.6624    5.0987    
7.2560     10.2886   
1.0050     23.4528   
2.9568     10.3969   
9.1844     2.3350    
1.8849     2.3958    

# Frame441

# x        y
15.6624    5.0986    
7.2561     10.2887   
1.0050     23.4528   
2.9568     10.3969   
9.1843     2.3351    
1.8849     2.3958    

# Frame442

# x        y
15.6625    5.0984    
7.2562     10.2889   
1.0050     23.4528   
2.9568     10.3969   
9.1843     2.3353    
1.8849     2.3958    

# Frame443

# x        y
15.6625    5.0983    
7.2564     10.2890   
1.0050     23.4528   
2.9568     10.3969   
9.1843     2.3354    
1.8849     2.3958    

# Frame444

# x        y
15.6626    5.0982    
7.2565     10.2891   
1.0050     23.4528   
2.9568     10.3969   
9.1842     2.3355    
1.8849     2.3958    

# Frame445

# x        y
15.6626    5.0981    
7.2566     10.2892   
1.0050     23.4528   
2.9568     10.3969   
9.1842     2.3356    
1.8849     2.3958    

# Frame446

# x        y
15.6627    5.0979    
7.2567     10.2893   
1.0050     23.4528   
2.9568     10.3969   
9.1842     2.3357    
1.8849     2.3958    

# Frame447

# x        y
15.6627    5.0978    
7.2568     10.2894   
1.0050     23.4528   
2.9568     10.3969   
9.1842     2.3358    
1.8849     2.3958    

# Frame448

# x        y
15.6627    5.0977    
7.2570     10.2894   
1.0050     23.4528   
2.9568     10.3969   
9.1841     2.3359    
1.8849     2.3958    

# Frame449

# x        y
15.6628    5.0976    
7.2571     10.2895   
1.0050     23.4528   
2.9568     10.3969   
9.1841     2.3360    
1.8849     2.3958    

# Frame450

# x        y
15.6628    5.0975    
7.2572     10.2896   
1.0050     23.4528   
2.9568     10.3969   
9.1841     2.3361    
1.8849     2.3958    

# Frame451

# x        y
15.6629    5.0973    
7.2573     10.2897   
1.0050     23.4528   
2.9568     10.3969   
9.1841     2.3362    
1.8849     2.3958    

# Frame452

# x        y
15.6629    5.0972    
7.2574     10.2898   
1.0050     23.4528   
2.9568     10.3969   
9.1840     2.3363    
1.8849     2.3958    

# Frame453

# x        y
15.6629    5.0971    
7.2575     10.2899   
1.0050     23.4528   
2.9568     10.3969   
9.1840     2.3364    
1.8849     2.3958    

# Frame454

# x        y
15.6630    5.0970    
7.2576     10.2900   
1.0050     23.4528   
2.9568     10.3969   
9.1840     2.3364    
1.8849     2.3958    

# Frame455

# x        y
15.6630    5.0969    
7.2577     10.2901   
1.0050     23.4528   
2.9568     10.3969   
9.1840     2.3364    
1.8849     2.3958    

# Frame456

# x        y
15.6630    5.0968    
7.2578     10.2902   
1.0050     23.4528   
2.9568     10.3969   
9.1840     2.3364    
1.8849     2.3958    

# Frame457

# x        y
15.6631    5.0967    
7.2579     10.2902   
1.0050     23.4528   
2.9568     10.3969   
9.1840     2.3364    
1.8849     2.3958    

# Frame458

# x        y
15.6631    5.0966    
7.2580     10.2903   
1.0050     23.4528   
2.9568     10.3969   
9.1840     2.3364    
1.8849     2.3958    

# Frame459

# x        y
15.6631    5.0965    
7.2581     10.2904   
1.0050     23.4528   
2.9568     10.3969   
9.1840     2.3364    
1.8849     2.3958    

# Frame460

# x        y
15.6632    5.0964    
7.2582     10.2905   
1.0050     23.4528   
2.9568     10.3969   
9.1840     2.3364    
1.8849     2.3958    

# Frame461

# x        y
15.6632    5.0963    
7.2583     10.2906   
1.0050     23.4528   
2.9568     10.3969   
9.1840     2.3364    
1.8849     2.3958    

# Frame462

# x        y
15.6632    5.0963    
7.2584     10.2906   
1.0050     23.4528   
2.9568     10.3969   
9.1840     2.3364    
1.8849     2.3958    

# Frame463

# x        y
15.6632    5.0963    
7.2585     10.2907   
1.0050     23.4528   
2.9568     10.3969   
9.1840     2.3364    
1.8849     2.3958    

# Frame464

# x        y
15.6632    5.0963    
7.2586     10.2908   
1.0050     23.4528   
2.9568     10.3969   
9.1840     2.3364    
1.8849     2.3958    

# Frame465

# x        y
15.6632    5.0963    
7.2586     10.2909   
1.0050     23.4528   
2.9568     10.3969   
9.1840     2.3364    
1.8849     2.3958    

# Frame466

# x        y
15.6632    5.0963    
7.2587     10.2909   
1.0050     23.4528   
2.9568     10.3969   
9.1840     2.3364    
1.8849     2.3958    

# Frame467

# x        y
15.6632    5.0963    
7.2588     10.2910   
1.0050     23.4528   
2.9568     10.3969   
9.1840     2.3364    
1.8849     2.3958    

# Frame468

# x        y
15.6632    5.0963    
7.2589     10.2911   
1.0050     23.4528   
2.9568     10.3969   
9.1840     2.3364    
1.8849     2.3958    

# Frame469

# x        y
15.6632    5.0963    
7.2590     10.2911   
1.0050     23.4528   
2.9568     10.3969   
9.1840     2.3364    
1.8849     2.3958    

# Frame470

# x        y
15.6632    5.0963    
7.2591     10.2912   
1.0050     23.4528   
2.9568     10.3969   
9.1840     2.3364    
1.8849     2.3958    

# Frame471

# x        y
15.6632    5.0963    
7.2591     10.2913   
1.0050     23.4528   
2.9568     10.3969   
9.1840     2.3364    
1.8849     2.3958    

# Frame472

