# x        y
3.0524     4.0897    
10.2767    10.4187   
15.3084    6.0978    
17.1372    5.3016    
14.7271    20.9678   
2.4715     30.4526   

# Frame1

# x        y
3.0524     4.0897    
10.2767    10.4187   
15.3084    6.0978    
17.1372    5.3016    
13.7987    22.7392   
2.4715     30.4526   

# Frame2

# x        y
3.0524     4.0897    
10.2767    10.4187   
15.3083    6.0978    
17.1372    5.3016    
12.8857    24.4811   
2.4715     30.4526   

# Frame3

# x        y
3.0524     4.0897    
10.2767    10.4187   
15.3083    6.0978    
17.1373    5.3016    
11.9879    26.1940   
2.4715     30.4526   

# Frame4

# x        y
3.0524     4.0897    
10.2767    10.4187   
15.3083    6.0978    
17.1373    5.3016    
11.1051    27.8783   
2.4715     30.4526   

# Frame5

# x        y
3.0524     4.0897    
10.2767    10.4187   
15.3083    6.0978    
17.1373    5.3015    
10.2370    29.5346   
2.4715     30.4526   

# Frame6

# x        y
3.0524     4.0897    
10.2767    10.4187   
15.3082    6.0978    
17.1373    5.3015    
9.3833     31.1632   
2.4715     30.4526   

# Frame7

# x        y
3.0524     4.0897    
10.2767    10.4187   
15.3082    6.0978    
17.1373    5.3015    
8.5439     32.7647   
2.4715     30.4526   

# Frame8

# x        y
3.0524     4.0897    
10.2767    10.4187   
15.3082    6.0978    
17.1373    5.3015    
7.7185     34.3395   
2.4715     30.4526   

# Frame9

# x        y
3.0524     4.0897    
10.2767    10.4187   
15.3082    6.0978    
17.1373    5.3015    
6.9068     35.8881   
2.4715     30.4526   

# Frame10

# x        y
3.0524     4.0897    
10.2767    10.4187   
15.3082    6.0978    
17.1373    5.3015    
6.1087     37.4108   
2.4715     30.4526   

# Frame11

# x        y
3.0524     4.0897    
10.2767    10.4187   
15.3082    6.0978    
17.1374    5.3015    
5.3239     38.9082   
2.4715     30.4526   

# Frame12

# x        y
3.0524     4.0897    
10.2767    10.4187   
15.3082    6.0978    
17.1374    5.3015    
4.4562     38.3078   
2.4715     30.4526   

# Frame13

# x        y
3.0524     4.0897    
10.2767    10.4187   
15.3082    6.0978    
17.1374    5.3015    
3.5962     37.5839   
2.4715     30.4526   

# Frame14

# x        y
3.0524     4.0897    
10.2767    10.4187   
15.3082    6.0978    
17.1374    5.3015    
2.7507     36.8720   
2.4715     30.4526   

# Frame15

# x        y
3.0524     4.0897    
10.2767    10.4187   
15.3082    6.0978    
17.1374    5.3015    
1.9192     36.1720   
2.4715     30.4526   

# Frame16

# x        y
3.0524     4.0897    
10.2767    10.4187   
15.3082    6.0978    
17.1374    5.3015    
1.1016     35.4837   
2.4715     30.4526   

# Frame17

# x        y
3.0524     4.0897    
10.2767    10.4187   
15.3082    6.0978    
17.1374    5.3015    
1.3536     34.7890   
2.4715     30.4526   

# Frame18

# x        y
3.0524     4.0897    
10.2767    10.4187   
15.3082    6.0978    
17.1374    5.3015    
1.7489     34.1032   
2.4715     30.4526   

# Frame19

# x        y
3.0524     4.0897    
10.2767    10.4187   
15.3082    6.0978    
17.1374    5.3015    
2.1376     33.4288   
2.4715     30.4526   

# Frame20

# x        y
3.0524     4.0897    
10.2767    10.4187   
15.3082    6.0979    
17.1374    5.3015    
2.5198     32.7657   
2.4715     30.4526   

# Frame21

# x        y
3.0524     4.0897    
10.2767    10.4187   
15.3082    6.0979    
17.1374    5.3015    
2.9349     32.3282   
2.4323     30.2379   

# Frame22

# x        y
3.0524     4.0897    
10.2767    10.4187   
15.3082    6.0979    
17.1374    5.3015    
3.3847     32.1233   
2.3521     29.8017   

# Frame23

# x        y
3.0524     4.0897    
10.2767    10.4187   
15.3082    6.0979    
17.1374    5.3015    
3.8270     31.9217   
2.2732     29.3728   

# Frame24

# x        y
3.0524     4.0897    
10.2767    10.4187   
15.3082    6.0979    
17.1374    5.3015    
4.2620     31.7235   
2.1957     28.9510   

# Frame25

# x        y
3.0524     4.0897    
10.2767    10.4187   
15.3082    6.0979    
17.1374    5.3015    
4.6897     31.5286   
2.1194     28.5362   

# Frame26

# x        y
3.0524     4.0897    
10.2767    10.4187   
15.3082    6.0979    
17.1374    5.3015    
5.1103     31.3369   
2.0444     28.1283   

# Frame27

# x        y
3.0524     4.0897    
10.2767    10.4187   
15.3082    6.0979    
17.1374    5.3015    
5.5238     31.1485   
1.9706     27.7273   

# Frame28

# x        y
3.0524     4.0897    
10.2767    10.4187   
15.3082    6.0979    
17.1374    5.3015    
5.9305     30.9632   
1.8981     27.3329   

# Frame29

# x        y
3.0524     4.0897    
10.2767    10.4187   
15.3082    6.0979    
17.1374    5.3015    
6.3304     30.7809   
1.8268     26.9451   

# Frame30

# x        y
3.0524     4.0897    
10.2767    10.4187   
15.3082    6.0979    
17.1374    5.3015    
6.7236     30.6017   
1.7566     26.5637   

# Frame31

# x        y
3.0524     4.0897    
10.2767    10.4187   
15.3082    6.0979    
17.1374    5.3015    
7.1103     30.4255   
1.6877     26.1887   

# Frame32

# x        y
3.0524     4.0897    
10.2767    10.4187   
15.3082    6.0979    
17.1374    5.3015    
7.4905     30.2523   
1.6199     25.8200   

# Frame33

# x        y
3.0524     4.0897    
10.2767    10.4187   
15.3082    6.0979    
17.1374    5.3015    
7.8644     30.0819   
1.5532     25.4574   

# Frame34

# x        y
3.0524     4.0897    
10.2767    10.4187   
15.3082    6.0979    
17.1374    5.3015    
8.2321     29.9143   
1.4876     25.1009   

# Frame35

# x        y
3.0524     4.0897    
10.2767    10.4187   
15.3082    6.0979    
17.1374    5.3015    
8.5936     29.7496   
1.4231     24.7502   

# Frame36

# x        y
3.0524     4.0897    
10.2767    10.4187   
15.3082    6.0979    
17.1374    5.3015    
8.9491     29.5876   
1.3597     24.4055   

# Frame37

# x        y
3.0524     4.0897    
10.2767    10.4187   
15.3082    6.0979    
17.1374    5.3015    
9.2987     29.4283   
1.2974     24.0665   

# Frame38

# x        y
3.0524     4.0897    
10.2767    10.4187   
15.3082    6.0979    
17.1374    5.3015    
9.6425     29.2716   
1.2361     23.7331   

# Frame39

# x        y
3.0524     4.0897    
10.2767    10.4187   
15.3082    6.0979    
17.1374    5.3015    
9.9805     29.1176   
1.1758     23.4053   

# Frame40

# x        y
3.0524     4.0897    
10.2767    10.4187   
15.3082    6.0979    
17.1374    5.3015    
10.3129    28.9661   
1.1165     23.0829   

# Frame41

# x        y
3.0524     4.0897    
10.2767    10.4187   
15.3082    6.0979    
17.1374    5.3015    
10.6398    28.8172   
1.0582     22.7660   

# Frame42

# x        y
3.0524     4.0897    
10.2767    10.4187   
15.3082    6.0979    
17.1374    5.3015    
10.9612    28.6707   
1.0009     22.4543   

# Frame43

# x        y
3.0524     4.0897    
10.2767    10.4187   
15.3082    6.0979    
17.1374    5.3015    
11.2772    28.5267   
1.0291     22.2587   

# Frame44

# x        y
3.0524     4.0897    
10.2767    10.4187   
15.3082    6.0979    
17.1374    5.3015    
11.5880    28.3851   
1.0568     22.0665   

# Frame45

# x        y
3.0524     4.0897    
10.2767    10.4187   
15.3082    6.0979    
17.1374    5.3015    
11.8936    28.2458   
1.0840     21.8774   

# Frame46

# x        y
3.0524     4.0897    
10.2767    10.4187   
15.3082    6.0979    
17.1374    5.3015    
12.1941    28.1089   
1.1108     21.6915   

# Frame47

# x        y
3.0524     4.0897    
10.2767    10.4187   
15.3082    6.0979    
17.1374    5.3015    
12.4896    27.9742   
1.1372     21.5087   

# Frame48

# x        y
3.0524     4.0897    
10.2767    10.4187   
15.3082    6.0979    
17.1374    5.3015    
12.7802    27.8418   
1.1631     21.3290   

# Frame49

# x        y
3.0524     4.0897    
10.2767    10.4187   
15.3082    6.0979    
17.1374    5.3015    
13.0659    27.7116   
1.1886     21.1522   

# Frame50

# x        y
3.0524     4.0897    
10.2767    10.4187   
15.3082    6.0979    
17.1374    5.3015    
13.3469    27.5836   
1.2136     20.9784   

# Frame51

# x        y
3.0524     4.0897    
10.2767    10.4187   
15.3082    6.0979    
17.1374    5.3015    
13.6232    27.4577   
1.2383     20.8075   

# Frame52

# x        y
3.0524     4.0897    
10.2767    10.4187   
15.3082    6.0979    
17.1374    5.3015    
13.8949    27.3339   
1.2625     20.6394   

# Frame53

# x        y
3.0524     4.0897    
10.2767    10.4187   
15.3082    6.0979    
17.1374    5.3015    
14.1620    27.2121   
1.2863     20.4741   

# Frame54

# x        y
3.0524     4.0897    
10.2767    10.4187   
15.3082    6.0979    
17.1374    5.3015    
14.4247    27.0924   
1.3097     20.3116   

# Frame55

# x        y
3.0524     4.0897    
10.2767    10.4187   
15.3082    6.0979    
17.1374    5.3015    
14.6831    26.9747   
1.3328     20.1518   

# Frame56

# x        y
3.0524     4.0897    
10.2767    10.4187   
15.3082    6.0979    
17.1374    5.3015    
14.9371    26.8589   
1.3554     19.9946   

# Frame57

# x        y
3.0524     4.0897    
10.2767    10.4187   
15.3082    6.0979    
17.1374    5.3015    
15.1869    26.7451   
1.3777     19.8401   

# Frame58

# x        y
3.0524     4.0897    
10.2767    10.4187   
15.3082    6.0979    
17.1374    5.3015    
15.4325    26.6332   
1.3996     19.6882   

# Frame59

# x        y
3.0524     4.0897    
10.2767    10.4187   
15.3082    6.0979    
17.1374    5.3015    
15.6740    26.5231   
1.4211     19.5388   

# Frame60

# x        y
3.0524     4.0897    
10.2767    10.4187   
15.3082    6.0979    
17.1374    5.3015    
15.9115    26.4149   
1.4423     19.3918   

# Frame61

# x        y
3.0524     4.0897    
10.2767    10.4187   
15.3082    6.0979    
17.1374    5.3015    
16.1451    26.3085   
1.4631     19.2473   

# Frame62

# x        y
3.0524     4.0897    
10.2767    10.4187   
15.3082    6.0979    
17.1374    5.3015    
16.3747    26.2038   
1.4836     19.1053   

# Frame63

# x        y
3.0524     4.0897    
10.2767    10.4187   
15.3082    6.0979    
17.1374    5.3015    
16.6006    26.1009   
1.5038     18.9656   

# Frame64

# x        y
3.0524     4.0897    
10.2767    10.4187   
15.3082    6.0979    
17.1374    5.3015    
16.8226    25.9997   
1.5236     18.8282   

# Frame65

# x        y
3.0524     4.0897    
10.2767    10.4187   
15.3082    6.0979    
17.1374    5.3015    
17.0410    25.9002   
1.5430     18.6931   

# Frame66

# x        y
3.0524     4.0897    
10.2767    10.4187   
15.3082    6.0979    
17.1374    5.3015    
17.2557    25.8024   
1.5622     18.5603   

# Frame67

# x        y
3.0524     4.0897    
10.2767    10.4187   
15.3082    6.0979    
17.1374    5.3015    
17.4668    25.7061   
1.5810     18.4297   

# Frame68

# x        y
3.0524     4.0897    
10.2767    10.4187   
15.3082    6.0979    
17.1374    5.3015    
17.6745    25.6115   
1.5995     18.3012   

# Frame69

# x        y
3.0524     4.0897    
10.2767    10.4187   
15.3082    6.0979    
17.1374    5.3015    
17.8786    25.5185   
1.6177     18.1749   

# Frame70

# x        y
3.0524     4.0897    
10.2767    10.4187   
15.3082    6.0979    
17.1374    5.3015    
18.0794    25.4270   
1.6356     18.0507   

# Frame71

# x        y
3.0524     4.0897    
10.2767    10.4187   
15.3082    6.0979    
17.1374    5.3015    
18.2768    25.3370   
1.6532     17.9286   

# Frame72

# x        y
3.0524     4.0897    
10.2767    10.4187   
15.3082    6.0979    
17.1374    5.3015    
18.4709    25.2486   
1.6705     17.8085   

# Frame73

# x        y
3.0524     4.0897    
10.2767    10.4187   
15.3082    6.0979    
17.1374    5.3015    
18.6618    25.1616   
1.6876     17.6904   

# Frame74

# x        y
3.0524     4.0897    
10.2767    10.4187   
15.3082    6.0979    
17.1374    5.3015    
18.8495    25.0761   
1.7043     17.5743   

# Frame75

# x        y
3.0524     4.0897    
10.2767    10.4187   
15.3082    6.0979    
17.1374    5.3015    
18.9811    25.0011   
1.7208     17.4601   

# Frame76

# x        y
3.0524     4.0897    
10.2767    10.4187   
15.3082    6.0979    
17.1374    5.3015    
18.8903    24.9755   
1.7369     17.3478   

# Frame77

# x        y
3.0524     4.0897    
10.2767    10.4187   
15.3082    6.0979    
17.1374    5.3015    
18.8011    24.9502   
1.7529     17.2374   

# Frame78

# x        y
3.0524     4.0897    
10.2767    10.4187   
15.3082    6.0979    
17.1374    5.3015    
18.7133    24.9254   
1.7685     17.1288   

# Frame79

# x        y
3.0524     4.0897    
10.2767    10.4187   
15.3082    6.0979    
17.1374    5.3015    
18.6270    24.9011   
1.7839     17.0221   

# Frame80

# x        y
3.0524     4.0897    
10.2767    10.4187   
15.3082    6.0979    
17.1374    5.3015    
18.5422    24.8771   
1.7990     16.9171   

# Frame81

# x        y
3.0524     4.0897    
10.2767    10.4187   
15.3082    6.0979    
17.1374    5.3015    
18.4588    24.8535   
1.8139     16.8139   

# Frame82

# x        y
3.0524     4.0897    
10.2767    10.4187   
15.3082    6.0979    
17.1374    5.3015    
18.3767    24.8303   
1.8286     16.7124   

# Frame83

# x        y
3.0524     4.0897    
10.2767    10.4187   
15.3082    6.0979    
17.1374    5.3015    
18.2960    24.8075   
1.8429     16.6125   

# Frame84

# x        y
3.0524     4.0897    
10.2767    10.4187   
15.3082    6.0979    
17.1374    5.3015    
18.2167    24.7851   
1.8571     16.5144   

# Frame85

# x        y
3.0524     4.0897    
10.2767    10.4187   
15.3082    6.0979    
17.1374    5.3015    
18.1387    24.7631   
1.8710     16.4179   

# Frame86

# x        y
3.0524     4.0897    
10.2767    10.4187   
15.3082    6.0979    
17.1374    5.3015    
18.0620    24.7414   
1.8847     16.3229   

# Frame87

# x        y
3.0524     4.0897    
10.2767    10.4187   
15.3082    6.0979    
17.1374    5.3015    
17.9865    24.7201   
1.8981     16.2296   

# Frame88

# x        y
3.0524     4.0897    
10.2767    10.4187   
15.3082    6.0979    
17.1374    5.3015    
17.9124    24.6991   
1.9114     16.1378   

# Frame89

# x        y
3.0524     4.0897    
10.2767    10.4187   
15.3082    6.0979    
17.1374    5.3015    
17.8394    24.6785   
1.9244     16.0476   

# Frame90

# x        y
3.0524     4.0897    
10.2767    10.4187   
15.3082    6.0979    
17.1374    5.3015    
17.7677    24.6582   
1.9372     15.9589   

# Frame91

# x        y
3.0524     4.0897    
10.2767    10.4187   
15.3082    6.0979    
17.1374    5.3015    
17.6972    24.6383   
1.9497     15.8716   

# Frame92

# x        y
3.0524     4.0897    
10.2767    10.4187   
15.3082    6.0979    
17.1374    5.3015    
17.6278    24.6187   
1.9621     15.7858   

# Frame93

# x        y
3.0524     4.0897    
10.2767    10.4187   
15.3082    6.0979    
17.1374    5.3015    
17.5596    24.5994   
1.9743     15.7014   

# Frame94

# x        y
3.0524     4.0897    
10.2767    10.4187   
15.3082    6.0979    
17.1374    5.3015    
17.4926    24.5805   
1.9862     15.6184   

# Frame95

# x        y
3.0524     4.0897    
10.2767    10.4187   
15.3082    6.0979    
17.1374    5.3015    
17.4266    24.5618   
1.9980     15.5368   

# Frame96

# x        y
3.0524     4.0897    
10.2767    10.4187   
15.3082    6.0979    
17.1374    5.3015    
17.3618    24.5435   
2.0096     15.4566   

# Frame97

# x        y
3.0524     4.0897    
10.2767    10.4187   
15.3082    6.0979    
17.1374    5.3015    
17.2980    24.5255   
2.0209     15.3777   

# Frame98

# x        y
3.0524     4.0897    
10.2767    10.4187   
15.3082    6.0979    
17.1374    5.3015    
17.2353    24.5078   
2.0321     15.3001   

# Frame99

# x        y
3.0524     4.0897    
10.2767    10.4187   
15.3082    6.0979    
17.1374    5.3015    
17.1737    24.4904   
2.0431     15.2239   

# Frame100

# x        y
3.0524     4.0897    
10.2767    10.4187   
15.3082    6.0979    
17.1374    5.3015    
17.1130    24.4732   
2.0539     15.1489   

# Frame101

# x        y
3.0524     4.0897    
10.2767    10.4187   
15.3082    6.0979    
17.1374    5.3015    
17.0534    24.4564   
2.0646     15.0751   

# Frame102

# x        y
3.0524     4.0897    
10.2767    10.4187   
15.3082    6.0979    
17.1374    5.3015    
16.9948    24.4398   
2.0750     15.0026   

# Frame103

# x        y
3.0524     4.0897    
10.2767    10.4187   
15.3082    6.0979    
17.1374    5.3015    
16.9371    24.4235   
2.0853     14.9312   

# Frame104

# x        y
3.0524     4.0897    
10.2767    10.4187   
15.3082    6.0979    
17.1374    5.3015    
16.8804    24.4075   
2.0954     14.8611   

# Frame105

# x        y
3.0524     4.0897    
10.2767    10.4187   
15.3082    6.0979    
17.1374    5.3015    
16.8247    24.3918   
2.1053     14.7921   

# Frame106

# x        y
3.0524     4.0897    
10.2767    10.4187   
15.3082    6.0979    
17.1374    5.3015    
16.7699    24.3763   
2.1151     14.7243   

# Frame107

# x        y
3.0524     4.0897    
10.2767    10.4187   
15.3082    6.0979    
17.1374    5.3015    
16.7160    24.3610   
2.1247     14.6576   

# Frame108

# x        y
3.0524     4.0897    
10.2767    10.4187   
15.3082    6.0979    
17.1374    5.3015    
16.6630    24.3461   
2.1342     14.5921   

# Frame109

# x        y
3.0524     4.0897    
10.2767    10.4187   
15.3082    6.0979    
17.1374    5.3015    
16.6109    24.3313   
2.1435     14.5276   

# Frame110

# x        y
3.0524     4.0897    
10.2767    10.4187   
15.3082    6.0979    
17.1374    5.3015    
16.5596    24.3168   
2.1526     14.4642   

# Frame111

# x        y
3.0524     4.0897    
10.2767    10.4187   
15.3082    6.0979    
17.1374    5.3015    
16.5092    24.3026   
2.1616     14.4018   

# Frame112

# x        y
3.0524     4.0897    
10.2767    10.4187   
15.3082    6.0979    
17.1374    5.3015    
16.4597    24.2886   
2.1704     14.3405   

# Frame113

# x        y
3.0524     4.0897    
10.2767    10.4187   
15.3082    6.0979    
17.1374    5.3015    
16.4110    24.2748   
2.1791     14.2802   

# Frame114

# x        y
3.0524     4.0897    
10.2767    10.4187   
15.3082    6.0979    
17.1374    5.3015    
16.3630    24.2613   
2.1877     14.2209   

# Frame115

# x        y
3.0524     4.0897    
10.2767    10.4187   
15.3082    6.0979    
17.1374    5.3015    
16.3159    24.2480   
2.1961     14.1626   

# Frame116

# x        y
3.0524     4.0897    
10.2767    10.4187   
15.3082    6.0979    
17.1374    5.3015    
16.2696    24.2349   
2.2043     14.1053   

# Frame117

# x        y
3.0524     4.0897    
10.2767    10.4187   
15.3082    6.0979    
17.1374    5.3015    
16.2240    24.2220   
2.2125     14.0489   

# Frame118

# x        y
3.0524     4.0897    
10.2767    10.4187   
15.3082    6.0979    
17.1374    5.3015    
16.1792    24.2094   
2.2205     13.9935   

# Frame119

# x        y
3.0524     4.0897    
10.2767    10.4187   
15.3082    6.0979    
17.1374    5.3015    
16.1352    24.1969   
2.2283     13.9390   

# Frame120

# x        y
3.0524     4.0897    
10.2767    10.4187   
15.3082    6.0979    
17.1374    5.3015    
16.0919    24.1847   
2.2360     13.8854   

# Frame121

# x        y
3.0524     4.0897    
10.2767    10.4187   
15.3082    6.0979    
17.1374    5.3015    
16.0493    24.1726   
2.2436     13.8327   

# Frame122

# x        y
3.0524     4.0897    
10.2767    10.4187   
15.3082    6.0979    
17.1374    5.3015    
16.0074    24.1608   
2.2511     13.7809   

# Frame123

# x        y
3.0524     4.0897    
10.2767    10.4187   
15.3082    6.0979    
17.1374    5.3015    
15.9662    24.1492   
2.2585     13.7299   

# Frame124

# x        y
3.0524     4.0897    
10.2767    10.4187   
15.3082    6.0979    
17.1374    5.3015    
15.9257    24.1377   
2.2657     13.6798   

# Frame125

# x        y
3.0524     4.0897    
10.2767    10.4187   
15.3082    6.0979    
17.1374    5.3015    
15.8858    24.1264   
2.2728     13.6305   

# Frame126

# x        y
3.0524     4.0897    
10.2767    10.4187   
15.3082    6.0979    
17.1374    5.3015    
15.8467    24.1154   
2.2798     13.5821   

# Frame127

# x        y
3.0524     4.0897    
10.2767    10.4187   
15.3082    6.0979    
17.1374    5.3015    
15.8082    24.1045   
2.2866     13.5344   

# Frame128

# x        y
3.0524     4.0897    
10.2767    10.4187   
15.3082    6.0979    
17.1374    5.3015    
15.7703    24.0938   
2.2934     13.4876   

# Frame129

# x        y
3.0524     4.0897    
10.2767    10.4187   
15.3082    6.0979    
17.1374    5.3015    
15.7331    24.0833   
2.3000     13.4415   

# Frame130

# x        y
3.0524     4.0897    
10.2767    10.4187   
15.3082    6.0979    
17.1374    5.3015    
15.6964    24.0729   
2.3066     13.3962   

# Frame131

# x        y
3.0524     4.0897    
10.2767    10.4187   
15.3082    6.0979    
17.1374    5.3015    
15.6604    24.0628   
2.3130     13.3516   

# Frame132

# x        y
3.0524     4.0897    
10.2767    10.4187   
15.3082    6.0979    
17.1374    5.3015    
15.6250    24.0527   
2.3193     13.3078   

# Frame133

# x        y
3.0524     4.0897    
10.2767    10.4187   
15.3082    6.0979    
17.1374    5.3015    
15.5902    24.0429   
2.3255     13.2647   

# Frame134

# x        y
3.0524     4.0897    
10.2767    10.4187   
15.3082    6.0979    
17.1374    5.3015    
15.5560    24.0332   
2.3316     13.2224   

# Frame135

# x        y
3.0524     4.0897    
10.2767    10.4187   
15.3082    6.0979    
17.1374    5.3015    
15.5223    24.0237   
2.3376     13.1807   

# Frame136

# x        y
3.0524     4.0897    
10.2767    10.4187   
15.3082    6.0979    
17.1374    5.3015    
15.4892    24.0144   
2.3435     13.1398   

# Frame137

# x        y
3.0524     4.0897    
10.2767    10.4187   
15.3082    6.0979    
17.1374    5.3015    
15.4566    24.0052   
2.3493     13.0995   

# Frame138

# x        y
3.0524     4.0897    
10.2767    10.4187   
15.3082    6.0979    
17.1374    5.3015    
15.4246    23.9961   
2.3550     13.0599   

# Frame139

# x        y
3.0524     4.0897    
10.2767    10.4187   
15.3082    6.0979    
17.1374    5.3015    
15.3932    23.9872   
2.3607     13.0209   

# Frame140

# x        y
3.0524     4.0897    
10.2767    10.4187   
15.3082    6.0979    
17.1374    5.3015    
15.3622    23.9785   
2.3662     12.9826   

# Frame141

# x        y
3.0524     4.0897    
10.2767    10.4187   
15.3082    6.0979    
17.1374    5.3015    
15.3318    23.9699   
2.3716     12.9450   

# Frame142

# x        y
3.0524     4.0897    
10.2767    10.4187   
15.3082    6.0979    
17.1374    5.3015    
15.3018    23.9614   
2.3769     12.9080   

# Frame143

# x        y
3.0524     4.0897    
10.2767    10.4187   
15.3082    6.0979    
17.1374    5.3015    
15.2724    23.9531   
2.3822     12.8715   

# Frame144

# x        y
3.0524     4.0897    
10.2767    10.4187   
15.3082    6.0979    
17.1374    5.3015    
15.2435    23.9449   
2.3874     12.8357   

# Frame145

# x        y
3.0524     4.0897    
10.2767    10.4187   
15.3082    6.0979    
17.1374    5.3015    
15.2150    23.9369   
2.3924     12.8005   

# Frame146

# x        y
3.0524     4.0897    
10.2767    10.4187   
15.3082    6.0979    
17.1374    5.3015    
15.1870    23.9290   
2.3974     12.7659   

# Frame147

# x        y
3.0524     4.0897    
10.2767    10.4187   
15.3082    6.0979    
17.1374    5.3015    
15.1595    23.9212   
2.4023     12.7319   

# Frame148

# x        y
3.0524     4.0897    
10.2767    10.4187   
15.3082    6.0979    
17.1374    5.3015    
15.1324    23.9136   
2.4072     12.6984   

# Frame149

# x        y
3.0524     4.0897    
10.2767    10.4187   
15.3082    6.0979    
17.1374    5.3015    
15.1058    23.9060   
2.4119     12.6655   

# Frame150

# x        y
3.0524     4.0897    
10.2767    10.4187   
15.3082    6.0979    
17.1374    5.3015    
15.0797    23.8986   
2.4166     12.6331   

# Frame151

# x        y
3.0524     4.0897    
10.2767    10.4187   
15.3082    6.0979    
17.1374    5.3015    
15.0539    23.8914   
2.4212     12.6012   

# Frame152

# x        y
3.0524     4.0897    
10.2767    10.4187   
15.3082    6.0979    
17.1374    5.3015    
15.0287    23.8842   
2.4257     12.5699   

# Frame153

# x        y
3.0524     4.0897    
10.2767    10.4187   
15.3082    6.0979    
17.1374    5.3015    
15.0038    23.8772   
2.4301     12.5392   

# Frame154

# x        y
3.0524     4.0897    
10.2767    10.4187   
15.3082    6.0979    
17.1374    5.3015    
14.9793    23.8703   
2.4345     12.5089   

# Frame155

# x        y
3.0524     4.0897    
10.2767    10.4187   
15.3082    6.0979    
17.1374    5.3015    
14.9553    23.8635   
2.4388     12.4791   

# Frame156

# x        y
3.0524     4.0897    
10.2767    10.4187   
15.3082    6.0979    
17.1374    5.3015    
14.9316    23.8568   
2.4430     12.4499   

# Frame157

# x        y
3.0524     4.0897    
10.2767    10.4187   
15.3082    6.0979    
17.1374    5.3015    
14.9083    23.8502   
2.4471     12.4211   

# Frame158

# x        y
3.0524     4.0897    
10.2767    10.4187   
15.3082    6.0979    
17.1374    5.3015    
14.8855    23.8438   
2.4512     12.3928   

# Frame159

# x        y
3.0524     4.0897    
10.2767    10.4187   
15.3082    6.0979    
17.1374    5.3015    
14.8630    23.8374   
2.4552     12.3650   

# Frame160

# x        y
3.0524     4.0897    
10.2767    10.4187   
15.3082    6.0979    
17.1374    5.3015    
14.8409    23.8312   
2.4592     12.3376   

# Frame161

# x        y
3.0524     4.0897    
10.2767    10.4187   
15.3082    6.0979    
17.1374    5.3015    
14.8191    23.8250   
2.4630     12.3107   

# Frame162

# x        y
3.0524     4.0897    
10.2767    10.4187   
15.3082    6.0979    
17.1374    5.3015    
14.7977    23.8190   
2.4669     12.2842   

# Frame163

# x        y
3.0524     4.0897    
10.2767    10.4187   
15.3082    6.0979    
17.1374    5.3015    
14.7767    23.8130   
2.4706     12.2582   

# Frame164

# x        y
3.0524     4.0897    
10.2767    10.4187   
15.3082    6.0979    
17.1374    5.3015    
14.7560    23.8072   
2.4743     12.2326   

# Frame165

# x        y
3.0524     4.0897    
10.2767    10.4187   
15.3082    6.0979    
17.1374    5.3015    
14.7357    23.8014   
2.4779     12.2075   

# Frame166

# x        y
3.0524     4.0897    
10.2767    10.4187   
15.3082    6.0979    
17.1374    5.3015    
14.7157    23.7958   
2.4815     12.1827   

# Frame167

# x        y
3.0524     4.0897    
10.2767    10.4187   
15.3082    6.0979    
17.1374    5.3015    
14.6960    23.7902   
2.4850     12.1584   

# Frame168

# x        y
3.0524     4.0897    
10.2767    10.4187   
15.3082    6.0979    
17.1374    5.3015    
14.6767    23.7848   
2.4884     12.1345   

# Frame169

# x        y
3.0524     4.0897    
10.2767    10.4187   
15.3082    6.0979    
17.1374    5.3015    
14.6577    23.7794   
2.4918     12.1110   

# Frame170

# x        y
3.0524     4.0897    
10.2767    10.4187   
15.3082    6.0979    
17.1374    5.3015    
14.6390    23.7741   
2.4952     12.0878   

# Frame171

# x        y
3.0524     4.0897    
10.2767    10.4187   
15.3082    6.0979    
17.1374    5.3015    
14.6206    23.7689   
2.4984     12.0651   

# Frame172

# x        y
3.0524     4.0897    
10.2767    10.4187   
15.3082    6.0979    
17.1374    5.3015    
14.6025    23.7638   
2.5017     12.0427   

# Frame173

# x        y
3.0524     4.0897    
10.2767    10.4187   
15.3082    6.0979    
17.1374    5.3015    
14.5848    23.7588   
2.5048     12.0207   

# Frame174

# x        y
3.0524     4.0897    
10.2767    10.4187   
15.3082    6.0979    
17.1374    5.3015    
14.5673    23.7538   
2.5080     11.9991   

# Frame175

# x        y
3.0524     4.0897    
10.2767    10.4187   
15.3082    6.0979    
17.1374    5.3015    
14.5501    23.7490   
2.5110     11.9778   

# Frame176

# x        y
3.0524     4.0897    
10.2767    10.4187   
15.3082    6.0979    
17.1374    5.3015    
14.5332    23.7442   
2.5140     11.9569   

# Frame177

# x        y
3.0524     4.0897    
10.2767    10.4187   
15.3082    6.0979    
17.1374    5.3015    
14.5166    23.7395   
2.5170     11.9364   

# Frame178

# x        y
3.0524     4.0897    
10.2767    10.4187   
15.3082    6.0979    
17.1374    5.3015    
14.5002    23.7349   
2.5199     11.9161   

# Frame179

# x        y
3.0524     4.0897    
10.2767    10.4187   
15.3082    6.0979    
17.1374    5.3015    
14.4841    23.7303   
2.5228     11.8963   

# Frame180

# x        y
3.0524     4.0897    
10.2767    10.4187   
15.3082    6.0979    
17.1374    5.3015    
14.4683    23.7259   
2.5256     11.8767   

# Frame181

# x        y
3.0524     4.0897    
10.2767    10.4187   
15.3082    6.0979    
17.1374    5.3015    
14.4528    23.7215   
2.5284     11.8575   

# Frame182

# x        y
3.0524     4.0897    
10.2767    10.4187   
15.3082    6.0979    
17.1374    5.3015    
14.4375    23.7172   
2.5311     11.8386   

# Frame183

# x        y
3.0524     4.0897    
10.2767    10.4187   
15.3082    6.0979    
17.1374    5.3015    
14.4225    23.7129   
2.5338     11.8200   

# Frame184

# x        y
3.0524     4.0897    
10.2767    10.4187   
15.3082    6.0979    
17.1374    5.3015    
14.4077    23.7088   
2.5364     11.8017   

# Frame185

# x        y
3.0524     4.0897    
10.2767    10.4187   
15.3082    6.0979    
17.1374    5.3015    
14.3932    23.7046   
2.5390     11.7837   

# Frame186

# x        y
3.0524     4.0897    
10.2767    10.4187   
15.3082    6.0979    
17.1374    5.3015    
14.3789    23.7006   
2.5415     11.7660   

# Frame187

# x        y
3.0524     4.0897    
10.2767    10.4187   
15.3082    6.0979    
17.1374    5.3015    
14.3649    23.6966   
2.5441     11.7487   

# Frame188

# x        y
3.0524     4.0897    
10.2767    10.4187   
15.3082    6.0979    
17.1374    5.3015    
14.3510    23.6927   
2.5465     11.7316   

# Frame189

# x        y
3.0524     4.0897    
10.2767    10.4187   
15.3082    6.0979    
17.1374    5.3015    
14.3375    23.6889   
2.5489     11.7148   

# Frame190

# x        y
3.0524     4.0897    
10.2767    10.4187   
15.3082    6.0979    
17.1374    5.3015    
14.3241    23.6851   
2.5513     11.6982   

# Frame191

# x        y
3.0524     4.0897    
10.2767    10.4187   
15.3082    6.0979    
17.1374    5.3015    
14.3110    23.6814   
2.5537     11.6820   

# Frame192

# x        y
3.0524     4.0897    
10.2767    10.4187   
15.3082    6.0979    
17.1374    5.3015    
14.2980    23.6778   
2.5560     11.6660   

# Frame193

# x        y
3.0524     4.0897    
10.2767    10.4187   
15.3082    6.0979    
17.1374    5.3015    
14.2853    23.6742   
2.5582     11.6503   

# Frame194

# x        y
3.0524     4.0897    
10.2767    10.4187   
15.3082    6.0979    
17.1374    5.3015    
14.2729    23.6706   
2.5605     11.6348   

# Frame195

# x        y
3.0524     4.0897    
10.2767    10.4187   
15.3082    6.0979    
17.1374    5.3015    
14.2606    23.6672   
2.5627     11.6196   

# Frame196

# x        y
3.0524     4.0897    
10.2767    10.4187   
15.3082    6.0979    
17.1374    5.3015    
14.2485    23.6638   
2.5648     11.6047   

# Frame197

# x        y
3.0524     4.0897    
10.2767    10.4187   
15.3082    6.0979    
17.1374    5.3015    
14.2366    23.6604   
2.5669     11.5900   

# Frame198

# x        y
3.0524     4.0897    
10.2767    10.4187   
15.3082    6.0979    
17.1374    5.3015    
14.2249    23.6571   
2.5690     11.5756   

# Frame199

# x        y
3.0524     4.0897    
10.2767    10.4187   
15.3082    6.0979    
17.1374    5.3015    
14.2135    23.6539   
2.5711     11.5613   

# Frame200

# x        y
3.0524     4.0897    
10.2767    10.4187   
15.3082    6.0979    
17.1374    5.3015    
14.2022    23.6507   
2.5731     11.5474   

# Frame201

# x        y
3.0524     4.0897    
10.2767    10.4187   
15.3082    6.0979    
17.1374    5.3015    
14.1911    23.6475   
2.5750     11.5336   

# Frame202

# x        y
3.0524     4.0897    
10.2767    10.4187   
15.3082    6.0979    
17.1374    5.3015    
14.1802    23.6444   
2.5770     11.5201   

# Frame203

# x        y
3.0524     4.0897    
10.2767    10.4187   
15.3082    6.0979    
17.1374    5.3015    
14.1694    23.6414   
2.5789     11.5068   

# Frame204

# x        y
3.0524     4.0897    
10.2767    10.4187   
15.3082    6.0979    
17.1374    5.3015    
14.1589    23.6384   
2.5808     11.4938   

# Frame205

# x        y
3.0524     4.0897    
10.2767    10.4187   
15.3082    6.0979    
17.1374    5.3015    
14.1485    23.6355   
2.5826     11.4809   

# Frame206

# x        y
3.0524     4.0897    
10.2767    10.4187   
15.3082    6.0979    
17.1374    5.3015    
14.1383    23.6326   
2.5845     11.4683   

# Frame207

# x        y
3.0524     4.0897    
10.2767    10.4187   
15.3082    6.0979    
17.1374    5.3015    
14.1282    23.6298   
2.5863     11.4559   

# Frame208

# x        y
3.0524     4.0897    
10.2767    10.4187   
15.3082    6.0979    
17.1374    5.3015    
14.1184    23.6270   
2.5880     11.4437   

# Frame209

# x        y
3.0524     4.0897    
10.2767    10.4187   
15.3082    6.0979    
17.1374    5.3015    
14.1087    23.6242   
2.5897     11.4317   

# Frame210

# x        y
3.0524     4.0897    
10.2767    10.4187   
15.3082    6.0979    
17.1374    5.3015    
14.0991    23.6215   
2.5914     11.4199   

# Frame211

# x        y
3.0524     4.0897    
10.2767    10.4187   
15.3082    6.0979    
17.1374    5.3015    
14.0897    23.6189   
2.5931     11.4082   

# Frame212

# x        y
3.0524     4.0897    
10.2767    10.4187   
15.3082    6.0979    
17.1374    5.3015    
14.0805    23.6163   
2.5948     11.3968   

# Frame213

# x        y
3.0524     4.0897    
10.2767    10.4187   
15.3082    6.0979    
17.1374    5.3015    
14.0714    23.6137   
2.5964     11.3856   

# Frame214

# x        y
3.0524     4.0897    
10.2767    10.4187   
15.3082    6.0979    
17.1374    5.3015    
14.0625    23.6112   
2.5980     11.3746   

# Frame215

# x        y
3.0524     4.0897    
10.2767    10.4187   
15.3082    6.0979    
17.1374    5.3015    
14.0537    23.6087   
2.5995     11.3637   

# Frame216

# x        y
3.0524     4.0897    
10.2767    10.4187   
15.3082    6.0979    
17.1374    5.3015    
14.0451    23.6063   
2.6011     11.3530   

# Frame217

# x        y
3.0524     4.0897    
10.2767    10.4187   
15.3082    6.0979    
17.1374    5.3015    
14.0366    23.6039   
2.6026     11.3425   

# Frame218

# x        y
3.0524     4.0897    
10.2767    10.4187   
15.3082    6.0979    
17.1374    5.3015    
14.0283    23.6015   
2.6041     11.3322   

# Frame219

# x        y
3.0524     4.0897    
10.2767    10.4187   
15.3082    6.0979    
17.1374    5.3015    
14.0201    23.5992   
2.6055     11.3221   

# Frame220

# x        y
3.0524     4.0897    
10.2767    10.4187   
15.3082    6.0979    
17.1374    5.3015    
14.0120    23.5969   
2.6070     11.3121   

# Frame221

# x        y
3.0524     4.0897    
10.2767    10.4187   
15.3082    6.0979    
17.1374    5.3015    
14.0041    23.5947   
2.6084     11.3023   

# Frame222

# x        y
3.0524     4.0897    
10.2767    10.4187   
15.3082    6.0979    
17.1374    5.3015    
13.9963    23.5925   
2.6098     11.2926   

# Frame223

# x        y
3.0524     4.0897    
10.2767    10.4187   
15.3082    6.0979    
17.1374    5.3015    
13.9886    23.5903   
2.6112     11.2831   

# Frame224

# x        y
3.0524     4.0897    
10.2767    10.4187   
15.3082    6.0979    
17.1374    5.3015    
13.9810    23.5882   
2.6125     11.2738   

# Frame225

# x        y
3.0524     4.0897    
10.2767    10.4187   
15.3082    6.0979    
17.1374    5.3015    
13.9736    23.5861   
2.6138     11.2646   

# Frame226

# x        y
3.0524     4.0897    
10.2767    10.4187   
15.3082    6.0979    
17.1374    5.3015    
13.9663    23.5840   
2.6151     11.2556   

# Frame227

# x        y
3.0524     4.0897    
10.2767    10.4187   
15.3082    6.0979    
17.1374    5.3015    
13.9592    23.5820   
2.6164     11.2467   

# Frame228

# x        y
3.0524     4.0897    
10.2767    10.4187   
15.3082    6.0979    
17.1374    5.3015    
13.9521    23.5800   
2.6177     11.2380   

# Frame229

# x        y
3.0524     4.0897    
10.2767    10.4187   
15.3082    6.0979    
17.1374    5.3015    
13.9452    23.5780   
2.6189     11.2294   

# Frame230

# x        y
3.0524     4.0897    
10.2767    10.4187   
15.3082    6.0979    
17.1374    5.3015    
13.9383    23.5761   
2.6201     11.2210   

# Frame231

# x        y
3.0524     4.0897    
10.2767    10.4187   
15.3082    6.0979    
17.1374    5.3015    
13.9316    23.5742   
2.6213     11.2127   

# Frame232

# x        y
3.0524     4.0897    
10.2767    10.4187   
15.3082    6.0979    
17.1374    5.3015    
13.9250    23.5724   
2.6225     11.2045   

# Frame233

# x        y
3.0524     4.0897    
10.2767    10.4187   
15.3082    6.0979    
17.1374    5.3015    
13.9186    23.5705   
2.6236     11.1965   

# Frame234

# x        y
3.0524     4.0897    
10.2767    10.4187   
15.3082    6.0979    
17.1374    5.3015    
13.9122    23.5687   
2.6248     11.1886   

# Frame235

# x        y
3.0524     4.0897    
10.2767    10.4187   
15.3082    6.0979    
17.1374    5.3015    
13.9059    23.5669   
2.6259     11.1808   

# Frame236

# x        y
3.0524     4.0897    
10.2767    10.4187   
15.3082    6.0979    
17.1374    5.3015    
13.8998    23.5652   
2.6270     11.1732   

# Frame237

# x        y
3.0524     4.0897    
10.2767    10.4187   
15.3082    6.0979    
17.1374    5.3015    
13.8937    23.5635   
2.6281     11.1657   

# Frame238

# x        y
3.0524     4.0897    
10.2767    10.4187   
15.3082    6.0979    
17.1374    5.3015    
13.8877    23.5618   
2.6291     11.1583   

# Frame239

# x        y
3.0524     4.0897    
10.2767    10.4187   
15.3082    6.0979    
17.1374    5.3015    
13.8819    23.5602   
2.6302     11.1511   

# Frame240

# x        y
3.0524     4.0897    
10.2767    10.4187   
15.3082    6.0979    
17.1374    5.3015    
13.8761    23.5585   
2.6312     11.1439   

# Frame241

# x        y
3.0524     4.0897    
10.2767    10.4187   
15.3082    6.0979    
17.1374    5.3015    
13.8704    23.5569   
2.6322     11.1369   

# Frame242

# x        y
3.0524     4.0897    
10.2767    10.4187   
15.3082    6.0979    
17.1374    5.3015    
13.8649    23.5553   
2.6332     11.1300   

# Frame243

# x        y
3.0524     4.0897    
10.2767    10.4187   
15.3082    6.0979    
17.1374    5.3015    
13.8594    23.5538   
2.6342     11.1232   

# Frame244

# x        y
3.0524     4.0897    
10.2767    10.4187   
15.3082    6.0979    
17.1374    5.3015    
13.8540    23.5523   
2.6352     11.1166   

# Frame245

# x        y
3.0524     4.0897    
10.2767    10.4187   
15.3082    6.0979    
17.1374    5.3015    
13.8487    23.5508   
2.6361     11.1100   

# Frame246

# x        y
3.0524     4.0897    
10.2767    10.4187   
15.3082    6.0979    
17.1374    5.3015    
13.8435    23.5493   
2.6370     11.1036   

# Frame247

# x        y
3.0524     4.0897    
10.2767    10.4187   
15.3082    6.0979    
17.1374    5.3015    
13.8383    23.5479   
2.6380     11.0972   

# Frame248

# x        y
3.0524     4.0897    
10.2767    10.4187   
15.3082    6.0979    
17.1374    5.3015    
13.8333    23.5464   
2.6389     11.0910   

# Frame249

# x        y
3.0524     4.0897    
10.2767    10.4187   
15.3082    6.0979    
17.1374    5.3015    
13.8284    23.5450   
2.6397     11.0849   

# Frame250

# x        y
3.0524     4.0897    
10.2767    10.4187   
15.3082    6.0979    
17.1374    5.3015    
13.8235    23.5437   
2.6406     11.0788   

# Frame251

# x        y
3.0524     4.0897    
10.2767    10.4187   
15.3082    6.0979    
17.1374    5.3015    
13.8187    23.5423   
2.6415     11.0729   

# Frame252

# x        y
3.0524     4.0897    
10.2767    10.4187   
15.3082    6.0979    
17.1374    5.3015    
13.8140    23.5410   
2.6423     11.0671   

# Frame253

# x        y
3.0524     4.0897    
10.2767    10.4187   
15.3082    6.0979    
17.1374    5.3015    
13.8093    23.5397   
2.6431     11.0613   

# Frame254

# x        y
3.0524     4.0897    
10.2767    10.4187   
15.3082    6.0979    
17.1374    5.3015    
13.8048    23.5384   
2.6439     11.0557   

# Frame255

# x        y
3.0524     4.0897    
10.2767    10.4187   
15.3082    6.0979    
17.1374    5.3015    
13.8003    23.5371   
2.6447     11.0502   

# Frame256

# x        y
3.0524     4.0897    
10.2767    10.4187   
15.3082    6.0979    
17.1374    5.3015    
13.7959    23.5359   
2.6455     11.0447   

# Frame257

# x        y
3.0524     4.0897    
10.2767    10.4187   
15.3082    6.0979    
17.1374    5.3015    
13.7916    23.5346   
2.6463     11.0394   

# Frame258

# x        y
3.0524     4.0897    
10.2767    10.4187   
15.3082    6.0979    
17.1374    5.3015    
13.7873    23.5334   
2.6471     11.0341   

# Frame259

# x        y
3.0524     4.0897    
10.2767    10.4187   
15.3082    6.0979    
17.1374    5.3015    
13.7831    23.5322   
2.6478     11.0289   

# Frame260

# x        y
3.0524     4.0897    
10.2767    10.4187   
15.3082    6.0979    
17.1374    5.3015    
13.7790    23.5311   
2.6485     11.0238   

# Frame261

# x        y
3.0524     4.0897    
10.2767    10.4187   
15.3082    6.0979    
17.1374    5.3015    
13.7750    23.5299   
2.6493     11.0188   

# Frame262

# x        y
3.0524     4.0897    
10.2767    10.4187   
15.3082    6.0979    
17.1374    5.3015    
13.7710    23.5288   
2.6500     11.0139   

# Frame263

# x        y
3.0524     4.0897    
10.2767    10.4187   
15.3082    6.0979    
17.1374    5.3015    
13.7671    23.5277   
2.6507     11.0090   

# Frame264

# x        y
3.0524     4.0897    
10.2767    10.4187   
15.3082    6.0979    
17.1374    5.3015    
13.7632    23.5266   
2.6514     11.0043   

# Frame265

# x        y
3.0524     4.0897    
10.2767    10.4187   
15.3082    6.0979    
17.1374    5.3015    
13.7594    23.5255   
2.6520     10.9996   

# Frame266

# x        y
3.0524     4.0897    
10.2767    10.4187   
15.3082    6.0979    
17.1374    5.3015    
13.7557    23.5245   
2.6527     10.9950   

# Frame267

# x        y
3.0524     4.0897    
10.2767    10.4187   
15.3082    6.0979    
17.1374    5.3015    
13.7520    23.5235   
2.6534     10.9904   

# Frame268

# x        y
3.0524     4.0897    
10.2767    10.4187   
15.3082    6.0979    
17.1374    5.3015    
13.7484    23.5224   
2.6540     10.9860   

# Frame269

# x        y
3.0524     4.0897    
10.2767    10.4187   
15.3082    6.0979    
17.1374    5.3015    
13.7449    23.5214   
2.6546     10.9816   

# Frame270

# x        y
3.0524     4.0897    
10.2767    10.4187   
15.3082    6.0979    
17.1374    5.3015    
13.7414    23.5205   
2.6552     10.9773   

# Frame271

# x        y
3.0524     4.0897    
10.2767    10.4187   
15.3082    6.0979    
17.1374    5.3015    
13.7380    23.5195   
2.6559     10.9731   

# Frame272

# x        y
3.0524     4.0897    
10.2767    10.4187   
15.3082    6.0979    
17.1374    5.3015    
13.7346    23.5185   
2.6565     10.9689   

# Frame273

# x        y
3.0524     4.0897    
10.2767    10.4187   
15.3082    6.0979    
17.1374    5.3015    
13.7313    23.5176   
2.6570     10.9648   

# Frame274

# x        y
3.0524     4.0897    
10.2767    10.4187   
15.3082    6.0979    
17.1374    5.3015    
13.7281    23.5167   
2.6576     10.9608   

# Frame275

# x        y
3.0524     4.0897    
10.2767    10.4187   
15.3082    6.0979    
17.1374    5.3015    
13.7248    23.5158   
2.6582     10.9568   

# Frame276

# x        y
3.0524     4.0897    
10.2767    10.4187   
15.3082    6.0979    
17.1374    5.3015    
13.7217    23.5149   
2.6588     10.9529   

# Frame277

# x        y
3.0524     4.0897    
10.2767    10.4187   
15.3082    6.0979    
17.1374    5.3015    
13.7186    23.5140   
2.6593     10.9491   

# Frame278

# x        y
3.0524     4.0897    
10.2767    10.4187   
15.3082    6.0979    
17.1374    5.3015    
13.7156    23.5132   
2.6599     10.9453   

# Frame279

# x        y
3.0524     4.0897    
10.2767    10.4187   
15.3082    6.0979    
17.1374    5.3015    
13.7126    23.5123   
2.6604     10.9416   

# Frame280

# x        y
3.0524     4.0897    
10.2767    10.4187   
15.3082    6.0979    
17.1374    5.3015    
13.7096    23.5115   
2.6609     10.9380   

# Frame281

# x        y
3.0524     4.0897    
10.2767    10.4187   
15.3082    6.0979    
17.1374    5.3015    
13.7067    23.5107   
2.6614     10.9344   

# Frame282

# x        y
3.0524     4.0897    
10.2767    10.4187   
15.3082    6.0979    
17.1374    5.3015    
13.7039    23.5099   
2.6619     10.9309   

# Frame283

# x        y
3.0524     4.0897    
10.2767    10.4187   
15.3082    6.0979    
17.1374    5.3015    
13.7011    23.5091   
2.6624     10.9274   

# Frame284

# x        y
3.0524     4.0897    
10.2767    10.4187   
15.3082    6.0979    
17.1374    5.3015    
13.6983    23.5083   
2.6629     10.9240   

# Frame285

# x        y
3.0524     4.0897    
10.2767    10.4187   
15.3082    6.0979    
17.1374    5.3015    
13.6956    23.5075   
2.6634     10.9206   

# Frame286

# x        y
3.0524     4.0897    
10.2767    10.4187   
15.3082    6.0979    
17.1374    5.3015    
13.6930    23.5068   
2.6639     10.9174   

# Frame287

# x        y
3.0524     4.0897    
10.2767    10.4187   
15.3082    6.0979    
17.1374    5.3015    
13.6904    23.5060   
2.6644     10.9141   

# Frame288

# x        y
3.0524     4.0897    
10.2767    10.4187   
15.3082    6.0979    
17.1374    5.3015    
13.6878    23.5053   
2.6648     10.9109   

# Frame289

# x        y
3.0524     4.0897    
10.2767    10.4187   
15.3082    6.0979    
17.1374    5.3015    
13.6852    23.5046   
2.6653     10.9078   

# Frame290

# x        y
3.0524     4.0897    
10.2767    10.4187   
15.3082    6.0979    
17.1374    5.3015    
13.6828    23.5039   
2.6657     10.9047   

# Frame291

# x        y
3.0524     4.0897    
10.2767    10.4187   
15.3082    6.0979    
17.1374    5.3015    
13.6803    23.5032   
2.6661     10.9017   

# Frame292

# x        y
3.0524     4.0897    
10.2767    10.4187   
15.3082    6.0979    
17.1374    5.3015    
13.6779    23.5025   
2.6666     10.8987   

# Frame293

# x        y
3.0524     4.0897    
10.2767    10.4187   
15.3082    6.0979    
17.1374    5.3015    
13.6755    23.5018   
2.6670     10.8958   

# Frame294

# x        y
3.0524     4.0897    
10.2767    10.4187   
15.3082    6.0979    
17.1374    5.3015    
13.6732    23.5012   
2.6674     10.8929   

# Frame295

# x        y
3.0524     4.0897    
10.2767    10.4187   
15.3082    6.0979    
17.1374    5.3015    
13.6709    23.5005   
2.6678     10.8901   

# Frame296

# x        y
3.0524     4.0897    
10.2767    10.4187   
15.3082    6.0979    
17.1374    5.3015    
13.6687    23.4999   
2.6682     10.8873   

# Frame297

# x        y
3.0524     4.0897    
10.2767    10.4187   
15.3082    6.0979    
17.1374    5.3015    
13.6665    23.4993   
2.6686     10.8846   

# Frame298

# x        y
3.0524     4.0897    
10.2767    10.4187   
15.3082    6.0979    
17.1374    5.3015    
13.6643    23.4987   
2.6690     10.8819   

# Frame299

# x        y
3.0524     4.0897    
10.2767    10.4187   
15.3082    6.0979    
17.1374    5.3015    
13.6622    23.4981   
2.6694     10.8792   

# Frame300

# x        y
3.0524     4.0897    
10.2767    10.4187   
15.3082    6.0979    
17.1374    5.3015    
13.6601    23.4975   
2.6698     10.8766   

# Frame301

# x        y
3.0524     4.0897    
10.2767    10.4187   
15.3082    6.0979    
17.1374    5.3015    
13.6580    23.4969   
2.6701     10.8741   

# Frame302

# x        y
3.0524     4.0897    
10.2767    10.4187   
15.3082    6.0979    
17.1374    5.3015    
13.6560    23.4963   
2.6705     10.8716   

# Frame303

# x        y
3.0524     4.0897    
10.2767    10.4187   
15.3082    6.0979    
17.1374    5.3015    
13.6540    23.4957   
2.6708     10.8691   

# Frame304

# x        y
3.0524     4.0897    
10.2767    10.4187   
15.3082    6.0979    
17.1374    5.3015    
13.6520    23.4952   
2.6712     10.8666   

# Frame305

# x        y
3.0524     4.0897    
10.2767    10.4187   
15.3082    6.0979    
17.1374    5.3015    
13.6501    23.4946   
2.6715     10.8643   

# Frame306

# x        y
3.0524     4.0897    
10.2767    10.4187   
15.3082    6.0979    
17.1374    5.3015    
13.6482    23.4941   
2.6719     10.8619   

# Frame307

# x        y
3.0524     4.0897    
10.2767    10.4187   
15.3082    6.0979    
17.1374    5.3015    
13.6463    23.4936   
2.6722     10.8596   

# Frame308

# x        y
3.0524     4.0897    
10.2767    10.4187   
15.3082    6.0979    
17.1374    5.3015    
13.6444    23.4931   
2.6725     10.8573   

# Frame309

# x        y
3.0524     4.0897    
10.2767    10.4187   
15.3082    6.0979    
17.1374    5.3015    
13.6426    23.4925   
2.6729     10.8551   

# Frame310

# x        y
3.0524     4.0897    
10.2767    10.4187   
15.3082    6.0979    
17.1374    5.3015    
13.6409    23.4920   
2.6732     10.8529   

# Frame311

# x        y
3.0524     4.0897    
10.2767    10.4187   
15.3082    6.0979    
17.1374    5.3015    
13.6391    23.4916   
2.6735     10.8507   

# Frame312

# x        y
3.0524     4.0897    
10.2767    10.4187   
15.3082    6.0979    
17.1374    5.3015    
13.6374    23.4911   
2.6738     10.8486   

# Frame313

# x        y
3.0524     4.0897    
10.2767    10.4187   
15.3082    6.0979    
17.1374    5.3015    
13.6357    23.4906   
2.6741     10.8465   

# Frame314

# x        y
3.0524     4.0897    
10.2767    10.4187   
15.3082    6.0979    
17.1374    5.3015    
13.6340    23.4901   
2.6744     10.8444   

# Frame315

# x        y
3.0524     4.0897    
10.2767    10.4187   
15.3082    6.0979    
17.1374    5.3015    
13.6324    23.4897   
2.6747     10.8424   

# Frame316

# x        y
3.0524     4.0897    
10.2767    10.4187   
15.3082    6.0979    
17.1374    5.3015    
13.6308    23.4892   
2.6750     10.8404   

# Frame317

# x        y
3.0524     4.0897    
10.2767    10.4187   
15.3082    6.0979    
17.1374    5.3015    
13.6292    23.4888   
2.6753     10.8385   

# Frame318

# x        y
3.0524     4.0897    
10.2767    10.4187   
15.3082    6.0979    
17.1374    5.3015    
13.6277    23.4883   
2.6755     10.8366   

# Frame319

# x        y
3.0524     4.0897    
10.2767    10.4187   
15.3082    6.0979    
17.1374    5.3015    
13.6261    23.4879   
2.6758     10.8347   

# Frame320

# x        y
3.0524     4.0897    
10.2767    10.4187   
15.3082    6.0979    
17.1374    5.3015    
13.6246    23.4875   
2.6761     10.8328   

# Frame321

# x        y
3.0524     4.0897    
10.2767    10.4187   
15.3082    6.0979    
17.1374    5.3015    
13.6232    23.4870   
2.6763     10.8310   

# Frame322

# x        y
3.0524     4.0897    
10.2767    10.4187   
15.3082    6.0979    
17.1374    5.3015    
13.6217    23.4866   
2.6766     10.8292   

# Frame323

# x        y
3.0524     4.0897    
10.2767    10.4187   
15.3082    6.0979    
17.1374    5.3015    
13.6203    23.4862   
2.6768     10.8274   

# Frame324

# x        y
3.0524     4.0897    
10.2767    10.4187   
15.3082    6.0979    
17.1374    5.3015    
13.6189    23.4858   
2.6771     10.8257   

# Frame325

# x        y
3.0524     4.0897    
10.2767    10.4187   
15.3082    6.0979    
17.1374    5.3015    
13.6175    23.4854   
2.6773     10.8240   

# Frame326

# x        y
3.0524     4.0897    
10.2767    10.4187   
15.3082    6.0979    
17.1374    5.3015    
13.6161    23.4851   
2.6776     10.8223   

# Frame327

# x        y
3.0524     4.0897    
10.2767    10.4187   
15.3082    6.0979    
17.1374    5.3015    
13.6148    23.4847   
2.6778     10.8206   

# Frame328

# x        y
3.0524     4.0897    
10.2767    10.4187   
15.3082    6.0979    
17.1374    5.3015    
13.6135    23.4843   
2.6781     10.8190   

# Frame329

# x        y
3.0524     4.0897    
10.2767    10.4187   
15.3082    6.0979    
17.1374    5.3015    
13.6122    23.4839   
2.6783     10.8174   

# Frame330

# x        y
3.0524     4.0897    
10.2767    10.4187   
15.3082    6.0979    
17.1374    5.3015    
13.6109    23.4836   
2.6785     10.8158   

# Frame331

# x        y
3.0524     4.0897    
10.2767    10.4187   
15.3082    6.0979    
17.1374    5.3015    
13.6097    23.4832   
2.6787     10.8143   

# Frame332

# x        y
3.0524     4.0897    
10.2767    10.4187   
15.3082    6.0979    
17.1374    5.3015    
13.6084    23.4829   
2.6790     10.8128   

# Frame333

# x        y
3.0524     4.0897    
10.2767    10.4187   
15.3082    6.0979    
17.1374    5.3015    
13.6072    23.4825   
2.6792     10.8113   

# Frame334

# x        y
3.0524     4.0897    
10.2767    10.4187   
15.3082    6.0979    
17.1374    5.3015    
13.6060    23.4822   
2.6794     10.8098   

# Frame335

# x        y
3.0524     4.0897    
10.2767    10.4187   
15.3082    6.0979    
17.1374    5.3015    
13.6049    23.4819   
2.6796     10.8084   

# Frame336

# x        y
3.0524     4.0897    
10.2767    10.4187   
15.3082    6.0979    
17.1374    5.3015    
13.6037    23.4816   
2.6798     10.8069   

# Frame337

# x        y
3.0524     4.0897    
10.2767    10.4187   
15.3082    6.0979    
17.1374    5.3015    
13.6026    23.4812   
2.6800     10.8055   

# Frame338

# x        y
3.0524     4.0897    
10.2767    10.4187   
15.3082    6.0979    
17.1374    5.3015    
13.6015    23.4809   
2.6802     10.8042   

# Frame339

# x        y
3.0524     4.0897    
10.2767    10.4187   
15.3082    6.0979    
17.1374    5.3015    
13.6004    23.4806   
2.6804     10.8028   

# Frame340

# x        y
3.0524     4.0897    
10.2767    10.4187   
15.3082    6.0979    
17.1374    5.3015    
13.5993    23.4803   
2.6806     10.8015   

# Frame341

# x        y
3.0524     4.0897    
10.2767    10.4187   
15.3082    6.0979    
17.1374    5.3015    
13.5983    23.4800   
2.6808     10.8002   

# Frame342

# x        y
3.0524     4.0897    
10.2767    10.4187   
15.3082    6.0979    
17.1374    5.3015    
13.5972    23.4797   
2.6810     10.7989   

# Frame343

# x        y
3.0524     4.0897    
10.2767    10.4187   
15.3082    6.0979    
17.1374    5.3015    
13.5962    23.4794   
2.6811     10.7976   

# Frame344

# x        y
3.0524     4.0897    
10.2767    10.4187   
15.3082    6.0979    
17.1374    5.3015    
13.5952    23.4791   
2.6813     10.7964   

# Frame345

# x        y
3.0524     4.0897    
10.2767    10.4187   
15.3082    6.0979    
17.1374    5.3015    
13.5942    23.4789   
2.6815     10.7952   

# Frame346

# x        y
3.0524     4.0897    
10.2767    10.4187   
15.3082    6.0979    
17.1374    5.3015    
13.5933    23.4786   
2.6817     10.7940   

# Frame347

# x        y
3.0524     4.0897    
10.2767    10.4187   
15.3082    6.0979    
17.1374    5.3015    
13.5923    23.4783   
2.6818     10.7928   

# Frame348

# x        y
3.0524     4.0897    
10.2767    10.4187   
15.3082    6.0979    
17.1374    5.3015    
13.5914    23.4781   
2.6820     10.7916   

# Frame349

# x        y
3.0524     4.0897    
10.2767    10.4187   
15.3082    6.0979    
17.1374    5.3015    
13.5904    23.4778   
2.6822     10.7905   

# Frame350

# x        y
3.0524     4.0897    
10.2767    10.4187   
15.3082    6.0979    
17.1374    5.3015    
13.5895    23.4775   
2.6823     10.7894   

# Frame351

# x        y
3.0524     4.0897    
10.2767    10.4187   
15.3082    6.0979    
17.1374    5.3015    
13.5886    23.4773   
2.6825     10.7883   

# Frame352

# x        y
3.0524     4.0897    
10.2767    10.4187   
15.3082    6.0979    
17.1374    5.3015    
13.5878    23.4770   
2.6826     10.7872   

# Frame353

# x        y
3.0524     4.0897    
10.2767    10.4187   
15.3082    6.0979    
17.1374    5.3015    
13.5869    23.4768   
2.6828     10.7861   

# Frame354

# x        y
3.0524     4.0897    
10.2767    10.4187   
15.3082    6.0979    
17.1374    5.3015    
13.5860    23.4766   
2.6830     10.7851   

# Frame355

# x        y
3.0524     4.0897    
10.2767    10.4187   
15.3082    6.0979    
17.1374    5.3015    
13.5852    23.4763   
2.6831     10.7840   

# Frame356

# x        y
3.0524     4.0897    
10.2767    10.4187   
15.3082    6.0979    
17.1374    5.3015    
13.5844    23.4761   
2.6832     10.7830   

# Frame357

# x        y
3.0524     4.0897    
10.2767    10.4187   
15.3082    6.0979    
17.1374    5.3015    
13.5836    23.4759   
2.6834     10.7820   

# Frame358

# x        y
3.0524     4.0897    
10.2767    10.4187   
15.3082    6.0979    
17.1374    5.3015    
13.5828    23.4756   
2.6835     10.7810   

# Frame359

# x        y
3.0524     4.0897    
10.2767    10.4187   
15.3082    6.0979    
17.1374    5.3015    
13.5820    23.4754   
2.6837     10.7801   

# Frame360

# x        y
3.0524     4.0897    
10.2767    10.4187   
15.3082    6.0979    
17.1374    5.3015    
13.5812    23.4752   
2.6838     10.7791   

# Frame361

# x        y
3.0524     4.0897    
10.2767    10.4187   
15.3082    6.0979    
17.1374    5.3015    
13.5805    23.4750   
2.6839     10.7782   

# Frame362

# x        y
3.0524     4.0897    
10.2767    10.4187   
15.3082    6.0979    
17.1374    5.3015    
13.5797    23.4748   
2.6841     10.7773   

# Frame363

# x        y
3.0524     4.0897    
10.2767    10.4187   
15.3082    6.0979    
17.1374    5.3015    
13.5790    23.4746   
2.6842     10.7764   

# Frame364

# x        y
3.0524     4.0897    
10.2767    10.4187   
15.3082    6.0979    
17.1374    5.3015    
13.5783    23.4744   
2.6843     10.7755   

# Frame365

# x        y
3.0524     4.0897    
10.2767    10.4187   
15.3082    6.0979    
17.1374    5.3015    
13.5776    23.4742   
2.6845     10.7746   

# Frame366

# x        y
3.0524     4.0897    
10.2767    10.4187   
15.3082    6.0979    
17.1374    5.3015    
13.5769    23.4740   
2.6846     10.7737   

# Frame367

# x        y
3.0524     4.0897    
10.2767    10.4187   
15.3082    6.0979    
17.1374    5.3015    
13.5762    23.4738   
2.6847     10.7729   

# Frame368

# x        y
3.0524     4.0897    
10.2767    10.4187   
15.3082    6.0979    
17.1374    5.3015    
13.5755    23.4736   
2.6848     10.7721   

# Frame369

# x        y
3.0524     4.0897    
10.2767    10.4187   
15.3082    6.0979    
17.1374    5.3015    
13.5749    23.4734   
2.6849     10.7713   

# Frame370

# x        y
3.0524     4.0897    
10.2767    10.4187   
15.3082    6.0979    
17.1374    5.3015    
13.5742    23.4732   
2.6851     10.7705   

# Frame371

# x        y
3.0524     4.0897    
10.2767    10.4187   
15.3082    6.0979    
17.1374    5.3015    
13.5736    23.4730   
2.6852     10.7697   

# Frame372

# x        y
3.0524     4.0897    
10.2767    10.4187   
15.3082    6.0979    
17.1374    5.3015    
13.5730    23.4729   
2.6853     10.7689   

# Frame373

# x        y
3.0524     4.0897    
10.2767    10.4187   
15.3082    6.0979    
17.1374    5.3015    
13.5724    23.4727   
2.6854     10.7681   

# Frame374

# x        y
3.0524     4.0897    
10.2767    10.4187   
15.3082    6.0979    
17.1374    5.3015    
13.5718    23.4725   
2.6855     10.7674   

# Frame375

# x        y
3.0524     4.0897    
10.2767    10.4187   
15.3082    6.0979    
17.1374    5.3015    
13.5712    23.4723   
2.6856     10.7666   

# Frame376

# x        y
3.0524     4.0897    
10.2767    10.4187   
15.3082    6.0979    
17.1374    5.3015    
13.5706    23.4722   
2.6857     10.7659   

# Frame377

# x        y
3.0524     4.0897    
10.2767    10.4187   
15.3082    6.0979    
17.1374    5.3015    
13.5700    23.4720   
2.6858     10.7652   

# Frame378

# x        y
3.0524     4.0897    
10.2767    10.4187   
15.3082    6.0979    
17.1374    5.3015    
13.5694    23.4719   
2.6859     10.7645   

# Frame379

# x        y
3.0524     4.0897    
10.2767    10.4187   
15.3082    6.0979    
17.1374    5.3015    
13.5689    23.4717   
2.6860     10.7638   

# Frame380

# x        y
3.0524     4.0897    
10.2767    10.4187   
15.3082    6.0979    
17.1374    5.3015    
13.5683    23.4715   
2.6861     10.7631   

# Frame381

# x        y
3.0524     4.0897    
10.2767    10.4187   
15.3082    6.0979    
17.1374    5.3015    
13.5678    23.4714   
2.6862     10.7625   

# Frame382

# x        y
3.0524     4.0897    
10.2767    10.4187   
15.3082    6.0979    
17.1374    5.3015    
13.5673    23.4712   
2.6863     10.7618   

# Frame383

# x        y
3.0524     4.0897    
10.2767    10.4187   
15.3082    6.0979    
17.1374    5.3015    
13.5667    23.4711   
2.6864     10.7612   

# Frame384

# x        y
3.0524     4.0897    
10.2767    10.4187   
15.3082    6.0979    
17.1374    5.3015    
13.5662    23.4710   
2.6865     10.7605   

# Frame385

# x        y
3.0524     4.0897    
10.2767    10.4187   
15.3082    6.0979    
17.1374    5.3015    
13.5657    23.4708   
2.6866     10.7599   

# Frame386

# x        y
3.0524     4.0897    
10.2767    10.4187   
15.3082    6.0979    
17.1374    5.3015    
13.5652    23.4707   
2.6867     10.7593   

# Frame387

# x        y
3.0524     4.0897    
10.2767    10.4187   
15.3082    6.0979    
17.1374    5.3015    
13.5647    23.4705   
2.6868     10.7587   

# Frame388

# x        y
3.0524     4.0897    
10.2767    10.4187   
15.3082    6.0979    
17.1374    5.3015    
13.5643    23.4704   
2.6868     10.7581   

# Frame389

# x        y
3.0524     4.0897    
10.2767    10.4187   
15.3082    6.0979    
17.1374    5.3015    
13.5638    23.4703   
2.6869     10.7575   

# Frame390

# x        y
3.0524     4.0897    
10.2767    10.4187   
15.3082    6.0979    
17.1374    5.3015    
13.5633    23.4701   
2.6870     10.7569   

# Frame391

# x        y
3.0524     4.0897    
10.2767    10.4187   
15.3082    6.0979    
17.1374    5.3015    
13.5629    23.4700   
2.6871     10.7564   

# Frame392

# x        y
3.0524     4.0897    
10.2767    10.4187   
15.3082    6.0979    
17.1374    5.3015    
13.5624    23.4699   
2.6872     10.7558   

# Frame393

# x        y
3.0524     4.0897    
10.2767    10.4187   
15.3082    6.0979    
17.1374    5.3015    
13.5620    23.4698   
2.6872     10.7553   

# Frame394

# x        y
3.0524     4.0897    
10.2767    10.4187   
15.3082    6.0979    
17.1374    5.3015    
13.5615    23.4696   
2.6873     10.7547   

# Frame395

# x        y
3.0524     4.0897    
10.2767    10.4187   
15.3082    6.0979    
17.1374    5.3015    
13.5611    23.4695   
2.6874     10.7542   

# Frame396

# x        y
3.0524     4.0897    
10.2767    10.4187   
15.3082    6.0979    
17.1374    5.3015    
13.5607    23.4694   
2.6875     10.7537   

# Frame397

# x        y
3.0524     4.0897    
10.2767    10.4187   
15.3082    6.0979    
17.1374    5.3015    
13.5603    23.4693   
2.6875     10.7532   

# Frame398

# x        y
3.0524     4.0897    
10.2767    10.4187   
15.3082    6.0979    
17.1374    5.3015    
13.5599    23.4692   
2.6876     10.7527   

# Frame399

# x        y
3.0524     4.0897    
10.2767    10.4187   
15.3082    6.0979    
17.1374    5.3015    
13.5595    23.4690   
2.6877     10.7522   

# Frame400

# x        y
3.0524     4.0897    
10.2767    10.4187   
15.3082    6.0979    
17.1374    5.3015    
13.5591    23.4689   
2.6878     10.7517   

# Frame401

# x        y
3.0524     4.0897    
10.2767    10.4187   
15.3082    6.0979    
17.1374    5.3015    
13.5587    23.4688   
2.6878     10.7512   

# Frame402

# x        y
3.0524     4.0897    
10.2767    10.4187   
15.3082    6.0979    
17.1374    5.3015    
13.5583    23.4687   
2.6879     10.7508   

# Frame403

# x        y
3.0524     4.0897    
10.2767    10.4187   
15.3082    6.0979    
17.1374    5.3015    
13.5580    23.4686   
2.6880     10.7503   

# Frame404

# x        y
3.0524     4.0897    
10.2767    10.4187   
15.3082    6.0979    
17.1374    5.3015    
13.5576    23.4685   
2.6880     10.7499   

# Frame405

# x        y
3.0524     4.0897    
10.2767    10.4187   
15.3082    6.0979    
17.1374    5.3015    
13.5572    23.4684   
2.6881     10.7494   

# Frame406

# x        y
3.0524     4.0897    
10.2767    10.4187   
15.3082    6.0979    
17.1374    5.3015    
13.5569    23.4683   
2.6882     10.7490   

# Frame407

# x        y
3.0524     4.0897    
10.2767    10.4187   
15.3082    6.0979    
17.1374    5.3015    
13.5565    23.4682   
2.6882     10.7485   

# Frame408

# x        y
3.0524     4.0897    
10.2767    10.4187   
15.3082    6.0979    
17.1374    5.3015    
13.5562    23.4681   
2.6883     10.7481   

# Frame409

# x        y
3.0524     4.0897    
10.2767    10.4187   
15.3082    6.0979    
17.1374    5.3015    
13.5558    23.4680   
2.6883     10.7477   

# Frame410

# x        y
3.0524     4.0897    
10.2767    10.4187   
15.3082    6.0979    
17.1374    5.3015    
13.5555    23.4679   
2.6884     10.7473   

# Frame411

# x        y
3.0524     4.0897    
10.2767    10.4187   
15.3082    6.0979    
17.1374    5.3015    
13.5552    23.4678   
2.6885     10.7469   

# Frame412

# x        y
3.0524     4.0897    
10.2767    10.4187   
15.3082    6.0979    
17.1374    5.3015    
13.5549    23.4677   
2.6885     10.7465   

# Frame413

# x        y
3.0524     4.0897    
10.2767    10.4187   
15.3082    6.0979    
17.1374    5.3015    
13.5546    23.4677   
2.6886     10.7461   

# Frame414

# x        y
3.0524     4.0897    
10.2767    10.4187   
15.3082    6.0979    
17.1374    5.3015    
13.5542    23.4676   
2.6886     10.7457   

# Frame415

# x        y
3.0524     4.0897    
10.2767    10.4187   
15.3082    6.0979    
17.1374    5.3015    
13.5539    23.4675   
2.6887     10.7453   

# Frame416

# x        y
3.0524     4.0897    
10.2767    10.4187   
15.3082    6.0979    
17.1374    5.3015    
13.5536    23.4674   
2.6887     10.7450   

# Frame417

# x        y
3.0524     4.0897    
10.2767    10.4187   
15.3082    6.0979    
17.1374    5.3015    
13.5533    23.4673   
2.6888     10.7446   

# Frame418

# x        y
3.0524     4.0897    
10.2767    10.4187   
15.3082    6.0979    
17.1374    5.3015    
13.5531    23.4672   
2.6888     10.7443   

# Frame419

# x        y
3.0524     4.0897    
10.2767    10.4187   
15.3082    6.0979    
17.1374    5.3015    
13.5528    23.4672   
2.6889     10.7439   

# Frame420

# x        y
3.0524     4.0897    
10.2767    10.4187   
15.3082    6.0979    
17.1374    5.3015    
13.5525    23.4671   
2.6889     10.7436   

# Frame421

# x        y
3.0524     4.0897    
10.2767    10.4187   
15.3082    6.0979    
17.1374    5.3015    
13.5522    23.4670   
2.6890     10.7432   

# Frame422

# x        y
3.0524     4.0897    
10.2767    10.4187   
15.3082    6.0979    
17.1374    5.3015    
13.5519    23.4669   
2.6890     10.7429   

# Frame423

# x        y
3.0524     4.0897    
10.2767    10.4187   
15.3082    6.0979    
17.1374    5.3015    
13.5517    23.4668   
2.6891     10.7425   

# Frame424

# x        y
3.0524     4.0897    
10.2767    10.4187   
15.3082    6.0979    
17.1374    5.3015    
13.5514    23.4668   
2.6891     10.7422   

# Frame425

# x        y
3.0524     4.0897    
10.2767    10.4187   
15.3082    6.0979    
17.1374    5.3015    
13.5512    23.4667   
2.6892     10.7419   

# Frame426

# x        y
3.0524     4.0897    
10.2767    10.4187   
15.3082    6.0979    
17.1374    5.3015    
13.5509    23.4666   
2.6892     10.7416   

# Frame427

# x        y
3.0524     4.0897    
10.2767    10.4187   
15.3082    6.0979    
17.1374    5.3015    
13.5507    23.4666   
2.6893     10.7413   

# Frame428

# x        y
3.0524     4.0897    
10.2767    10.4187   
15.3082    6.0979    
17.1374    5.3015    
13.5504    23.4665   
2.6893     10.7410   

# Frame429

# x        y
3.0524     4.0897    
10.2767    10.4187   
15.3082    6.0979    
17.1374    5.3015    
13.5502    23.4664   
2.6894     10.7407   

# Frame430

# x        y
3.0524     4.0897    
10.2767    10.4187   
15.3082    6.0979    
17.1374    5.3015    
13.5499    23.4664   
2.6894     10.7404   

# Frame431

# x        y
3.0524     4.0897    
10.2767    10.4187   
15.3082    6.0979    
17.1374    5.3015    
13.5497    23.4663   
2.6894     10.7401   

# Frame432

# x        y
3.0524     4.0897    
10.2767    10.4187   
15.3082    6.0979    
17.1374    5.3015    
13.5495    23.4662   
2.6895     10.7398   

# Frame433

# x        y
3.0524     4.0897    
10.2767    10.4187   
15.3082    6.0979    
17.1374    5.3015    
13.5493    23.4662   
2.6895     10.7395   

# Frame434

# x        y
3.0524     4.0897    
10.2767    10.4187   
15.3082    6.0979    
17.1374    5.3015    
13.5490    23.4661   
2.6896     10.7393   

# Frame435

# x        y
3.0524     4.0897    
10.2767    10.4187   
15.3082    6.0979    
17.1374    5.3015    
13.5488    23.4660   
2.6896     10.7390   

# Frame436

# x        y
3.0524     4.0897    
10.2767    10.4187   
15.3082    6.0979    
17.1374    5.3015    
13.5486    23.4660   
2.6896     10.7387   

# Frame437

# x        y
3.0524     4.0897    
10.2767    10.4187   
15.3082    6.0979    
17.1374    5.3015    
13.5484    23.4659   
2.6897     10.7385   

# Frame438

# x        y
3.0524     4.0897    
10.2767    10.4187   
15.3082    6.0979    
17.1374    5.3015    
13.5482    23.4659   
2.6897     10.7382   

# Frame439

# x        y
3.0524     4.0897    
10.2767    10.4187   
15.3082    6.0979    
17.1374    5.3015    
13.5480    23.4658   
2.6897     10.7380   

# Frame440

# x        y
3.0524     4.0897    
10.2767    10.4187   
15.3082    6.0979    
17.1374    5.3015    
13.5478    23.4657   
2.6898     10.7377   

# Frame441

# x        y
3.0524     4.0897    
10.2767    10.4187   
15.3082    6.0979    
17.1374    5.3015    
13.5476    23.4657   
2.6898     10.7375   

# Frame442

# x        y
3.0524     4.0897    
10.2767    10.4187   
15.3082    6.0979    
17.1374    5.3015    
13.5474    23.4656   
2.6898     10.7372   

# Frame443

# x        y
3.0524     4.0897    
10.2767    10.4187   
15.3082    6.0979    
17.1374    5.3015    
13.5472    23.4656   
2.6899     10.7370   

# Frame444

# x        y
3.0524     4.0897    
10.2767    10.4187   
15.3082    6.0979    
17.1374    5.3015    
13.5470    23.4655   
2.6899     10.7368   

# Frame445

# x        y
3.0524     4.0897    
10.2767    10.4187   
15.3082    6.0979    
17.1374    5.3015    
13.5468    23.4655   
2.6899     10.7365   

# Frame446

# x        y
3.0524     4.0897    
10.2767    10.4187   
15.3082    6.0979    
17.1374    5.3015    
13.5466    23.4654   
2.6900     10.7363   

# Frame447

# x        y
3.0524     4.0897    
10.2767    10.4187   
15.3082    6.0979    
17.1374    5.3015    
13.5465    23.4654   
2.6900     10.7361   

# Frame448

# x        y
3.0524     4.0897    
10.2767    10.4187   
15.3082    6.0979    
17.1374    5.3015    
13.5463    23.4653   
2.6900     10.7359   

# Frame449

# x        y
3.0524     4.0897    
10.2767    10.4187   
15.3082    6.0979    
17.1374    5.3015    
13.5461    23.4653   
2.6901     10.7357   

# Frame450

# x        y
3.0524     4.0897    
10.2767    10.4187   
15.3082    6.0979    
17.1374    5.3015    
13.5460    23.4652   
2.6901     10.7355   

# Frame451

# x        y
3.0524     4.0897    
10.2767    10.4187   
15.3082    6.0979    
17.1374    5.3015    
13.5458    23.4652   
2.6901     10.7353   

# Frame452

# x        y
3.0524     4.0897    
10.2767    10.4187   
15.3082    6.0979    
17.1374    5.3015    
13.5456    23.4651   
2.6902     10.7351   

# Frame453

# x        y
3.0524     4.0897    
10.2767    10.4187   
15.3082    6.0979    
17.1374    5.3015    
13.5455    23.4651   
2.6902     10.7349   

# Frame454

# x        y
3.0524     4.0897    
10.2767    10.4187   
15.3082    6.0979    
17.1374    5.3015    
13.5453    23.4650   
2.6902     10.7347   

# Frame455

# x        y
3.0524     4.0897    
10.2767    10.4187   
15.3082    6.0979    
17.1374    5.3015    
13.5452    23.4650   
2.6902     10.7345   

# Frame456

# x        y
3.0524     4.0897    
10.2767    10.4187   
15.3082    6.0979    
17.1374    5.3015    
13.5450    23.4650   
2.6903     10.7343   

# Frame457

# x        y
3.0524     4.0897    
10.2767    10.4187   
15.3082    6.0979    
17.1374    5.3015    
13.5448    23.4649   
2.6903     10.7341   

# Frame458

# x        y
3.0524     4.0897    
10.2767    10.4187   
15.3082    6.0979    
17.1374    5.3015    
13.5447    23.4649   
2.6903     10.7339   

# Frame459

# x        y
3.0524     4.0897    
10.2767    10.4187   
15.3082    6.0979    
17.1374    5.3015    
13.5446    23.4648   
2.6904     10.7337   

# Frame460

# x        y
3.0524     4.0897    
10.2767    10.4187   
15.3082    6.0979    
17.1374    5.3015    
13.5444    23.4648   
2.6904     10.7336   

# Frame461

# x        y
3.0524     4.0897    
10.2767    10.4187   
15.3082    6.0979    
17.1374    5.3015    
13.5443    23.4648   
2.6904     10.7334   

# Frame462

# x        y
3.0524     4.0897    
10.2767    10.4187   
15.3082    6.0979    
17.1374    5.3015    
13.5441    23.4647   
2.6904     10.7332   

# Frame463

# x        y
3.0524     4.0897    
10.2767    10.4187   
15.3082    6.0979    
17.1374    5.3015    
13.5440    23.4647   
2.6905     10.7330   

# Frame464

# x        y
3.0524     4.0897    
10.2767    10.4187   
15.3082    6.0979    
17.1374    5.3015    
13.5439    23.4646   
2.6905     10.7329   

# Frame465

# x        y
3.0524     4.0897    
10.2767    10.4187   
15.3082    6.0979    
17.1374    5.3015    
13.5437    23.4646   
2.6905     10.7327   

# Frame466

# x        y
3.0524     4.0897    
10.2767    10.4187   
15.3082    6.0979    
17.1374    5.3015    
13.5436    23.4646   
2.6905     10.7326   

# Frame467

# x        y
3.0524     4.0897    
10.2767    10.4187   
15.3082    6.0979    
17.1374    5.3015    
13.5435    23.4645   
2.6905     10.7324   

# Frame468

# x        y
3.0524     4.0897    
10.2767    10.4187   
15.3082    6.0979    
17.1374    5.3015    
13.5434    23.4645   
2.6906     10.7322   

# Frame469

# x        y
3.0524     4.0897    
10.2767    10.4187   
15.3082    6.0979    
17.1374    5.3015    
13.5432    23.4645   
2.6906     10.7321   

# Frame470

# x        y
3.0524     4.0897    
10.2767    10.4187   
15.3082    6.0979    
17.1374    5.3015    
13.5431    23.4644   
2.6906     10.7319   

# Frame471

# x        y
3.0524     4.0897    
10.2767    10.4187   
15.3082    6.0979    
17.1374    5.3015    
13.5430    23.4644   
2.6906     10.7318   

# Frame472

# x        y
3.0524     4.0897    
10.2767    10.4187   
15.3082    6.0979    
17.1374    5.3015    
13.5429    23.4644   
2.6907     10.7316   

# Frame473

# x        y
3.0524     4.0897    
10.2767    10.4187   
15.3082    6.0979    
17.1374    5.3015    
13.5428    23.4643   
2.6907     10.7315   

# Frame474

# x        y
3.0524     4.0897    
10.2767    10.4187   
15.3082    6.0979    
17.1374    5.3015    
13.5426    23.4643   
2.6907     10.7314   

# Frame475

# x        y
3.0524     4.0897    
10.2767    10.4187   
15.3082    6.0979    
17.1374    5.3015    
13.5425    23.4643   
2.6907     10.7312   

# Frame476

# x        y
3.0524     4.0897    
10.2767    10.4187   
15.3082    6.0979    
17.1374    5.3015    
13.5424    23.4642   
2.6907     10.7311   

# Frame477

# x        y
3.0524     4.0897    
10.2767    10.4187   
15.3082    6.0979    
17.1374    5.3015    
13.5423    23.4642   
2.6908     10.7310   

# Frame478

# x        y
3.0524     4.0897    
10.2767    10.4187   
15.3082    6.0979    
17.1374    5.3015    
13.5422    23.4642   
2.6908     10.7308   

# Frame479

# x        y
3.0524     4.0897    
10.2767    10.4187   
15.3082    6.0979    
17.1374    5.3015    
13.5421    23.4641   
2.6908     10.7307   

# Frame480

# x        y
3.0524     4.0897    
10.2767    10.4187   
15.3082    6.0979    
17.1374    5.3015    
13.5420    23.4641   
2.6908     10.7306   

# Frame481

# x        y
3.0524     4.0897    
10.2767    10.4187   
15.3082    6.0979    
17.1374    5.3015    
13.5419    23.4641   
2.6908     10.7305   

# Frame482

# x        y
3.0524     4.0897    
10.2767    10.4187   
15.3082    6.0979    
17.1374    5.3015    
13.5418    23.4641   
2.6908     10.7303   

# Frame483

# x        y
3.0524     4.0897    
10.2767    10.4187   
15.3082    6.0979    
17.1374    5.3015    
13.5417    23.4640   
2.6909     10.7302   

# Frame484

# x        y
3.0524     4.0897    
10.2767    10.4187   
15.3082    6.0979    
17.1374    5.3015    
13.5417    23.4640   
2.6909     10.7301   

# Frame485

# x        y
3.0524     4.0897    
10.2767    10.4187   
15.3082    6.0979    
17.1374    5.3015    
13.5417    23.4640   
2.6909     10.7300   

# Frame486

# x        y
3.0524     4.0897    
10.2767    10.4187   
15.3082    6.0979    
17.1374    5.3015    
13.5417    23.4640   
2.6909     10.7299   

# Frame487

# x        y
3.0524     4.0897    
10.2767    10.4187   
15.3082    6.0979    
17.1374    5.3015    
13.5417    23.4640   
2.6909     10.7297   

# Frame488

# x        y
3.0524     4.0897    
10.2767    10.4187   
15.3082    6.0979    
17.1374    5.3015    
13.5417    23.4640   
2.6909     10.7296   

# Frame489

# x        y
3.0524     4.0897    
10.2767    10.4187   
15.3082    6.0979    
17.1374    5.3015    
13.5417    23.4640   
2.6910     10.7295   

# Frame490

# x        y
3.0524     4.0897    
10.2767    10.4187   
15.3082    6.0979    
17.1374    5.3015    
13.5417    23.4640   
2.6910     10.7294   

# Frame491

# x        y
3.0524     4.0897    
10.2767    10.4187   
15.3082    6.0979    
17.1374    5.3015    
13.5417    23.4640   
2.6910     10.7293   

# Frame492

# x        y
3.0524     4.0897    
10.2767    10.4187   
15.3082    6.0979    
17.1374    5.3015    
13.5417    23.4640   
2.6910     10.7292   

# Frame493

# x        y
3.0524     4.0897    
10.2767    10.4187   
15.3082    6.0979    
17.1374    5.3015    
13.5417    23.4640   
2.6910     10.7291   

# Frame494

# x        y
3.0524     4.0897    
10.2767    10.4187   
15.3082    6.0979    
17.1374    5.3015    
13.5417    23.4640   
2.6910     10.7290   

# Frame495

