# x        y
15.0629    3.3158    
2.3782     35.9349   
6.5430     29.2245   
7.0950     25.0979   
12.4735    9.4027    
19.3833    2.3274    

# Frame1

# x        y
15.0629    3.3158    
2.3782     35.9349   
5.1878     27.7536   
7.0950     25.0979   
12.4735    9.4027    
19.3833    2.3274    

# Frame2

# x        y
15.0629    3.3158    
2.3782     35.9349   
3.8552     26.3073   
7.0950     25.0979   
12.4735    9.4027    
19.3833    2.3274    

# Frame3

# x        y
15.0629    3.3158    
2.3782     35.9349   
2.5448     24.8850   
7.0950     25.0979   
12.4735    9.4027    
19.3833    2.3274    

# Frame4

# x        y
15.0629    3.3158    
2.3782     35.9349   
1.2563     23.4864   
7.0950     25.0979   
12.4735    9.4027    
19.3833    2.3274    

# Frame5

# x        y
15.0629    3.3158    
2.3782     35.9349   
1.5077     22.1131   
7.0950     25.0979   
12.4735    9.4027    
19.3833    2.3274    

# Frame6

# x        y
15.0629    3.3158    
2.3782     35.9349   
2.1307     20.7631   
7.0950     25.0979   
12.4735    9.4027    
19.3833    2.3274    

# Frame7

# x        y
15.0629    3.3158    
2.3782     35.9349   
2.7433     19.4357   
7.0950     25.0979   
12.4735    9.4027    
19.3833    2.3274    

# Frame8

# x        y
15.0629    3.3158    
2.3782     35.9349   
3.3457     18.1303   
7.0950     25.0979   
12.4735    9.4027    
19.3833    2.3274    

# Frame9

# x        y
15.0629    3.3158    
2.3782     35.9349   
3.9380     16.8467   
7.0950     25.0979   
12.4735    9.4027    
19.3833    2.3274    

# Frame10

# x        y
15.0629    3.3158    
2.3782     35.9349   
4.5205     15.5845   
7.0950     25.0979   
12.4735    9.4027    
19.3833    2.3274    

# Frame11

# x        y
15.0629    3.3158    
2.3782     35.9349   
5.0932     14.3434   
7.0950     25.0979   
12.4735    9.4027    
19.3833    2.3274    

# Frame12

# x        y
15.0629    3.3158    
2.3782     35.9349   
5.6565     13.1229   
7.0950     25.0979   
12.4735    9.4027    
19.3833    2.3274    

# Frame13

# x        y
15.0629    3.3158    
2.3782     35.9349   
6.2103     11.9228   
7.0950     25.0979   
12.4735    9.4027    
19.3833    2.3274    

# Frame14

# x        y
15.0629    3.3158    
2.3782     35.9349   
6.7549     10.7427   
7.0950     25.0979   
12.4735    9.4027    
19.3833    2.3274    

# Frame15

# x        y
15.0629    3.3158    
2.3782     35.9349   
7.2904     9.5822    
7.0950     25.0979   
12.4735    9.4027    
19.3833    2.3274    

# Frame16

# x        y
15.0629    3.3158    
2.3782     35.9349   
7.8170     8.4411    
7.0950     25.0979   
12.4735    9.4027    
19.3833    2.3274    

# Frame17

# x        y
15.0629    3.3158    
2.3782     35.9349   
8.3348     7.3190    
7.0950     25.0979   
12.4735    9.4027    
19.3833    2.3274    

# Frame18

# x        y
15.0629    3.3158    
2.3782     35.9349   
8.8440     6.2156    
7.0950     25.0979   
12.4735    9.4027    
19.3833    2.3274    

# Frame19

# x        y
15.0629    3.3158    
2.3782     35.9349   
9.3447     5.1306    
7.0950     25.0979   
12.4735    9.4027    
19.3833    2.3274    

# Frame20

# x        y
15.0629    3.3158    
2.3782     35.9349   
9.8371     4.0637    
7.0950     25.0979   
12.4735    9.4027    
19.3833    2.3274    

# Frame21

# x        y
15.0629    3.3158    
2.3782     35.9349   
10.3212    3.0145    
7.0950     25.0979   
12.4735    9.4027    
19.3833    2.3274    

# Frame22

# x        y
15.0629    3.3158    
2.3782     35.9349   
10.7973    1.9829    
7.0950     25.0979   
12.4735    9.4027    
19.3833    2.3274    

# Frame23

# x        y
15.0629    3.3158    
2.3782     35.9349   
11.2679    1.0181    
7.0950     25.0979   
12.4735    9.4027    
19.3833    2.3274    

# Frame24

# x        y
15.0629    3.3158    
2.3782     35.9349   
11.8195    1.5169    
7.0950     25.0979   
12.4735    9.4027    
19.3833    2.3274    

# Frame25

# x        y
15.0629    3.3158    
2.3782     35.9349   
12.3620    2.0074    
7.0950     25.0979   
12.4735    9.4027    
19.3833    2.3274    

# Frame26

# x        y
15.0629    3.3158    
2.3782     35.9349   
12.8954    2.4897    
7.0950     25.0979   
12.4735    9.4027    
19.3833    2.3274    

# Frame27

# x        y
15.2950    3.3708    
2.3782     35.9349   
13.1879    2.9089    
7.0950     25.0979   
12.4735    9.4027    
19.3833    2.3274    

# Frame28

# x        y
15.7558    3.4795    
2.3782     35.9349   
13.2429    3.2666    
7.0950     25.0979   
12.4735    9.4027    
19.3833    2.3274    

# Frame29

# x        y
16.2089    3.5863    
2.3782     35.9349   
13.2969    3.6183    
7.0950     25.0979   
12.4735    9.4027    
19.3833    2.3274    

# Frame30

# x        y
16.6545    3.6913    
2.3782     35.9349   
13.3501    3.9642    
7.0950     25.0979   
12.4735    9.4027    
19.3833    2.3274    

# Frame31

# x        y
17.0927    3.7946    
2.3782     35.9349   
13.4023    4.3043    
7.0950     25.0979   
12.4735    9.4027    
19.3833    2.3274    

# Frame32

# x        y
17.5235    3.8962    
2.3782     35.9349   
13.4537    4.6388    
7.0950     25.0979   
12.4735    9.4027    
18.9952    2.3274    

# Frame33

# x        y
17.9181    4.0128    
2.3782     35.9349   
13.5043    4.9677    
7.0950     25.0979   
12.4735    9.4027    
18.9951    2.3249    

# Frame34

# x        y
18.0886    4.2274    
2.3782     35.9349   
13.5540    5.2910    
7.0950     25.0979   
12.4735    9.4027    
18.9951    2.3418    

# Frame35

# x        y
18.2561    4.4384    
2.3782     35.9349   
13.6029    5.6091    
7.0950     25.0979   
12.4735    9.4027    
18.9951    2.3584    

# Frame36

# x        y
18.4209    4.6460    
2.3782     35.9349   
13.6509    5.9218    
7.0950     25.0979   
12.4735    9.4027    
18.9951    2.3748    

# Frame37

# x        y
18.5830    4.8500    
2.3782     35.9349   
13.6982    6.2292    
7.0950     25.0979   
12.4735    9.4027    
18.9951    2.3909    

# Frame38

# x        y
18.7423    5.0507    
2.3782     35.9349   
13.7447    6.5316    
7.0950     25.0979   
12.4735    9.4027    
18.9950    2.4067    

# Frame39

# x        y
18.8990    5.2480    
2.3782     35.9349   
13.7904    6.8289    
7.0950     25.0979   
12.4735    9.4027    
18.9950    2.4223    

# Frame40

# x        y
18.9716    5.4411    
2.3782     35.9349   
13.8353    7.1213    
7.0950     25.0979   
12.4735    9.4027    
18.9950    2.4375    

# Frame41

# x        y
18.8958    5.6291    
2.3782     35.9349   
13.8795    7.4088    
7.0950     25.0979   
12.4735    9.4027    
18.9950    2.4526    

# Frame42

# x        y
18.8214    5.8140    
2.3782     35.9349   
13.9229    7.6915    
7.0950     25.0979   
12.4735    9.4027    
18.9950    2.4674    

# Frame43

# x        y
18.7481    5.9958    
2.3782     35.9349   
13.9657    7.9695    
7.0950     25.0979   
12.4735    9.4027    
18.9950    2.4819    

# Frame44

# x        y
18.6761    6.1746    
2.3782     35.9349   
14.0253    8.1814    
7.0950     25.0979   
12.4559    9.4643    
18.9950    2.4962    

# Frame45

# x        y
18.6053    6.3503    
2.3782     35.9349   
14.0974    8.3216    
7.0950     25.0979   
12.4251    9.5928    
18.9950    2.5103    

# Frame46

# x        y
18.5356    6.5232    
2.3782     35.9349   
14.1684    8.4595    
7.0950     25.0979   
12.3948    9.7192    
18.9950    2.5241    

# Frame47

# x        y
18.4671    6.6932    
2.3782     35.9349   
14.2381    8.5951    
7.0950     25.0979   
12.3650    9.8435    
18.9950    2.5377    

# Frame48

# x        y
18.3998    6.8603    
2.3782     35.9349   
14.3067    8.7285    
7.0950     25.0979   
12.3356    9.9657    
18.9950    2.5511    

# Frame49

# x        y
18.3336    7.0247    
2.3782     35.9349   
14.3742    8.8596    
7.0950     25.0979   
12.3068    10.0859   
18.9950    2.5642    

# Frame50

# x        y
18.2684    7.1863    
2.3782     35.9349   
14.4405    8.9886    
7.0950     25.0979   
12.2785    10.2041   
18.9950    2.5772    

# Frame51

# x        y
18.2044    7.3452    
2.3782     35.9349   
14.5057    9.1154    
7.0950     25.0979   
12.2506    10.3203   
18.9950    2.5899    

# Frame52

# x        y
18.1414    7.5015    
2.3782     35.9349   
14.5698    9.2401    
7.0950     25.0979   
12.2232    10.4346   
18.9950    2.6024    

# Frame53

# x        y
18.0795    7.6551    
2.3782     35.9349   
14.6329    9.3627    
7.0950     25.0979   
12.1962    10.5470   
18.9950    2.6147    

# Frame54

# x        y
18.0186    7.8062    
2.3782     35.9349   
14.6949    9.4833    
7.0950     25.0979   
12.1697    10.6575   
18.9950    2.6268    

# Frame55

# x        y
17.9588    7.9548    
2.3782     35.9349   
14.7559    9.6018    
7.0950     25.0979   
12.1437    10.7661   
18.9950    2.6387    

# Frame56

# x        y
17.8999    8.1009    
2.3782     35.9349   
14.8159    9.7184    
7.0950     25.0979   
12.1180    10.8730   
18.9950    2.6504    

# Frame57

# x        y
17.8420    8.2446    
2.3782     35.9349   
14.8748    9.8331    
7.0950     25.0979   
12.0928    10.9781   
18.9950    2.6618    

# Frame58

# x        y
17.7851    8.3859    
2.3782     35.9349   
14.9328    9.9458    
7.0950     25.0979   
12.0681    11.0814   
18.9950    2.6732    

# Frame59

# x        y
17.7291    8.5248    
2.3782     35.9349   
14.9898    10.0566   
7.0950     25.0979   
12.0437    11.1830   
18.9950    2.6843    

# Frame60

# x        y
17.6741    8.6614    
2.3782     35.9349   
15.0459    10.1656   
7.0950     25.0979   
12.0197    11.2829   
18.9950    2.6952    

# Frame61

# x        y
17.6199    8.7958    
2.3782     35.9349   
15.1010    10.2728   
7.0950     25.0979   
11.9962    11.3811   
18.9950    2.7059    

# Frame62

# x        y
17.5667    8.9279    
2.3782     35.9349   
15.1553    10.3782   
7.0950     25.0979   
11.9730    11.4777   
18.9950    2.7165    

# Frame63

# x        y
17.5144    9.0578    
2.3782     35.9349   
15.2086    10.4819   
7.0950     25.0979   
11.9502    11.5727   
18.9950    2.7269    

# Frame64

# x        y
17.4629    9.1855    
2.3782     35.9349   
15.2610    10.5838   
7.0950     25.0979   
11.9278    11.6661   
18.9950    2.7371    

# Frame65

# x        y
17.4123    9.3111    
2.3782     35.9349   
15.3125    10.6840   
7.0950     25.0979   
11.9058    11.7580   
18.9950    2.7472    

# Frame66

# x        y
17.3625    9.4346    
2.3782     35.9349   
15.3632    10.7826   
7.0950     25.0979   
11.8841    11.8483   
18.9950    2.7571    

# Frame67

# x        y
17.3136    9.5560    
2.3782     35.9349   
15.4131    10.8795   
7.0950     25.0979   
11.8628    11.9371   
18.9950    2.7668    

# Frame68

# x        y
17.2655    9.6755    
2.3782     35.9349   
15.4621    10.9747   
7.0950     25.0979   
11.8419    12.0244   
18.9950    2.7763    

# Frame69

# x        y
17.2182    9.7929    
2.3782     35.9349   
15.5103    11.0684   
7.0950     25.0979   
11.8213    12.1103   
18.9950    2.7857    

# Frame70

# x        y
17.1716    9.9084    
2.3782     35.9349   
15.5577    11.1606   
7.0950     25.0979   
11.8010    12.1948   
18.9950    2.7950    

# Frame71

# x        y
17.1445    10.0028   
2.3782     35.9349   
15.5857    11.2703   
7.0950     25.0979   
11.7811    12.2778   
18.9950    2.8040    

# Frame72

# x        y
17.1432    10.0670   
2.3782     35.9349   
15.5877    11.4069   
7.0950     25.0979   
11.7615    12.3594   
18.9950    2.8130    

# Frame73

# x        y
17.1421    10.1301   
2.3782     35.9349   
15.5898    11.5411   
7.0950     25.0979   
11.7423    12.4397   
18.9950    2.8218    

# Frame74

# x        y
17.1409    10.1922   
2.3782     35.9349   
15.5917    11.6732   
7.0950     25.0979   
11.7234    12.5187   
18.9950    2.8304    

# Frame75

# x        y
17.1397    10.2532   
2.3782     35.9349   
15.5937    11.8030   
7.0950     25.0979   
11.7047    12.5963   
18.9950    2.8389    

# Frame76

# x        y
17.1386    10.3133   
2.3782     35.9349   
15.5956    11.9307   
7.0950     25.0979   
11.6864    12.6727   
18.9950    2.8472    

# Frame77

# x        y
17.1375    10.3723   
2.3782     35.9349   
15.5975    12.0563   
7.0950     25.0979   
11.6684    12.7478   
18.9950    2.8555    

# Frame78

# x        y
17.1364    10.4303   
2.3782     35.9349   
15.5993    12.1797   
7.0950     25.0979   
11.6507    12.8216   
18.9950    2.8635    

# Frame79

# x        y
17.1353    10.4874   
2.3782     35.9349   
15.6012    12.3011   
7.0950     25.0979   
11.6333    12.8942   
18.9950    2.8715    

# Frame80

# x        y
17.1343    10.5435   
2.3782     35.9349   
15.6029    12.4205   
7.0950     25.0979   
11.6162    12.9656   
18.9950    2.8793    

# Frame81

# x        y
17.1332    10.5987   
2.3782     35.9349   
15.6047    12.5379   
7.0950     25.0979   
11.5993    13.0358   
18.9950    2.8870    

# Frame82

# x        y
17.1322    10.6529   
2.3782     35.9349   
15.6064    12.6534   
7.0950     25.0979   
11.5828    13.1048   
18.9950    2.8945    

# Frame83

# x        y
17.1312    10.7063   
2.3782     35.9349   
15.6081    12.7669   
7.0950     25.0979   
11.5665    13.1726   
18.9950    2.9019    

# Frame84

# x        y
17.1302    10.7588   
2.3782     35.9349   
15.6098    12.8785   
7.0950     25.0979   
11.5505    13.2394   
18.9950    2.9092    

# Frame85

# x        y
17.1292    10.8103   
2.3782     35.9349   
15.6115    12.9882   
7.0950     25.0979   
11.5348    13.3050   
18.9950    2.9164    

# Frame86

# x        y
17.1283    10.8611   
2.3782     35.9349   
15.6131    13.0962   
7.0950     25.0979   
11.5193    13.3696   
18.9950    2.9235    

# Frame87

# x        y
17.1273    10.9110   
2.3782     35.9349   
15.6147    13.2023   
7.0950     25.0979   
11.5041    13.4330   
18.9950    2.9304    

# Frame88

# x        y
17.1264    10.9600   
2.3782     35.9349   
15.6162    13.3067   
7.0950     25.0979   
11.4891    13.4954   
18.9950    2.9373    

# Frame89

# x        y
17.1255    11.0083   
2.3782     35.9349   
15.6178    13.4093   
7.0950     25.0979   
11.4744    13.5568   
18.9950    2.9440    

# Frame90

# x        y
17.1246    11.0557   
2.3782     35.9349   
15.6193    13.5102   
7.0950     25.0979   
11.4599    13.6171   
18.9950    2.9506    

# Frame91

# x        y
17.1237    11.1023   
2.3782     35.9349   
15.6208    13.6094   
7.0950     25.0979   
11.4457    13.6764   
18.9950    2.9571    

# Frame92

# x        y
17.1228    11.1482   
2.3782     35.9349   
15.6222    13.7070   
7.0950     25.0979   
11.4317    13.7348   
18.9950    2.9634    

# Frame93

# x        y
17.1220    11.1933   
2.3782     35.9349   
15.6237    13.8030   
7.0950     25.0979   
11.4179    13.7922   
18.9950    2.9697    

# Frame94

# x        y
17.1212    11.2377   
2.3782     35.9349   
15.6251    13.8973   
7.0950     25.0979   
11.4044    13.8486   
18.9950    2.9759    

# Frame95

# x        y
17.1203    11.2813   
2.3782     35.9349   
15.6265    13.9901   
7.0950     25.0979   
11.3911    13.9041   
18.9950    2.9820    

# Frame96

# x        y
17.1195    11.3241   
2.3782     35.9349   
15.6278    14.0813   
7.0950     25.0979   
11.3780    13.9586   
18.9950    2.9879    

# Frame97

# x        y
17.1187    11.3663   
2.3782     35.9349   
15.6292    14.1710   
7.0950     25.0979   
11.3651    14.0123   
18.9950    2.9938    

# Frame98

# x        y
17.1179    11.4078   
2.3782     35.9349   
15.6305    14.2592   
7.0950     25.0979   
11.3525    14.0650   
18.9950    2.9996    

# Frame99

# x        y
17.1172    11.4486   
2.3782     35.9349   
15.6318    14.3460   
7.0950     25.0979   
11.3401    14.1169   
18.9950    3.0053    

# Frame100

# x        y
17.1164    11.4887   
2.3782     35.9349   
15.6331    14.4313   
7.0950     25.0979   
11.3278    14.1679   
18.9950    3.0108    

# Frame101

# x        y
17.1157    11.5281   
2.3782     35.9349   
15.6344    14.5152   
7.0950     25.0979   
11.3158    14.2180   
18.9950    3.0163    

# Frame102

# x        y
17.1149    11.5669   
2.3782     35.9349   
15.6356    14.5976   
7.0950     25.0979   
11.3040    14.2673   
18.9950    3.0217    

# Frame103

# x        y
17.1142    11.6050   
2.3782     35.9349   
15.6368    14.6788   
7.0950     25.0979   
11.2923    14.3158   
18.9950    3.0270    

# Frame104

# x        y
17.1135    11.6425   
2.3782     35.9349   
15.6380    14.7585   
7.0950     25.0979   
11.2809    14.3635   
18.9950    3.0322    

# Frame105

# x        y
17.1128    11.6793   
2.3782     35.9349   
15.6392    14.8369   
7.0950     25.0979   
11.2697    14.4104   
18.9950    3.0374    

# Frame106

# x        y
17.1121    11.7156   
2.3782     35.9349   
15.6403    14.9140   
7.0950     25.0979   
11.2586    14.4565   
18.9950    3.0424    

# Frame107

# x        y
17.1115    11.7512   
2.3782     35.9349   
15.6415    14.9899   
7.0950     25.0979   
11.2477    14.5019   
18.9950    3.0474    

# Frame108

# x        y
17.1108    11.7863   
2.3782     35.9349   
15.6426    15.0645   
7.0950     25.0979   
11.2370    14.5465   
18.9950    3.0523    

# Frame109

# x        y
17.1102    11.8207   
2.3782     35.9349   
15.6437    15.1378   
7.0950     25.0979   
11.2265    14.5903   
18.9950    3.0570    

# Frame110

# x        y
17.1095    11.8546   
2.3782     35.9349   
15.6448    15.2099   
7.0950     25.0979   
11.2162    14.6334   
18.9950    3.0618    

# Frame111

# x        y
17.1089    11.8880   
2.3782     35.9349   
15.6458    15.2808   
7.0950     25.0979   
11.2060    14.6758   
18.9950    3.0664    

# Frame112

# x        y
17.1083    11.9207   
2.3782     35.9349   
15.6469    15.3505   
7.0950     25.0979   
11.1960    14.7175   
18.9950    3.0710    

# Frame113

# x        y
17.1077    11.9530   
2.3782     35.9349   
15.6479    15.4191   
7.0950     25.0979   
11.1862    14.7585   
18.9950    3.0754    

# Frame114

# x        y
17.1071    11.9847   
2.3782     35.9349   
15.6489    15.4865   
7.0950     25.0979   
11.1765    14.7988   
18.9950    3.0799    

# Frame115

# x        y
17.1065    12.0158   
2.3782     35.9349   
15.6499    15.5528   
7.0950     25.0979   
11.1670    14.8384   
18.9950    3.0842    

# Frame116

# x        y
17.1059    12.0465   
2.3782     35.9349   
15.6509    15.6180   
7.0950     25.0979   
11.1576    14.8774   
18.9950    3.0885    

# Frame117

# x        y
17.1053    12.0766   
2.3782     35.9349   
15.6518    15.6821   
7.0950     25.0979   
11.1485    14.9158   
18.9950    3.0927    

# Frame118

# x        y
17.1048    12.1062   
2.3782     35.9349   
15.6528    15.7451   
7.0950     25.0979   
11.1394    14.9534   
18.9950    3.0968    

# Frame119

# x        y
17.1042    12.1353   
2.3782     35.9349   
15.6537    15.8071   
7.0950     25.0979   
11.1305    14.9905   
18.9950    3.1008    

# Frame120

# x        y
17.1037    12.1640   
2.3782     35.9349   
15.6546    15.8680   
7.0950     25.0979   
11.1218    15.0269   
18.9950    3.1048    

# Frame121

# x        y
17.1031    12.1922   
2.3782     35.9349   
15.6555    15.9280   
7.0950     25.0979   
11.1132    15.0628   
18.9950    3.1087    

# Frame122

# x        y
17.1026    12.2199   
2.3782     35.9349   
15.6564    15.9869   
7.0950     25.0979   
11.1047    15.0980   
18.9950    3.1126    

# Frame123

# x        y
17.1021    12.2471   
2.3782     35.9349   
15.6573    16.0448   
7.0950     25.0979   
11.0964    15.1327   
18.9950    3.1164    

# Frame124

# x        y
17.1016    12.2739   
2.3782     35.9349   
15.6581    16.1018   
7.0950     25.0979   
11.0883    15.1668   
18.9950    3.1201    

# Frame125

# x        y
17.1011    12.3002   
2.3782     35.9349   
15.6590    16.1579   
7.0950     25.0979   
11.0802    15.2003   
18.9950    3.1238    

# Frame126

# x        y
17.1006    12.3261   
2.3782     35.9349   
15.6598    16.2130   
7.0950     25.0979   
11.0723    15.2332   
18.9950    3.1274    

# Frame127

# x        y
17.1001    12.3516   
2.3782     35.9349   
15.6606    16.2671   
7.0950     25.0979   
11.0646    15.2656   
18.9950    3.1309    

# Frame128

# x        y
17.0997    12.3767   
2.3782     35.9349   
15.6614    16.3204   
7.0950     25.0979   
11.0569    15.2975   
18.9950    3.1344    

# Frame129

# x        y
17.0992    12.4013   
2.3782     35.9349   
15.6622    16.3728   
7.0950     25.0979   
11.0494    15.3288   
18.9950    3.1378    

# Frame130

# x        y
17.0987    12.4255   
2.3782     35.9349   
15.6630    16.4243   
7.0950     25.0979   
11.0420    15.3596   
18.9950    3.1412    

# Frame131

# x        y
17.0983    12.4493   
2.3782     35.9349   
15.6637    16.4750   
7.0950     25.0979   
11.0347    15.3899   
18.9950    3.1445    

# Frame132

# x        y
17.0978    12.4727   
2.3782     35.9349   
15.6645    16.5248   
7.0950     25.0979   
11.0276    15.4197   
18.9950    3.1478    

# Frame133

# x        y
17.0974    12.4958   
2.3782     35.9349   
15.6652    16.5738   
7.0950     25.0979   
11.0206    15.4490   
18.9950    3.1510    

# Frame134

# x        y
17.0970    12.5184   
2.3782     35.9349   
15.6659    16.6220   
7.0950     25.0979   
11.0137    15.4778   
18.9950    3.1541    

# Frame135

# x        y
17.0966    12.5407   
2.3782     35.9349   
15.6667    16.6693   
7.0950     25.0979   
11.0069    15.5061   
18.9950    3.1572    

# Frame136

# x        y
17.0961    12.5626   
2.3782     35.9349   
15.6674    16.7159   
7.0950     25.0979   
11.0002    15.5339   
18.9950    3.1603    

# Frame137

# x        y
17.0957    12.5841   
2.3782     35.9349   
15.6680    16.7617   
7.0950     25.0979   
10.9936    15.5613   
18.9950    3.1633    

# Frame138

# x        y
17.0953    12.6053   
2.3782     35.9349   
15.6687    16.8068   
7.0950     25.0979   
10.9872    15.5883   
18.9950    3.1662    

# Frame139

# x        y
17.0950    12.6261   
2.3782     35.9349   
15.6694    16.8510   
7.0950     25.0979   
10.9808    15.6147   
18.9950    3.1691    

# Frame140

# x        y
17.0946    12.6465   
2.3782     35.9349   
15.6700    16.8946   
7.0950     25.0979   
10.9746    15.6408   
18.9950    3.1720    

# Frame141

# x        y
17.0942    12.6667   
2.3782     35.9349   
15.6707    16.9374   
7.0950     25.0979   
10.9684    15.6664   
18.9950    3.1748    

# Frame142

# x        y
17.0938    12.6865   
2.3782     35.9349   
15.6713    16.9795   
7.0950     25.0979   
10.9624    15.6916   
18.9950    3.1775    

# Frame143

# x        y
17.0934    12.7059   
2.3782     35.9349   
15.6719    17.0209   
7.0950     25.0979   
10.9565    15.7163   
18.9950    3.1802    

# Frame144

# x        y
17.0931    12.7251   
2.3782     35.9349   
15.6725    17.0617   
7.0950     25.0979   
10.9506    15.7407   
18.9950    3.1829    

# Frame145

# x        y
17.0927    12.7439   
2.3782     35.9349   
15.6731    17.1017   
7.0950     25.0979   
10.9449    15.7646   
18.9950    3.1855    

# Frame146

# x        y
17.0924    12.7624   
2.3782     35.9349   
15.6737    17.1411   
7.0950     25.0979   
10.9392    15.7882   
18.9950    3.1881    

# Frame147

# x        y
17.0920    12.7806   
2.3782     35.9349   
15.6743    17.1798   
7.0950     25.0979   
10.9337    15.8113   
18.9950    3.1906    

# Frame148

# x        y
17.0917    12.7985   
2.3782     35.9349   
15.6749    17.2179   
7.0950     25.0979   
10.9282    15.8341   
18.9950    3.1931    

# Frame149

# x        y
17.0914    12.8161   
2.3782     35.9349   
15.6754    17.2553   
7.0950     25.0979   
10.9228    15.8565   
18.9950    3.1956    

# Frame150

# x        y
17.0910    12.8334   
2.3782     35.9349   
15.6760    17.2921   
7.0950     25.0979   
10.9176    15.8785   
18.9950    3.1980    

# Frame151

# x        y
17.0907    12.8504   
2.3782     35.9349   
15.6765    17.3283   
7.0950     25.0979   
10.9124    15.9001   
18.9950    3.2003    

# Frame152

# x        y
17.0904    12.8671   
2.3782     35.9349   
15.6771    17.3639   
7.0950     25.0979   
10.9073    15.9214   
18.9950    3.2027    

# Frame153

# x        y
17.0901    12.8836   
2.3782     35.9349   
15.6776    17.3989   
7.0950     25.0979   
10.9023    15.9423   
18.9950    3.2050    

# Frame154

# x        y
17.0898    12.8998   
2.3782     35.9349   
15.6781    17.4333   
7.0950     25.0979   
10.8973    15.9629   
18.9950    3.2072    

# Frame155

# x        y
17.0895    12.9157   
2.3782     35.9349   
15.6786    17.4672   
7.0950     25.0979   
10.8925    15.9831   
18.9950    3.2094    

# Frame156

# x        y
17.0892    12.9313   
2.3782     35.9349   
15.6791    17.5004   
7.0950     25.0979   
10.8877    16.0030   
18.9950    3.2116    

# Frame157

# x        y
17.0889    12.9467   
2.3782     35.9349   
15.6796    17.5332   
7.0950     25.0979   
10.8830    16.0226   
18.9950    3.2137    

# Frame158

# x        y
17.0886    12.9618   
2.3782     35.9349   
15.6801    17.5653   
7.0950     25.0979   
10.8784    16.0418   
18.9950    3.2159    

# Frame159

# x        y
17.0883    12.9767   
2.3782     35.9349   
15.6806    17.5970   
7.0950     25.0979   
10.8738    16.0608   
18.9950    3.2179    

# Frame160

# x        y
17.0881    12.9913   
2.3782     35.9349   
15.6810    17.6281   
7.0950     25.0979   
10.8694    16.0794   
18.9950    3.2200    

# Frame161

# x        y
17.0878    13.0057   
2.3782     35.9349   
15.6815    17.6587   
7.0950     25.0979   
10.8650    16.0977   
18.9950    3.2220    

# Frame162

# x        y
17.0875    13.0199   
2.3782     35.9349   
15.6819    17.6888   
7.0950     25.0979   
10.8607    16.1157   
18.9950    3.2239    

# Frame163

# x        y
17.0873    13.0338   
2.3782     35.9349   
15.6824    17.7184   
7.0950     25.0979   
10.8564    16.1334   
18.9950    3.2259    

# Frame164

# x        y
17.0870    13.0474   
2.3782     35.9349   
15.6828    17.7475   
7.0950     25.0979   
10.8523    16.1507   
18.9950    3.2278    

# Frame165

# x        y
17.0867    13.0609   
2.3782     35.9349   
15.6832    17.7761   
7.0950     25.0979   
10.8482    16.1679   
18.9950    3.2296    

# Frame166

# x        y
17.0865    13.0741   
2.3782     35.9349   
15.6837    17.8042   
7.0950     25.0979   
10.8441    16.1847   
18.9950    3.2315    

# Frame167

# x        y
17.0863    13.0871   
2.3782     35.9349   
15.6841    17.8319   
7.0950     25.0979   
10.8402    16.2012   
18.9950    3.2333    

# Frame168

# x        y
17.0860    13.0999   
2.3782     35.9349   
15.6845    17.8591   
7.0950     25.0979   
10.8363    16.2175   
18.9950    3.2351    

# Frame169

# x        y
17.0858    13.1125   
2.3782     35.9349   
15.6849    17.8858   
7.0950     25.0979   
10.8324    16.2335   
18.9950    3.2368    

# Frame170

# x        y
17.0855    13.1248   
2.3782     35.9349   
15.6853    17.9121   
7.0950     25.0979   
10.8287    16.2492   
18.9950    3.2385    

# Frame171

# x        y
17.0853    13.1370   
2.3782     35.9349   
15.6857    17.9380   
7.0950     25.0979   
10.8249    16.2647   
18.9950    3.2402    

# Frame172

# x        y
17.0851    13.1490   
2.3782     35.9349   
15.6861    17.9634   
7.0950     25.0979   
10.8213    16.2799   
18.9950    3.2419    

# Frame173

# x        y
17.0849    13.1607   
2.3782     35.9349   
15.6864    17.9884   
7.0950     25.0979   
10.8177    16.2948   
18.9950    3.2435    

# Frame174

# x        y
17.0846    13.1723   
2.3782     35.9349   
15.6868    18.0130   
7.0950     25.0979   
10.8142    16.3095   
18.9950    3.2451    

# Frame175

# x        y
17.0844    13.1836   
2.3782     35.9349   
15.6872    18.0372   
7.0950     25.0979   
10.8107    16.3240   
18.9950    3.2467    

# Frame176

# x        y
17.0842    13.1948   
2.3782     35.9349   
15.6875    18.0610   
7.0950     25.0979   
10.8073    16.3382   
18.9950    3.2483    

# Frame177

# x        y
17.0840    13.2058   
2.3782     35.9349   
15.6879    18.0844   
7.0950     25.0979   
10.8040    16.3522   
18.9950    3.2498    

# Frame178

# x        y
17.0838    13.2166   
2.3782     35.9349   
15.6882    18.1074   
7.0950     25.0979   
10.8007    16.3659   
18.9950    3.2513    

# Frame179

# x        y
17.0836    13.2272   
2.3782     35.9349   
15.6886    18.1300   
7.0950     25.0979   
10.7974    16.3795   
18.9950    3.2528    

# Frame180

# x        y
17.0834    13.2377   
2.3782     35.9349   
15.6889    18.1522   
7.0950     25.0979   
10.7942    16.3928   
18.9950    3.2542    

# Frame181

# x        y
17.0832    13.2480   
2.3782     35.9349   
15.6892    18.1741   
7.0950     25.0979   
10.7911    16.4058   
18.9950    3.2557    

# Frame182

# x        y
17.0830    13.2581   
2.3782     35.9349   
15.6895    18.1956   
7.0950     25.0979   
10.7880    16.4187   
18.9950    3.2571    

# Frame183

# x        y
17.0828    13.2680   
2.3782     35.9349   
15.6899    18.2167   
7.0950     25.0979   
10.7850    16.4313   
18.9950    3.2585    

# Frame184

# x        y
17.0827    13.2778   
2.3782     35.9349   
15.6902    18.2375   
7.0950     25.0979   
10.7820    16.4438   
18.9950    3.2598    

# Frame185

# x        y
17.0825    13.2874   
2.3782     35.9349   
15.6905    18.2579   
7.0950     25.0979   
10.7791    16.4560   
18.9950    3.2612    

# Frame186

# x        y
17.0823    13.2968   
2.3782     35.9349   
15.6908    18.2780   
7.0950     25.0979   
10.7762    16.4680   
18.9950    3.2625    

# Frame187

# x        y
17.0821    13.3061   
2.3782     35.9349   
15.6911    18.2978   
7.0950     25.0979   
10.7733    16.4798   
18.9950    3.2638    

# Frame188

# x        y
17.0819    13.3153   
2.3782     35.9349   
15.6914    18.3172   
7.0950     25.0979   
10.7706    16.4914   
18.9950    3.2650    

# Frame189

# x        y
17.0818    13.3243   
2.3782     35.9349   
15.6917    18.3364   
7.0950     25.0979   
10.7678    16.5029   
18.9950    3.2663    

# Frame190

# x        y
17.0816    13.3331   
2.3782     35.9349   
15.6919    18.3552   
7.0950     25.0979   
10.7651    16.5141   
18.9950    3.2675    

# Frame191

# x        y
17.0814    13.3418   
2.3782     35.9349   
15.6922    18.3736   
7.0950     25.0979   
10.7625    16.5252   
18.9950    3.2687    

# Frame192

# x        y
17.0813    13.3503   
2.3782     35.9349   
15.6925    18.3918   
7.0950     25.0979   
10.7599    16.5360   
18.9950    3.2699    

# Frame193

# x        y
17.0811    13.3587   
2.3782     35.9349   
15.6927    18.4097   
7.0950     25.0979   
10.7573    16.5467   
18.9950    3.2711    

# Frame194

# x        y
17.0810    13.3670   
2.3782     35.9349   
15.6930    18.4272   
7.0950     25.0979   
10.7548    16.5572   
18.9950    3.2722    

# Frame195

# x        y
17.0808    13.3751   
2.3782     35.9349   
15.6933    18.4445   
7.0950     25.0979   
10.7523    16.5675   
18.9950    3.2734    

# Frame196

# x        y
17.0807    13.3831   
2.3782     35.9349   
15.6935    18.4615   
7.0950     25.0979   
10.7499    16.5777   
18.9950    3.2745    

# Frame197

# x        y
17.0805    13.3909   
2.3782     35.9349   
15.6938    18.4782   
7.0950     25.0979   
10.7475    16.5877   
18.9950    3.2756    

# Frame198

# x        y
17.0804    13.3987   
2.3782     35.9349   
15.6940    18.4947   
7.0950     25.0979   
10.7451    16.5975   
18.9950    3.2766    

# Frame199

# x        y
17.0802    13.4063   
2.3782     35.9349   
15.6943    18.5108   
7.0950     25.0979   
10.7428    16.6072   
18.9950    3.2777    

# Frame200

# x        y
17.0801    13.4137   
2.3782     35.9349   
15.6945    18.5267   
7.0950     25.0979   
10.7405    16.6167   
18.9950    3.2787    

# Frame201

# x        y
17.0800    13.4211   
2.3782     35.9349   
15.6947    18.5423   
7.0950     25.0979   
10.7383    16.6260   
18.9950    3.2798    

# Frame202

# x        y
17.0798    13.4283   
2.3782     35.9349   
15.6950    18.5577   
7.0950     25.0979   
10.7361    16.6352   
18.9950    3.2808    

# Frame203

# x        y
17.0797    13.4354   
2.3782     35.9349   
15.6952    18.5728   
7.0950     25.0979   
10.7339    16.6442   
18.9950    3.2818    

# Frame204

# x        y
17.0796    13.4424   
2.3782     35.9349   
15.6954    18.5876   
7.0950     25.0979   
10.7318    16.6531   
18.9950    3.2827    

# Frame205

# x        y
17.0794    13.4492   
2.3782     35.9349   
15.6956    18.6022   
7.0950     25.0979   
10.7297    16.6619   
18.9950    3.2837    

# Frame206

# x        y
17.0793    13.4560   
2.3782     35.9349   
15.6959    18.6166   
7.0950     25.0979   
10.7276    16.6704   
18.9950    3.2846    

# Frame207

# x        y
17.0792    13.4626   
2.3782     35.9349   
15.6961    18.6307   
7.0950     25.0979   
10.7256    16.6789   
18.9950    3.2855    

# Frame208

# x        y
17.0790    13.4691   
2.3782     35.9349   
15.6963    18.6446   
7.0950     25.0979   
10.7236    16.6872   
18.9950    3.2865    

# Frame209

# x        y
17.0789    13.4756   
2.3782     35.9349   
15.6965    18.6583   
7.0950     25.0979   
10.7217    16.6954   
18.9950    3.2874    

# Frame210

# x        y
17.0788    13.4819   
2.3782     35.9349   
15.6967    18.6717   
7.0950     25.0979   
10.7197    16.7034   
18.9950    3.2882    

# Frame211

# x        y
17.0787    13.4881   
2.3782     35.9349   
15.6969    18.6849   
7.0950     25.0979   
10.7178    16.7113   
18.9950    3.2891    

# Frame212

# x        y
17.0786    13.4942   
2.3782     35.9349   
15.6971    18.6979   
7.0950     25.0979   
10.7160    16.7191   
18.9950    3.2899    

# Frame213

# x        y
17.0785    13.5002   
2.3782     35.9349   
15.6973    18.7107   
7.0950     25.0979   
10.7141    16.7267   
18.9950    3.2908    

# Frame214

# x        y
17.0784    13.5061   
2.3782     35.9349   
15.6975    18.7232   
7.0950     25.0979   
10.7123    16.7342   
18.9950    3.2916    

# Frame215

# x        y
17.0782    13.5119   
2.3782     35.9349   
15.6976    18.7356   
7.0950     25.0979   
10.7106    16.7416   
18.9950    3.2924    

# Frame216

# x        y
17.0781    13.5176   
2.3782     35.9349   
15.6978    18.7477   
7.0950     25.0979   
10.7088    16.7488   
18.9950    3.2932    

# Frame217

# x        y
17.0780    13.5232   
2.3782     35.9349   
15.6980    18.7596   
7.0950     25.0979   
10.7071    16.7560   
18.9950    3.2940    

# Frame218

# x        y
17.0779    13.5287   
2.3782     35.9349   
15.6982    18.7714   
7.0950     25.0979   
10.7054    16.7630   
18.9950    3.2948    

# Frame219

# x        y
17.0778    13.5342   
2.3782     35.9349   
15.6983    18.7829   
7.0950     25.0979   
10.7038    16.7699   
18.9950    3.2955    

# Frame220

# x        y
17.0777    13.5395   
2.3782     35.9349   
15.6985    18.7943   
7.0950     25.0979   
10.7021    16.7767   
18.9950    3.2962    

# Frame221

# x        y
17.0776    13.5447   
2.3782     35.9349   
15.6987    18.8054   
7.0950     25.0979   
10.7005    16.7834   
18.9950    3.2970    

# Frame222

# x        y
17.0775    13.5499   
2.3782     35.9349   
15.6988    18.8164   
7.0950     25.0979   
10.6990    16.7899   
18.9950    3.2977    

# Frame223

# x        y
17.0774    13.5550   
2.3782     35.9349   
15.6990    18.8272   
7.0950     25.0979   
10.6974    16.7964   
18.9950    3.2984    

# Frame224

# x        y
17.0773    13.5600   
2.3782     35.9349   
15.6992    18.8378   
7.0950     25.0979   
10.6959    16.8027   
18.9950    3.2991    

# Frame225

# x        y
17.0772    13.5649   
2.3782     35.9349   
15.6993    18.8483   
7.0950     25.0979   
10.6944    16.8090   
18.9950    3.2998    

# Frame226

# x        y
17.0771    13.5697   
2.3782     35.9349   
15.6995    18.8585   
7.0950     25.0979   
10.6929    16.8151   
18.9950    3.3005    

# Frame227

# x        y
17.0771    13.5744   
2.3782     35.9349   
15.6996    18.8686   
7.0950     25.0979   
10.6915    16.8211   
18.9950    3.3011    

# Frame228

# x        y
17.0770    13.5791   
2.3782     35.9349   
15.6998    18.8785   
7.0950     25.0979   
10.6901    16.8271   
18.9950    3.3018    

# Frame229

# x        y
17.0769    13.5837   
2.3782     35.9349   
15.6999    18.8883   
7.0950     25.0979   
10.6887    16.8329   
18.9950    3.3024    

# Frame230

# x        y
17.0768    13.5882   
2.3782     35.9349   
15.7001    18.8979   
7.0950     25.0979   
10.6873    16.8386   
18.9950    3.3030    

# Frame231

# x        y
17.0767    13.5926   
2.3782     35.9349   
15.7002    18.9073   
7.0950     25.0979   
10.6859    16.8443   
18.9950    3.3036    

# Frame232

# x        y
17.0766    13.5970   
2.3782     35.9349   
15.7004    18.9166   
7.0950     25.0979   
10.6846    16.8498   
18.9950    3.3043    

# Frame233

# x        y
17.0766    13.6013   
2.3782     35.9349   
15.7005    18.9257   
7.0950     25.0979   
10.6833    16.8553   
18.9950    3.3048    

# Frame234

# x        y
17.0765    13.6055   
2.3782     35.9349   
15.7006    18.9347   
7.0950     25.0979   
10.6820    16.8606   
18.9950    3.3054    

# Frame235

# x        y
17.0764    13.6096   
2.3782     35.9349   
15.7008    18.9435   
7.0950     25.0979   
10.6807    16.8659   
18.9950    3.3060    

# Frame236

# x        y
17.0763    13.6137   
2.3782     35.9349   
15.7009    18.9522   
7.0950     25.0979   
10.6795    16.8711   
18.9950    3.3066    

# Frame237

# x        y
17.0762    13.6177   
2.3782     35.9349   
15.7010    18.9607   
7.0950     25.0979   
10.6783    16.8762   
18.9950    3.3071    

# Frame238

# x        y
17.0762    13.6217   
2.3782     35.9349   
15.7011    18.9691   
7.0950     25.0979   
10.6771    16.8812   
18.9950    3.3077    

# Frame239

# x        y
17.0761    13.6256   
2.3782     35.9349   
15.7013    18.9774   
7.0950     25.0979   
10.6759    16.8862   
18.9950    3.3082    

# Frame240

# x        y
17.0760    13.6294   
2.3782     35.9349   
15.7014    18.9855   
7.0950     25.0979   
10.6747    16.8910   
18.9950    3.3088    

# Frame241

# x        y
17.0760    13.6331   
2.3782     35.9349   
15.7015    18.9934   
7.0950     25.0979   
10.6736    16.8958   
18.9950    3.3093    

# Frame242

# x        y
17.0759    13.6368   
2.3782     35.9349   
15.7016    19.0013   
7.0950     25.0979   
10.6725    16.9005   
18.9950    3.3098    

# Frame243

# x        y
17.0758    13.6404   
2.3782     35.9349   
15.7017    19.0090   
7.0950     25.0979   
10.6714    16.9051   
18.9950    3.3103    

# Frame244

# x        y
17.0757    13.6440   
2.3782     35.9349   
15.7018    19.0166   
7.0950     25.0979   
10.6703    16.9096   
18.9950    3.3108    

# Frame245

# x        y
17.0757    13.6475   
2.3782     35.9349   
15.7020    19.0240   
7.0950     25.0979   
10.6692    16.9141   
18.9950    3.3113    

# Frame246

# x        y
17.0756    13.6509   
2.3782     35.9349   
15.7021    19.0314   
7.0950     25.0979   
10.6681    16.9185   
18.9950    3.3118    

# Frame247

# x        y
17.0756    13.6543   
2.3782     35.9349   
15.7022    19.0386   
7.0950     25.0979   
10.6671    16.9228   
18.9950    3.3122    

# Frame248

# x        y
17.0755    13.6577   
2.3782     35.9349   
15.7023    19.0457   
7.0950     25.0979   
10.6661    16.9270   
18.9950    3.3127    

# Frame249

# x        y
17.0754    13.6609   
2.3782     35.9349   
15.7024    19.0526   
7.0950     25.0979   
10.6651    16.9312   
18.9950    3.3132    

# Frame250

# x        y
17.0754    13.6642   
2.3782     35.9349   
15.7025    19.0595   
7.0950     25.0979   
10.6641    16.9353   
18.9950    3.3136    

# Frame251

# x        y
17.0753    13.6673   
2.3782     35.9349   
15.7026    19.0662   
7.0950     25.0979   
10.6631    16.9393   
18.9950    3.3140    

# Frame252

# x        y
17.0752    13.6705   
2.3782     35.9349   
15.7027    19.0729   
7.0950     25.0979   
10.6622    16.9433   
18.9950    3.3145    

# Frame253

# x        y
17.0752    13.6735   
2.3782     35.9349   
15.7028    19.0794   
7.0950     25.0979   
10.6613    16.9472   
18.9950    3.3149    

# Frame254

# x        y
17.0751    13.6765   
2.3782     35.9349   
15.7029    19.0858   
7.0950     25.0979   
10.6603    16.9510   
18.9950    3.3153    

# Frame255

# x        y
17.0751    13.6795   
2.3782     35.9349   
15.7030    19.0921   
7.0950     25.0979   
10.6594    16.9548   
18.9950    3.3157    

# Frame256

# x        y
17.0750    13.6824   
2.3782     35.9349   
15.7031    19.0983   
7.0950     25.0979   
10.6585    16.9585   
18.9950    3.3161    

# Frame257

# x        y
17.0750    13.6853   
2.3782     35.9349   
15.7032    19.1044   
7.0950     25.0979   
10.6577    16.9621   
18.9950    3.3165    

# Frame258

# x        y
17.0749    13.6881   
2.3782     35.9349   
15.7033    19.1104   
7.0950     25.0979   
10.6568    16.9657   
18.9950    3.3169    

# Frame259

# x        y
17.0749    13.6909   
2.3782     35.9349   
15.7033    19.1163   
7.0950     25.0979   
10.6560    16.9692   
18.9950    3.3173    

# Frame260

# x        y
17.0748    13.6936   
2.3782     35.9349   
15.7034    19.1221   
7.0950     25.0979   
10.6551    16.9727   
18.9950    3.3177    

# Frame261

# x        y
17.0748    13.6963   
2.3782     35.9349   
15.7035    19.1278   
7.0950     25.0979   
10.6543    16.9761   
18.9950    3.3181    

# Frame262

# x        y
17.0747    13.6989   
2.3782     35.9349   
15.7036    19.1334   
7.0950     25.0979   
10.6535    16.9795   
18.9950    3.3184    

# Frame263

# x        y
17.0747    13.7015   
2.3782     35.9349   
15.7037    19.1389   
7.0950     25.0979   
10.6527    16.9827   
18.9950    3.3188    

# Frame264

# x        y
17.0746    13.7040   
2.3782     35.9349   
15.7038    19.1443   
7.0950     25.0979   
10.6520    16.9860   
18.9950    3.3191    

# Frame265

# x        y
17.0746    13.7065   
2.3782     35.9349   
15.7038    19.1496   
7.0950     25.0979   
10.6512    16.9892   
18.9950    3.3195    

# Frame266

# x        y
17.0745    13.7090   
2.3782     35.9349   
15.7039    19.1549   
7.0950     25.0979   
10.6504    16.9923   
18.9950    3.3198    

# Frame267

# x        y
17.0745    13.7114   
2.3782     35.9349   
15.7040    19.1600   
7.0950     25.0979   
10.6497    16.9954   
18.9950    3.3202    

# Frame268

# x        y
17.0744    13.7138   
2.3782     35.9349   
15.7041    19.1651   
7.0950     25.0979   
10.6490    16.9984   
18.9950    3.3205    

# Frame269

# x        y
17.0744    13.7161   
2.3782     35.9349   
15.7042    19.1701   
7.0950     25.0979   
10.6483    17.0014   
18.9950    3.3208    

# Frame270

# x        y
17.0743    13.7184   
2.3782     35.9349   
15.7042    19.1750   
7.0950     25.0979   
10.6476    17.0043   
18.9950    3.3212    

# Frame271

# x        y
17.0743    13.7207   
2.3782     35.9349   
15.7043    19.1798   
7.0950     25.0979   
10.6469    17.0072   
18.9950    3.3215    

# Frame272

# x        y
17.0743    13.7229   
2.3782     35.9349   
15.7044    19.1845   
7.0950     25.0979   
10.6462    17.0100   
18.9950    3.3218    

# Frame273

# x        y
17.0742    13.7251   
2.3782     35.9349   
15.7044    19.1892   
7.0950     25.0979   
10.6455    17.0128   
18.9950    3.3221    

# Frame274

# x        y
17.0742    13.7273   
2.3782     35.9349   
15.7045    19.1938   
7.0950     25.0979   
10.6449    17.0156   
18.9950    3.3224    

# Frame275

# x        y
17.0741    13.7294   
2.3782     35.9349   
15.7046    19.1983   
7.0950     25.0979   
10.6442    17.0183   
18.9950    3.3227    

# Frame276

# x        y
17.0741    13.7315   
2.3782     35.9349   
15.7046    19.2027   
7.0950     25.0979   
10.6436    17.0209   
18.9950    3.3230    

# Frame277

# x        y
17.0741    13.7335   
2.3782     35.9349   
15.7047    19.2071   
7.0950     25.0979   
10.6430    17.0235   
18.9950    3.3233    

# Frame278

# x        y
17.0740    13.7355   
2.3782     35.9349   
15.7048    19.2113   
7.0950     25.0979   
10.6423    17.0261   
18.9950    3.3235    

# Frame279

# x        y
17.0740    13.7375   
2.3782     35.9349   
15.7048    19.2156   
7.0950     25.0979   
10.6417    17.0286   
18.9950    3.3238    

# Frame280

# x        y
17.0739    13.7395   
2.3782     35.9349   
15.7049    19.2197   
7.0950     25.0979   
10.6411    17.0311   
18.9950    3.3241    

# Frame281

# x        y
17.0739    13.7414   
2.3782     35.9349   
15.7050    19.2238   
7.0950     25.0979   
10.6406    17.0335   
18.9950    3.3243    

# Frame282

# x        y
17.0739    13.7433   
2.3782     35.9349   
15.7050    19.2278   
7.0950     25.0979   
10.6400    17.0359   
18.9950    3.3246    

# Frame283

# x        y
17.0738    13.7451   
2.3782     35.9349   
15.7051    19.2317   
7.0950     25.0979   
10.6394    17.0382   
18.9950    3.3249    

# Frame284

# x        y
17.0738    13.7469   
2.3782     35.9349   
15.7051    19.2356   
7.0950     25.0979   
10.6389    17.0406   
18.9950    3.3251    

# Frame285

# x        y
17.0738    13.7487   
2.3782     35.9349   
15.7052    19.2394   
7.0950     25.0979   
10.6383    17.0428   
18.9950    3.3254    

# Frame286

# x        y
17.0737    13.7505   
2.3782     35.9349   
15.7052    19.2431   
7.0950     25.0979   
10.6378    17.0451   
18.9950    3.3256    

# Frame287

# x        y
17.0737    13.7522   
2.3782     35.9349   
15.7053    19.2468   
7.0950     25.0979   
10.6373    17.0473   
18.9950    3.3259    

# Frame288

# x        y
17.0737    13.7539   
2.3782     35.9349   
15.7054    19.2504   
7.0950     25.0979   
10.6367    17.0494   
18.9950    3.3261    

# Frame289

# x        y
17.0736    13.7556   
2.3782     35.9349   
15.7054    19.2540   
7.0950     25.0979   
10.6362    17.0516   
18.9950    3.3263    

# Frame290

# x        y
17.0736    13.7572   
2.3782     35.9349   
15.7055    19.2575   
7.0950     25.0979   
10.6357    17.0537   
18.9950    3.3266    

# Frame291

# x        y
17.0736    13.7588   
2.3782     35.9349   
15.7055    19.2609   
7.0950     25.0979   
10.6352    17.0557   
18.9950    3.3268    

# Frame292

# x        y
17.0735    13.7604   
2.3782     35.9349   
15.7056    19.2643   
7.0950     25.0979   
10.6347    17.0577   
18.9950    3.3270    

# Frame293

# x        y
17.0735    13.7620   
2.3782     35.9349   
15.7056    19.2676   
7.0950     25.0979   
10.6343    17.0597   
18.9950    3.3272    

# Frame294

# x        y
17.0735    13.7635   
2.3782     35.9349   
15.7057    19.2709   
7.0950     25.0979   
10.6338    17.0617   
18.9950    3.3274    

# Frame295

# x        y
17.0735    13.7651   
2.3782     35.9349   
15.7057    19.2741   
7.0950     25.0979   
10.6333    17.0636   
18.9950    3.3276    

# Frame296

# x        y
17.0734    13.7665   
2.3782     35.9349   
15.7058    19.2773   
7.0950     25.0979   
10.6329    17.0655   
18.9950    3.3278    

# Frame297

# x        y
17.0734    13.7680   
2.3782     35.9349   
15.7058    19.2804   
7.0950     25.0979   
10.6324    17.0674   
18.9950    3.3281    

# Frame298

# x        y
17.0734    13.7694   
2.3782     35.9349   
15.7058    19.2835   
7.0950     25.0979   
10.6320    17.0692   
18.9950    3.3283    

# Frame299

# x        y
17.0734    13.7709   
2.3782     35.9349   
15.7059    19.2865   
7.0950     25.0979   
10.6316    17.0710   
18.9950    3.3284    

# Frame300

# x        y
17.0733    13.7722   
2.3782     35.9349   
15.7059    19.2894   
7.0950     25.0979   
10.6311    17.0728   
18.9950    3.3286    

# Frame301

# x        y
17.0733    13.7736   
2.3782     35.9349   
15.7060    19.2923   
7.0950     25.0979   
10.6307    17.0745   
18.9950    3.3288    

# Frame302

# x        y
17.0733    13.7750   
2.3782     35.9349   
15.7060    19.2952   
7.0950     25.0979   
10.6303    17.0762   
18.9950    3.3290    

# Frame303

# x        y
17.0733    13.7763   
2.3782     35.9349   
15.7061    19.2980   
7.0950     25.0979   
10.6299    17.0779   
18.9950    3.3292    

# Frame304

# x        y
17.0732    13.7776   
2.3782     35.9349   
15.7061    19.3008   
7.0950     25.0979   
10.6295    17.0795   
18.9950    3.3294    

# Frame305

# x        y
17.0732    13.7789   
2.3782     35.9349   
15.7062    19.3035   
7.0950     25.0979   
10.6291    17.0812   
18.9950    3.3296    

# Frame306

# x        y
17.0732    13.7801   
2.3782     35.9349   
15.7062    19.3062   
7.0950     25.0979   
10.6287    17.0828   
18.9950    3.3297    

# Frame307

# x        y
17.0732    13.7814   
2.3782     35.9349   
15.7062    19.3088   
7.0950     25.0979   
10.6284    17.0843   
18.9950    3.3299    

# Frame308

# x        y
17.0731    13.7826   
2.3782     35.9349   
15.7063    19.3114   
7.0950     25.0979   
10.6280    17.0859   
18.9950    3.3301    

# Frame309

# x        y
17.0731    13.7838   
2.3782     35.9349   
15.7063    19.3139   
7.0950     25.0979   
10.6276    17.0874   
18.9950    3.3302    

# Frame310

# x        y
17.0731    13.7849   
2.3782     35.9349   
15.7063    19.3164   
7.0950     25.0979   
10.6273    17.0889   
18.9950    3.3304    

# Frame311

# x        y
17.0731    13.7861   
2.3782     35.9349   
15.7064    19.3189   
7.0950     25.0979   
10.6269    17.0904   
18.9950    3.3306    

# Frame312

# x        y
17.0730    13.7872   
2.3782     35.9349   
15.7064    19.3213   
7.0950     25.0979   
10.6266    17.0918   
18.9950    3.3307    

# Frame313

# x        y
17.0730    13.7884   
2.3782     35.9349   
15.7065    19.3237   
7.0950     25.0979   
10.6262    17.0932   
18.9950    3.3309    

# Frame314

# x        y
17.0730    13.7895   
2.3782     35.9349   
15.7065    19.3260   
7.0950     25.0979   
10.6259    17.0946   
18.9950    3.3310    

# Frame315

# x        y
17.0730    13.7905   
2.3782     35.9349   
15.7065    19.3283   
7.0950     25.0979   
10.6256    17.0960   
18.9950    3.3312    

# Frame316

# x        y
17.0730    13.7916   
2.3782     35.9349   
15.7066    19.3306   
7.0950     25.0979   
10.6252    17.0974   
18.9950    3.3313    

# Frame317

# x        y
17.0729    13.7926   
2.3782     35.9349   
15.7066    19.3328   
7.0950     25.0979   
10.6249    17.0987   
18.9950    3.3315    

# Frame318

# x        y
17.0729    13.7937   
2.3782     35.9349   
15.7066    19.3350   
7.0950     25.0979   
10.6246    17.1000   
18.9950    3.3316    

# Frame319

# x        y
17.0729    13.7947   
2.3782     35.9349   
15.7067    19.3372   
7.0950     25.0979   
10.6243    17.1013   
18.9950    3.3318    

# Frame320

# x        y
17.0729    13.7957   
2.3782     35.9349   
15.7067    19.3393   
7.0950     25.0979   
10.6240    17.1026   
18.9950    3.3319    

# Frame321

# x        y
17.0729    13.7966   
2.3782     35.9349   
15.7067    19.3413   
7.0950     25.0979   
10.6237    17.1038   
18.9950    3.3320    

# Frame322

# x        y
17.0728    13.7976   
2.3782     35.9349   
15.7067    19.3434   
7.0950     25.0979   
10.6234    17.1050   
18.9950    3.3322    

# Frame323

# x        y
17.0728    13.7986   
2.3782     35.9349   
15.7068    19.3454   
7.0950     25.0979   
10.6231    17.1062   
18.9950    3.3323    

# Frame324

# x        y
17.0728    13.7995   
2.3782     35.9349   
15.7068    19.3474   
7.0950     25.0979   
10.6228    17.1074   
18.9950    3.3324    

# Frame325

# x        y
17.0728    13.8004   
2.3782     35.9349   
15.7068    19.3493   
7.0950     25.0979   
10.6226    17.1086   
18.9950    3.3326    

# Frame326

# x        y
17.0728    13.8013   
2.3782     35.9349   
15.7069    19.3512   
7.0950     25.0979   
10.6223    17.1097   
18.9950    3.3327    

# Frame327

# x        y
17.0728    13.8022   
2.3782     35.9349   
15.7069    19.3531   
7.0950     25.0979   
10.6220    17.1108   
18.9950    3.3328    

# Frame328

# x        y
17.0727    13.8030   
2.3782     35.9349   
15.7069    19.3550   
7.0950     25.0979   
10.6217    17.1119   
18.9950    3.3329    

# Frame329

# x        y
17.0727    13.8039   
2.3782     35.9349   
15.7070    19.3568   
7.0950     25.0979   
10.6215    17.1130   
18.9950    3.3330    

# Frame330

# x        y
17.0727    13.8047   
2.3782     35.9349   
15.7070    19.3586   
7.0950     25.0979   
10.6212    17.1141   
18.9950    3.3332    

# Frame331

# x        y
17.0727    13.8056   
2.3782     35.9349   
15.7070    19.3603   
7.0950     25.0979   
10.6210    17.1151   
18.9950    3.3333    

# Frame332

# x        y
17.0727    13.8064   
2.3782     35.9349   
15.7070    19.3620   
7.0950     25.0979   
10.6207    17.1162   
18.9950    3.3334    

# Frame333

# x        y
17.0727    13.8072   
2.3782     35.9349   
15.7071    19.3637   
7.0950     25.0979   
10.6205    17.1172   
18.9950    3.3335    

# Frame334

# x        y
17.0727    13.8080   
2.3782     35.9349   
15.7071    19.3654   
7.0950     25.0979   
10.6202    17.1182   
18.9950    3.3336    

# Frame335

# x        y
17.0726    13.8087   
2.3782     35.9349   
15.7071    19.3671   
7.0950     25.0979   
10.6200    17.1192   
18.9950    3.3337    

# Frame336

# x        y
17.0726    13.8095   
2.3782     35.9349   
15.7071    19.3687   
7.0950     25.0979   
10.6198    17.1201   
18.9950    3.3338    

# Frame337

# x        y
17.0726    13.8102   
2.3782     35.9349   
15.7072    19.3703   
7.0950     25.0979   
10.6195    17.1211   
18.9950    3.3339    

# Frame338

# x        y
17.0726    13.8110   
2.3782     35.9349   
15.7072    19.3718   
7.0950     25.0979   
10.6193    17.1220   
18.9950    3.3340    

# Frame339

# x        y
17.0726    13.8117   
2.3782     35.9349   
15.7072    19.3734   
7.0950     25.0979   
10.6191    17.1229   
18.9950    3.3340    

# Frame340

# x        y
17.0726    13.8124   
2.3782     35.9349   
15.7072    19.3749   
7.0950     25.0979   
10.6189    17.1239   
18.9950    3.3340    

# Frame341

# x        y
17.0726    13.8131   
2.3782     35.9349   
15.7072    19.3764   
7.0950     25.0979   
10.6187    17.1247   
18.9950    3.3340    

# Frame342

# x        y
17.0725    13.8138   
2.3782     35.9349   
15.7073    19.3778   
7.0950     25.0979   
10.6185    17.1256   
18.9950    3.3340    

# Frame343

# x        y
17.0725    13.8145   
2.3782     35.9349   
15.7073    19.3793   
7.0950     25.0979   
10.6183    17.1265   
18.9950    3.3340    

# Frame344

# x        y
17.0725    13.8151   
2.3782     35.9349   
15.7073    19.3807   
7.0950     25.0979   
10.6181    17.1273   
18.9950    3.3340    

# Frame345

# x        y
17.0725    13.8158   
2.3782     35.9349   
15.7073    19.3821   
7.0950     25.0979   
10.6179    17.1281   
18.9950    3.3340    

# Frame346

# x        y
17.0725    13.8164   
2.3782     35.9349   
15.7073    19.3834   
7.0950     25.0979   
10.6177    17.1290   
18.9950    3.3340    

# Frame347

# x        y
17.0725    13.8171   
2.3782     35.9349   
15.7074    19.3848   
7.0950     25.0979   
10.6175    17.1298   
18.9950    3.3340    

# Frame348

# x        y
17.0725    13.8177   
2.3782     35.9349   
15.7074    19.3861   
7.0950     25.0979   
10.6173    17.1306   
18.9950    3.3340    

# Frame349

# x        y
17.0725    13.8183   
2.3782     35.9349   
15.7074    19.3874   
7.0950     25.0979   
10.6171    17.1313   
18.9950    3.3340    

# Frame350

# x        y
17.0724    13.8189   
2.3782     35.9349   
15.7074    19.3887   
7.0950     25.0979   
10.6169    17.1321   
18.9950    3.3340    

# Frame351

# x        y
17.0724    13.8195   
2.3782     35.9349   
15.7074    19.3899   
7.0950     25.0979   
10.6167    17.1328   
18.9950    3.3340    

# Frame352

# x        y
17.0724    13.8201   
2.3782     35.9349   
15.7075    19.3911   
7.0950     25.0979   
10.6166    17.1336   
18.9950    3.3340    

# Frame353

# x        y
17.0724    13.8206   
2.3782     35.9349   
15.7075    19.3924   
7.0950     25.0979   
10.6164    17.1343   
18.9950    3.3340    

# Frame354

# x        y
17.0724    13.8212   
2.3782     35.9349   
15.7075    19.3936   
7.0950     25.0979   
10.6162    17.1350   
18.9950    3.3340    

# Frame355

# x        y
17.0724    13.8217   
2.3782     35.9349   
15.7075    19.3947   
7.0950     25.0979   
10.6160    17.1357   
18.9950    3.3340    

# Frame356

# x        y
17.0724    13.8223   
2.3782     35.9349   
15.7075    19.3959   
7.0950     25.0979   
10.6159    17.1364   
18.9950    3.3340    

# Frame357

# x        y
17.0724    13.8228   
2.3782     35.9349   
15.7076    19.3970   
7.0950     25.0979   
10.6157    17.1371   
18.9950    3.3340    

# Frame358

# x        y
17.0724    13.8233   
2.3782     35.9349   
15.7076    19.3981   
7.0950     25.0979   
10.6155    17.1378   
18.9950    3.3340    

# Frame359

# x        y
17.0724    13.8239   
2.3782     35.9349   
15.7076    19.3992   
7.0950     25.0979   
10.6154    17.1384   
18.9950    3.3340    

# Frame360

# x        y
17.0723    13.8244   
2.3782     35.9349   
15.7076    19.4003   
7.0950     25.0979   
10.6152    17.1391   
18.9950    3.3340    

# Frame361

# x        y
17.0723    13.8249   
2.3782     35.9349   
15.7076    19.4014   
7.0950     25.0979   
10.6151    17.1397   
18.9950    3.3340    

# Frame362

# x        y
17.0723    13.8254   
2.3782     35.9349   
15.7076    19.4024   
7.0950     25.0979   
10.6149    17.1403   
18.9950    3.3340    

# Frame363

# x        y
17.0723    13.8258   
2.3782     35.9349   
15.7076    19.4034   
7.0950     25.0979   
10.6148    17.1409   
18.9950    3.3340    

# Frame364

# x        y
17.0723    13.8263   
2.3782     35.9349   
15.7077    19.4044   
7.0950     25.0979   
10.6146    17.1415   
18.9950    3.3340    

# Frame365

# x        y
17.0723    13.8268   
2.3782     35.9349   
15.7077    19.4054   
7.0950     25.0979   
10.6145    17.1421   
18.9950    3.3340    

# Frame366

# x        y
17.0723    13.8272   
2.3782     35.9349   
15.7077    19.4064   
7.0950     25.0979   
10.6144    17.1427   
18.9950    3.3340    

# Frame367

# x        y
17.0723    13.8277   
2.3782     35.9349   
15.7077    19.4074   
7.0950     25.0979   
10.6142    17.1433   
18.9950    3.3340    

# Frame368

# x        y
17.0723    13.8281   
2.3782     35.9349   
15.7077    19.4083   
7.0950     25.0979   
10.6141    17.1439   
18.9950    3.3340    

# Frame369

# x        y
17.0723    13.8286   
2.3782     35.9349   
15.7077    19.4092   
7.0950     25.0979   
10.6140    17.1444   
18.9950    3.3340    

# Frame370

# x        y
17.0723    13.8290   
2.3782     35.9349   
15.7078    19.4102   
7.0950     25.0979   
10.6138    17.1450   
18.9950    3.3340    

# Frame371

# x        y
17.0722    13.8294   
2.3782     35.9349   
15.7078    19.4111   
7.0950     25.0979   
10.6137    17.1455   
18.9950    3.3340    

# Frame372

# x        y
17.0722    13.8298   
2.3782     35.9349   
15.7078    19.4119   
7.0950     25.0979   
10.6136    17.1460   
18.9950    3.3340    

# Frame373

# x        y
17.0722    13.8302   
2.3782     35.9349   
15.7078    19.4128   
7.0950     25.0979   
10.6134    17.1465   
18.9950    3.3340    

# Frame374

# x        y
17.0722    13.8306   
2.3782     35.9349   
15.7078    19.4137   
7.0950     25.0979   
10.6133    17.1470   
18.9950    3.3340    

# Frame375

# x        y
17.0722    13.8310   
2.3782     35.9349   
15.7078    19.4145   
7.0950     25.0979   
10.6132    17.1476   
18.9950    3.3340    

# Frame376

# x        y
17.0722    13.8314   
2.3782     35.9349   
15.7078    19.4153   
7.0950     25.0979   
10.6131    17.1480   
18.9950    3.3340    

# Frame377

# x        y
17.0722    13.8318   
2.3782     35.9349   
15.7078    19.4161   
7.0950     25.0979   
10.6130    17.1485   
18.9950    3.3340    

# Frame378

# x        y
17.0722    13.8322   
2.3782     35.9349   
15.7079    19.4169   
7.0950     25.0979   
10.6129    17.1490   
18.9950    3.3340    

# Frame379

# x        y
17.0722    13.8326   
2.3782     35.9349   
15.7079    19.4177   
7.0950     25.0979   
10.6127    17.1495   
18.9950    3.3340    

# Frame380

# x        y
17.0722    13.8329   
2.3782     35.9349   
15.7079    19.4185   
7.0950     25.0979   
10.6126    17.1499   
18.9950    3.3340    

# Frame381

# x        y
17.0722    13.8333   
2.3782     35.9349   
15.7079    19.4192   
7.0950     25.0979   
10.6125    17.1504   
18.9950    3.3340    

# Frame382

# x        y
17.0722    13.8336   
2.3782     35.9349   
15.7079    19.4200   
7.0950     25.0979   
10.6124    17.1508   
18.9950    3.3340    

# Frame383

# x        y
17.0722    13.8340   
2.3782     35.9349   
15.7079    19.4207   
7.0950     25.0979   
10.6123    17.1513   
18.9950    3.3340    

# Frame384

# x        y
17.0722    13.8343   
2.3782     35.9349   
15.7079    19.4214   
7.0950     25.0979   
10.6122    17.1517   
18.9950    3.3340    

# Frame385

# x        y
17.0721    13.8346   
2.3782     35.9349   
15.7079    19.4222   
7.0950     25.0979   
10.6121    17.1521   
18.9950    3.3340    

# Frame386

# x        y
17.0721    13.8350   
2.3782     35.9349   
15.7079    19.4229   
7.0950     25.0979   
10.6120    17.1525   
18.9950    3.3340    

# Frame387

# x        y
17.0721    13.8353   
2.3782     35.9349   
15.7080    19.4235   
7.0950     25.0979   
10.6119    17.1530   
18.9950    3.3340    

# Frame388

# x        y
17.0721    13.8356   
2.3782     35.9349   
15.7080    19.4242   
7.0950     25.0979   
10.6118    17.1534   
18.9950    3.3340    

# Frame389

# x        y
17.0721    13.8359   
2.3782     35.9349   
15.7080    19.4249   
7.0950     25.0979   
10.6117    17.1538   
18.9950    3.3340    

# Frame390

# x        y
17.0721    13.8362   
2.3782     35.9349   
15.7080    19.4255   
7.0950     25.0979   
10.6116    17.1541   
18.9950    3.3340    

# Frame391

# x        y
17.0721    13.8365   
2.3782     35.9349   
15.7080    19.4262   
7.0950     25.0979   
10.6115    17.1545   
18.9950    3.3340    

# Frame392

# x        y
17.0721    13.8368   
2.3782     35.9349   
15.7080    19.4268   
7.0950     25.0979   
10.6114    17.1549   
18.9950    3.3340    

# Frame393

# x        y
17.0721    13.8371   
2.3782     35.9349   
15.7080    19.4274   
7.0950     25.0979   
10.6114    17.1553   
18.9950    3.3340    

# Frame394

# x        y
17.0721    13.8374   
2.3782     35.9349   
15.7080    19.4280   
7.0950     25.0979   
10.6113    17.1556   
18.9950    3.3340    

# Frame395

# x        y
17.0721    13.8377   
2.3782     35.9349   
15.7080    19.4286   
7.0950     25.0979   
10.6112    17.1560   
18.9950    3.3340    

# Frame396

# x        y
17.0721    13.8380   
2.3782     35.9349   
15.7080    19.4292   
7.0950     25.0979   
10.6111    17.1564   
18.9950    3.3340    

# Frame397

# x        y
17.0721    13.8382   
2.3782     35.9349   
15.7080    19.4298   
7.0950     25.0979   
10.6110    17.1567   
18.9950    3.3340    

# Frame398

# x        y
17.0721    13.8385   
2.3782     35.9349   
15.7081    19.4304   
7.0950     25.0979   
10.6109    17.1570   
18.9950    3.3340    

# Frame399

# x        y
17.0721    13.8388   
2.3782     35.9349   
15.7081    19.4309   
7.0950     25.0979   
10.6108    17.1574   
18.9950    3.3340    

# Frame400

# x        y
17.0721    13.8390   
2.3782     35.9349   
15.7081    19.4315   
7.0950     25.0979   
10.6108    17.1577   
18.9950    3.3340    

# Frame401

# x        y
17.0721    13.8393   
2.3782     35.9349   
15.7081    19.4320   
7.0950     25.0979   
10.6107    17.1580   
18.9950    3.3340    

# Frame402

# x        y
17.0721    13.8395   
2.3782     35.9349   
15.7081    19.4326   
7.0950     25.0979   
10.6106    17.1583   
18.9950    3.3340    

# Frame403

# x        y
17.0721    13.8398   
2.3782     35.9349   
15.7081    19.4331   
7.0950     25.0979   
10.6105    17.1587   
18.9950    3.3340    

# Frame404

# x        y
17.0720    13.8400   
2.3782     35.9349   
15.7081    19.4336   
7.0950     25.0979   
10.6105    17.1590   
18.9950    3.3340    

# Frame405

# x        y
17.0720    13.8403   
2.3782     35.9349   
15.7081    19.4341   
7.0950     25.0979   
10.6104    17.1593   
18.9950    3.3340    

# Frame406

# x        y
17.0720    13.8405   
2.3782     35.9349   
15.7081    19.4346   
7.0950     25.0979   
10.6103    17.1596   
18.9950    3.3340    

# Frame407

# x        y
17.0720    13.8407   
2.3782     35.9349   
15.7081    19.4351   
7.0950     25.0979   
10.6103    17.1599   
18.9950    3.3340    

# Frame408

# x        y
17.0720    13.8409   
2.3782     35.9349   
15.7081    19.4356   
7.0950     25.0979   
10.6102    17.1602   
18.9950    3.3340    

# Frame409

# x        y
17.0720    13.8412   
2.3782     35.9349   
15.7081    19.4360   
7.0950     25.0979   
10.6101    17.1604   
18.9950    3.3340    

# Frame410

# x        y
17.0720    13.8414   
2.3782     35.9349   
15.7081    19.4365   
7.0950     25.0979   
10.6100    17.1607   
18.9950    3.3340    

# Frame411

# x        y
17.0720    13.8416   
2.3782     35.9349   
15.7082    19.4370   
7.0950     25.0979   
10.6100    17.1610   
18.9950    3.3340    

# Frame412

# x        y
17.0720    13.8418   
2.3782     35.9349   
15.7082    19.4374   
7.0950     25.0979   
10.6099    17.1613   
18.9950    3.3340    

# Frame413

# x        y
17.0720    13.8420   
2.3782     35.9349   
15.7082    19.4379   
7.0950     25.0979   
10.6099    17.1615   
18.9950    3.3340    

# Frame414

# x        y
17.0720    13.8422   
2.3782     35.9349   
15.7082    19.4383   
7.0950     25.0979   
10.6098    17.1618   
18.9950    3.3340    

# Frame415

# x        y
17.0720    13.8424   
2.3782     35.9349   
15.7082    19.4387   
7.0950     25.0979   
10.6097    17.1620   
18.9950    3.3340    

# Frame416

# x        y
17.0720    13.8426   
2.3782     35.9349   
15.7082    19.4391   
7.0950     25.0979   
10.6097    17.1623   
18.9950    3.3340    

# Frame417

# x        y
17.0720    13.8428   
2.3782     35.9349   
15.7082    19.4396   
7.0950     25.0979   
10.6096    17.1625   
18.9950    3.3340    

# Frame418

# x        y
17.0720    13.8430   
2.3782     35.9349   
15.7082    19.4400   
7.0950     25.0979   
10.6096    17.1628   
18.9950    3.3340    

# Frame419

# x        y
17.0720    13.8432   
2.3782     35.9349   
15.7082    19.4404   
7.0950     25.0979   
10.6095    17.1630   
18.9950    3.3340    

# Frame420

# x        y
17.0720    13.8434   
2.3782     35.9349   
15.7082    19.4408   
7.0950     25.0979   
10.6094    17.1633   
18.9950    3.3340    

# Frame421

# x        y
17.0720    13.8436   
2.3782     35.9349   
15.7082    19.4411   
7.0950     25.0979   
10.6094    17.1635   
18.9950    3.3340    

# Frame422

# x        y
17.0720    13.8437   
2.3782     35.9349   
15.7082    19.4415   
7.0950     25.0979   
10.6093    17.1637   
18.9950    3.3340    

# Frame423

# x        y
17.0720    13.8439   
2.3782     35.9349   
15.7082    19.4419   
7.0950     25.0979   
10.6093    17.1639   
18.9950    3.3340    

# Frame424

# x        y
17.0720    13.8441   
2.3782     35.9349   
15.7082    19.4423   
7.0950     25.0979   
10.6092    17.1642   
18.9950    3.3340    

# Frame425

# x        y
17.0720    13.8443   
2.3782     35.9349   
15.7082    19.4426   
7.0950     25.0979   
10.6092    17.1644   
18.9950    3.3340    

# Frame426

# x        y
17.0720    13.8444   
2.3782     35.9349   
15.7082    19.4430   
7.0950     25.0979   
10.6091    17.1646   
18.9950    3.3340    

# Frame427

# x        y
17.0720    13.8446   
2.3782     35.9349   
15.7083    19.4433   
7.0950     25.0979   
10.6091    17.1648   
18.9950    3.3340    

# Frame428

# x        y
17.0720    13.8448   
2.3782     35.9349   
15.7083    19.4437   
7.0950     25.0979   
10.6090    17.1650   
18.9950    3.3340    

# Frame429

# x        y
17.0720    13.8449   
2.3782     35.9349   
15.7083    19.4440   
7.0950     25.0979   
10.6090    17.1652   
18.9950    3.3340    

# Frame430

# x        y
17.0719    13.8451   
2.3782     35.9349   
15.7083    19.4443   
7.0950     25.0979   
10.6089    17.1654   
18.9950    3.3340    

# Frame431

# x        y
17.0719    13.8452   
2.3782     35.9349   
15.7083    19.4447   
7.0950     25.0979   
10.6089    17.1656   
18.9950    3.3340    

# Frame432

# x        y
17.0719    13.8454   
2.3782     35.9349   
15.7083    19.4450   
7.0950     25.0979   
10.6088    17.1658   
18.9950    3.3340    

# Frame433

# x        y
17.0719    13.8455   
2.3782     35.9349   
15.7083    19.4453   
7.0950     25.0979   
10.6088    17.1660   
18.9950    3.3340    

# Frame434

# x        y
17.0719    13.8457   
2.3782     35.9349   
15.7083    19.4456   
7.0950     25.0979   
10.6087    17.1662   
18.9950    3.3340    

# Frame435

# x        y
17.0719    13.8458   
2.3782     35.9349   
15.7083    19.4459   
7.0950     25.0979   
10.6087    17.1664   
18.9950    3.3340    

# Frame436

# x        y
17.0719    13.8460   
2.3782     35.9349   
15.7083    19.4462   
7.0950     25.0979   
10.6087    17.1665   
18.9950    3.3340    

# Frame437

# x        y
17.0719    13.8461   
2.3782     35.9349   
15.7083    19.4465   
7.0950     25.0979   
10.6086    17.1667   
18.9950    3.3340    

# Frame438

# x        y
17.0719    13.8462   
2.3782     35.9349   
15.7083    19.4468   
7.0950     25.0979   
10.6086    17.1669   
18.9950    3.3340    

# Frame439

# x        y
17.0719    13.8464   
2.3782     35.9349   
15.7083    19.4471   
7.0950     25.0979   
10.6085    17.1671   
18.9950    3.3340    

# Frame440

# x        y
17.0719    13.8465   
2.3782     35.9349   
15.7083    19.4474   
7.0950     25.0979   
10.6085    17.1672   
18.9950    3.3340    

# Frame441

# x        y
17.0719    13.8466   
2.3782     35.9349   
15.7083    19.4477   
7.0950     25.0979   
10.6084    17.1674   
18.9950    3.3340    

# Frame442

# x        y
17.0719    13.8468   
2.3782     35.9349   
15.7083    19.4479   
7.0950     25.0979   
10.6084    17.1676   
18.9950    3.3340    

# Frame443

# x        y
17.0719    13.8469   
2.3782     35.9349   
15.7083    19.4482   
7.0950     25.0979   
10.6084    17.1677   
18.9950    3.3340    

# Frame444

# x        y
17.0719    13.8470   
2.3782     35.9349   
15.7083    19.4485   
7.0950     25.0979   
10.6083    17.1679   
18.9950    3.3340    

# Frame445

# x        y
17.0719    13.8471   
2.3782     35.9349   
15.7083    19.4487   
7.0950     25.0979   
10.6083    17.1680   
18.9950    3.3340    

# Frame446

# x        y
17.0719    13.8472   
2.3782     35.9349   
15.7083    19.4490   
7.0950     25.0979   
10.6083    17.1682   
18.9950    3.3340    

# Frame447

# x        y
17.0719    13.8474   
2.3782     35.9349   
15.7083    19.4492   
7.0950     25.0979   
10.6082    17.1683   
18.9950    3.3340    

# Frame448

# x        y
17.0719    13.8475   
2.3782     35.9349   
15.7083    19.4495   
7.0950     25.0979   
10.6082    17.1685   
18.9950    3.3340    

# Frame449

# x        y
17.0719    13.8476   
2.3782     35.9349   
15.7083    19.4497   
7.0950     25.0979   
10.6082    17.1686   
18.9950    3.3340    

# Frame450

# x        y
17.0719    13.8477   
2.3782     35.9349   
15.7083    19.4500   
7.0950     25.0979   
10.6081    17.1688   
18.9950    3.3340    

# Frame451

# x        y
17.0719    13.8478   
2.3782     35.9349   
15.7084    19.4502   
7.0950     25.0979   
10.6081    17.1689   
18.9950    3.3340    

# Frame452

# x        y
17.0719    13.8479   
2.3782     35.9349   
15.7084    19.4504   
7.0950     25.0979   
10.6081    17.1690   
18.9950    3.3340    

# Frame453

# x        y
17.0719    13.8480   
2.3782     35.9349   
15.7084    19.4506   
7.0950     25.0979   
10.6080    17.1692   
18.9950    3.3340    

# Frame454

# x        y
17.0719    13.8481   
2.3782     35.9349   
15.7084    19.4509   
7.0950     25.0979   
10.6080    17.1693   
18.9950    3.3340    

# Frame455

# x        y
17.0719    13.8482   
2.3782     35.9349   
15.7084    19.4511   
7.0950     25.0979   
10.6080    17.1694   
18.9950    3.3340    

# Frame456

# x        y
17.0719    13.8483   
2.3782     35.9349   
15.7084    19.4513   
7.0950     25.0979   
10.6079    17.1696   
18.9950    3.3340    

# Frame457

# x        y
17.0719    13.8483   
2.3782     35.9349   
15.7084    19.4515   
7.0950     25.0979   
10.6079    17.1697   
18.9950    3.3340    

# Frame458

# x        y
17.0719    13.8483   
2.3782     35.9349   
15.7084    19.4517   
7.0950     25.0979   
10.6079    17.1698   
18.9950    3.3340    

# Frame459

# x        y
17.0719    13.8483   
2.3782     35.9349   
15.7084    19.4519   
7.0950     25.0979   
10.6078    17.1699   
18.9950    3.3340    

# Frame460

# x        y
17.0719    13.8483   
2.3782     35.9349   
15.7084    19.4521   
7.0950     25.0979   
10.6078    17.1701   
18.9950    3.3340    

# Frame461

# x        y
17.0719    13.8483   
2.3782     35.9349   
15.7084    19.4523   
7.0950     25.0979   
10.6078    17.1702   
18.9950    3.3340    

# Frame462

# x        y
17.0719    13.8483   
2.3782     35.9349   
15.7084    19.4525   
7.0950     25.0979   
10.6078    17.1703   
18.9950    3.3340    

# Frame463

# x        y
17.0719    13.8483   
2.3782     35.9349   
15.7084    19.4527   
7.0950     25.0979   
10.6077    17.1704   
18.9950    3.3340    

# Frame464

# x        y
17.0719    13.8483   
2.3782     35.9349   
15.7084    19.4529   
7.0950     25.0979   
10.6077    17.1705   
18.9950    3.3340    

# Frame465

# x        y
17.0719    13.8483   
2.3782     35.9349   
15.7084    19.4531   
7.0950     25.0979   
10.6077    17.1706   
18.9950    3.3340    

# Frame466

# x        y
17.0719    13.8483   
2.3782     35.9349   
15.7084    19.4533   
7.0950     25.0979   
10.6076    17.1707   
18.9950    3.3340    

# Frame467

# x        y
17.0719    13.8483   
2.3782     35.9349   
15.7084    19.4534   
7.0950     25.0979   
10.6076    17.1708   
18.9950    3.3340    

# Frame468

# x        y
17.0719    13.8483   
2.3782     35.9349   
15.7084    19.4536   
7.0950     25.0979   
10.6076    17.1709   
18.9950    3.3340    

# Frame469

# x        y
17.0719    13.8483   
2.3782     35.9349   
15.7084    19.4538   
7.0950     25.0979   
10.6076    17.1711   
18.9950    3.3340    

# Frame470

# x        y
17.0719    13.8483   
2.3782     35.9349   
15.7084    19.4540   
7.0950     25.0979   
10.6075    17.1712   
18.9950    3.3340    

# Frame471

# x        y
17.0719    13.8483   
2.3782     35.9349   
15.7084    19.4541   
7.0950     25.0979   
10.6075    17.1713   
18.9950    3.3340    

# Frame472

# x        y
17.0719    13.8483   
2.3782     35.9349   
15.7084    19.4543   
7.0950     25.0979   
10.6075    17.1714   
18.9950    3.3340    

# Frame473

# x        y
17.0719    13.8483   
2.3782     35.9349   
15.7084    19.4545   
7.0950     25.0979   
10.6075    17.1714   
18.9950    3.3340    

# Frame474

# x        y
17.0719    13.8483   
2.3782     35.9349   
15.7084    19.4546   
7.0950     25.0979   
10.6075    17.1714   
18.9950    3.3340    

# Frame475

# x        y
17.0719    13.8483   
2.3782     35.9349   
15.7084    19.4548   
7.0950     25.0979   
10.6075    17.1714   
18.9950    3.3340    

# Frame476

# x        y
17.0719    13.8483   
2.3782     35.9349   
15.7084    19.4549   
7.0950     25.0979   
10.6075    17.1714   
18.9950    3.3340    

# Frame477

# x        y
17.0719    13.8483   
2.3782     35.9349   
15.7084    19.4551   
7.0950     25.0979   
10.6075    17.1714   
18.9950    3.3340    

# Frame478

# x        y
17.0719    13.8483   
2.3782     35.9349   
15.7084    19.4552   
7.0950     25.0979   
10.6075    17.1714   
18.9950    3.3340    

# Frame479

# x        y
17.0719    13.8483   
2.3782     35.9349   
15.7084    19.4554   
7.0950     25.0979   
10.6075    17.1714   
18.9950    3.3340    

# Frame480

# x        y
17.0719    13.8483   
2.3782     35.9349   
15.7084    19.4555   
7.0950     25.0979   
10.6075    17.1714   
18.9950    3.3340    

# Frame481

# x        y
17.0719    13.8483   
2.3782     35.9349   
15.7084    19.4557   
7.0950     25.0979   
10.6075    17.1714   
18.9950    3.3340    

# Frame482

# x        y
17.0719    13.8483   
2.3782     35.9349   
15.7084    19.4558   
7.0950     25.0979   
10.6075    17.1714   
18.9950    3.3340    

# Frame483

# x        y
17.0719    13.8483   
2.3782     35.9349   
15.7084    19.4559   
7.0950     25.0979   
10.6075    17.1714   
18.9950    3.3340    

# Frame484

# x        y
17.0719    13.8483   
2.3782     35.9349   
15.7084    19.4561   
7.0950     25.0979   
10.6075    17.1714   
18.9950    3.3340    

# Frame485

# x        y
17.0719    13.8483   
2.3782     35.9349   
15.7084    19.4562   
7.0950     25.0979   
10.6075    17.1714   
18.9950    3.3340    

# Frame486

# x        y
17.0719    13.8483   
2.3782     35.9349   
15.7084    19.4563   
7.0950     25.0979   
10.6075    17.1714   
18.9950    3.3340    

# Frame487

# x        y
17.0719    13.8483   
2.3782     35.9349   
15.7084    19.4565   
7.0950     25.0979   
10.6075    17.1714   
18.9950    3.3340    

# Frame488

# x        y
17.0719    13.8483   
2.3782     35.9349   
15.7084    19.4566   
7.0950     25.0979   
10.6075    17.1714   
18.9950    3.3340    

# Frame489

# x        y
17.0719    13.8483   
2.3782     35.9349   
15.7084    19.4567   
7.0950     25.0979   
10.6075    17.1714   
18.9950    3.3340    

# Frame490

# x        y
17.0719    13.8483   
2.3782     35.9349   
15.7084    19.4568   
7.0950     25.0979   
10.6075    17.1714   
18.9950    3.3340    

# Frame491

# x        y
17.0719    13.8483   
2.3782     35.9349   
15.7085    19.4570   
7.0950     25.0979   
10.6075    17.1714   
18.9950    3.3340    

# Frame492

# x        y
17.0719    13.8483   
2.3782     35.9349   
15.7085    19.4571   
7.0950     25.0979   
10.6075    17.1714   
18.9950    3.3340    

# Frame493

# x        y
17.0719    13.8483   
2.3782     35.9349   
15.7085    19.4572   
7.0950     25.0979   
10.6075    17.1714   
18.9950    3.3340    

# Frame494

# x        y
17.0719    13.8483   
2.3782     35.9349   
15.7085    19.4573   
7.0950     25.0979   
10.6075    17.1714   
18.9950    3.3340    

# Frame495

# x        y
17.0719    13.8483   
2.3782     35.9349   
15.7085    19.4574   
7.0950     25.0979   
10.6075    17.1714   
18.9950    3.3340    

# Frame496

# x        y
17.0719    13.8483   
2.3782     35.9349   
15.7085    19.4575   
7.0950     25.0979   
10.6075    17.1714   
18.9950    3.3340    

# Frame497

# x        y
17.0719    13.8483   
2.3782     35.9349   
15.7085    19.4576   
7.0950     25.0979   
10.6075    17.1714   
18.9950    3.3340    

# Frame498

# x        y
17.0719    13.8483   
2.3782     35.9349   
15.7085    19.4577   
7.0950     25.0979   
10.6075    17.1714   
18.9950    3.3340    

# Frame499

# x        y
17.0719    13.8483   
2.3782     35.9349   
15.7085    19.4578   
7.0950     25.0979   
10.6075    17.1714   
18.9950    3.3340    

# Frame500

# x        y
17.0719    13.8483   
2.3782     35.9349   
15.7085    19.4579   
7.0950     25.0979   
10.6075    17.1714   
18.9950    3.3340    

# Frame501

# x        y
17.0719    13.8483   
2.3782     35.9349   
15.7085    19.4580   
7.0950     25.0979   
10.6075    17.1714   
18.9950    3.3340    

# Frame502

