# x        y
9.7970     2.4222    
12.5153    19.6116   
10.4349    20.8605   
9.5669     10.8133   
16.2175    18.4482   
13.0787    22.1194   

# Frame1

# x        y
9.7970     2.4222    
12.5153    19.6116   
10.4349    20.8605   
9.5669     10.8133   
17.1290    20.2284   
13.0787    22.1194   

# Frame2

# x        y
9.7970     2.4222    
12.5153    19.6116   
10.4349    20.8605   
9.5669     10.8133   
18.0252    21.9790   
13.0787    22.1194   

# Frame3

# x        y
9.7970     2.4222    
12.5153    19.6116   
10.4349    20.8605   
9.5669     10.8133   
18.9066    23.7004   
13.0787    22.1194   

# Frame4

# x        y
9.7970     2.4222    
12.5153    19.6116   
10.4349    20.8605   
9.5669     10.8133   
18.6115    24.4714   
13.0787    22.1194   

# Frame5

# x        y
9.7970     2.4222    
12.5153    19.6116   
10.4349    20.8605   
9.5669     10.8133   
18.1854    25.1135   
13.0787    22.1194   

# Frame6

# x        y
9.7970     2.4222    
12.5153    19.6116   
10.4349    20.8605   
9.5669     10.8133   
17.7664    25.7448   
13.0787    22.1194   

# Frame7

# x        y
9.7970     2.4222    
12.5153    19.6116   
10.4349    20.8605   
9.5669     10.8133   
17.3544    26.3657   
13.0787    22.1194   

# Frame8

# x        y
9.7970     2.4222    
12.5153    19.6116   
10.4349    20.8605   
9.5669     10.8133   
16.9493    26.9761   
13.0787    22.1194   

# Frame9

# x        y
9.7970     2.4222    
12.5153    19.6116   
10.4349    20.8605   
9.5669     10.8133   
16.5509    27.5765   
13.0787    22.1194   

# Frame10

# x        y
9.7970     2.4222    
12.5153    19.6116   
10.4349    20.8605   
9.5669     10.8133   
16.1591    28.1668   
13.0787    22.1194   

# Frame11

# x        y
9.7970     2.4222    
12.5153    19.6116   
10.4349    20.8605   
9.5669     10.8133   
15.7739    28.7472   
13.0787    22.1194   

# Frame12

# x        y
9.7970     2.4222    
12.5153    19.6116   
10.4349    20.8605   
9.5669     10.8133   
15.3951    29.3180   
13.0787    22.1194   

# Frame13

# x        y
9.7970     2.4222    
12.5153    19.6116   
10.4349    20.8605   
9.5669     10.8133   
15.0226    29.8793   
13.0787    22.1194   

# Frame14

# x        y
9.7970     2.4222    
12.5153    19.6116   
10.4349    20.8605   
9.5669     10.8133   
14.6563    30.4312   
13.0787    22.1194   

# Frame15

# x        y
9.7970     2.4222    
12.5153    19.6116   
10.4349    20.8605   
9.5669     10.8133   
14.2962    30.9740   
13.0787    22.1194   

# Frame16

# x        y
9.7970     2.4222    
12.5153    19.6116   
10.4349    20.8605   
9.5669     10.8133   
13.9420    31.5077   
13.0787    22.1194   

# Frame17

# x        y
9.7970     2.4222    
12.5153    19.6116   
10.4349    20.8605   
9.5669     10.8133   
13.5937    32.0324   
13.0787    22.1194   

# Frame18

# x        y
9.7970     2.4222    
12.5153    19.6116   
10.4349    20.8605   
9.5669     10.8133   
13.2513    32.5485   
13.0787    22.1194   

# Frame19

# x        y
9.7970     2.4222    
12.5153    19.6116   
10.4349    20.8605   
9.5669     10.8133   
12.9145    33.0559   
13.0787    22.1194   

# Frame20

# x        y
9.7970     2.4222    
12.5153    19.6116   
10.4349    20.8605   
9.5669     10.8133   
12.5834    33.5549   
13.0787    22.1194   

# Frame21

# x        y
9.7970     2.4222    
12.5153    19.6116   
10.4349    20.8605   
9.5669     10.8133   
12.2577    34.0456   
13.0787    22.1194   

# Frame22

# x        y
9.7970     2.4222    
12.5153    19.6116   
10.4349    20.8605   
9.5669     10.8133   
11.9375    34.5281   
13.0787    22.1194   

# Frame23

# x        y
9.7970     2.4222    
12.5153    19.6116   
10.4349    20.8605   
9.5669     10.8133   
11.6227    35.0025   
13.0787    22.1194   

# Frame24

# x        y
9.7970     2.4222    
12.5153    19.6116   
10.4349    20.8605   
9.5669     10.8133   
11.3131    35.4691   
13.0787    22.1194   

# Frame25

# x        y
9.7970     2.4222    
12.5153    19.6116   
10.4349    20.8605   
9.5669     10.8133   
11.0086    35.9278   
13.0787    22.1194   

# Frame26

# x        y
9.7970     2.4222    
12.5153    19.6116   
10.4349    20.8605   
9.5669     10.8133   
10.7092    36.3789   
13.0787    22.1194   

# Frame27

# x        y
9.7970     2.4222    
12.5153    19.6116   
10.4349    20.8605   
9.5669     10.8133   
10.4148    36.8225   
13.0787    22.1194   

# Frame28

# x        y
9.7970     2.4222    
12.5153    19.6116   
10.4349    20.8605   
9.5669     10.8133   
10.1253    37.2588   
13.0787    22.1194   

# Frame29

# x        y
9.7970     2.4222    
12.5153    19.6116   
10.4349    20.8605   
9.5669     10.8133   
9.8407     37.6877   
13.0787    22.1194   

# Frame30

# x        y
9.7970     2.4222    
12.5153    19.6116   
10.4349    20.8605   
9.5669     10.8133   
9.5608     38.1095   
13.0787    22.1194   

# Frame31

# x        y
9.7970     2.4222    
12.5153    19.6116   
10.4349    20.8605   
9.5669     10.8133   
9.2855     38.5242   
13.0787    22.1194   

# Frame32

# x        y
9.7970     2.4222    
12.5153    19.6116   
10.4349    20.8605   
9.5669     10.8133   
9.0149     38.9321   
13.0787    22.1194   

# Frame33

# x        y
9.7970     2.4222    
12.5153    19.6116   
10.4349    20.8605   
9.5669     10.8133   
8.7547     38.8311   
13.0787    22.1194   

# Frame34

# x        y
9.7970     2.4222    
12.5153    19.6116   
10.4349    20.8605   
9.5669     10.8133   
8.5001     38.6339   
13.0787    22.1194   

# Frame35

# x        y
9.7970     2.4222    
12.5153    19.6116   
10.4349    20.8605   
9.5669     10.8133   
8.2498     38.4400   
13.0787    22.1194   

# Frame36

# x        y
9.7970     2.4222    
12.5153    19.6116   
10.4349    20.8605   
9.5669     10.8133   
8.0037     38.2494   
13.0787    22.1194   

# Frame37

# x        y
9.7970     2.4222    
12.5153    19.6116   
10.4349    20.8605   
9.5669     10.8133   
7.7617     38.0619   
13.0787    22.1194   

# Frame38

# x        y
9.7970     2.4222    
12.5153    19.6116   
10.4349    20.8605   
9.5669     10.8133   
7.5237     37.8775   
13.0787    22.1194   

# Frame39

# x        y
9.7970     2.4222    
12.5153    19.6116   
10.4349    20.8605   
9.5669     10.8133   
7.2897     37.6962   
13.0787    22.1194   

# Frame40

# x        y
9.7970     2.4222    
12.5153    19.6116   
10.4349    20.8605   
9.5669     10.8133   
7.0595     37.5179   
13.0787    22.1194   

# Frame41

# x        y
9.7970     2.4222    
12.5153    19.6116   
10.4349    20.8605   
9.5669     10.8133   
6.8332     37.3427   
13.0787    22.1194   

# Frame42

# x        y
9.7970     2.4222    
12.5153    19.6116   
10.4349    20.8605   
9.5669     10.8133   
6.6107     37.1703   
13.0787    22.1194   

# Frame43

# x        y
9.7970     2.4222    
12.5153    19.6116   
10.4349    20.8605   
9.5669     10.8133   
6.3919     37.0008   
13.0787    22.1194   

# Frame44

# x        y
9.7970     2.4222    
12.5153    19.6116   
10.4349    20.8605   
9.5669     10.8133   
6.1767     36.8341   
13.0787    22.1194   

# Frame45

# x        y
9.7970     2.4222    
12.5153    19.6116   
10.4349    20.8605   
9.5669     10.8133   
5.9652     36.6702   
13.0787    22.1194   

# Frame46

# x        y
9.7970     2.4222    
12.5153    19.6116   
10.4349    20.8605   
9.5669     10.8133   
5.7571     36.5090   
13.0787    22.1194   

# Frame47

# x        y
9.7970     2.4222    
12.5153    19.6116   
10.4349    20.8605   
9.5669     10.8133   
5.5525     36.3506   
13.0787    22.1194   

# Frame48

# x        y
9.7970     2.4222    
12.5153    19.6116   
10.4349    20.8605   
9.5669     10.8133   
5.3514     36.1947   
13.0787    22.1194   

# Frame49

# x        y
9.7970     2.4222    
12.5153    19.6116   
10.4349    20.8605   
9.5669     10.8133   
5.1535     36.0415   
13.0787    22.1194   

# Frame50

# x        y
9.7970     2.4222    
12.5153    19.6116   
10.4349    20.8605   
9.5669     10.8133   
4.9590     35.8908   
13.0787    22.1194   

# Frame51

# x        y
9.7970     2.4222    
12.5153    19.6116   
10.4349    20.8605   
9.5669     10.8133   
4.7677     35.7426   
13.0787    22.1194   

# Frame52

# x        y
9.7970     2.4222    
12.5153    19.6116   
10.4349    20.8605   
9.5669     10.8133   
4.5796     35.5969   
13.0787    22.1194   

# Frame53

# x        y
9.7970     2.4222    
12.5153    19.6116   
10.4349    20.8605   
9.5669     10.8133   
4.3947     35.4536   
13.0787    22.1194   

# Frame54

# x        y
9.7970     2.4222    
12.5153    19.6116   
10.4349    20.8605   
9.5669     10.8133   
4.2128     35.3127   
13.0787    22.1194   

# Frame55

# x        y
9.7970     2.4222    
12.5153    19.6116   
10.4349    20.8605   
9.5669     10.8133   
4.0340     35.1742   
13.0787    22.1194   

# Frame56

# x        y
9.7970     2.4222    
12.5153    19.6116   
10.4349    20.8605   
9.5669     10.8133   
3.8581     35.0379   
13.0787    22.1194   

# Frame57

# x        y
9.7970     2.4222    
12.5153    19.6116   
10.4349    20.8605   
9.5669     10.8133   
3.6852     34.9040   
13.0787    22.1194   

# Frame58

# x        y
9.7970     2.4222    
12.5153    19.6116   
10.4349    20.8605   
9.5669     10.8133   
3.5151     34.7723   
13.0787    22.1194   

# Frame59

# x        y
9.7970     2.4222    
12.5153    19.6116   
10.4349    20.8605   
9.5669     10.8133   
3.3479     34.6427   
13.0787    22.1194   

# Frame60

# x        y
9.7970     2.4222    
12.5153    19.6116   
10.4349    20.8605   
9.5669     10.8133   
3.1835     34.5153   
13.0787    22.1194   

# Frame61

# x        y
9.7970     2.4222    
12.5153    19.6116   
10.4349    20.8605   
9.5669     10.8133   
3.0218     34.3901   
13.0787    22.1194   

# Frame62

# x        y
9.7970     2.4222    
12.5153    19.6116   
10.4349    20.8605   
9.5669     10.8133   
2.8628     34.2669   
13.0787    22.1194   

# Frame63

# x        y
9.7970     2.4222    
12.5153    19.6116   
10.4349    20.8605   
9.5669     10.8133   
2.7064     34.1458   
13.0787    22.1194   

# Frame64

# x        y
9.7970     2.4222    
12.5153    19.6116   
10.4349    20.8605   
9.5669     10.8133   
2.5527     34.0267   
13.0787    22.1194   

# Frame65

# x        y
9.7970     2.4222    
12.5153    19.6116   
10.4349    20.8605   
9.5669     10.8133   
2.4015     33.9096   
13.0787    22.1194   

# Frame66

# x        y
9.7970     2.4222    
12.5153    19.6116   
10.4349    20.8605   
9.5669     10.8133   
2.2529     33.7944   
13.0787    22.1194   

# Frame67

# x        y
9.7970     2.4222    
12.5153    19.6116   
10.4349    20.8605   
9.5669     10.8133   
2.1067     33.6812   
13.0787    22.1194   

# Frame68

# x        y
9.7970     2.4222    
12.5153    19.6116   
10.4349    20.8605   
9.5669     10.8133   
1.9629     33.5699   
13.0787    22.1194   

# Frame69

# x        y
9.7970     2.4222    
12.5153    19.6116   
10.4349    20.8605   
9.5669     10.8133   
1.8216     33.4604   
13.0787    22.1194   

# Frame70

# x        y
9.7970     2.4222    
12.5153    19.6116   
10.4349    20.8605   
9.5669     10.8133   
1.6826     33.3527   
13.0787    22.1194   

# Frame71

# x        y
9.7970     2.4222    
12.5153    19.6116   
10.4349    20.8605   
9.5669     10.8133   
1.5459     33.2468   
13.0787    22.1194   

# Frame72

# x        y
9.7970     2.4222    
12.5153    19.6116   
10.4349    20.8605   
9.5669     10.8133   
1.4115     33.1427   
13.0787    22.1194   

# Frame73

# x        y
9.7970     2.4222    
12.5153    19.6116   
10.4349    20.8605   
9.5669     10.8133   
1.2794     33.0403   
13.0787    22.1194   

# Frame74

# x        y
9.7970     2.4222    
12.5153    19.6116   
10.4349    20.8605   
9.5669     10.8133   
1.1494     32.9397   
13.0787    22.1194   

# Frame75

# x        y
9.7970     2.4222    
12.5153    19.6116   
10.4349    20.8605   
9.5669     10.8133   
1.0216     32.8407   
13.0787    22.1194   

# Frame76

# x        y
9.7970     2.4222    
12.5153    19.6116   
10.4349    20.8605   
9.5669     10.8133   
1.0544     32.7531   
13.0787    22.1194   

# Frame77

# x        y
9.7970     2.4222    
12.5153    19.6116   
10.4349    20.8605   
9.5669     10.8133   
1.1161     32.6696   
13.0787    22.1194   

# Frame78

# x        y
9.7970     2.4222    
12.5153    19.6116   
10.4349    20.8605   
9.5669     10.8133   
1.1769     32.5875   
13.0787    22.1194   

# Frame79

# x        y
9.7970     2.4222    
12.5153    19.6116   
10.4349    20.8605   
9.5669     10.8133   
1.2366     32.5067   
13.0787    22.1194   

# Frame80

# x        y
9.7970     2.4222    
12.5153    19.6116   
10.4349    20.8605   
9.5669     10.8133   
1.2954     32.4273   
13.0787    22.1194   

# Frame81

# x        y
9.7970     2.4222    
12.5153    19.6116   
10.4349    20.8605   
9.5669     10.8133   
1.3531     32.3492   
13.0787    22.1194   

# Frame82

# x        y
9.7970     2.4222    
12.5153    19.6116   
10.4349    20.8605   
9.5669     10.8133   
1.4099     32.2724   
13.0787    22.1194   

# Frame83

# x        y
9.7970     2.4222    
12.5153    19.6116   
10.4349    20.8605   
9.5669     10.8133   
1.4658     32.1969   
13.0787    22.1194   

# Frame84

# x        y
9.7970     2.4222    
12.5153    19.6116   
10.4349    20.8605   
9.5669     10.8133   
1.5207     32.1227   
13.0787    22.1194   

# Frame85

# x        y
9.7970     2.4222    
12.5153    19.6116   
10.4349    20.8605   
9.5669     10.8133   
1.5747     32.0496   
13.0787    22.1194   

# Frame86

# x        y
9.7970     2.4222    
12.5153    19.6116   
10.4349    20.8605   
9.5669     10.8133   
1.6278     31.9778   
13.0787    22.1194   

# Frame87

# x        y
9.7970     2.4222    
12.5153    19.6116   
10.4349    20.8605   
9.5669     10.8133   
1.6801     31.9072   
13.0787    22.1194   

# Frame88

# x        y
9.7970     2.4222    
12.5153    19.6116   
10.4349    20.8605   
9.5669     10.8133   
1.7314     31.8378   
13.0787    22.1194   

# Frame89

# x        y
9.7970     2.4222    
12.5153    19.6116   
10.4349    20.8605   
9.5669     10.8133   
1.7819     31.7696   
13.0787    22.1194   

# Frame90

# x        y
9.7970     2.4222    
12.5153    19.6116   
10.4349    20.8605   
9.5669     10.8133   
1.8316     31.7024   
13.0787    22.1194   

# Frame91

# x        y
9.7970     2.4222    
12.5153    19.6116   
10.4349    20.8605   
9.5669     10.8133   
1.8804     31.6364   
13.0787    22.1194   

# Frame92

# x        y
9.7970     2.4222    
12.5153    19.6116   
10.4349    20.8605   
9.5669     10.8133   
1.9284     31.5715   
13.0787    22.1194   

# Frame93

# x        y
9.7970     2.4222    
12.5153    19.6116   
10.4349    20.8605   
9.5669     10.8133   
1.9756     31.5077   
13.0787    22.1194   

# Frame94

# x        y
9.7970     2.4222    
12.5153    19.6116   
10.4349    20.8605   
9.5669     10.8133   
2.0221     31.4449   
13.0787    22.1194   

# Frame95

# x        y
9.7970     2.4222    
12.5153    19.6116   
10.4349    20.8605   
9.5669     10.8133   
2.0677     31.3832   
13.0787    22.1194   

# Frame96

# x        y
9.7970     2.4222    
12.5153    19.6116   
10.4349    20.8605   
9.5669     10.8133   
2.1126     31.3225   
13.0787    22.1194   

# Frame97

# x        y
9.7970     2.4222    
12.5153    19.6116   
10.4349    20.8605   
9.5669     10.8133   
2.1568     31.2628   
13.0787    22.1194   

# Frame98

# x        y
9.7970     2.4222    
12.5153    19.6116   
10.4349    20.8605   
9.5669     10.8133   
2.2002     31.2042   
13.0787    22.1194   

# Frame99

# x        y
9.7970     2.4222    
12.5153    19.6116   
10.4349    20.8605   
9.5669     10.8133   
2.2428     31.1465   
13.0787    22.1194   

# Frame100

# x        y
9.7970     2.4222    
12.5153    19.6116   
10.4349    20.8605   
9.5669     10.8133   
2.2848     31.0897   
13.0787    22.1194   

# Frame101

# x        y
9.7970     2.4222    
12.5153    19.6116   
10.4349    20.8605   
9.5669     10.8133   
2.3261     31.0339   
13.0787    22.1194   

# Frame102

# x        y
9.7970     2.4222    
12.5153    19.6116   
10.4349    20.8605   
9.5669     10.8133   
2.3667     30.9790   
13.0787    22.1194   

# Frame103

# x        y
9.7970     2.4222    
12.5153    19.6116   
10.4349    20.8605   
9.5669     10.8133   
2.4066     30.9251   
13.0787    22.1194   

# Frame104

# x        y
9.7970     2.4222    
12.5153    19.6116   
10.4349    20.8605   
9.5669     10.8133   
2.4458     30.8720   
13.0787    22.1194   

# Frame105

# x        y
9.7970     2.4222    
12.5153    19.6116   
10.4349    20.8605   
9.5669     10.8133   
2.4844     30.8199   
13.0787    22.1194   

# Frame106

# x        y
9.7970     2.4222    
12.5153    19.6116   
10.4349    20.8605   
9.5669     10.8133   
2.5224     30.7686   
13.0787    22.1194   

# Frame107

# x        y
9.7970     2.4222    
12.5153    19.6116   
10.4349    20.8605   
9.5669     10.8133   
2.5597     30.7181   
13.0787    22.1194   

# Frame108

# x        y
9.7970     2.4222    
12.5153    19.6116   
10.4349    20.8605   
9.5669     10.8133   
2.5964     30.6685   
13.0787    22.1194   

# Frame109

# x        y
9.7970     2.4222    
12.5153    19.6116   
10.4349    20.8605   
9.5669     10.8133   
2.6325     30.6197   
13.0787    22.1194   

# Frame110

# x        y
9.7970     2.4222    
12.5153    19.6116   
10.4349    20.8605   
9.5669     10.8133   
2.6679     30.5718   
13.0787    22.1194   

# Frame111

# x        y
9.7970     2.4222    
12.5153    19.6116   
10.4349    20.8605   
9.5669     10.8133   
2.7028     30.5246   
13.0787    22.1194   

# Frame112

# x        y
9.7970     2.4222    
12.5153    19.6116   
10.4349    20.8605   
9.5669     10.8133   
2.7371     30.4782   
13.0787    22.1194   

# Frame113

# x        y
9.7970     2.4222    
12.5153    19.6116   
10.4349    20.8605   
9.5669     10.8133   
2.7709     30.4326   
13.0787    22.1194   

# Frame114

# x        y
9.7970     2.4222    
12.5153    19.6116   
10.4349    20.8605   
9.5669     10.8133   
2.8041     30.3878   
13.0787    22.1194   

# Frame115

# x        y
9.7970     2.4222    
12.5153    19.6116   
10.4349    20.8605   
9.5669     10.8133   
2.8367     30.3437   
13.0787    22.1194   

# Frame116

# x        y
9.7970     2.4222    
12.5153    19.6116   
10.4349    20.8605   
9.5669     10.8133   
2.8688     30.3003   
13.0787    22.1194   

# Frame117

# x        y
9.7970     2.4222    
12.5153    19.6116   
10.4349    20.8605   
9.5669     10.8133   
2.9003     30.2577   
13.0787    22.1194   

# Frame118

# x        y
9.7970     2.4222    
12.5153    19.6116   
10.4349    20.8605   
9.5669     10.8133   
2.9313     30.2158   
13.0787    22.1194   

# Frame119

# x        y
9.7970     2.4222    
12.5153    19.6116   
10.4349    20.8605   
9.5669     10.8133   
2.9618     30.1745   
13.0787    22.1194   

# Frame120

# x        y
9.7970     2.4222    
12.5153    19.6116   
10.4349    20.8605   
9.5669     10.8133   
2.9918     30.1340   
13.0787    22.1194   

# Frame121

# x        y
9.7970     2.4222    
12.5153    19.6116   
10.4349    20.8605   
9.5669     10.8133   
3.0213     30.0941   
13.0787    22.1194   

# Frame122

# x        y
9.7970     2.4222    
12.5153    19.6116   
10.4349    20.8605   
9.5669     10.8133   
3.0503     30.0549   
13.0787    22.1194   

# Frame123

# x        y
9.7970     2.4222    
12.5153    19.6116   
10.4349    20.8605   
9.5669     10.8133   
3.0788     30.0164   
13.0787    22.1194   

# Frame124

# x        y
9.7970     2.4222    
12.5153    19.6116   
10.4349    20.8605   
9.5669     10.8133   
3.1069     29.9785   
13.0787    22.1194   

# Frame125

# x        y
9.7970     2.4222    
12.5153    19.6116   
10.4349    20.8605   
9.5669     10.8133   
3.1344     29.9412   
13.0787    22.1194   

# Frame126

# x        y
9.7970     2.4222    
12.5153    19.6116   
10.4349    20.8605   
9.5669     10.8133   
3.1615     29.9045   
13.0787    22.1194   

# Frame127

# x        y
9.7970     2.4222    
12.5153    19.6116   
10.4349    20.8605   
9.5669     10.8133   
3.1882     29.8685   
13.0787    22.1194   

# Frame128

# x        y
9.7970     2.4222    
12.5153    19.6116   
10.4349    20.8605   
9.5669     10.8133   
3.2144     29.8330   
13.0787    22.1194   

# Frame129

# x        y
9.7970     2.4222    
12.5153    19.6116   
10.4349    20.8605   
9.5669     10.8133   
3.2402     29.7982   
13.0787    22.1194   

# Frame130

# x        y
9.7970     2.4222    
12.5153    19.6116   
10.4349    20.8605   
9.5669     10.8133   
3.2656     29.7639   
13.0787    22.1194   

# Frame131

# x        y
9.7970     2.4222    
12.5153    19.6116   
10.4349    20.8605   
9.5669     10.8133   
3.2905     29.7302   
13.0787    22.1194   

# Frame132

# x        y
9.7970     2.4222    
12.5153    19.6116   
10.4349    20.8605   
9.5669     10.8133   
3.3150     29.6971   
13.0787    22.1194   

# Frame133

# x        y
9.7970     2.4222    
12.5153    19.6116   
10.4349    20.8605   
9.5669     10.8133   
3.3391     29.6645   
13.0787    22.1194   

# Frame134

# x        y
9.7970     2.4222    
12.5153    19.6116   
10.4349    20.8605   
9.5669     10.8133   
3.3628     29.6324   
13.0787    22.1194   

# Frame135

# x        y
9.7970     2.4222    
12.5153    19.6116   
10.4349    20.8605   
9.5669     10.8133   
3.3861     29.6009   
13.0787    22.1194   

# Frame136

# x        y
9.7970     2.4222    
12.5153    19.6116   
10.4349    20.8605   
9.5669     10.8133   
3.4090     29.5700   
13.0787    22.1194   

# Frame137

# x        y
9.7970     2.4222    
12.5153    19.6116   
10.4349    20.8605   
9.5669     10.8133   
3.4316     29.5395   
13.0787    22.1194   

# Frame138

# x        y
9.7970     2.4222    
12.5153    19.6116   
10.4349    20.8605   
9.5669     10.8133   
3.4537     29.5095   
13.0787    22.1194   

# Frame139

# x        y
9.7970     2.4222    
12.5153    19.6116   
10.4349    20.8605   
9.5669     10.8133   
3.4755     29.4801   
13.0787    22.1194   

# Frame140

# x        y
9.7970     2.4222    
12.5153    19.6116   
10.4349    20.8605   
9.5669     10.8133   
3.4970     29.4511   
13.0787    22.1194   

# Frame141

# x        y
9.7970     2.4222    
12.5153    19.6116   
10.4349    20.8605   
9.5669     10.8133   
3.5180     29.4226   
13.0787    22.1194   

# Frame142

# x        y
9.7970     2.4222    
12.5153    19.6116   
10.4349    20.8605   
9.5669     10.8133   
3.5387     29.3946   
13.0787    22.1194   

# Frame143

# x        y
9.7970     2.4222    
12.5153    19.6116   
10.4349    20.8605   
9.5669     10.8133   
3.5591     29.3671   
13.0787    22.1194   

# Frame144

# x        y
9.7970     2.4222    
12.5153    19.6116   
10.4349    20.8605   
9.5669     10.8133   
3.5792     29.3400   
13.0787    22.1194   

# Frame145

# x        y
9.7970     2.4222    
12.5153    19.6116   
10.4349    20.8605   
9.5669     10.8133   
3.5989     29.3133   
13.0787    22.1194   

# Frame146

# x        y
9.7970     2.4222    
12.5153    19.6116   
10.4349    20.8605   
9.5669     10.8133   
3.6182     29.2871   
13.0787    22.1194   

# Frame147

# x        y
9.7970     2.4222    
12.5153    19.6116   
10.4349    20.8605   
9.5669     10.8133   
3.6373     29.2614   
13.0787    22.1194   

# Frame148

# x        y
9.7970     2.4222    
12.5153    19.6116   
10.4349    20.8605   
9.5669     10.8133   
3.6560     29.2361   
13.0787    22.1194   

# Frame149

# x        y
9.7970     2.4222    
12.5153    19.6116   
10.4349    20.8605   
9.5669     10.8133   
3.6744     29.2112   
13.0787    22.1194   

# Frame150

# x        y
9.7970     2.4222    
12.5153    19.6116   
10.4349    20.8605   
9.5669     10.8133   
3.6926     29.1867   
13.0787    22.1194   

# Frame151

# x        y
9.7970     2.4222    
12.5153    19.6116   
10.4349    20.8605   
9.5669     10.8133   
3.7104     29.1626   
13.0787    22.1194   

# Frame152

# x        y
9.7970     2.4222    
12.5153    19.6116   
10.4349    20.8605   
9.5669     10.8133   
3.7279     29.1389   
13.0787    22.1194   

# Frame153

# x        y
9.7970     2.4222    
12.5153    19.6116   
10.4349    20.8605   
9.5669     10.8133   
3.7451     29.1156   
13.0787    22.1194   

# Frame154

# x        y
9.7970     2.4222    
12.5153    19.6116   
10.4349    20.8605   
9.5669     10.8133   
3.7620     29.0927   
13.0787    22.1194   

# Frame155

# x        y
9.7970     2.4222    
12.5153    19.6116   
10.4349    20.8605   
9.5669     10.8133   
3.7787     29.0702   
13.0787    22.1194   

# Frame156

# x        y
9.7970     2.4222    
12.5153    19.6116   
10.4349    20.8605   
9.5669     10.8133   
3.7951     29.0481   
13.0787    22.1194   

# Frame157

# x        y
9.7970     2.4222    
12.5153    19.6116   
10.4349    20.8605   
9.5669     10.8133   
3.8112     29.0263   
13.0787    22.1194   

# Frame158

# x        y
9.7970     2.4222    
12.5153    19.6116   
10.4349    20.8605   
9.5669     10.8133   
3.8270     29.0049   
13.0787    22.1194   

# Frame159

# x        y
9.7970     2.4222    
12.5153    19.6116   
10.4349    20.8605   
9.5669     10.8133   
3.8426     28.9839   
13.0787    22.1194   

# Frame160

# x        y
9.7970     2.4222    
12.5153    19.6116   
10.4349    20.8605   
9.5669     10.8133   
3.8579     28.9632   
13.0787    22.1194   

# Frame161

# x        y
9.7970     2.4222    
12.5153    19.6116   
10.4349    20.8605   
9.5669     10.8133   
3.8730     28.9428   
13.0787    22.1194   

# Frame162

# x        y
9.7970     2.4222    
12.5153    19.6116   
10.4349    20.8605   
9.5669     10.8133   
3.8878     28.9228   
13.0787    22.1194   

# Frame163

# x        y
9.7970     2.4222    
12.5153    19.6116   
10.4349    20.8605   
9.5669     10.8133   
3.9023     28.9031   
13.0787    22.1194   

# Frame164

# x        y
9.7970     2.4222    
12.5153    19.6116   
10.4349    20.8605   
9.5669     10.8133   
3.9166     28.8838   
13.0787    22.1194   

# Frame165

# x        y
9.7970     2.4222    
12.5153    19.6116   
10.4349    20.8605   
9.5669     10.8133   
3.9307     28.8647   
13.0787    22.1194   

# Frame166

# x        y
9.7970     2.4222    
12.5153    19.6116   
10.4349    20.8605   
9.5669     10.8133   
3.9446     28.8460   
13.0787    22.1194   

# Frame167

# x        y
9.7970     2.4222    
12.5153    19.6116   
10.4349    20.8605   
9.5669     10.8133   
3.9582     28.8276   
13.0787    22.1194   

# Frame168

# x        y
9.7970     2.4222    
12.5153    19.6116   
10.4349    20.8605   
9.5669     10.8133   
3.9716     28.8095   
13.0787    22.1194   

# Frame169

# x        y
9.7970     2.4222    
12.5153    19.6116   
10.4349    20.8605   
9.5669     10.8133   
3.9847     28.7917   
13.0787    22.1194   

# Frame170

# x        y
9.7970     2.4222    
12.5153    19.6116   
10.4349    20.8605   
9.5669     10.8133   
3.9977     28.7742   
13.0787    22.1194   

# Frame171

# x        y
9.7970     2.4222    
12.5153    19.6116   
10.4349    20.8605   
9.5669     10.8133   
4.0104     28.7570   
13.0787    22.1194   

# Frame172

# x        y
9.7970     2.4222    
12.5153    19.6116   
10.4349    20.8605   
9.5669     10.8133   
4.0229     28.7401   
13.0787    22.1194   

# Frame173

# x        y
9.7970     2.4222    
12.5153    19.6116   
10.4349    20.8605   
9.5669     10.8133   
4.0352     28.7235   
13.0787    22.1194   

# Frame174

# x        y
9.7970     2.4222    
12.5153    19.6116   
10.4349    20.8605   
9.5669     10.8133   
4.0473     28.7071   
13.0787    22.1194   

# Frame175

# x        y
9.7970     2.4222    
12.5153    19.6116   
10.4349    20.8605   
9.5669     10.8133   
4.0592     28.6910   
13.0787    22.1194   

# Frame176

# x        y
9.7970     2.4222    
12.5153    19.6116   
10.4349    20.8605   
9.5669     10.8133   
4.0709     28.6752   
13.0787    22.1194   

# Frame177

# x        y
9.7970     2.4222    
12.5153    19.6116   
10.4349    20.8605   
9.5669     10.8133   
4.0824     28.6596   
13.0787    22.1194   

# Frame178

# x        y
9.7970     2.4222    
12.5153    19.6116   
10.4349    20.8605   
9.5669     10.8133   
4.0937     28.6444   
13.0787    22.1194   

# Frame179

# x        y
9.7970     2.4222    
12.5153    19.6116   
10.4349    20.8605   
9.5669     10.8133   
4.1049     28.6293   
13.0787    22.1194   

# Frame180

# x        y
9.7970     2.4222    
12.5153    19.6116   
10.4349    20.8605   
9.5669     10.8133   
4.1158     28.6145   
13.0787    22.1194   

# Frame181

# x        y
9.7970     2.4222    
12.5153    19.6116   
10.4349    20.8605   
9.5669     10.8133   
4.1266     28.6000   
13.0787    22.1194   

# Frame182

# x        y
9.7970     2.4222    
12.5153    19.6116   
10.4349    20.8605   
9.5669     10.8133   
4.1371     28.5857   
13.0787    22.1194   

# Frame183

# x        y
9.7970     2.4222    
12.5153    19.6116   
10.4349    20.8605   
9.5669     10.8133   
4.1475     28.5716   
13.0787    22.1194   

# Frame184

# x        y
9.7970     2.4222    
12.5153    19.6116   
10.4349    20.8605   
9.5669     10.8133   
4.1578     28.5578   
13.0787    22.1194   

# Frame185

# x        y
9.7970     2.4222    
12.5153    19.6116   
10.4349    20.8605   
9.5669     10.8133   
4.1678     28.5442   
13.0787    22.1194   

# Frame186

# x        y
9.7970     2.4222    
12.5153    19.6116   
10.4349    20.8605   
9.5669     10.8133   
4.1777     28.5308   
13.0787    22.1194   

# Frame187

# x        y
9.7970     2.4222    
12.5153    19.6116   
10.4349    20.8605   
9.5669     10.8133   
4.1874     28.5177   
13.0787    22.1194   

# Frame188

# x        y
9.7970     2.4222    
12.5153    19.6116   
10.4349    20.8605   
9.5669     10.8133   
4.1970     28.5047   
13.0787    22.1194   

# Frame189

# x        y
9.7970     2.4222    
12.5153    19.6116   
10.4349    20.8605   
9.5669     10.8133   
4.2064     28.4920   
13.0787    22.1194   

# Frame190

# x        y
9.7970     2.4222    
12.5153    19.6116   
10.4349    20.8605   
9.5669     10.8133   
4.2157     28.4795   
13.0787    22.1194   

# Frame191

# x        y
9.7970     2.4222    
12.5153    19.6116   
10.4349    20.8605   
9.5669     10.8133   
4.2248     28.4672   
13.0787    22.1194   

# Frame192

# x        y
9.7970     2.4222    
12.5153    19.6116   
10.4349    20.8605   
9.5669     10.8133   
4.2337     28.4551   
13.0787    22.1194   

# Frame193

# x        y
9.7970     2.4222    
12.5153    19.6116   
10.4349    20.8605   
9.5669     10.8133   
4.2425     28.4433   
13.0787    22.1194   

# Frame194

# x        y
9.7970     2.4222    
12.5153    19.6116   
10.4349    20.8605   
9.5669     10.8133   
4.2511     28.4316   
13.0787    22.1194   

# Frame195

# x        y
9.7970     2.4222    
12.5153    19.6116   
10.4349    20.8605   
9.5669     10.8133   
4.2596     28.4201   
13.0787    22.1194   

# Frame196

# x        y
9.7970     2.4222    
12.5153    19.6116   
10.4349    20.8605   
9.5669     10.8133   
4.2680     28.4088   
13.0787    22.1194   

# Frame197

# x        y
9.7970     2.4222    
12.5153    19.6116   
10.4349    20.8605   
9.5669     10.8133   
4.2762     28.3977   
13.0787    22.1194   

# Frame198

# x        y
9.7970     2.4222    
12.5153    19.6116   
10.4349    20.8605   
9.5669     10.8133   
4.2843     28.3867   
13.0787    22.1194   

# Frame199

# x        y
9.7970     2.4222    
12.5153    19.6116   
10.4349    20.8605   
9.5669     10.8133   
4.2923     28.3760   
13.0787    22.1194   

# Frame200

# x        y
9.7970     2.4222    
12.5153    19.6116   
10.4349    20.8605   
9.5669     10.8133   
4.3001     28.3654   
13.0787    22.1194   

# Frame201

# x        y
9.7970     2.4222    
12.5153    19.6116   
10.4349    20.8605   
9.5669     10.8133   
4.3078     28.3550   
13.0787    22.1194   

# Frame202

# x        y
9.7970     2.4222    
12.5153    19.6116   
10.4349    20.8605   
9.5669     10.8133   
4.3153     28.3448   
13.0787    22.1194   

# Frame203

# x        y
9.7970     2.4222    
12.5153    19.6116   
10.4349    20.8605   
9.5669     10.8133   
4.3228     28.3348   
13.0787    22.1194   

# Frame204

# x        y
9.7970     2.4222    
12.5153    19.6116   
10.4349    20.8605   
9.5669     10.8133   
4.3301     28.3249   
13.0787    22.1194   

# Frame205

# x        y
9.7970     2.4222    
12.5153    19.6116   
10.4349    20.8605   
9.5669     10.8133   
4.3373     28.3152   
13.0787    22.1194   

# Frame206

# x        y
9.7970     2.4222    
12.5153    19.6116   
10.4349    20.8605   
9.5669     10.8133   
4.3443     28.3056   
13.0787    22.1194   

# Frame207

# x        y
9.7970     2.4222    
12.5153    19.6116   
10.4349    20.8605   
9.5669     10.8133   
4.3513     28.2962   
13.0787    22.1194   

# Frame208

# x        y
9.7970     2.4222    
12.5153    19.6116   
10.4349    20.8605   
9.5669     10.8133   
4.3581     28.2870   
13.0787    22.1194   

# Frame209

# x        y
9.7970     2.4222    
12.5153    19.6116   
10.4349    20.8605   
9.5669     10.8133   
4.3648     28.2779   
13.0787    22.1194   

# Frame210

# x        y
9.7970     2.4222    
12.5153    19.6116   
10.4349    20.8605   
9.5669     10.8133   
4.3714     28.2689   
13.0787    22.1194   

# Frame211

# x        y
9.7970     2.4222    
12.5153    19.6116   
10.4349    20.8605   
9.5669     10.8133   
4.3779     28.2602   
13.0787    22.1194   

# Frame212

# x        y
9.7970     2.4222    
12.5153    19.6116   
10.4349    20.8605   
9.5669     10.8133   
4.3843     28.2515   
13.0787    22.1194   

# Frame213

# x        y
9.7970     2.4222    
12.5153    19.6116   
10.4349    20.8605   
9.5669     10.8133   
4.3906     28.2430   
13.0787    22.1194   

# Frame214

# x        y
9.7970     2.4222    
12.5153    19.6116   
10.4349    20.8605   
9.5669     10.8133   
4.3968     28.2347   
13.0787    22.1194   

# Frame215

# x        y
9.7970     2.4222    
12.5153    19.6116   
10.4349    20.8605   
9.5669     10.8133   
4.4029     28.2265   
13.0787    22.1194   

# Frame216

# x        y
9.7970     2.4222    
12.5153    19.6116   
10.4349    20.8605   
9.5669     10.8133   
4.4088     28.2184   
13.0787    22.1194   

# Frame217

# x        y
9.7970     2.4222    
12.5153    19.6116   
10.4349    20.8605   
9.5669     10.8133   
4.4147     28.2105   
13.0787    22.1194   

# Frame218

# x        y
9.7970     2.4222    
12.5153    19.6116   
10.4349    20.8605   
9.5669     10.8133   
4.4205     28.2026   
13.0787    22.1194   

# Frame219

# x        y
9.7970     2.4222    
12.5153    19.6116   
10.4349    20.8605   
9.5669     10.8133   
4.4262     28.1950   
13.0787    22.1194   

# Frame220

# x        y
9.7970     2.4222    
12.5153    19.6116   
10.4349    20.8605   
9.5669     10.8133   
4.4317     28.1874   
13.0787    22.1194   

# Frame221

# x        y
9.7970     2.4222    
12.5153    19.6116   
10.4349    20.8605   
9.5669     10.8133   
4.4372     28.1800   
13.0787    22.1194   

# Frame222

# x        y
9.7970     2.4222    
12.5153    19.6116   
10.4349    20.8605   
9.5669     10.8133   
4.4426     28.1727   
13.0787    22.1194   

# Frame223

# x        y
9.7970     2.4222    
12.5153    19.6116   
10.4349    20.8605   
9.5669     10.8133   
4.4480     28.1655   
13.0787    22.1194   

# Frame224

# x        y
9.7970     2.4222    
12.5153    19.6116   
10.4349    20.8605   
9.5669     10.8133   
4.4532     28.1584   
13.0787    22.1194   

# Frame225

# x        y
9.7970     2.4222    
12.5153    19.6116   
10.4349    20.8605   
9.5669     10.8133   
4.4583     28.1515   
13.0787    22.1194   

# Frame226

# x        y
9.7970     2.4222    
12.5153    19.6116   
10.4349    20.8605   
9.5669     10.8133   
4.4634     28.1447   
13.0787    22.1194   

# Frame227

# x        y
9.7970     2.4222    
12.5153    19.6116   
10.4349    20.8605   
9.5669     10.8133   
4.4683     28.1380   
13.0787    22.1194   

# Frame228

# x        y
9.7970     2.4222    
12.5153    19.6116   
10.4349    20.8605   
9.5669     10.8133   
4.4732     28.1314   
13.0787    22.1194   

# Frame229

# x        y
9.7970     2.4222    
12.5153    19.6116   
10.4349    20.8605   
9.5669     10.8133   
4.4780     28.1249   
13.0787    22.1194   

# Frame230

# x        y
9.7970     2.4222    
12.5153    19.6116   
10.4349    20.8605   
9.5669     10.8133   
4.4827     28.1185   
13.0787    22.1194   

# Frame231

# x        y
9.7970     2.4222    
12.5153    19.6116   
10.4349    20.8605   
9.5669     10.8133   
4.4874     28.1122   
13.0787    22.1194   

# Frame232

# x        y
9.7970     2.4222    
12.5153    19.6116   
10.4349    20.8605   
9.5669     10.8133   
4.4919     28.1060   
13.0787    22.1194   

# Frame233

# x        y
9.7970     2.4222    
12.5153    19.6116   
10.4349    20.8605   
9.5669     10.8133   
4.4964     28.1000   
13.0787    22.1194   

# Frame234

# x        y
9.7970     2.4222    
12.5153    19.6116   
10.4349    20.8605   
9.5669     10.8133   
4.5008     28.0940   
13.0787    22.1194   

# Frame235

# x        y
9.7970     2.4222    
12.5153    19.6116   
10.4349    20.8605   
9.5669     10.8133   
4.5052     28.0881   
13.0787    22.1194   

# Frame236

# x        y
9.7970     2.4222    
12.5153    19.6116   
10.4349    20.8605   
9.5669     10.8133   
4.5095     28.0824   
13.0787    22.1194   

# Frame237

# x        y
9.7970     2.4222    
12.5153    19.6116   
10.4349    20.8605   
9.5669     10.8133   
4.5136     28.0767   
13.0787    22.1194   

# Frame238

# x        y
9.7970     2.4222    
12.5153    19.6116   
10.4349    20.8605   
9.5669     10.8133   
4.5178     28.0711   
13.0787    22.1194   

# Frame239

# x        y
9.7970     2.4222    
12.5153    19.6116   
10.4349    20.8605   
9.5669     10.8133   
4.5218     28.0656   
13.0787    22.1194   

# Frame240

# x        y
9.7970     2.4222    
12.5153    19.6116   
10.4349    20.8605   
9.5669     10.8133   
4.5258     28.0602   
13.0787    22.1194   

# Frame241

# x        y
9.7970     2.4222    
12.5153    19.6116   
10.4349    20.8605   
9.5669     10.8133   
4.5298     28.0549   
13.0787    22.1194   

# Frame242

# x        y
9.7970     2.4222    
12.5153    19.6116   
10.4349    20.8605   
9.5669     10.8133   
4.5336     28.0497   
13.0787    22.1194   

# Frame243

# x        y
9.7970     2.4222    
12.5153    19.6116   
10.4349    20.8605   
9.5669     10.8133   
4.5374     28.0446   
13.0787    22.1194   

# Frame244

# x        y
9.7970     2.4222    
12.5153    19.6116   
10.4349    20.8605   
9.5669     10.8133   
4.5411     28.0395   
13.0787    22.1194   

# Frame245

# x        y
9.7970     2.4222    
12.5153    19.6116   
10.4349    20.8605   
9.5669     10.8133   
4.5448     28.0346   
13.0787    22.1194   

# Frame246

# x        y
9.7970     2.4222    
12.5153    19.6116   
10.4349    20.8605   
9.5669     10.8133   
4.5484     28.0297   
13.0787    22.1194   

# Frame247

# x        y
9.7970     2.4222    
12.5153    19.6116   
10.4349    20.8605   
9.5669     10.8133   
4.5520     28.0249   
13.0787    22.1194   

# Frame248

# x        y
9.7970     2.4222    
12.5153    19.6116   
10.4349    20.8605   
9.5669     10.8133   
4.5555     28.0202   
13.0787    22.1194   

# Frame249

# x        y
9.7970     2.4222    
12.5153    19.6116   
10.4349    20.8605   
9.5669     10.8133   
4.5589     28.0155   
13.0787    22.1194   

# Frame250

# x        y
9.7970     2.4222    
12.5153    19.6116   
10.4349    20.8605   
9.5669     10.8133   
4.5623     28.0110   
13.0787    22.1194   

# Frame251

# x        y
9.7970     2.4222    
12.5153    19.6116   
10.4349    20.8605   
9.5669     10.8133   
4.5656     28.0065   
13.0787    22.1194   

# Frame252

# x        y
9.7970     2.4222    
12.5153    19.6116   
10.4349    20.8605   
9.5669     10.8133   
4.5688     28.0021   
13.0787    22.1194   

# Frame253

# x        y
9.7970     2.4222    
12.5153    19.6116   
10.4349    20.8605   
9.5669     10.8133   
4.5720     27.9977   
13.0787    22.1194   

# Frame254

# x        y
9.7970     2.4222    
12.5153    19.6116   
10.4349    20.8605   
9.5669     10.8133   
4.5752     27.9935   
13.0787    22.1194   

# Frame255

# x        y
9.7970     2.4222    
12.5153    19.6116   
10.4349    20.8605   
9.5669     10.8133   
4.5783     27.9893   
13.0787    22.1194   

# Frame256

# x        y
9.7970     2.4222    
12.5153    19.6116   
10.4349    20.8605   
9.5669     10.8133   
4.5813     27.9852   
13.0787    22.1194   

# Frame257

# x        y
9.7970     2.4222    
12.5153    19.6116   
10.4349    20.8605   
9.5669     10.8133   
4.5843     27.9811   
13.0787    22.1194   

# Frame258

# x        y
9.7970     2.4222    
12.5153    19.6116   
10.4349    20.8605   
9.5669     10.8133   
4.5873     27.9771   
13.0787    22.1194   

# Frame259

# x        y
9.7970     2.4222    
12.5153    19.6116   
10.4349    20.8605   
9.5669     10.8133   
4.5902     27.9732   
13.0787    22.1194   

# Frame260

# x        y
9.7970     2.4222    
12.5153    19.6116   
10.4349    20.8605   
9.5669     10.8133   
4.5930     27.9694   
13.0787    22.1194   

# Frame261

# x        y
9.7970     2.4222    
12.5153    19.6116   
10.4349    20.8605   
9.5669     10.8133   
4.5959     27.9656   
13.0787    22.1194   

# Frame262

# x        y
9.7970     2.4222    
12.5153    19.6116   
10.4349    20.8605   
9.5669     10.8133   
4.5986     27.9618   
13.0787    22.1194   

# Frame263

# x        y
9.7970     2.4222    
12.5153    19.6116   
10.4349    20.8605   
9.5669     10.8133   
4.6013     27.9582   
13.0787    22.1194   

# Frame264

# x        y
9.7970     2.4222    
12.5153    19.6116   
10.4349    20.8605   
9.5669     10.8133   
4.6040     27.9546   
13.0787    22.1194   

# Frame265

# x        y
9.7970     2.4222    
12.5153    19.6116   
10.4349    20.8605   
9.5669     10.8133   
4.6066     27.9510   
13.0787    22.1194   

# Frame266

# x        y
9.7970     2.4222    
12.5153    19.6116   
10.4349    20.8605   
9.5669     10.8133   
4.6092     27.9475   
13.0787    22.1194   

# Frame267

# x        y
9.7970     2.4222    
12.5153    19.6116   
10.4349    20.8605   
9.5669     10.8133   
4.6117     27.9441   
13.0787    22.1194   

# Frame268

# x        y
9.7970     2.4222    
12.5153    19.6116   
10.4349    20.8605   
9.5669     10.8133   
4.6142     27.9407   
13.0787    22.1194   

# Frame269

# x        y
9.7970     2.4222    
12.5153    19.6116   
10.4349    20.8605   
9.5669     10.8133   
4.6167     27.9374   
13.0787    22.1194   

# Frame270

# x        y
9.7970     2.4222    
12.5153    19.6116   
10.4349    20.8605   
9.5669     10.8133   
4.6191     27.9342   
13.0787    22.1194   

# Frame271

# x        y
9.7970     2.4222    
12.5153    19.6116   
10.4349    20.8605   
9.5669     10.8133   
4.6214     27.9310   
13.0787    22.1194   

# Frame272

# x        y
9.7970     2.4222    
12.5153    19.6116   
10.4349    20.8605   
9.5669     10.8133   
4.6238     27.9278   
13.0787    22.1194   

# Frame273

# x        y
9.7970     2.4222    
12.5153    19.6116   
10.4349    20.8605   
9.5669     10.8133   
4.6261     27.9247   
13.0787    22.1194   

# Frame274

# x        y
9.7970     2.4222    
12.5153    19.6116   
10.4349    20.8605   
9.5669     10.8133   
4.6283     27.9217   
13.0787    22.1194   

# Frame275

# x        y
9.7970     2.4222    
12.5153    19.6116   
10.4349    20.8605   
9.5669     10.8133   
4.6305     27.9187   
13.0787    22.1194   

# Frame276

# x        y
9.7970     2.4222    
12.5153    19.6116   
10.4349    20.8605   
9.5669     10.8133   
4.6327     27.9157   
13.0787    22.1194   

# Frame277

# x        y
9.7970     2.4222    
12.5153    19.6116   
10.4349    20.8605   
9.5669     10.8133   
4.6349     27.9128   
13.0787    22.1194   

# Frame278

# x        y
9.7970     2.4222    
12.5153    19.6116   
10.4349    20.8605   
9.5669     10.8133   
4.6370     27.9100   
13.0787    22.1194   

# Frame279

# x        y
9.7970     2.4222    
12.5153    19.6116   
10.4349    20.8605   
9.5669     10.8133   
4.6390     27.9072   
13.0787    22.1194   

# Frame280

# x        y
9.7970     2.4222    
12.5153    19.6116   
10.4349    20.8605   
9.5669     10.8133   
4.6411     27.9044   
13.0787    22.1194   

# Frame281

# x        y
9.7970     2.4222    
12.5153    19.6116   
10.4349    20.8605   
9.5669     10.8133   
4.6431     27.9017   
13.0787    22.1194   

# Frame282

# x        y
9.7970     2.4222    
12.5153    19.6116   
10.4349    20.8605   
9.5669     10.8133   
4.6451     27.8991   
13.0787    22.1194   

# Frame283

# x        y
9.7970     2.4222    
12.5153    19.6116   
10.4349    20.8605   
9.5669     10.8133   
4.6470     27.8964   
13.0787    22.1194   

# Frame284

# x        y
9.7970     2.4222    
12.5153    19.6116   
10.4349    20.8605   
9.5669     10.8133   
4.6489     27.8939   
13.0787    22.1194   

# Frame285

# x        y
9.7970     2.4222    
12.5153    19.6116   
10.4349    20.8605   
9.5669     10.8133   
4.6508     27.8913   
13.0787    22.1194   

# Frame286

# x        y
9.7970     2.4222    
12.5153    19.6116   
10.4349    20.8605   
9.5669     10.8133   
4.6526     27.8888   
13.0787    22.1194   

# Frame287

# x        y
9.7970     2.4222    
12.5153    19.6116   
10.4349    20.8605   
9.5669     10.8133   
4.6544     27.8864   
13.0787    22.1194   

# Frame288

# x        y
9.7970     2.4222    
12.5153    19.6116   
10.4349    20.8605   
9.5669     10.8133   
4.6562     27.8840   
13.0787    22.1194   

# Frame289

# x        y
9.7970     2.4222    
12.5153    19.6116   
10.4349    20.8605   
9.5669     10.8133   
4.6580     27.8816   
13.0787    22.1194   

# Frame290

# x        y
9.7970     2.4222    
12.5153    19.6116   
10.4349    20.8605   
9.5669     10.8133   
4.6597     27.8793   
13.0787    22.1194   

# Frame291

# x        y
9.7970     2.4222    
12.5153    19.6116   
10.4349    20.8605   
9.5669     10.8133   
4.6614     27.8770   
13.0787    22.1194   

# Frame292

# x        y
9.7970     2.4222    
12.5153    19.6116   
10.4349    20.8605   
9.5669     10.8133   
4.6630     27.8747   
13.0787    22.1194   

# Frame293

# x        y
9.7970     2.4222    
12.5153    19.6116   
10.4349    20.8605   
9.5669     10.8133   
4.6647     27.8725   
13.0787    22.1194   

# Frame294

# x        y
9.7970     2.4222    
12.5153    19.6116   
10.4349    20.8605   
9.5669     10.8133   
4.6663     27.8704   
13.0787    22.1194   

# Frame295

# x        y
9.7970     2.4222    
12.5153    19.6116   
10.4349    20.8605   
9.5669     10.8133   
4.6679     27.8682   
13.0787    22.1194   

# Frame296

# x        y
9.7970     2.4222    
12.5153    19.6116   
10.4349    20.8605   
9.5669     10.8133   
4.6694     27.8661   
13.0787    22.1194   

# Frame297

# x        y
9.7970     2.4222    
12.5153    19.6116   
10.4349    20.8605   
9.5669     10.8133   
4.6710     27.8640   
13.0787    22.1194   

# Frame298

# x        y
9.7970     2.4222    
12.5153    19.6116   
10.4349    20.8605   
9.5669     10.8133   
4.6725     27.8620   
13.0787    22.1194   

# Frame299

# x        y
9.7970     2.4222    
12.5153    19.6116   
10.4349    20.8605   
9.5669     10.8133   
4.6739     27.8600   
13.0787    22.1194   

# Frame300

# x        y
9.7970     2.4222    
12.5153    19.6116   
10.4349    20.8605   
9.5669     10.8133   
4.6754     27.8580   
13.0787    22.1194   

# Frame301

# x        y
9.7970     2.4222    
12.5153    19.6116   
10.4349    20.8605   
9.5669     10.8133   
4.6768     27.8561   
13.0787    22.1194   

# Frame302

# x        y
9.7970     2.4222    
12.5153    19.6116   
10.4349    20.8605   
9.5669     10.8133   
4.6782     27.8542   
13.0787    22.1194   

# Frame303

# x        y
9.7970     2.4222    
12.5153    19.6116   
10.4349    20.8605   
9.5669     10.8133   
4.6796     27.8523   
13.0787    22.1194   

# Frame304

# x        y
9.7970     2.4222    
12.5153    19.6116   
10.4349    20.8605   
9.5669     10.8133   
4.6810     27.8505   
13.0787    22.1194   

# Frame305

# x        y
9.7970     2.4222    
12.5153    19.6116   
10.4349    20.8605   
9.5669     10.8133   
4.6823     27.8487   
13.0787    22.1194   

# Frame306

# x        y
9.7970     2.4222    
12.5153    19.6116   
10.4349    20.8605   
9.5669     10.8133   
4.6836     27.8469   
13.0787    22.1194   

# Frame307

# x        y
9.7970     2.4222    
12.5153    19.6116   
10.4349    20.8605   
9.5669     10.8133   
4.6849     27.8451   
13.0787    22.1194   

# Frame308

# x        y
9.7970     2.4222    
12.5153    19.6116   
10.4349    20.8605   
9.5669     10.8133   
4.6862     27.8434   
13.0787    22.1194   

# Frame309

# x        y
9.7970     2.4222    
12.5153    19.6116   
10.4349    20.8605   
9.5669     10.8133   
4.6875     27.8417   
13.0787    22.1194   

# Frame310

# x        y
9.7970     2.4222    
12.5153    19.6116   
10.4349    20.8605   
9.5669     10.8133   
4.6887     27.8401   
13.0787    22.1194   

# Frame311

# x        y
9.7970     2.4222    
12.5153    19.6116   
10.4349    20.8605   
9.5669     10.8133   
4.6899     27.8384   
13.0787    22.1194   

# Frame312

# x        y
9.7970     2.4222    
12.5153    19.6116   
10.4349    20.8605   
9.5669     10.8133   
4.6911     27.8368   
13.0787    22.1194   

# Frame313

# x        y
9.7970     2.4222    
12.5153    19.6116   
10.4349    20.8605   
9.5669     10.8133   
4.6923     27.8352   
13.0787    22.1194   

# Frame314

# x        y
9.7970     2.4222    
12.5153    19.6116   
10.4349    20.8605   
9.5669     10.8133   
4.6934     27.8337   
13.0787    22.1194   

# Frame315

# x        y
9.7970     2.4222    
12.5153    19.6116   
10.4349    20.8605   
9.5669     10.8133   
4.6945     27.8322   
13.0787    22.1194   

# Frame316

# x        y
9.7970     2.4222    
12.5153    19.6116   
10.4349    20.8605   
9.5669     10.8133   
4.6957     27.8307   
13.0787    22.1194   

# Frame317

# x        y
9.7970     2.4222    
12.5153    19.6116   
10.4349    20.8605   
9.5669     10.8133   
4.6967     27.8292   
13.0787    22.1194   

# Frame318

# x        y
9.7970     2.4222    
12.5153    19.6116   
10.4349    20.8605   
9.5669     10.8133   
4.6978     27.8277   
13.0787    22.1194   

# Frame319

# x        y
9.7970     2.4222    
12.5153    19.6116   
10.4349    20.8605   
9.5669     10.8133   
4.6989     27.8263   
13.0787    22.1194   

# Frame320

# x        y
9.7970     2.4222    
12.5153    19.6116   
10.4349    20.8605   
9.5669     10.8133   
4.6999     27.8249   
13.0787    22.1194   

# Frame321

# x        y
9.7970     2.4222    
12.5153    19.6116   
10.4349    20.8605   
9.5669     10.8133   
4.7009     27.8235   
13.0787    22.1194   

# Frame322

# x        y
9.7970     2.4222    
12.5153    19.6116   
10.4349    20.8605   
9.5669     10.8133   
4.7020     27.8221   
13.0787    22.1194   

# Frame323

# x        y
9.7970     2.4222    
12.5153    19.6116   
10.4349    20.8605   
9.5669     10.8133   
4.7029     27.8208   
13.0787    22.1194   

# Frame324

# x        y
9.7970     2.4222    
12.5153    19.6116   
10.4349    20.8605   
9.5669     10.8133   
4.7039     27.8195   
13.0787    22.1194   

# Frame325

# x        y
9.7970     2.4222    
12.5153    19.6116   
10.4349    20.8605   
9.5669     10.8133   
4.7049     27.8182   
13.0787    22.1194   

# Frame326

# x        y
9.7970     2.4222    
12.5153    19.6116   
10.4349    20.8605   
9.5669     10.8133   
4.7058     27.8169   
13.0787    22.1194   

# Frame327

# x        y
9.7970     2.4222    
12.5153    19.6116   
10.4349    20.8605   
9.5669     10.8133   
4.7067     27.8157   
13.0787    22.1194   

# Frame328

# x        y
9.7970     2.4222    
12.5153    19.6116   
10.4349    20.8605   
9.5669     10.8133   
4.7076     27.8144   
13.0787    22.1194   

# Frame329

# x        y
9.7970     2.4222    
12.5153    19.6116   
10.4349    20.8605   
9.5669     10.8133   
4.7085     27.8132   
13.0787    22.1194   

# Frame330

# x        y
9.7970     2.4222    
12.5153    19.6116   
10.4349    20.8605   
9.5669     10.8133   
4.7094     27.8120   
13.0787    22.1194   

# Frame331

# x        y
9.7970     2.4222    
12.5153    19.6116   
10.4349    20.8605   
9.5669     10.8133   
4.7103     27.8109   
13.0787    22.1194   

# Frame332

# x        y
9.7970     2.4222    
12.5153    19.6116   
10.4349    20.8605   
9.5669     10.8133   
4.7111     27.8097   
13.0787    22.1194   

# Frame333

# x        y
9.7970     2.4222    
12.5153    19.6116   
10.4349    20.8605   
9.5669     10.8133   
4.7120     27.8086   
13.0787    22.1194   

# Frame334

# x        y
9.7970     2.4222    
12.5153    19.6116   
10.4349    20.8605   
9.5669     10.8133   
4.7128     27.8075   
13.0787    22.1194   

# Frame335

# x        y
9.7970     2.4222    
12.5153    19.6116   
10.4349    20.8605   
9.5669     10.8133   
4.7136     27.8064   
13.0787    22.1194   

# Frame336

# x        y
9.7970     2.4222    
12.5153    19.6116   
10.4349    20.8605   
9.5669     10.8133   
4.7144     27.8053   
13.0787    22.1194   

# Frame337

# x        y
9.7970     2.4222    
12.5153    19.6116   
10.4349    20.8605   
9.5669     10.8133   
4.7152     27.8043   
13.0787    22.1194   

# Frame338

# x        y
9.7970     2.4222    
12.5153    19.6116   
10.4349    20.8605   
9.5669     10.8133   
4.7159     27.8032   
13.0787    22.1194   

# Frame339

# x        y
9.7970     2.4222    
12.5153    19.6116   
10.4349    20.8605   
9.5669     10.8133   
4.7167     27.8022   
13.0787    22.1194   

# Frame340

# x        y
9.7970     2.4222    
12.5153    19.6116   
10.4349    20.8605   
9.5669     10.8133   
4.7174     27.8012   
13.0787    22.1194   

# Frame341

# x        y
9.7970     2.4222    
12.5153    19.6116   
10.4349    20.8605   
9.5669     10.8133   
4.7182     27.8002   
13.0787    22.1194   

# Frame342

# x        y
9.7970     2.4222    
12.5153    19.6116   
10.4349    20.8605   
9.5669     10.8133   
4.7189     27.7992   
13.0787    22.1194   

# Frame343

# x        y
9.7970     2.4222    
12.5153    19.6116   
10.4349    20.8605   
9.5669     10.8133   
4.7196     27.7983   
13.0787    22.1194   

# Frame344

# x        y
9.7970     2.4222    
12.5153    19.6116   
10.4349    20.8605   
9.5669     10.8133   
4.7203     27.7973   
13.0787    22.1194   

# Frame345

# x        y
9.7970     2.4222    
12.5153    19.6116   
10.4349    20.8605   
9.5669     10.8133   
4.7210     27.7964   
13.0787    22.1194   

# Frame346

# x        y
9.7970     2.4222    
12.5153    19.6116   
10.4349    20.8605   
9.5669     10.8133   
4.7216     27.7955   
13.0787    22.1194   

# Frame347

# x        y
9.7970     2.4222    
12.5153    19.6116   
10.4349    20.8605   
9.5669     10.8133   
4.7223     27.7946   
13.0787    22.1194   

# Frame348

# x        y
9.7970     2.4222    
12.5153    19.6116   
10.4349    20.8605   
9.5669     10.8133   
4.7230     27.7937   
13.0787    22.1194   

# Frame349

# x        y
9.7970     2.4222    
12.5153    19.6116   
10.4349    20.8605   
9.5669     10.8133   
4.7236     27.7929   
13.0787    22.1194   

# Frame350

# x        y
9.7970     2.4222    
12.5153    19.6116   
10.4349    20.8605   
9.5669     10.8133   
4.7242     27.7920   
13.0787    22.1194   

# Frame351

# x        y
9.7970     2.4222    
12.5153    19.6116   
10.4349    20.8605   
9.5669     10.8133   
4.7248     27.7912   
13.0787    22.1194   

# Frame352

# x        y
9.7970     2.4222    
12.5153    19.6116   
10.4349    20.8605   
9.5669     10.8133   
4.7255     27.7904   
13.0787    22.1194   

# Frame353

# x        y
9.7970     2.4222    
12.5153    19.6116   
10.4349    20.8605   
9.5669     10.8133   
4.7261     27.7896   
13.0787    22.1194   

# Frame354

# x        y
9.7970     2.4222    
12.5153    19.6116   
10.4349    20.8605   
9.5669     10.8133   
4.7266     27.7888   
13.0787    22.1194   

# Frame355

# x        y
9.7970     2.4222    
12.5153    19.6116   
10.4349    20.8605   
9.5669     10.8133   
4.7272     27.7880   
13.0787    22.1194   

# Frame356

# x        y
9.7970     2.4222    
12.5153    19.6116   
10.4349    20.8605   
9.5669     10.8133   
4.7278     27.7872   
13.0787    22.1194   

# Frame357

# x        y
9.7970     2.4222    
12.5153    19.6116   
10.4349    20.8605   
9.5669     10.8133   
4.7283     27.7865   
13.0787    22.1194   

# Frame358

# x        y
9.7970     2.4222    
12.5153    19.6116   
10.4349    20.8605   
9.5669     10.8133   
4.7289     27.7857   
13.0787    22.1194   

# Frame359

# x        y
9.7970     2.4222    
12.5153    19.6116   
10.4349    20.8605   
9.5669     10.8133   
4.7294     27.7850   
13.0787    22.1194   

# Frame360

# x        y
9.7970     2.4222    
12.5153    19.6116   
10.4349    20.8605   
9.5669     10.8133   
4.7300     27.7843   
13.0787    22.1194   

# Frame361

# x        y
9.7970     2.4222    
12.5153    19.6116   
10.4349    20.8605   
9.5669     10.8133   
4.7305     27.7836   
13.0787    22.1194   

# Frame362

# x        y
9.7970     2.4222    
12.5153    19.6116   
10.4349    20.8605   
9.5669     10.8133   
4.7310     27.7829   
13.0787    22.1194   

# Frame363

# x        y
9.7970     2.4222    
12.5153    19.6116   
10.4349    20.8605   
9.5669     10.8133   
4.7315     27.7822   
13.0787    22.1194   

# Frame364

# x        y
9.7970     2.4222    
12.5153    19.6116   
10.4349    20.8605   
9.5669     10.8133   
4.7320     27.7815   
13.0787    22.1194   

# Frame365

# x        y
9.7970     2.4222    
12.5153    19.6116   
10.4349    20.8605   
9.5669     10.8133   
4.7325     27.7809   
13.0787    22.1194   

# Frame366

# x        y
9.7970     2.4222    
12.5153    19.6116   
10.4349    20.8605   
9.5669     10.8133   
4.7330     27.7802   
13.0787    22.1194   

# Frame367

# x        y
9.7970     2.4222    
12.5153    19.6116   
10.4349    20.8605   
9.5669     10.8133   
4.7334     27.7796   
13.0787    22.1194   

# Frame368

# x        y
9.7970     2.4222    
12.5153    19.6116   
10.4349    20.8605   
9.5669     10.8133   
4.7339     27.7789   
13.0787    22.1194   

# Frame369

# x        y
9.7970     2.4222    
12.5153    19.6116   
10.4349    20.8605   
9.5669     10.8133   
4.7344     27.7783   
13.0787    22.1194   

# Frame370

# x        y
9.7970     2.4222    
12.5153    19.6116   
10.4349    20.8605   
9.5669     10.8133   
4.7348     27.7777   
13.0787    22.1194   

# Frame371

# x        y
9.7970     2.4222    
12.5153    19.6116   
10.4349    20.8605   
9.5669     10.8133   
4.7353     27.7771   
13.0787    22.1194   

# Frame372

# x        y
9.7970     2.4222    
12.5153    19.6116   
10.4349    20.8605   
9.5669     10.8133   
4.7357     27.7765   
13.0787    22.1194   

# Frame373

# x        y
9.7970     2.4222    
12.5153    19.6116   
10.4349    20.8605   
9.5669     10.8133   
4.7361     27.7760   
13.0787    22.1194   

# Frame374

# x        y
9.7970     2.4222    
12.5153    19.6116   
10.4349    20.8605   
9.5669     10.8133   
4.7365     27.7754   
13.0787    22.1194   

# Frame375

# x        y
9.7970     2.4222    
12.5153    19.6116   
10.4349    20.8605   
9.5669     10.8133   
4.7369     27.7748   
13.0787    22.1194   

# Frame376

# x        y
9.7970     2.4222    
12.5153    19.6116   
10.4349    20.8605   
9.5669     10.8133   
4.7373     27.7743   
13.0787    22.1194   

# Frame377

# x        y
9.7970     2.4222    
12.5153    19.6116   
10.4349    20.8605   
9.5669     10.8133   
4.7377     27.7737   
13.0787    22.1194   

# Frame378

# x        y
9.7970     2.4222    
12.5153    19.6116   
10.4349    20.8605   
9.5669     10.8133   
4.7381     27.7732   
13.0787    22.1194   

# Frame379

# x        y
9.7970     2.4222    
12.5153    19.6116   
10.4349    20.8605   
9.5669     10.8133   
4.7385     27.7727   
13.0787    22.1194   

# Frame380

# x        y
9.7970     2.4222    
12.5153    19.6116   
10.4349    20.8605   
9.5669     10.8133   
4.7389     27.7722   
13.0787    22.1194   

# Frame381

# x        y
9.7970     2.4222    
12.5153    19.6116   
10.4349    20.8605   
9.5669     10.8133   
4.7393     27.7717   
13.0787    22.1194   

# Frame382

# x        y
9.7970     2.4222    
12.5153    19.6116   
10.4349    20.8605   
9.5669     10.8133   
4.7396     27.7712   
13.0787    22.1194   

# Frame383

# x        y
9.7970     2.4222    
12.5153    19.6116   
10.4349    20.8605   
9.5669     10.8133   
4.7400     27.7707   
13.0787    22.1194   

# Frame384

# x        y
9.7970     2.4222    
12.5153    19.6116   
10.4349    20.8605   
9.5669     10.8133   
4.7404     27.7702   
13.0787    22.1194   

# Frame385

# x        y
9.7970     2.4222    
12.5153    19.6116   
10.4349    20.8605   
9.5669     10.8133   
4.7407     27.7697   
13.0787    22.1194   

# Frame386

# x        y
9.7970     2.4222    
12.5153    19.6116   
10.4349    20.8605   
9.5669     10.8133   
4.7411     27.7693   
13.0787    22.1194   

# Frame387

# x        y
9.7970     2.4222    
12.5153    19.6116   
10.4349    20.8605   
9.5669     10.8133   
4.7414     27.7688   
13.0787    22.1194   

# Frame388

# x        y
9.7970     2.4222    
12.5153    19.6116   
10.4349    20.8605   
9.5669     10.8133   
4.7417     27.7684   
13.0787    22.1194   

# Frame389

# x        y
9.7970     2.4222    
12.5153    19.6116   
10.4349    20.8605   
9.5669     10.8133   
4.7421     27.7679   
13.0787    22.1194   

# Frame390

# x        y
9.7970     2.4222    
12.5153    19.6116   
10.4349    20.8605   
9.5669     10.8133   
4.7424     27.7675   
13.0787    22.1194   

# Frame391

# x        y
9.7970     2.4222    
12.5153    19.6116   
10.4349    20.8605   
9.5669     10.8133   
4.7427     27.7671   
13.0787    22.1194   

# Frame392

# x        y
9.7970     2.4222    
12.5153    19.6116   
10.4349    20.8605   
9.5669     10.8133   
4.7430     27.7666   
13.0787    22.1194   

# Frame393

# x        y
9.7970     2.4222    
12.5153    19.6116   
10.4349    20.8605   
9.5669     10.8133   
4.7433     27.7662   
13.0787    22.1194   

# Frame394

# x        y
9.7970     2.4222    
12.5153    19.6116   
10.4349    20.8605   
9.5669     10.8133   
4.7436     27.7658   
13.0787    22.1194   

# Frame395

# x        y
9.7970     2.4222    
12.5153    19.6116   
10.4349    20.8605   
9.5669     10.8133   
4.7439     27.7654   
13.0787    22.1194   

# Frame396

# x        y
9.7970     2.4222    
12.5153    19.6116   
10.4349    20.8605   
9.5669     10.8133   
4.7442     27.7650   
13.0787    22.1194   

# Frame397

# x        y
9.7970     2.4222    
12.5153    19.6116   
10.4349    20.8605   
9.5669     10.8133   
4.7445     27.7647   
13.0787    22.1194   

# Frame398

# x        y
9.7970     2.4222    
12.5153    19.6116   
10.4349    20.8605   
9.5669     10.8133   
4.7448     27.7643   
13.0787    22.1194   

# Frame399

# x        y
9.7970     2.4222    
12.5153    19.6116   
10.4349    20.8605   
9.5669     10.8133   
4.7450     27.7639   
13.0787    22.1194   

# Frame400

# x        y
9.7970     2.4222    
12.5153    19.6116   
10.4349    20.8605   
9.5669     10.8133   
4.7453     27.7635   
13.0787    22.1194   

# Frame401

# x        y
9.7970     2.4222    
12.5153    19.6116   
10.4349    20.8605   
9.5669     10.8133   
4.7456     27.7632   
13.0787    22.1194   

# Frame402

# x        y
9.7970     2.4222    
12.5153    19.6116   
10.4349    20.8605   
9.5669     10.8133   
4.7458     27.7628   
13.0787    22.1194   

# Frame403

# x        y
9.7970     2.4222    
12.5153    19.6116   
10.4349    20.8605   
9.5669     10.8133   
4.7461     27.7625   
13.0787    22.1194   

# Frame404

# x        y
9.7970     2.4222    
12.5153    19.6116   
10.4349    20.8605   
9.5669     10.8133   
4.7463     27.7621   
13.0787    22.1194   

# Frame405

# x        y
9.7970     2.4222    
12.5153    19.6116   
10.4349    20.8605   
9.5669     10.8133   
4.7466     27.7618   
13.0787    22.1194   

# Frame406

# x        y
9.7970     2.4222    
12.5153    19.6116   
10.4349    20.8605   
9.5669     10.8133   
4.7468     27.7615   
13.0787    22.1194   

# Frame407

# x        y
9.7970     2.4222    
12.5153    19.6116   
10.4349    20.8605   
9.5669     10.8133   
4.7471     27.7611   
13.0787    22.1194   

# Frame408

# x        y
9.7970     2.4222    
12.5153    19.6116   
10.4349    20.8605   
9.5669     10.8133   
4.7473     27.7608   
13.0787    22.1194   

# Frame409

# x        y
9.7970     2.4222    
12.5153    19.6116   
10.4349    20.8605   
9.5669     10.8133   
4.7475     27.7605   
13.0787    22.1194   

# Frame410

# x        y
9.7970     2.4222    
12.5153    19.6116   
10.4349    20.8605   
9.5669     10.8133   
4.7478     27.7602   
13.0787    22.1194   

# Frame411

# x        y
9.7970     2.4222    
12.5153    19.6116   
10.4349    20.8605   
9.5669     10.8133   
4.7480     27.7599   
13.0787    22.1194   

# Frame412

# x        y
9.7970     2.4222    
12.5153    19.6116   
10.4349    20.8605   
9.5669     10.8133   
4.7482     27.7596   
13.0787    22.1194   

# Frame413

# x        y
9.7970     2.4222    
12.5153    19.6116   
10.4349    20.8605   
9.5669     10.8133   
4.7484     27.7593   
13.0787    22.1194   

# Frame414

# x        y
9.7970     2.4222    
12.5153    19.6116   
10.4349    20.8605   
9.5669     10.8133   
4.7487     27.7590   
13.0787    22.1194   

# Frame415

# x        y
9.7970     2.4222    
12.5153    19.6116   
10.4349    20.8605   
9.5669     10.8133   
4.7489     27.7587   
13.0787    22.1194   

# Frame416

# x        y
9.7970     2.4222    
12.5153    19.6116   
10.4349    20.8605   
9.5669     10.8133   
4.7491     27.7584   
13.0787    22.1194   

# Frame417

# x        y
9.7970     2.4222    
12.5153    19.6116   
10.4349    20.8605   
9.5669     10.8133   
4.7493     27.7582   
13.0787    22.1194   

# Frame418

# x        y
9.7970     2.4222    
12.5153    19.6116   
10.4349    20.8605   
9.5669     10.8133   
4.7495     27.7579   
13.0787    22.1194   

# Frame419

# x        y
9.7970     2.4222    
12.5153    19.6116   
10.4349    20.8605   
9.5669     10.8133   
4.7497     27.7576   
13.0787    22.1194   

# Frame420

# x        y
9.7970     2.4222    
12.5153    19.6116   
10.4349    20.8605   
9.5669     10.8133   
4.7499     27.7574   
13.0787    22.1194   

# Frame421

# x        y
9.7970     2.4222    
12.5153    19.6116   
10.4349    20.8605   
9.5669     10.8133   
4.7501     27.7571   
13.0787    22.1194   

# Frame422

# x        y
9.7970     2.4222    
12.5153    19.6116   
10.4349    20.8605   
9.5669     10.8133   
4.7502     27.7568   
13.0787    22.1194   

# Frame423

# x        y
9.7970     2.4222    
12.5153    19.6116   
10.4349    20.8605   
9.5669     10.8133   
4.7504     27.7566   
13.0787    22.1194   

# Frame424

# x        y
9.7970     2.4222    
12.5153    19.6116   
10.4349    20.8605   
9.5669     10.8133   
4.7506     27.7564   
13.0787    22.1194   

# Frame425

# x        y
9.7970     2.4222    
12.5153    19.6116   
10.4349    20.8605   
9.5669     10.8133   
4.7508     27.7561   
13.0787    22.1194   

# Frame426

# x        y
9.7970     2.4222    
12.5153    19.6116   
10.4349    20.8605   
9.5669     10.8133   
4.7510     27.7559   
13.0787    22.1194   

# Frame427

# x        y
9.7970     2.4222    
12.5153    19.6116   
10.4349    20.8605   
9.5669     10.8133   
4.7511     27.7556   
13.0787    22.1194   

# Frame428

# x        y
9.7970     2.4222    
12.5153    19.6116   
10.4349    20.8605   
9.5669     10.8133   
4.7513     27.7554   
13.0787    22.1194   

# Frame429

# x        y
9.7970     2.4222    
12.5153    19.6116   
10.4349    20.8605   
9.5669     10.8133   
4.7515     27.7552   
13.0787    22.1194   

# Frame430

# x        y
9.7970     2.4222    
12.5153    19.6116   
10.4349    20.8605   
9.5669     10.8133   
4.7516     27.7550   
13.0787    22.1194   

# Frame431

# x        y
9.7970     2.4222    
12.5153    19.6116   
10.4349    20.8605   
9.5669     10.8133   
4.7518     27.7548   
13.0787    22.1194   

# Frame432

# x        y
9.7970     2.4222    
12.5153    19.6116   
10.4349    20.8605   
9.5669     10.8133   
4.7520     27.7545   
13.0787    22.1194   

# Frame433

# x        y
9.7970     2.4222    
12.5153    19.6116   
10.4349    20.8605   
9.5669     10.8133   
4.7521     27.7543   
13.0787    22.1194   

# Frame434

# x        y
9.7970     2.4222    
12.5153    19.6116   
10.4349    20.8605   
9.5669     10.8133   
4.7523     27.7541   
13.0787    22.1194   

# Frame435

# x        y
9.7970     2.4222    
12.5153    19.6116   
10.4349    20.8605   
9.5669     10.8133   
4.7524     27.7539   
13.0787    22.1194   

# Frame436

# x        y
9.7970     2.4222    
12.5153    19.6116   
10.4349    20.8605   
9.5669     10.8133   
4.7526     27.7537   
13.0787    22.1194   

# Frame437

# x        y
9.7970     2.4222    
12.5153    19.6116   
10.4349    20.8605   
9.5669     10.8133   
4.7527     27.7535   
13.0787    22.1194   

# Frame438

# x        y
9.7970     2.4222    
12.5153    19.6116   
10.4349    20.8605   
9.5669     10.8133   
4.7529     27.7533   
13.0787    22.1194   

# Frame439

# x        y
9.7970     2.4222    
12.5153    19.6116   
10.4349    20.8605   
9.5669     10.8133   
4.7530     27.7531   
13.0787    22.1194   

# Frame440

# x        y
9.7970     2.4222    
12.5153    19.6116   
10.4349    20.8605   
9.5669     10.8133   
4.7531     27.7529   
13.0787    22.1194   

# Frame441

# x        y
9.7970     2.4222    
12.5153    19.6116   
10.4349    20.8605   
9.5669     10.8133   
4.7533     27.7528   
13.0787    22.1194   

# Frame442

# x        y
9.7970     2.4222    
12.5153    19.6116   
10.4349    20.8605   
9.5669     10.8133   
4.7534     27.7526   
13.0787    22.1194   

# Frame443

# x        y
9.7970     2.4222    
12.5153    19.6116   
10.4349    20.8605   
9.5669     10.8133   
4.7535     27.7524   
13.0787    22.1194   

# Frame444

# x        y
9.7970     2.4222    
12.5153    19.6116   
10.4349    20.8605   
9.5669     10.8133   
4.7537     27.7522   
13.0787    22.1194   

# Frame445

# x        y
9.7970     2.4222    
12.5153    19.6116   
10.4349    20.8605   
9.5669     10.8133   
4.7538     27.7521   
13.0787    22.1194   

# Frame446

# x        y
9.7970     2.4222    
12.5153    19.6116   
10.4349    20.8605   
9.5669     10.8133   
4.7539     27.7519   
13.0787    22.1194   

# Frame447

# x        y
9.7970     2.4222    
12.5153    19.6116   
10.4349    20.8605   
9.5669     10.8133   
4.7540     27.7517   
13.0787    22.1194   

# Frame448

# x        y
9.7970     2.4222    
12.5153    19.6116   
10.4349    20.8605   
9.5669     10.8133   
4.7542     27.7516   
13.0787    22.1194   

# Frame449

# x        y
9.7970     2.4222    
12.5153    19.6116   
10.4349    20.8605   
9.5669     10.8133   
4.7543     27.7514   
13.0787    22.1194   

# Frame450

# x        y
9.7970     2.4222    
12.5153    19.6116   
10.4349    20.8605   
9.5669     10.8133   
4.7544     27.7512   
13.0787    22.1194   

# Frame451

# x        y
9.7970     2.4222    
12.5153    19.6116   
10.4349    20.8605   
9.5669     10.8133   
4.7545     27.7511   
13.0787    22.1194   

# Frame452

# x        y
9.7970     2.4222    
12.5153    19.6116   
10.4349    20.8605   
9.5669     10.8133   
4.7546     27.7509   
13.0787    22.1194   

# Frame453

# x        y
9.7970     2.4222    
12.5153    19.6116   
10.4349    20.8605   
9.5669     10.8133   
4.7547     27.7508   
13.0787    22.1194   

# Frame454

# x        y
9.7970     2.4222    
12.5153    19.6116   
10.4349    20.8605   
9.5669     10.8133   
4.7548     27.7506   
13.0787    22.1194   

# Frame455

# x        y
9.7970     2.4222    
12.5153    19.6116   
10.4349    20.8605   
9.5669     10.8133   
4.7549     27.7505   
13.0787    22.1194   

# Frame456

# x        y
9.7970     2.4222    
12.5153    19.6116   
10.4349    20.8605   
9.5669     10.8133   
4.7551     27.7503   
13.0787    22.1194   

# Frame457

# x        y
9.7970     2.4222    
12.5153    19.6116   
10.4349    20.8605   
9.5669     10.8133   
4.7552     27.7502   
13.0787    22.1194   

# Frame458

# x        y
9.7970     2.4222    
12.5153    19.6116   
10.4349    20.8605   
9.5669     10.8133   
4.7553     27.7501   
13.0787    22.1194   

# Frame459

# x        y
9.7970     2.4222    
12.5153    19.6116   
10.4349    20.8605   
9.5669     10.8133   
4.7554     27.7499   
13.0787    22.1194   

# Frame460

# x        y
9.7970     2.4222    
12.5153    19.6116   
10.4349    20.8605   
9.5669     10.8133   
4.7555     27.7498   
13.0787    22.1194   

# Frame461

# x        y
9.7970     2.4222    
12.5153    19.6116   
10.4349    20.8605   
9.5669     10.8133   
4.7556     27.7497   
13.0787    22.1194   

# Frame462

# x        y
9.7970     2.4222    
12.5153    19.6116   
10.4349    20.8605   
9.5669     10.8133   
4.7557     27.7495   
13.0787    22.1194   

# Frame463

# x        y
9.7970     2.4222    
12.5153    19.6116   
10.4349    20.8605   
9.5669     10.8133   
4.7557     27.7494   
13.0787    22.1194   

# Frame464

# x        y
9.7970     2.4222    
12.5153    19.6116   
10.4349    20.8605   
9.5669     10.8133   
4.7558     27.7493   
13.0787    22.1194   

# Frame465

# x        y
9.7970     2.4222    
12.5153    19.6116   
10.4349    20.8605   
9.5669     10.8133   
4.7559     27.7492   
13.0787    22.1194   

# Frame466

# x        y
9.7970     2.4222    
12.5153    19.6116   
10.4349    20.8605   
9.5669     10.8133   
4.7560     27.7490   
13.0787    22.1194   

# Frame467

# x        y
9.7970     2.4222    
12.5153    19.6116   
10.4349    20.8605   
9.5669     10.8133   
4.7561     27.7489   
13.0787    22.1194   

# Frame468

# x        y
9.7970     2.4222    
12.5153    19.6116   
10.4349    20.8605   
9.5669     10.8133   
4.7562     27.7488   
13.0787    22.1194   

# Frame469

# x        y
9.7970     2.4222    
12.5153    19.6116   
10.4349    20.8605   
9.5669     10.8133   
4.7563     27.7487   
13.0787    22.1194   

# Frame470

# x        y
9.7970     2.4222    
12.5153    19.6116   
10.4349    20.8605   
9.5669     10.8133   
4.7564     27.7486   
13.0787    22.1194   

# Frame471

# x        y
9.7970     2.4222    
12.5153    19.6116   
10.4349    20.8605   
9.5669     10.8133   
4.7564     27.7485   
13.0787    22.1194   

# Frame472

# x        y
9.7970     2.4222    
12.5153    19.6116   
10.4349    20.8605   
9.5669     10.8133   
4.7565     27.7484   
13.0787    22.1194   

# Frame473

# x        y
9.7970     2.4222    
12.5153    19.6116   
10.4349    20.8605   
9.5669     10.8133   
4.7566     27.7483   
13.0787    22.1194   

# Frame474

# x        y
9.7970     2.4222    
12.5153    19.6116   
10.4349    20.8605   
9.5669     10.8133   
4.7567     27.7481   
13.0787    22.1194   

# Frame475

# x        y
9.7970     2.4222    
12.5153    19.6116   
10.4349    20.8605   
9.5669     10.8133   
4.7568     27.7480   
13.0787    22.1194   

# Frame476

# x        y
9.7970     2.4222    
12.5153    19.6116   
10.4349    20.8605   
9.5669     10.8133   
4.7568     27.7479   
13.0787    22.1194   

# Frame477

# x        y
9.7970     2.4222    
12.5153    19.6116   
10.4349    20.8605   
9.5669     10.8133   
4.7569     27.7478   
13.0787    22.1194   

# Frame478

# x        y
9.7970     2.4222    
12.5153    19.6116   
10.4349    20.8605   
9.5669     10.8133   
4.7570     27.7477   
13.0787    22.1194   

# Frame479

# x        y
9.7970     2.4222    
12.5153    19.6116   
10.4349    20.8605   
9.5669     10.8133   
4.7571     27.7476   
13.0787    22.1194   

# Frame480

# x        y
9.7970     2.4222    
12.5153    19.6116   
10.4349    20.8605   
9.5669     10.8133   
4.7571     27.7475   
13.0787    22.1194   

# Frame481

# x        y
9.7970     2.4222    
12.5153    19.6116   
10.4349    20.8605   
9.5669     10.8133   
4.7572     27.7475   
13.0787    22.1194   

# Frame482

# x        y
9.7970     2.4222    
12.5153    19.6116   
10.4349    20.8605   
9.5669     10.8133   
4.7573     27.7474   
13.0787    22.1194   

# Frame483

# x        y
9.7970     2.4222    
12.5153    19.6116   
10.4349    20.8605   
9.5669     10.8133   
4.7573     27.7473   
13.0787    22.1194   

# Frame484

# x        y
9.7970     2.4222    
12.5153    19.6116   
10.4349    20.8605   
9.5669     10.8133   
4.7574     27.7472   
13.0787    22.1194   

# Frame485

# x        y
9.7970     2.4222    
12.5153    19.6116   
10.4349    20.8605   
9.5669     10.8133   
4.7575     27.7471   
13.0787    22.1194   

# Frame486

# x        y
9.7970     2.4222    
12.5153    19.6116   
10.4349    20.8605   
9.5669     10.8133   
4.7575     27.7470   
13.0787    22.1194   

# Frame487

# x        y
9.7970     2.4222    
12.5153    19.6116   
10.4349    20.8605   
9.5669     10.8133   
4.7576     27.7469   
13.0787    22.1194   

# Frame488

# x        y
9.7970     2.4222    
12.5153    19.6116   
10.4349    20.8605   
9.5669     10.8133   
4.7577     27.7468   
13.0787    22.1194   

# Frame489

# x        y
9.7970     2.4222    
12.5153    19.6116   
10.4349    20.8605   
9.5669     10.8133   
4.7577     27.7468   
13.0787    22.1194   

# Frame490

