# x        y
4.8028     31.2844   
9.0912     6.1405    
12.6274    3.1866    
7.4602     27.1621   
13.7873    1.0047    
4.2013     28.0136   

# Frame1

# x        y
4.8028     31.2844   
9.0912     6.1405    
12.6274    3.1866    
7.4602     27.1621   
14.6730    2.7979    
4.2013     28.0136   

# Frame2

# x        y
4.8028     31.2844   
9.0912     6.1405    
12.6274    3.1866    
7.4602     27.1621   
15.5440    4.5611    
4.2013     28.0136   

# Frame3

# x        y
4.8028     31.2844   
9.0912     6.1405    
12.6274    3.1866    
7.4602     27.1621   
16.4005    6.2950    
4.2013     28.0136   

# Frame4

# x        y
4.8028     31.2844   
9.0912     6.1405    
12.6274    3.1866    
7.4602     27.1621   
17.2427    8.0000    
4.2013     28.0136   

# Frame5

# x        y
4.8028     31.2844   
9.0912     6.1405    
12.6274    3.1866    
7.4602     27.1621   
18.0709    9.6766    
4.2013     28.0136   

# Frame6

# x        y
4.8028     31.2844   
9.0912     6.1405    
12.6274    3.1866    
7.4602     27.1621   
18.8852    11.3252   
4.2013     28.0136   

# Frame7

# x        y
4.8028     31.2844   
9.0912     6.1405    
12.6274    3.1866    
7.4602     27.1621   
18.6551    12.8488   
4.2013     28.0136   

# Frame8

# x        y
4.8028     31.2844   
9.0912     6.1405    
12.6274    3.1866    
7.4602     27.1621   
18.2614    14.3300   
4.2013     28.0136   

# Frame9

# x        y
4.8028     31.2844   
9.0912     6.1405    
12.6274    3.1866    
7.4602     27.1621   
17.8742    15.7866   
4.2013     28.0136   

# Frame10

# x        y
4.8028     31.2844   
9.0912     6.1405    
12.6274    3.1866    
7.4602     27.1621   
17.4935    17.2189   
4.2013     28.0136   

# Frame11

# x        y
4.8028     31.2844   
9.0912     6.1405    
12.6274    3.1866    
7.4602     27.1621   
17.1192    18.6273   
4.2013     28.0136   

# Frame12

# x        y
4.8028     31.2844   
9.0912     6.1405    
12.6274    3.1866    
7.4602     27.1621   
16.7510    20.0123   
4.2013     28.0136   

# Frame13

# x        y
4.8028     31.2844   
9.0912     6.1405    
12.6274    3.1866    
7.4602     27.1621   
16.3891    21.3741   
4.2013     28.0136   

# Frame14

# x        y
4.8028     31.2844   
9.0912     6.1405    
12.6274    3.1866    
7.4602     27.1621   
16.0331    22.7133   
4.2013     28.0136   

# Frame15

# x        y
4.8028     31.2844   
9.0912     6.1405    
12.6274    3.1866    
7.4602     27.1621   
15.6831    24.0302   
4.2013     28.0136   

# Frame16

# x        y
4.8028     31.2844   
9.0912     6.1405    
12.6274    3.1866    
7.4602     27.1621   
15.3389    25.3251   
4.2013     28.0136   

# Frame17

# x        y
4.8028     31.2844   
9.0912     6.1405    
12.6274    3.1866    
7.4602     27.1621   
15.0004    26.5984   
4.2013     28.0136   

# Frame18

# x        y
4.8028     31.2844   
9.0912     6.1405    
12.6274    3.1866    
7.4602     27.1621   
14.6676    27.8505   
4.2013     28.0136   

# Frame19

# x        y
4.8028     31.2844   
9.0912     6.1405    
12.6274    3.1866    
7.4602     27.1621   
14.3404    29.0817   
4.2013     28.0136   

# Frame20

# x        y
4.8028     31.2844   
9.0912     6.1405    
12.6274    3.1866    
7.4602     27.1621   
14.0186    30.2924   
4.2013     28.0136   

# Frame21

# x        y
4.8028     31.2844   
9.0912     6.1405    
12.6274    3.1866    
7.4602     27.1621   
13.7021    31.4830   
4.2013     28.0136   

# Frame22

# x        y
4.8028     31.2844   
9.0912     6.1405    
12.6274    3.1866    
7.4602     27.1621   
13.3909    32.6537   
4.2013     28.0136   

# Frame23

# x        y
4.8028     31.2844   
9.0912     6.1405    
12.6274    3.1866    
7.4602     27.1621   
13.0850    33.8048   
4.2013     28.0136   

# Frame24

# x        y
4.8028     31.2844   
9.0912     6.1405    
12.6274    3.1866    
7.4602     27.1621   
12.7841    34.9368   
4.2013     28.0136   

# Frame25

# x        y
4.8028     31.2844   
9.0912     6.1405    
12.6274    3.1866    
7.4602     27.1621   
12.4882    36.0500   
4.2013     28.0136   

# Frame26

# x        y
4.8028     31.2844   
9.0912     6.1405    
12.6274    3.1866    
7.4602     27.1621   
12.1973    37.1445   
4.2013     28.0136   

# Frame27

# x        y
4.8028     31.2844   
9.0912     6.1405    
12.6274    3.1866    
7.4602     27.1621   
11.9112    38.2209   
4.2013     28.0136   

# Frame28

# x        y
4.8028     31.2844   
9.0912     6.1405    
12.6274    3.1866    
7.4602     27.1621   
11.5901    38.8580   
4.2013     28.0136   

# Frame29

# x        y
4.8028     31.2844   
9.0912     6.1405    
12.6274    3.1866    
7.4602     27.1621   
11.1629    38.3376   
4.2013     28.0136   

# Frame30

# x        y
4.8028     31.2844   
9.0912     6.1405    
12.6274    3.1866    
7.4602     27.1621   
10.7427    37.8259   
4.2013     28.0136   

# Frame31

# x        y
4.8028     31.2844   
9.0912     6.1405    
12.6274    3.1866    
7.4602     27.1621   
10.3296    37.3228   
4.2013     28.0136   

# Frame32

# x        y
4.8028     31.2844   
9.0912     6.1405    
12.6274    3.1866    
7.4602     27.1621   
9.9233     36.8280   
4.2013     28.0136   

# Frame33

# x        y
4.8028     31.2844   
9.0912     6.1405    
12.6274    3.1866    
7.4602     27.1621   
9.5238     36.3414   
4.2013     28.0136   

# Frame34

# x        y
4.8028     31.2844   
9.0912     6.1405    
12.6274    3.1866    
7.4602     27.1621   
9.1309     35.8630   
4.2013     28.0136   

# Frame35

# x        y
4.8028     31.2844   
9.0912     6.1405    
12.6274    3.1866    
7.4602     27.1621   
8.7447     35.3925   
4.2013     28.0136   

# Frame36

# x        y
4.8028     31.2844   
9.0912     6.1405    
12.6274    3.1866    
7.4602     27.1621   
8.3648     34.9299   
4.2013     28.0136   

# Frame37

# x        y
4.8028     31.2844   
9.0912     6.1405    
12.6274    3.1866    
7.4602     27.1621   
7.9913     34.4750   
4.2013     28.0136   

# Frame38

# x        y
4.8028     31.2844   
9.0912     6.1405    
12.6274    3.1866    
7.4602     27.1621   
7.6240     34.0277   
4.2013     28.0136   

# Frame39

# x        y
4.8028     31.2844   
9.0912     6.1405    
12.6274    3.1866    
7.4602     27.1621   
7.2628     33.5878   
4.2013     28.0136   

# Frame40

# x        y
4.8028     31.2844   
9.0912     6.1405    
12.6274    3.1866    
7.4602     27.1621   
6.9076     33.1553   
4.2013     28.0136   

# Frame41

# x        y
4.8028     31.2844   
9.0912     6.1405    
12.6274    3.1866    
7.4602     27.1621   
6.5584     32.7299   
4.2013     28.0136   

# Frame42

# x        y
4.6500     31.1803   
9.0912     6.1405    
12.6274    3.1866    
7.4602     27.1621   
6.3678     32.4158   
4.2013     28.0136   

# Frame43

# x        y
4.3274     30.9612   
9.0912     6.1405    
12.6274    3.1866    
7.4602     27.1621   
6.3527     32.2237   
4.2013     28.0136   

# Frame44

# x        y
4.0101     30.7457   
9.0912     6.1405    
12.6274    3.1866    
7.4602     27.1621   
6.3379     32.0347   
4.2013     28.0136   

# Frame45

# x        y
3.6982     30.5338   
9.0912     6.1405    
12.6274    3.1866    
7.4602     27.1621   
6.3233     31.8489   
4.2013     28.0136   

# Frame46

# x        y
3.3914     30.3255   
9.0912     6.1405    
12.6274    3.1866    
7.4602     27.1621   
6.3090     31.6662   
4.2013     28.0136   

# Frame47

# x        y
3.0898     30.1206   
9.0912     6.1405    
12.6274    3.1866    
7.4602     27.1621   
6.2949     31.4866   
4.2013     28.0136   

# Frame48

# x        y
2.7931     29.9191   
9.0912     6.1405    
12.6274    3.1866    
7.4602     27.1621   
6.2810     31.3099   
4.2013     28.0136   

# Frame49

# x        y
2.5015     29.7210   
9.0912     6.1405    
12.6274    3.1866    
7.4602     27.1621   
6.2674     31.1362   
4.2013     28.0136   

# Frame50

# x        y
2.2147     29.5262   
9.0912     6.1405    
12.6274    3.1866    
7.4602     27.1621   
6.2540     30.9654   
4.2013     28.0136   

# Frame51

# x        y
1.9326     29.3347   
9.0912     6.1405    
12.6274    3.1866    
7.4602     27.1621   
6.2408     30.7974   
4.2013     28.0136   

# Frame52

# x        y
1.6553     29.1463   
9.0912     6.1405    
12.6274    3.1866    
7.4602     27.1621   
6.2279     30.6322   
4.2013     28.0136   

# Frame53

# x        y
1.3826     28.9611   
9.0912     6.1405    
12.6274    3.1866    
7.4602     27.1621   
6.2151     30.4698   
4.2013     28.0136   

# Frame54

# x        y
1.1144     28.7789   
9.0912     6.1405    
12.6274    3.1866    
7.4602     27.1621   
6.2026     30.3101   
4.2013     28.0136   

# Frame55

# x        y
1.0770     28.6385   
9.0912     6.1405    
12.6274    3.1866    
7.4602     27.1621   
6.1903     30.1530   
4.2013     28.0136   

# Frame56

# x        y
1.2066     28.5319   
9.0912     6.1405    
12.6274    3.1866    
7.4602     27.1621   
6.1782     29.9986   
4.2013     28.0136   

# Frame57

# x        y
1.3341     28.4271   
9.0912     6.1405    
12.6274    3.1866    
7.4602     27.1621   
6.1663     29.8468   
4.2013     28.0136   

# Frame58

# x        y
1.4595     28.3240   
9.0912     6.1405    
12.6274    3.1866    
7.4602     27.1621   
6.1546     29.6974   
4.2013     28.0136   

# Frame59

# x        y
1.5828     28.2226   
9.0912     6.1405    
12.6274    3.1866    
7.4602     27.1621   
6.1430     29.5506   
4.2013     28.0136   

# Frame60

# x        y
1.7040     28.1229   
9.0912     6.1405    
12.6274    3.1866    
7.4602     27.1621   
6.1317     29.4062   
4.2013     28.0136   

# Frame61

# x        y
1.8232     28.0249   
9.0912     6.1405    
12.6274    3.1866    
7.4602     27.1621   
6.1206     29.2642   
4.2013     28.0136   

# Frame62

# x        y
1.9404     27.9286   
9.0912     6.1405    
12.6274    3.1866    
7.4602     27.1621   
6.1096     29.1246   
4.2013     28.0136   

# Frame63

# x        y
2.0557     27.8338   
9.0912     6.1405    
12.6274    3.1866    
7.4602     27.1621   
6.0989     28.9873   
4.2013     28.0136   

# Frame64

# x        y
2.1690     27.7406   
9.0912     6.1405    
12.6274    3.1866    
7.4602     27.1621   
6.0883     28.8523   
4.2013     28.0136   

# Frame65

# x        y
2.2518     27.6542   
9.0912     6.1405    
12.6274    3.1866    
7.4602     27.1621   
6.0856     28.7228   
4.2221     28.0051   

# Frame66

# x        y
2.2661     27.5775   
9.0912     6.1405    
12.6274    3.1866    
7.4713     27.1440   
6.1452     28.6481   
4.2365     27.9539   

# Frame67

# x        y
2.2730     27.5001   
9.0912     6.1405    
12.6274    3.1866    
7.5137     27.0670   
6.1723     28.6339   
4.2578     27.9056   

# Frame68

# x        y
2.2798     27.4240   
9.0912     6.1405    
12.6274    3.1866    
7.5554     26.9912   
6.1989     28.6200   
4.2788     27.8581   

# Frame69

# x        y
2.2864     27.3491   
9.0912     6.1405    
12.6274    3.1866    
7.5964     26.9166   
6.2251     28.6062   
4.2994     27.8114   

# Frame70

# x        y
2.2930     27.2755   
9.0912     6.1405    
12.6274    3.1866    
7.6367     26.8433   
6.2509     28.5927   
4.3196     27.7655   

# Frame71

# x        y
2.2994     27.2032   
9.0912     6.1405    
12.6274    3.1866    
7.6763     26.7713   
6.2762     28.5795   
4.3395     27.7203   

# Frame72

# x        y
2.3058     27.1320   
9.0912     6.1405    
12.6274    3.1866    
7.7153     26.7004   
6.3012     28.5664   
4.3591     27.6759   

# Frame73

# x        y
2.3120     27.0620   
9.0912     6.1405    
12.6274    3.1866    
7.7537     26.6307   
6.3257     28.5536   
4.3784     27.6322   

# Frame74

# x        y
2.3181     26.9932   
9.0912     6.1405    
12.6274    3.1866    
7.7914     26.5622   
6.3498     28.5410   
4.3973     27.5893   

# Frame75

# x        y
2.3242     26.9255   
9.0912     6.1405    
12.6274    3.1866    
7.8284     26.4948   
6.3735     28.5286   
4.4159     27.5470   

# Frame76

# x        y
2.3301     26.8590   
9.0912     6.1405    
12.6274    3.1866    
7.8649     26.4286   
6.3968     28.5164   
4.4342     27.5055   

# Frame77

# x        y
2.3359     26.7936   
9.0912     6.1405    
12.6274    3.1866    
7.9007     26.3634   
6.4197     28.5044   
4.4523     27.4647   

# Frame78

# x        y
2.3416     26.7292   
9.0912     6.1405    
12.6274    3.1866    
7.9359     26.2994   
6.4422     28.4926   
4.4700     27.4245   

# Frame79

# x        y
2.3473     26.6659   
9.0912     6.1405    
12.6274    3.1866    
7.9706     26.2364   
6.4644     28.4810   
4.4874     27.3850   

# Frame80

# x        y
2.3528     26.6037   
9.0912     6.1405    
12.6274    3.1866    
8.0047     26.1744   
6.4862     28.4696   
4.5045     27.3462   

# Frame81

# x        y
2.3582     26.5426   
9.0912     6.1405    
12.6274    3.1866    
8.0382     26.1135   
6.5076     28.4584   
4.5213     27.3080   

# Frame82

# x        y
2.3636     26.4824   
9.0912     6.1405    
12.6274    3.1866    
8.0711     26.0536   
6.5286     28.4474   
4.5379     27.2705   

# Frame83

# x        y
2.3689     26.4232   
9.0912     6.1405    
12.6274    3.1866    
8.1035     25.9947   
6.5494     28.4365   
4.5542     27.2336   

# Frame84

# x        y
2.3740     26.3651   
9.0912     6.1405    
12.6274    3.1866    
8.1354     25.9368   
6.5697     28.4259   
4.5702     27.1973   

# Frame85

# x        y
2.3791     26.3079   
9.0912     6.1405    
12.6274    3.1866    
8.1667     25.8798   
6.5898     28.4154   
4.5859     27.1616   

# Frame86

# x        y
2.3841     26.2516   
9.0912     6.1405    
12.6274    3.1866    
8.1975     25.8238   
6.6095     28.4051   
4.6014     27.1265   

# Frame87

# x        y
2.3891     26.1963   
9.0912     6.1405    
12.6274    3.1866    
8.2278     25.7687   
6.6288     28.3950   
4.6166     27.0919   

# Frame88

# x        y
2.3939     26.1419   
9.0912     6.1405    
12.6274    3.1866    
8.2576     25.7146   
6.6479     28.3850   
4.6316     27.0580   

# Frame89

# x        y
2.3987     26.0885   
9.0912     6.1405    
12.6274    3.1866    
8.2869     25.6613   
6.6666     28.3752   
4.6463     27.0246   

# Frame90

# x        y
2.4034     26.0359   
9.0912     6.1405    
12.6274    3.1866    
8.3157     25.6090   
6.6850     28.3656   
4.6608     26.9918   

# Frame91

# x        y
2.4080     25.9842   
9.0912     6.1405    
12.6274    3.1866    
8.3440     25.5575   
6.7031     28.3561   
4.6750     26.9595   

# Frame92

# x        y
2.4125     25.9333   
9.0912     6.1405    
12.6274    3.1866    
8.3719     25.5068   
6.7209     28.3468   
4.6890     26.9278   

# Frame93

# x        y
2.4169     25.8833   
9.0912     6.1405    
12.6274    3.1866    
8.3993     25.4570   
6.7384     28.3376   
4.7027     26.8966   

# Frame94

# x        y
2.4213     25.8341   
9.0912     6.1405    
12.6274    3.1866    
8.4262     25.4081   
6.7557     28.3286   
4.7163     26.8659   

# Frame95

# x        y
2.4256     25.7858   
9.0912     6.1405    
12.6274    3.1866    
8.4527     25.3599   
6.7726     28.3197   
4.7296     26.8357   

# Frame96

# x        y
2.4299     25.7382   
9.0912     6.1405    
12.6274    3.1866    
8.4787     25.3126   
6.7892     28.3110   
4.7427     26.8060   

# Frame97

# x        y
2.4340     25.6915   
9.0912     6.1405    
12.6274    3.1866    
8.5043     25.2660   
6.8056     28.3024   
4.7555     26.7769   

# Frame98

# x        y
2.4381     25.6455   
9.0912     6.1405    
12.6274    3.1866    
8.5295     25.2203   
6.8217     28.2940   
4.7682     26.7482   

# Frame99

# x        y
2.4421     25.6003   
9.0912     6.1405    
12.6274    3.1866    
8.5543     25.1753   
6.8375     28.2857   
4.7806     26.7200   

# Frame100

# x        y
2.4461     25.5559   
9.0912     6.1405    
12.6274    3.1866    
8.5786     25.1310   
6.8531     28.2776   
4.7929     26.6922   

# Frame101

# x        y
2.4500     25.5121   
9.0912     6.1405    
12.6274    3.1866    
8.6026     25.0875   
6.8684     28.2696   
4.8049     26.6649   

# Frame102

# x        y
2.4538     25.4692   
9.0912     6.1405    
12.6274    3.1866    
8.6261     25.0447   
6.8835     28.2617   
4.8167     26.6381   

# Frame103

# x        y
2.4576     25.4269   
9.0912     6.1405    
12.6274    3.1866    
8.6492     25.0026   
6.8983     28.2539   
4.8283     26.6117   

# Frame104

# x        y
2.4613     25.3853   
9.0912     6.1405    
12.6274    3.1866    
8.6720     24.9612   
6.9128     28.2463   
4.8398     26.5858   

# Frame105

# x        y
2.4649     25.3445   
9.0912     6.1405    
12.6274    3.1866    
8.6944     24.9205   
6.9271     28.2388   
4.8510     26.5603   

# Frame106

# x        y
2.4685     25.3043   
9.0912     6.1405    
12.6274    3.1866    
8.7164     24.8805   
6.9412     28.2315   
4.8621     26.5352   

# Frame107

# x        y
2.4720     25.2647   
9.0912     6.1405    
12.6274    3.1866    
8.7381     24.8411   
6.9551     28.2242   
4.8730     26.5105   

# Frame108

# x        y
2.4755     25.2259   
9.0912     6.1405    
12.6274    3.1866    
8.7593     24.8024   
6.9687     28.2171   
4.8837     26.4863   

# Frame109

# x        y
2.4789     25.1877   
9.0912     6.1405    
12.6274    3.1866    
8.7803     24.7644   
6.9820     28.2101   
4.8942     26.4624   

# Frame110

# x        y
2.4822     25.1501   
9.0912     6.1405    
12.6274    3.1866    
8.8009     24.7270   
6.9952     28.2032   
4.9045     26.4390   

# Frame111

# x        y
2.4855     25.1131   
9.0912     6.1405    
12.6274    3.1866    
8.8211     24.6902   
7.0081     28.1964   
4.9147     26.4159   

# Frame112

# x        y
2.4887     25.0768   
9.0912     6.1405    
12.6274    3.1866    
8.8410     24.6540   
7.0209     28.1898   
4.9247     26.3932   

# Frame113

# x        y
2.4919     25.0411   
9.0912     6.1405    
12.6274    3.1866    
8.8606     24.6184   
7.0334     28.1832   
4.9345     26.3709   

# Frame114

# x        y
2.4950     25.0060   
9.0912     6.1405    
12.6274    3.1866    
8.8798     24.5834   
7.0457     28.1768   
4.9442     26.3490   

# Frame115

# x        y
2.4981     24.9714   
9.0912     6.1405    
12.6274    3.1866    
8.8987     24.5490   
7.0578     28.1705   
4.9537     26.3275   

# Frame116

# x        y
2.5011     24.9374   
9.0912     6.1405    
12.6274    3.1866    
8.9173     24.5152   
7.0697     28.1642   
4.9630     26.3063   

# Frame117

# x        y
2.5041     24.9040   
9.0912     6.1405    
12.6274    3.1866    
8.9356     24.4819   
7.0814     28.1581   
4.9722     26.2854   

# Frame118

# x        y
2.5070     24.8712   
9.0912     6.1405    
12.6274    3.1866    
8.9536     24.4492   
7.0929     28.1521   
4.9813     26.2649   

# Frame119

# x        y
2.5099     24.8389   
9.0912     6.1405    
12.6274    3.1866    
8.9713     24.4171   
7.1042     28.1462   
4.9902     26.2447   

# Frame120

# x        y
2.5128     24.8071   
9.0912     6.1405    
12.6274    3.1866    
8.9887     24.3854   
7.1153     28.1404   
4.9989     26.2249   

# Frame121

# x        y
2.5155     24.7759   
9.0912     6.1405    
12.6274    3.1866    
9.0058     24.3543   
7.1262     28.1346   
5.0075     26.2054   

# Frame122

# x        y
2.5183     24.7452   
9.0912     6.1405    
12.6274    3.1866    
9.0226     24.3238   
7.1370     28.1290   
5.0159     26.1863   

# Frame123

# x        y
2.5210     24.7150   
9.0912     6.1405    
12.6274    3.1866    
9.0392     24.2937   
7.1476     28.1235   
5.0243     26.1674   

# Frame124

# x        y
2.5236     24.6853   
9.0912     6.1405    
12.6274    3.1866    
9.0554     24.2641   
7.1580     28.1180   
5.0324     26.1489   

# Frame125

# x        y
2.5262     24.6561   
9.0912     6.1405    
12.6274    3.1866    
9.0714     24.2350   
7.1682     28.1127   
5.0405     26.1307   

# Frame126

# x        y
2.5288     24.6274   
9.0912     6.1405    
12.6274    3.1866    
9.0872     24.2064   
7.1783     28.1074   
5.0484     26.1127   

# Frame127

# x        y
2.5313     24.5991   
9.0912     6.1405    
12.6274    3.1866    
9.1026     24.1783   
7.1881     28.1022   
5.0561     26.0951   

# Frame128

# x        y
2.5337     24.5713   
9.0912     6.1405    
12.6274    3.1866    
9.1178     24.1507   
7.1979     28.0971   
5.0638     26.0778   

# Frame129

# x        y
2.5362     24.5440   
9.0912     6.1405    
12.6274    3.1866    
9.1328     24.1235   
7.2074     28.0921   
5.0713     26.0607   

# Frame130

# x        y
2.5386     24.5172   
9.0912     6.1405    
12.6274    3.1866    
9.1475     24.0968   
7.2168     28.0872   
5.0787     26.0440   

# Frame131

# x        y
2.5409     24.4908   
9.0912     6.1405    
12.6274    3.1866    
9.1620     24.0705   
7.2261     28.0824   
5.0859     26.0275   

# Frame132

# x        y
2.5432     24.4648   
9.0912     6.1405    
12.6274    3.1866    
9.1762     24.0446   
7.2352     28.0776   
5.0931     26.0113   

# Frame133

# x        y
2.5455     24.4393   
9.0912     6.1405    
12.6274    3.1866    
9.1902     24.0192   
7.2441     28.0729   
5.1001     25.9954   

# Frame134

# x        y
2.5477     24.4142   
9.0912     6.1405    
12.6274    3.1866    
9.2039     23.9942   
7.2529     28.0683   
5.1070     25.9797   

# Frame135

# x        y
2.5499     24.3895   
9.0912     6.1405    
12.6274    3.1866    
9.2174     23.9696   
7.2615     28.0638   
5.1138     25.9643   

# Frame136

# x        y
2.5521     24.3652   
9.0912     6.1405    
12.6274    3.1866    
9.2307     23.9455   
7.2700     28.0594   
5.1205     25.9491   

# Frame137

# x        y
2.5542     24.3414   
9.0912     6.1405    
12.6274    3.1866    
9.2438     23.9217   
7.2784     28.0550   
5.1271     25.9342   

# Frame138

# x        y
2.5563     24.3179   
9.0912     6.1405    
12.6274    3.1866    
9.2567     23.8983   
7.2866     28.0507   
5.1335     25.9196   

# Frame139

# x        y
2.5584     24.2948   
9.0912     6.1405    
12.6274    3.1866    
9.2693     23.8753   
7.2947     28.0465   
5.1399     25.9052   

# Frame140

# x        y
2.5604     24.2721   
9.0912     6.1405    
12.6274    3.1866    
9.2817     23.8527   
7.3027     28.0423   
5.1461     25.8910   

# Frame141

# x        y
2.5624     24.2498   
9.0912     6.1405    
12.6274    3.1866    
9.2940     23.8305   
7.3105     28.0382   
5.1523     25.8771   

# Frame142

# x        y
2.5643     24.2279   
9.0912     6.1405    
12.6274    3.1866    
9.3060     23.8087   
7.3182     28.0342   
5.1583     25.8634   

# Frame143

# x        y
2.5662     24.2063   
9.0912     6.1405    
12.6274    3.1866    
9.3178     23.7872   
7.3257     28.0302   
5.1642     25.8499   

# Frame144

# x        y
2.5681     24.1851   
9.0912     6.1405    
12.6274    3.1866    
9.3294     23.7660   
7.3331     28.0264   
5.1701     25.8367   

# Frame145

# x        y
2.5700     24.1642   
9.0912     6.1405    
12.6274    3.1866    
9.3408     23.7453   
7.3404     28.0225   
5.1758     25.8237   

# Frame146

# x        y
2.5718     24.1437   
9.0912     6.1405    
12.6274    3.1866    
9.3521     23.7248   
7.3476     28.0188   
5.1815     25.8109   

# Frame147

# x        y
2.5736     24.1235   
9.0912     6.1405    
12.6274    3.1866    
9.3631     23.7047   
7.3547     28.0151   
5.1870     25.7983   

# Frame148

# x        y
2.5754     24.1037   
9.0912     6.1405    
12.6274    3.1866    
9.3740     23.6850   
7.3616     28.0114   
5.1925     25.7859   

# Frame149

# x        y
2.5771     24.0842   
9.0912     6.1405    
12.6274    3.1866    
9.3847     23.6656   
7.3685     28.0079   
5.1978     25.7737   

# Frame150

# x        y
2.5788     24.0650   
9.0912     6.1405    
12.6274    3.1866    
9.3952     23.6465   
7.3752     28.0043   
5.2031     25.7617   

# Frame151

# x        y
2.5805     24.0461   
9.0912     6.1405    
12.6274    3.1866    
9.4055     23.6277   
7.3818     28.0009   
5.2083     25.7500   

# Frame152

# x        y
2.5822     24.0276   
9.0912     6.1405    
12.6274    3.1866    
9.4157     23.6092   
7.3883     27.9975   
5.2134     25.7384   

# Frame153

# x        y
2.5838     24.0093   
9.0912     6.1405    
12.6274    3.1866    
9.4257     23.5910   
7.3947     27.9941   
5.2184     25.7270   

# Frame154

# x        y
2.5854     23.9914   
9.0912     6.1405    
12.6274    3.1866    
9.4355     23.5732   
7.4010     27.9909   
5.2234     25.7158   

# Frame155

# x        y
2.5869     23.9737   
9.0912     6.1405    
12.6274    3.1866    
9.4452     23.5556   
7.4071     27.9876   
5.2282     25.7048   

# Frame156

# x        y
2.5885     23.9564   
9.0912     6.1405    
12.6274    3.1866    
9.4547     23.5384   
7.4132     27.9844   
5.2330     25.6940   

# Frame157

# x        y
2.5900     23.9393   
9.0912     6.1405    
12.6274    3.1866    
9.4640     23.5214   
7.4192     27.9813   
5.2377     25.6833   

# Frame158

# x        y
2.5915     23.9226   
9.0912     6.1405    
12.6274    3.1866    
9.4732     23.5047   
7.4251     27.9782   
5.2423     25.6729   

# Frame159

# x        y
2.5930     23.9061   
9.0912     6.1405    
12.6274    3.1866    
9.4822     23.4883   
7.4308     27.9752   
5.2468     25.6626   

# Frame160

# x        y
2.5944     23.8899   
9.0912     6.1405    
12.6274    3.1866    
9.4911     23.4721   
7.4365     27.9722   
5.2513     25.6525   

# Frame161

# x        y
2.5958     23.8739   
9.0912     6.1405    
12.6274    3.1866    
9.4998     23.4562   
7.4421     27.9693   
5.2557     25.6425   

# Frame162

# x        y
2.5972     23.8582   
9.0912     6.1405    
12.6274    3.1866    
9.5084     23.4406   
7.4476     27.9665   
5.2600     25.6327   

# Frame163

# x        y
2.5986     23.8428   
9.0912     6.1405    
12.6274    3.1866    
9.5169     23.4253   
7.4530     27.9636   
5.2643     25.6231   

# Frame164

# x        y
2.6000     23.8277   
9.0912     6.1405    
12.6274    3.1866    
9.5252     23.4102   
7.4583     27.9608   
5.2684     25.6136   

# Frame165

# x        y
2.6013     23.8127   
9.0912     6.1405    
12.6274    3.1866    
9.5333     23.3953   
7.4635     27.9581   
5.2725     25.6043   

# Frame166

# x        y
2.6026     23.7981   
9.0912     6.1405    
12.6274    3.1866    
9.5414     23.3807   
7.4687     27.9554   
5.2766     25.5952   

# Frame167

# x        y
2.6039     23.7837   
9.0912     6.1405    
12.6274    3.1866    
9.5493     23.3664   
7.4737     27.9528   
5.2805     25.5862   

# Frame168

# x        y
2.6051     23.7695   
9.0912     6.1405    
12.6274    3.1866    
9.5570     23.3522   
7.4787     27.9502   
5.2844     25.5773   

# Frame169

# x        y
2.6064     23.7556   
9.0912     6.1405    
12.6274    3.1866    
9.5647     23.3384   
7.4835     27.9476   
5.2883     25.5686   

# Frame170

# x        y
2.6076     23.7418   
9.0912     6.1405    
12.6274    3.1866    
9.5722     23.3247   
7.4883     27.9451   
5.2920     25.5601   

# Frame171

# x        y
2.6088     23.7284   
9.0912     6.1405    
12.6274    3.1866    
9.5796     23.3113   
7.4931     27.9427   
5.2957     25.5517   

# Frame172

# x        y
2.6100     23.7151   
9.0912     6.1405    
12.6274    3.1866    
9.5868     23.2981   
7.4977     27.9402   
5.2994     25.5434   

# Frame173

# x        y
2.6111     23.7021   
9.0912     6.1405    
12.6274    3.1866    
9.5940     23.2851   
7.5023     27.9378   
5.3030     25.5353   

# Frame174

# x        y
2.6123     23.6893   
9.0912     6.1405    
12.6274    3.1866    
9.6010     23.2724   
7.5068     27.9355   
5.3065     25.5273   

# Frame175

# x        y
2.6134     23.6767   
9.0912     6.1405    
12.6274    3.1866    
9.6079     23.2598   
7.5112     27.9332   
5.3100     25.5194   

# Frame176

# x        y
2.6145     23.6643   
9.0912     6.1405    
12.6274    3.1866    
9.6147     23.2475   
7.5155     27.9309   
5.3134     25.5117   

# Frame177

# x        y
2.6156     23.6521   
9.0912     6.1405    
12.6274    3.1866    
9.6213     23.2353   
7.5198     27.9287   
5.3167     25.5041   

# Frame178

# x        y
2.6166     23.6401   
9.0912     6.1405    
12.6274    3.1866    
9.6279     23.2234   
7.5240     27.9265   
5.3200     25.4966   

# Frame179

# x        y
2.6177     23.6283   
9.0912     6.1405    
12.6274    3.1866    
9.6344     23.2117   
7.5281     27.9243   
5.3233     25.4892   

# Frame180

# x        y
2.6187     23.6167   
9.0912     6.1405    
12.6274    3.1866    
9.6407     23.2001   
7.5322     27.9222   
5.3265     25.4820   

# Frame181

# x        y
2.6197     23.6053   
9.0912     6.1405    
12.6274    3.1866    
9.6469     23.1888   
7.5362     27.9201   
5.3296     25.4749   

# Frame182

# x        y
2.6207     23.5941   
9.0912     6.1405    
12.6274    3.1866    
9.6531     23.1776   
7.5401     27.9181   
5.3327     25.4679   

# Frame183

# x        y
2.6217     23.5831   
9.0912     6.1405    
12.6274    3.1866    
9.6591     23.1667   
7.5439     27.9160   
5.3357     25.4610   

# Frame184

# x        y
2.6227     23.5723   
9.0912     6.1405    
12.6274    3.1866    
9.6650     23.1559   
7.5477     27.9140   
5.3387     25.4543   

# Frame185

# x        y
2.6236     23.5616   
9.0912     6.1405    
12.6274    3.1866    
9.6709     23.1453   
7.5515     27.9121   
5.3416     25.4476   

# Frame186

# x        y
2.6246     23.5512   
9.0912     6.1405    
12.6274    3.1866    
9.6766     23.1348   
7.5551     27.9102   
5.3445     25.4411   

# Frame187

# x        y
2.6255     23.5409   
9.0912     6.1405    
12.6274    3.1866    
9.6823     23.1246   
7.5587     27.9083   
5.3474     25.4346   

# Frame188

# x        y
2.6264     23.5307   
9.0912     6.1405    
12.6274    3.1866    
9.6878     23.1145   
7.5623     27.9064   
5.3501     25.4283   

# Frame189

# x        y
2.6273     23.5208   
9.0912     6.1405    
12.6274    3.1866    
9.6933     23.1046   
7.5658     27.9046   
5.3529     25.4221   

# Frame190

# x        y
2.6281     23.5110   
9.0912     6.1405    
12.6274    3.1866    
9.6986     23.0948   
7.5692     27.9028   
5.3556     25.4160   

# Frame191

# x        y
2.6290     23.5013   
9.0912     6.1405    
12.6274    3.1866    
9.7039     23.0852   
7.5726     27.9010   
5.3582     25.4100   

# Frame192

# x        y
2.6298     23.4919   
9.0912     6.1405    
12.6274    3.1866    
9.7091     23.0758   
7.5759     27.8993   
5.3608     25.4041   

# Frame193

# x        y
2.6307     23.4826   
9.0912     6.1405    
12.6274    3.1866    
9.7142     23.0665   
7.5791     27.8976   
5.3634     25.3983   

# Frame194

# x        y
2.6315     23.4734   
9.0912     6.1405    
12.6274    3.1866    
9.7192     23.0574   
7.5824     27.8959   
5.3659     25.3925   

# Frame195

# x        y
2.6323     23.4644   
9.0912     6.1405    
12.6274    3.1866    
9.7241     23.0484   
7.5855     27.8943   
5.3684     25.3869   

# Frame196

# x        y
2.6331     23.4555   
9.0912     6.1405    
12.6274    3.1866    
9.7290     23.0396   
7.5886     27.8926   
5.3708     25.3814   

# Frame197

# x        y
2.6339     23.4468   
9.0912     6.1405    
12.6274    3.1866    
9.7338     23.0310   
7.5917     27.8911   
5.3732     25.3760   

# Frame198

# x        y
2.6346     23.4383   
9.0912     6.1405    
12.6274    3.1866    
9.7384     23.0224   
7.5947     27.8895   
5.3756     25.3706   

# Frame199

# x        y
2.6354     23.4299   
9.0912     6.1405    
12.6274    3.1866    
9.7431     23.0140   
7.5976     27.8879   
5.3779     25.3654   

# Frame200

# x        y
2.6361     23.4216   
9.0912     6.1405    
12.6274    3.1866    
9.7476     23.0058   
7.6005     27.8864   
5.3802     25.3602   

# Frame201

# x        y
2.6368     23.4134   
9.0912     6.1405    
12.6274    3.1866    
9.7521     22.9977   
7.6034     27.8849   
5.3824     25.3551   

# Frame202

# x        y
2.6375     23.4054   
9.0912     6.1405    
12.6274    3.1866    
9.7564     22.9897   
7.6062     27.8835   
5.3846     25.3501   

# Frame203

# x        y
2.6382     23.3976   
9.0912     6.1405    
12.6274    3.1866    
9.7607     22.9819   
7.6089     27.8820   
5.3868     25.3452   

# Frame204

# x        y
2.6389     23.3898   
9.0912     6.1405    
12.6274    3.1866    
9.7650     22.9742   
7.6116     27.8806   
5.3889     25.3404   

# Frame205

# x        y
2.6396     23.3822   
9.0912     6.1405    
12.6274    3.1866    
9.7692     22.9666   
7.6143     27.8792   
5.3910     25.3356   

# Frame206

# x        y
2.6403     23.3747   
9.0912     6.1405    
12.6274    3.1866    
9.7733     22.9591   
7.6169     27.8778   
5.3931     25.3310   

# Frame207

# x        y
2.6409     23.3674   
9.0912     6.1405    
12.6274    3.1866    
9.7773     22.9518   
7.6195     27.8765   
5.3951     25.3264   

# Frame208

# x        y
2.6416     23.3601   
9.0912     6.1405    
12.6274    3.1866    
9.7813     22.9446   
7.6220     27.8752   
5.3971     25.3218   

# Frame209

# x        y
2.6422     23.3530   
9.0912     6.1405    
12.6274    3.1866    
9.7851     22.9375   
7.6245     27.8739   
5.3990     25.3174   

# Frame210

# x        y
2.6428     23.3460   
9.0912     6.1405    
12.6274    3.1866    
9.7890     22.9306   
7.6270     27.8726   
5.4010     25.3130   

# Frame211

# x        y
2.6434     23.3391   
9.0912     6.1405    
12.6274    3.1866    
9.7928     22.9237   
7.6294     27.8713   
5.4029     25.3087   

# Frame212

# x        y
2.6440     23.3324   
9.0912     6.1405    
12.6274    3.1866    
9.7965     22.9170   
7.6317     27.8701   
5.4047     25.3045   

# Frame213

# x        y
2.6446     23.3257   
9.0912     6.1405    
12.6274    3.1866    
9.8001     22.9103   
7.6341     27.8689   
5.4066     25.3004   

# Frame214

# x        y
2.6452     23.3192   
9.0912     6.1405    
12.6274    3.1866    
9.8037     22.9038   
7.6364     27.8677   
5.4084     25.2963   

# Frame215

# x        y
2.6458     23.3127   
9.0912     6.1405    
12.6274    3.1866    
9.8072     22.8974   
7.6386     27.8665   
5.4101     25.2923   

# Frame216

# x        y
2.6464     23.3064   
9.0912     6.1405    
12.6274    3.1866    
9.8107     22.8911   
7.6408     27.8653   
5.4119     25.2883   

# Frame217

# x        y
2.6469     23.3002   
9.0912     6.1405    
12.6274    3.1866    
9.8141     22.8849   
7.6430     27.8642   
5.4136     25.2844   

# Frame218

# x        y
2.6475     23.2941   
9.0912     6.1405    
12.6274    3.1866    
9.8174     22.8788   
7.6452     27.8631   
5.4153     25.2806   

# Frame219

# x        y
2.6480     23.2880   
9.0912     6.1405    
12.6274    3.1866    
9.8207     22.8728   
7.6473     27.8620   
5.4169     25.2769   

# Frame220

# x        y
2.6485     23.2821   
9.0912     6.1405    
12.6274    3.1866    
9.8240     22.8669   
7.6493     27.8609   
5.4185     25.2732   

# Frame221

# x        y
2.6490     23.2763   
9.0912     6.1405    
12.6274    3.1866    
9.8272     22.8612   
7.6514     27.8598   
5.4201     25.2695   

# Frame222

# x        y
2.6495     23.2706   
9.0912     6.1405    
12.6274    3.1866    
9.8303     22.8555   
7.6534     27.8588   
5.4217     25.2660   

# Frame223

# x        y
2.6500     23.2650   
9.0912     6.1405    
12.6274    3.1866    
9.8334     22.8499   
7.6553     27.8577   
5.4233     25.2625   

# Frame224

# x        y
2.6505     23.2594   
9.0912     6.1405    
12.6274    3.1866    
9.8364     22.8444   
7.6573     27.8567   
5.4248     25.2590   

# Frame225

# x        y
2.6510     23.2540   
9.0912     6.1405    
12.6274    3.1866    
9.8394     22.8389   
7.6592     27.8557   
5.4263     25.2556   

# Frame226

# x        y
2.6515     23.2486   
9.0912     6.1405    
12.6274    3.1866    
9.8423     22.8336   
7.6611     27.8547   
5.4278     25.2523   

# Frame227

# x        y
2.6520     23.2434   
9.0912     6.1405    
12.6274    3.1866    
9.8452     22.8284   
7.6629     27.8538   
5.4292     25.2490   

# Frame228

# x        y
2.6524     23.2382   
9.0912     6.1405    
12.6274    3.1866    
9.8480     22.8232   
7.6647     27.8528   
5.4306     25.2458   

# Frame229

# x        y
2.6529     23.2331   
9.0912     6.1405    
12.6274    3.1866    
9.8508     22.8182   
7.6665     27.8519   
5.4320     25.2426   

# Frame230

# x        y
2.6533     23.2281   
9.0912     6.1405    
12.6274    3.1866    
9.8535     22.8132   
7.6682     27.8510   
5.4334     25.2395   

# Frame231

# x        y
2.6538     23.2232   
9.0912     6.1405    
12.6274    3.1866    
9.8562     22.8083   
7.6700     27.8501   
5.4348     25.2364   

# Frame232

# x        y
2.6542     23.2184   
9.0912     6.1405    
12.6274    3.1866    
9.8589     22.8035   
7.6717     27.8492   
5.4361     25.2334   

# Frame233

# x        y
2.6546     23.2136   
9.0912     6.1405    
12.6274    3.1866    
9.8615     22.7987   
7.6733     27.8483   
5.4374     25.2304   

# Frame234

# x        y
2.6550     23.2090   
9.0912     6.1405    
12.6274    3.1866    
9.8641     22.7941   
7.6750     27.8475   
5.4387     25.2275   

# Frame235

# x        y
2.6554     23.2044   
9.0912     6.1405    
12.6274    3.1866    
9.8666     22.7895   
7.6766     27.8466   
5.4400     25.2246   

# Frame236

# x        y
2.6558     23.1998   
9.0912     6.1405    
12.6274    3.1866    
9.8690     22.7850   
7.6782     27.8458   
5.4412     25.2218   

# Frame237

# x        y
2.6562     23.1954   
9.0912     6.1405    
12.6274    3.1866    
9.8715     22.7806   
7.6797     27.8450   
5.4424     25.2190   

# Frame238

# x        y
2.6566     23.1910   
9.0912     6.1405    
12.6274    3.1866    
9.8739     22.7762   
7.6812     27.8442   
5.4436     25.2163   

# Frame239

# x        y
2.6570     23.1867   
9.0912     6.1405    
12.6274    3.1866    
9.8762     22.7719   
7.6827     27.8434   
5.4448     25.2136   

# Frame240

# x        y
2.6574     23.1825   
9.0912     6.1405    
12.6274    3.1866    
9.8785     22.7677   
7.6842     27.8426   
5.4460     25.2110   

# Frame241

# x        y
2.6578     23.1783   
9.0912     6.1405    
12.6274    3.1866    
9.8808     22.7636   
7.6857     27.8419   
5.4471     25.2084   

# Frame242

# x        y
2.6581     23.1742   
9.0912     6.1405    
12.6274    3.1866    
9.8831     22.7595   
7.6871     27.8411   
5.4482     25.2058   

# Frame243

# x        y
2.6585     23.1702   
9.0912     6.1405    
12.6274    3.1866    
9.8853     22.7555   
7.6885     27.8404   
5.4493     25.2033   

# Frame244

# x        y
2.6588     23.1663   
9.0912     6.1405    
12.6274    3.1866    
9.8874     22.7516   
7.6899     27.8396   
5.4504     25.2009   

# Frame245

# x        y
2.6592     23.1624   
9.0912     6.1405    
12.6274    3.1866    
9.8896     22.7477   
7.6913     27.8389   
5.4515     25.1984   

# Frame246

# x        y
2.6595     23.1586   
9.0912     6.1405    
12.6274    3.1866    
9.8916     22.7439   
7.6926     27.8382   
5.4526     25.1961   

# Frame247

# x        y
2.6599     23.1548   
9.0912     6.1405    
12.6274    3.1866    
9.8937     22.7402   
7.6939     27.8375   
5.4536     25.1937   

# Frame248

# x        y
2.6602     23.1511   
9.0912     6.1405    
12.6274    3.1866    
9.8957     22.7365   
7.6952     27.8369   
5.4546     25.1914   

# Frame249

# x        y
2.6605     23.1475   
9.0912     6.1405    
12.6274    3.1866    
9.8977     22.7329   
7.6965     27.8362   
5.4556     25.1891   

# Frame250

# x        y
2.6608     23.1439   
9.0912     6.1405    
12.6274    3.1866    
9.8997     22.7293   
7.6977     27.8355   
5.4566     25.1869   

# Frame251

# x        y
2.6611     23.1404   
9.0912     6.1405    
12.6274    3.1866    
9.9016     22.7258   
7.6990     27.8349   
5.4576     25.1847   

# Frame252

# x        y
2.6614     23.1369   
9.0912     6.1405    
12.6274    3.1866    
9.9035     22.7224   
7.7002     27.8343   
5.4585     25.1826   

# Frame253

# x        y
2.6617     23.1335   
9.0912     6.1405    
12.6274    3.1866    
9.9054     22.7190   
7.7014     27.8336   
5.4594     25.1804   

# Frame254

# x        y
2.6620     23.1302   
9.0912     6.1405    
12.6274    3.1866    
9.9072     22.7157   
7.7025     27.8330   
5.4604     25.1783   

# Frame255

# x        y
2.6623     23.1269   
9.0912     6.1405    
12.6274    3.1866    
9.9090     22.7124   
7.7037     27.8324   
5.4613     25.1763   

# Frame256

# x        y
2.6626     23.1237   
9.0912     6.1405    
12.6274    3.1866    
9.9108     22.7092   
7.7048     27.8318   
5.4621     25.1743   

# Frame257

# x        y
2.6629     23.1205   
9.0912     6.1405    
12.6274    3.1866    
9.9125     22.7060   
7.7059     27.8313   
5.4630     25.1723   

# Frame258

# x        y
2.6632     23.1174   
9.0912     6.1405    
12.6274    3.1866    
9.9142     22.7029   
7.7070     27.8307   
5.4639     25.1704   

# Frame259

# x        y
2.6635     23.1143   
9.0912     6.1405    
12.6274    3.1866    
9.9159     22.6999   
7.7081     27.8301   
5.4647     25.1684   

# Frame260

# x        y
2.6637     23.1113   
9.0912     6.1405    
12.6274    3.1866    
9.9175     22.6968   
7.7092     27.8296   
5.4656     25.1665   

# Frame261

# x        y
2.6640     23.1083   
9.0912     6.1405    
12.6274    3.1866    
9.9192     22.6939   
7.7102     27.8290   
5.4664     25.1647   

# Frame262

# x        y
2.6643     23.1054   
9.0912     6.1405    
12.6274    3.1866    
9.9208     22.6910   
7.7112     27.8285   
5.4672     25.1629   

# Frame263

# x        y
2.6645     23.1025   
9.0912     6.1405    
12.6274    3.1866    
9.9223     22.6881   
7.7122     27.8280   
5.4680     25.1611   

# Frame264

# x        y
2.6648     23.0997   
9.0912     6.1405    
12.6274    3.1866    
9.9239     22.6853   
7.7132     27.8274   
5.4687     25.1593   

# Frame265

# x        y
2.6650     23.0969   
9.0912     6.1405    
12.6274    3.1866    
9.9254     22.6825   
7.7142     27.8269   
5.4695     25.1576   

# Frame266

# x        y
2.6652     23.0942   
9.0912     6.1405    
12.6274    3.1866    
9.9269     22.6798   
7.7151     27.8264   
5.4703     25.1559   

# Frame267

# x        y
2.6655     23.0915   
9.0912     6.1405    
12.6274    3.1866    
9.9284     22.6772   
7.7161     27.8259   
5.4710     25.1542   

# Frame268

# x        y
2.6657     23.0889   
9.0912     6.1405    
12.6274    3.1866    
9.9298     22.6745   
7.7170     27.8255   
5.4717     25.1526   

# Frame269

# x        y
2.6660     23.0863   
9.0912     6.1405    
12.6274    3.1866    
9.9312     22.6719   
7.7179     27.8250   
5.4724     25.1509   

# Frame270

# x        y
2.6662     23.0837   
9.0912     6.1405    
12.6274    3.1866    
9.9326     22.6694   
7.7188     27.8245   
5.4731     25.1493   

# Frame271

# x        y
2.6664     23.0812   
9.0912     6.1405    
12.6274    3.1866    
9.9340     22.6669   
7.7197     27.8241   
5.4738     25.1478   

# Frame272

# x        y
2.6666     23.0788   
9.0912     6.1405    
12.6274    3.1866    
9.9354     22.6644   
7.7206     27.8236   
5.4745     25.1462   

# Frame273

# x        y
2.6668     23.0763   
9.0912     6.1405    
12.6274    3.1866    
9.9367     22.6620   
7.7214     27.8232   
5.4752     25.1447   

# Frame274

# x        y
2.6671     23.0739   
9.0912     6.1405    
12.6274    3.1866    
9.9380     22.6596   
7.7222     27.8227   
5.4758     25.1432   

# Frame275

# x        y
2.6673     23.0716   
9.0912     6.1405    
12.6274    3.1866    
9.9393     22.6573   
7.7231     27.8223   
5.4765     25.1418   

# Frame276

# x        y
2.6675     23.0693   
9.0912     6.1405    
12.6274    3.1866    
9.9406     22.6550   
7.7239     27.8219   
5.4771     25.1403   

# Frame277

# x        y
2.6677     23.0670   
9.0912     6.1405    
12.6274    3.1866    
9.9418     22.6528   
7.7247     27.8215   
5.4777     25.1389   

# Frame278

# x        y
2.6679     23.0648   
9.0912     6.1405    
12.6274    3.1866    
9.9430     22.6505   
7.7254     27.8210   
5.4784     25.1375   

# Frame279

# x        y
2.6681     23.0626   
9.0912     6.1405    
12.6274    3.1866    
9.9442     22.6483   
7.7262     27.8206   
5.4790     25.1361   

# Frame280

# x        y
2.6683     23.0604   
9.0912     6.1405    
12.6274    3.1866    
9.9454     22.6462   
7.7270     27.8202   
5.4796     25.1348   

# Frame281

# x        y
2.6684     23.0583   
9.0912     6.1405    
12.6274    3.1866    
9.9466     22.6441   
7.7277     27.8199   
5.4801     25.1335   

# Frame282

# x        y
2.6686     23.0562   
9.0912     6.1405    
12.6274    3.1866    
9.9477     22.6420   
7.7284     27.8195   
5.4807     25.1322   

# Frame283

# x        y
2.6688     23.0542   
9.0912     6.1405    
12.6274    3.1866    
9.9488     22.6400   
7.7292     27.8191   
5.4813     25.1309   

# Frame284

# x        y
2.6690     23.0522   
9.0912     6.1405    
12.6274    3.1866    
9.9499     22.6380   
7.7299     27.8187   
5.4818     25.1296   

# Frame285

# x        y
2.6692     23.0502   
9.0912     6.1405    
12.6274    3.1866    
9.9510     22.6360   
7.7306     27.8184   
5.4824     25.1284   

# Frame286

# x        y
2.6693     23.0482   
9.0912     6.1405    
12.6274    3.1866    
9.9521     22.6340   
7.7312     27.8180   
5.4829     25.1272   

# Frame287

# x        y
2.6695     23.0463   
9.0912     6.1405    
12.6274    3.1866    
9.9531     22.6321   
7.7319     27.8177   
5.4834     25.1260   

# Frame288

# x        y
2.6697     23.0444   
9.0912     6.1405    
12.6274    3.1866    
9.9542     22.6302   
7.7326     27.8173   
5.4840     25.1248   

# Frame289

# x        y
2.6698     23.0426   
9.0912     6.1405    
12.6274    3.1866    
9.9552     22.6284   
7.7332     27.8170   
5.4845     25.1236   

# Frame290

# x        y
2.6700     23.0407   
9.0912     6.1405    
12.6274    3.1866    
9.9562     22.6266   
7.7339     27.8166   
5.4850     25.1225   

# Frame291

# x        y
2.6702     23.0389   
9.0912     6.1405    
12.6274    3.1866    
9.9572     22.6248   
7.7345     27.8163   
5.4855     25.1214   

# Frame292

# x        y
2.6703     23.0372   
9.0912     6.1405    
12.6274    3.1866    
9.9581     22.6230   
7.7351     27.8160   
5.4860     25.1203   

# Frame293

# x        y
2.6705     23.0354   
9.0912     6.1405    
12.6274    3.1866    
9.9591     22.6213   
7.7357     27.8157   
5.4864     25.1192   

# Frame294

# x        y
2.6706     23.0337   
9.0912     6.1405    
12.6274    3.1866    
9.9600     22.6196   
7.7363     27.8154   
5.4869     25.1181   

# Frame295

# x        y
2.6708     23.0321   
9.0912     6.1405    
12.6274    3.1866    
9.9609     22.6179   
7.7369     27.8151   
5.4874     25.1171   

# Frame296

# x        y
2.6709     23.0304   
9.0912     6.1405    
12.6274    3.1866    
9.9618     22.6163   
7.7375     27.8148   
5.4878     25.1161   

# Frame297

# x        y
2.6711     23.0288   
9.0912     6.1405    
12.6274    3.1866    
9.9627     22.6147   
7.7381     27.8145   
5.4883     25.1151   

# Frame298

# x        y
2.6712     23.0272   
9.0912     6.1405    
12.6274    3.1866    
9.9636     22.6131   
7.7386     27.8142   
5.4887     25.1141   

# Frame299

# x        y
2.6714     23.0256   
9.0912     6.1405    
12.6274    3.1866    
9.9645     22.6115   
7.7392     27.8139   
5.4891     25.1131   

# Frame300

# x        y
2.6715     23.0241   
9.0912     6.1405    
12.6274    3.1866    
9.9653     22.6100   
7.7397     27.8136   
5.4896     25.1121   

# Frame301

# x        y
2.6716     23.0226   
9.0912     6.1405    
12.6274    3.1866    
9.9661     22.6085   
7.7402     27.8133   
5.4900     25.1112   

# Frame302

# x        y
2.6718     23.0211   
9.0912     6.1405    
12.6274    3.1866    
9.9670     22.6070   
7.7408     27.8130   
5.4904     25.1102   

# Frame303

# x        y
2.6719     23.0196   
9.0912     6.1405    
12.6274    3.1866    
9.9678     22.6055   
7.7413     27.8128   
5.4908     25.1093   

# Frame304

# x        y
2.6720     23.0182   
9.0912     6.1405    
12.6274    3.1866    
9.9685     22.6041   
7.7418     27.8125   
5.4912     25.1084   

# Frame305

# x        y
2.6721     23.0168   
9.0912     6.1405    
12.6274    3.1866    
9.9693     22.6027   
7.7423     27.8122   
5.4916     25.1075   

# Frame306

# x        y
2.6723     23.0154   
9.0912     6.1405    
12.6274    3.1866    
9.9701     22.6013   
7.7428     27.8120   
5.4920     25.1067   

# Frame307

# x        y
2.6724     23.0140   
9.0912     6.1405    
12.6274    3.1866    
9.9708     22.5999   
7.7432     27.8117   
5.4923     25.1058   

# Frame308

# x        y
2.6725     23.0126   
9.0912     6.1405    
12.6274    3.1866    
9.9716     22.5986   
7.7437     27.8115   
5.4927     25.1050   

# Frame309

# x        y
2.6726     23.0113   
9.0912     6.1405    
12.6274    3.1866    
9.9723     22.5973   
7.7442     27.8112   
5.4931     25.1041   

# Frame310

# x        y
2.6727     23.0100   
9.0912     6.1405    
12.6274    3.1866    
9.9730     22.5960   
7.7446     27.8110   
5.4934     25.1033   

# Frame311

# x        y
2.6729     23.0087   
9.0912     6.1405    
12.6274    3.1866    
9.9737     22.5947   
7.7451     27.8108   
5.4938     25.1025   

# Frame312

# x        y
2.6730     23.0075   
9.0912     6.1405    
12.6274    3.1866    
9.9744     22.5935   
7.7455     27.8105   
5.4941     25.1017   

# Frame313

# x        y
2.6731     23.0062   
9.0912     6.1405    
12.6274    3.1866    
9.9751     22.5922   
7.7460     27.8103   
5.4945     25.1010   

# Frame314

# x        y
2.6732     23.0050   
9.0912     6.1405    
12.6274    3.1866    
9.9758     22.5910   
7.7464     27.8101   
5.4948     25.1002   

# Frame315

# x        y
2.6733     23.0038   
9.0912     6.1405    
12.6274    3.1866    
9.9764     22.5898   
7.7468     27.8099   
5.4951     25.0995   

# Frame316

# x        y
2.6734     23.0026   
9.0912     6.1405    
12.6274    3.1866    
9.9771     22.5886   
7.7472     27.8097   
5.4955     25.0987   

# Frame317

# x        y
2.6735     23.0015   
9.0912     6.1405    
12.6274    3.1866    
9.9777     22.5875   
7.7476     27.8094   
5.4958     25.0980   

# Frame318

# x        y
2.6736     23.0003   
9.0912     6.1405    
12.6274    3.1866    
9.9783     22.5864   
7.7480     27.8092   
5.4961     25.0973   

# Frame319

# x        y
2.6737     22.9992   
9.0912     6.1405    
12.6274    3.1866    
9.9789     22.5852   
7.7484     27.8090   
5.4964     25.0966   

# Frame320

# x        y
2.6738     22.9981   
9.0912     6.1405    
12.6274    3.1866    
9.9795     22.5841   
7.7488     27.8088   
5.4967     25.0959   

# Frame321

# x        y
2.6739     22.9970   
9.0912     6.1405    
12.6274    3.1866    
9.9801     22.5831   
7.7492     27.8086   
5.4970     25.0952   

# Frame322

# x        y
2.6740     22.9960   
9.0912     6.1405    
12.6274    3.1866    
9.9807     22.5820   
7.7495     27.8084   
5.4973     25.0946   

# Frame323

# x        y
2.6741     22.9949   
9.0912     6.1405    
12.6274    3.1866    
9.9813     22.5810   
7.7499     27.8082   
5.4976     25.0939   

# Frame324

# x        y
2.6742     22.9939   
9.0912     6.1405    
12.6274    3.1866    
9.9818     22.5799   
7.7503     27.8081   
5.4979     25.0933   

# Frame325

# x        y
2.6743     22.9929   
9.0912     6.1405    
12.6274    3.1866    
9.9824     22.5789   
7.7506     27.8079   
5.4981     25.0926   

# Frame326

# x        y
2.6744     22.9919   
9.0912     6.1405    
12.6274    3.1866    
9.9829     22.5779   
7.7510     27.8077   
5.4984     25.0920   

# Frame327

# x        y
2.6744     22.9909   
9.0912     6.1405    
12.6274    3.1866    
9.9835     22.5770   
7.7513     27.8075   
5.4987     25.0914   

# Frame328

# x        y
2.6745     22.9899   
9.0912     6.1405    
12.6274    3.1866    
9.9840     22.5760   
7.7517     27.8073   
5.4990     25.0908   

# Frame329

# x        y
2.6746     22.9890   
9.0912     6.1405    
12.6274    3.1866    
9.9845     22.5751   
7.7520     27.8072   
5.4992     25.0902   

# Frame330

# x        y
2.6747     22.9881   
9.0912     6.1405    
12.6274    3.1866    
9.9850     22.5741   
7.7523     27.8070   
5.4995     25.0896   

# Frame331

# x        y
2.6748     22.9871   
9.0912     6.1405    
12.6274    3.1866    
9.9855     22.5732   
7.7526     27.8068   
5.4997     25.0891   

# Frame332

# x        y
2.6749     22.9862   
9.0912     6.1405    
12.6274    3.1866    
9.9860     22.5723   
7.7530     27.8067   
5.5000     25.0885   

# Frame333

# x        y
2.6749     22.9854   
9.0912     6.1405    
12.6274    3.1866    
9.9865     22.5714   
7.7533     27.8065   
5.5002     25.0879   

# Frame334

# x        y
2.6750     22.9845   
9.0912     6.1405    
12.6274    3.1866    
9.9870     22.5706   
7.7536     27.8063   
5.5005     25.0874   

# Frame335

# x        y
2.6751     22.9836   
9.0912     6.1405    
12.6274    3.1866    
9.9875     22.5697   
7.7539     27.8062   
5.5007     25.0869   

# Frame336

# x        y
2.6752     22.9828   
9.0912     6.1405    
12.6274    3.1866    
9.9879     22.5689   
7.7542     27.8060   
5.5009     25.0863   

# Frame337

# x        y
2.6752     22.9820   
9.0912     6.1405    
12.6274    3.1866    
9.9884     22.5681   
7.7545     27.8059   
5.5012     25.0858   

# Frame338

# x        y
2.6753     22.9811   
9.0912     6.1405    
12.6274    3.1866    
9.9888     22.5672   
7.7547     27.8057   
5.5014     25.0853   

# Frame339

# x        y
2.6754     22.9803   
9.0912     6.1405    
12.6274    3.1866    
9.9893     22.5664   
7.7550     27.8056   
5.5016     25.0848   

# Frame340

# x        y
2.6755     22.9796   
9.0912     6.1405    
12.6274    3.1866    
9.9897     22.5657   
7.7553     27.8054   
5.5018     25.0843   

# Frame341

# x        y
2.6755     22.9788   
9.0912     6.1405    
12.6274    3.1866    
9.9901     22.5649   
7.7556     27.8053   
5.5020     25.0838   

# Frame342

# x        y
2.6756     22.9780   
9.0912     6.1405    
12.6274    3.1866    
9.9905     22.5641   
7.7558     27.8051   
5.5022     25.0834   

# Frame343

# x        y
2.6757     22.9773   
9.0912     6.1405    
12.6274    3.1866    
9.9909     22.5634   
7.7561     27.8050   
5.5024     25.0829   

# Frame344

# x        y
2.6757     22.9765   
9.0912     6.1405    
12.6274    3.1866    
9.9914     22.5627   
7.7564     27.8049   
5.5026     25.0824   

# Frame345

# x        y
2.6758     22.9758   
9.0912     6.1405    
12.6274    3.1866    
9.9917     22.5619   
7.7566     27.8047   
5.5028     25.0820   

# Frame346

# x        y
2.6759     22.9751   
9.0912     6.1405    
12.6274    3.1866    
9.9921     22.5612   
7.7569     27.8046   
5.5030     25.0815   

# Frame347

# x        y
2.6759     22.9744   
9.0912     6.1405    
12.6274    3.1866    
9.9925     22.5605   
7.7571     27.8045   
5.5032     25.0811   

# Frame348

# x        y
2.6760     22.9737   
9.0912     6.1405    
12.6274    3.1866    
9.9929     22.5598   
7.7573     27.8044   
5.5034     25.0807   

# Frame349

# x        y
2.6760     22.9730   
9.0912     6.1405    
12.6274    3.1866    
9.9933     22.5592   
7.7576     27.8042   
5.5036     25.0803   

# Frame350

# x        y
2.6761     22.9724   
9.0912     6.1405    
12.6274    3.1866    
9.9936     22.5585   
7.7578     27.8041   
5.5038     25.0798   

# Frame351

# x        y
2.6762     22.9717   
9.0912     6.1405    
12.6274    3.1866    
9.9940     22.5579   
7.7580     27.8040   
5.5040     25.0794   

# Frame352

# x        y
2.6762     22.9711   
9.0912     6.1405    
12.6274    3.1866    
9.9943     22.5572   
7.7583     27.8039   
5.5041     25.0790   

# Frame353

# x        y
2.6763     22.9704   
9.0912     6.1405    
12.6274    3.1866    
9.9947     22.5566   
7.7585     27.8038   
5.5043     25.0786   

# Frame354

# x        y
2.6763     22.9698   
9.0912     6.1405    
12.6274    3.1866    
9.9950     22.5560   
7.7587     27.8036   
5.5045     25.0782   

# Frame355

# x        y
2.6764     22.9692   
9.0912     6.1405    
12.6274    3.1866    
9.9954     22.5554   
7.7589     27.8035   
5.5047     25.0779   

# Frame356

# x        y
2.6764     22.9686   
9.0912     6.1405    
12.6274    3.1866    
9.9957     22.5548   
7.7591     27.8034   
5.5048     25.0775   

# Frame357

# x        y
2.6765     22.9680   
9.0912     6.1405    
12.6274    3.1866    
9.9960     22.5542   
7.7593     27.8033   
5.5050     25.0771   

# Frame358

# x        y
2.6765     22.9674   
9.0912     6.1405    
12.6274    3.1866    
9.9963     22.5536   
7.7595     27.8032   
5.5052     25.0768   

# Frame359

# x        y
2.6766     22.9669   
9.0912     6.1405    
12.6274    3.1866    
9.9967     22.5530   
7.7597     27.8031   
5.5053     25.0764   

# Frame360

# x        y
2.6766     22.9663   
9.0912     6.1405    
12.6274    3.1866    
9.9970     22.5525   
7.7599     27.8030   
5.5055     25.0760   

# Frame361

# x        y
2.6767     22.9657   
9.0912     6.1405    
12.6274    3.1866    
9.9973     22.5519   
7.7601     27.8029   
5.5056     25.0757   

# Frame362

# x        y
2.6767     22.9652   
9.0912     6.1405    
12.6274    3.1866    
9.9976     22.5514   
7.7603     27.8028   
5.5058     25.0754   

# Frame363

# x        y
2.6768     22.9647   
9.0912     6.1405    
12.6274    3.1866    
9.9979     22.5508   
7.7605     27.8027   
5.5059     25.0750   

# Frame364

# x        y
2.6768     22.9641   
9.0912     6.1405    
12.6274    3.1866    
9.9981     22.5503   
7.7607     27.8026   
5.5061     25.0747   

# Frame365

# x        y
2.6769     22.9636   
9.0912     6.1405    
12.6274    3.1866    
9.9984     22.5498   
7.7609     27.8025   
5.5062     25.0744   

# Frame366

# x        y
2.6769     22.9631   
9.0912     6.1405    
12.6274    3.1866    
9.9987     22.5493   
7.7611     27.8024   
5.5063     25.0741   

# Frame367

# x        y
2.6770     22.9626   
9.0912     6.1405    
12.6274    3.1866    
9.9990     22.5488   
7.7612     27.8023   
5.5065     25.0737   

# Frame368

# x        y
2.6770     22.9621   
9.0912     6.1405    
12.6274    3.1866    
9.9992     22.5483   
7.7614     27.8022   
5.5066     25.0734   

# Frame369

# x        y
2.6771     22.9616   
9.0912     6.1405    
12.6274    3.1866    
9.9995     22.5478   
7.7616     27.8021   
5.5067     25.0731   

# Frame370

# x        y
2.6771     22.9612   
9.0912     6.1405    
12.6274    3.1866    
9.9998     22.5473   
7.7617     27.8021   
5.5069     25.0728   

# Frame371

# x        y
2.6771     22.9607   
9.0912     6.1405    
12.6274    3.1866    
10.0000    22.5469   
7.7619     27.8020   
5.5070     25.0726   

# Frame372

# x        y
2.6772     22.9602   
9.0912     6.1405    
12.6274    3.1866    
10.0003    22.5464   
7.7621     27.8019   
5.5071     25.0723   

# Frame373

# x        y
2.6772     22.9598   
9.0912     6.1405    
12.6274    3.1866    
10.0005    22.5460   
7.7622     27.8018   
5.5073     25.0720   

# Frame374

# x        y
2.6773     22.9593   
9.0912     6.1405    
12.6274    3.1866    
10.0008    22.5455   
7.7624     27.8017   
5.5074     25.0717   

# Frame375

# x        y
2.6773     22.9589   
9.0912     6.1405    
12.6274    3.1866    
10.0010    22.5451   
7.7625     27.8016   
5.5075     25.0714   

# Frame376

# x        y
2.6773     22.9585   
9.0912     6.1405    
12.6274    3.1866    
10.0012    22.5447   
7.7627     27.8016   
5.5076     25.0712   

# Frame377

# x        y
2.6774     22.9581   
9.0912     6.1405    
12.6274    3.1866    
10.0015    22.5442   
7.7628     27.8015   
5.5077     25.0709   

# Frame378

# x        y
2.6774     22.9576   
9.0912     6.1405    
12.6274    3.1866    
10.0017    22.5438   
7.7630     27.8014   
5.5078     25.0706   

# Frame379

# x        y
2.6774     22.9572   
9.0912     6.1405    
12.6274    3.1866    
10.0019    22.5434   
7.7631     27.8013   
5.5080     25.0704   

# Frame380

# x        y
2.6775     22.9568   
9.0912     6.1405    
12.6274    3.1866    
10.0022    22.5430   
7.7633     27.8013   
5.5081     25.0701   

# Frame381

# x        y
2.6775     22.9564   
9.0912     6.1405    
12.6274    3.1866    
10.0024    22.5426   
7.7634     27.8012   
5.5082     25.0699   

# Frame382

# x        y
2.6775     22.9560   
9.0912     6.1405    
12.6274    3.1866    
10.0026    22.5422   
7.7635     27.8011   
5.5083     25.0696   

# Frame383

# x        y
2.6776     22.9557   
9.0912     6.1405    
12.6274    3.1866    
10.0028    22.5419   
7.7637     27.8010   
5.5084     25.0694   

# Frame384

# x        y
2.6776     22.9553   
9.0912     6.1405    
12.6274    3.1866    
10.0030    22.5415   
7.7638     27.8010   
5.5085     25.0692   

# Frame385

# x        y
2.6777     22.9549   
9.0912     6.1405    
12.6274    3.1866    
10.0032    22.5411   
7.7639     27.8009   
5.5086     25.0689   

# Frame386

# x        y
2.6777     22.9546   
9.0912     6.1405    
12.6274    3.1866    
10.0034    22.5408   
7.7640     27.8008   
5.5087     25.0687   

# Frame387

# x        y
2.6777     22.9542   
9.0912     6.1405    
12.6274    3.1866    
10.0036    22.5404   
7.7642     27.8008   
5.5088     25.0685   

# Frame388

# x        y
2.6777     22.9538   
9.0912     6.1405    
12.6274    3.1866    
10.0038    22.5401   
7.7643     27.8007   
5.5089     25.0683   

# Frame389

# x        y
2.6778     22.9535   
9.0912     6.1405    
12.6274    3.1866    
10.0040    22.5397   
7.7644     27.8007   
5.5090     25.0681   

# Frame390

# x        y
2.6778     22.9532   
9.0912     6.1405    
12.6274    3.1866    
10.0042    22.5394   
7.7645     27.8006   
5.5091     25.0678   

# Frame391

# x        y
2.6778     22.9528   
9.0912     6.1405    
12.6274    3.1866    
10.0043    22.5390   
7.7647     27.8005   
5.5092     25.0676   

# Frame392

# x        y
2.6779     22.9525   
9.0912     6.1405    
12.6274    3.1866    
10.0045    22.5387   
7.7648     27.8005   
5.5093     25.0674   

# Frame393

# x        y
2.6779     22.9522   
9.0912     6.1405    
12.6274    3.1866    
10.0047    22.5384   
7.7649     27.8004   
5.5094     25.0672   

# Frame394

# x        y
2.6779     22.9519   
9.0912     6.1405    
12.6274    3.1866    
10.0049    22.5381   
7.7650     27.8003   
5.5094     25.0670   

# Frame395

# x        y
2.6780     22.9515   
9.0912     6.1405    
12.6274    3.1866    
10.0050    22.5378   
7.7651     27.8003   
5.5095     25.0668   

# Frame396

# x        y
2.6780     22.9512   
9.0912     6.1405    
12.6274    3.1866    
10.0052    22.5375   
7.7652     27.8002   
5.5096     25.0666   

# Frame397

# x        y
2.6780     22.9509   
9.0912     6.1405    
12.6274    3.1866    
10.0054    22.5372   
7.7653     27.8002   
5.5097     25.0665   

# Frame398

# x        y
2.6780     22.9506   
9.0912     6.1405    
12.6274    3.1866    
10.0055    22.5369   
7.7654     27.8001   
5.5098     25.0663   

# Frame399

# x        y
2.6781     22.9503   
9.0912     6.1405    
12.6274    3.1866    
10.0057    22.5366   
7.7655     27.8001   
5.5099     25.0661   

# Frame400

# x        y
2.6781     22.9501   
9.0912     6.1405    
12.6274    3.1866    
10.0059    22.5363   
7.7656     27.8000   
5.5099     25.0659   

# Frame401

# x        y
2.6781     22.9498   
9.0912     6.1405    
12.6274    3.1866    
10.0060    22.5360   
7.7657     27.8000   
5.5100     25.0657   

# Frame402

# x        y
2.6781     22.9495   
9.0912     6.1405    
12.6274    3.1866    
10.0062    22.5357   
7.7658     27.7999   
5.5101     25.0656   

# Frame403

# x        y
2.6782     22.9492   
9.0912     6.1405    
12.6274    3.1866    
10.0063    22.5355   
7.7659     27.7999   
5.5102     25.0654   

# Frame404

# x        y
2.6782     22.9490   
9.0912     6.1405    
12.6274    3.1866    
10.0065    22.5352   
7.7660     27.7998   
5.5102     25.0652   

# Frame405

# x        y
2.6782     22.9487   
9.0912     6.1405    
12.6274    3.1866    
10.0066    22.5349   
7.7661     27.7998   
5.5103     25.0651   

# Frame406

# x        y
2.6782     22.9484   
9.0912     6.1405    
12.6274    3.1866    
10.0067    22.5347   
7.7662     27.7997   
5.5104     25.0649   

# Frame407

# x        y
2.6783     22.9482   
9.0912     6.1405    
12.6274    3.1866    
10.0069    22.5344   
7.7663     27.7997   
5.5105     25.0647   

# Frame408

# x        y
2.6783     22.9479   
9.0912     6.1405    
12.6274    3.1866    
10.0070    22.5342   
7.7663     27.7997   
5.5105     25.0646   

# Frame409

# x        y
2.6783     22.9477   
9.0912     6.1405    
12.6274    3.1866    
10.0072    22.5339   
7.7663     27.7997   
5.5106     25.0644   

# Frame410

# x        y
2.6783     22.9474   
9.0912     6.1405    
12.6274    3.1866    
10.0073    22.5337   
7.7663     27.7997   
5.5107     25.0643   

# Frame411

# x        y
2.6783     22.9472   
9.0912     6.1405    
12.6274    3.1866    
10.0074    22.5334   
7.7663     27.7997   
5.5107     25.0641   

# Frame412

# x        y
2.6784     22.9470   
9.0912     6.1405    
12.6274    3.1866    
10.0076    22.5332   
7.7663     27.7997   
5.5108     25.0640   

# Frame413

# x        y
2.6784     22.9467   
9.0912     6.1405    
12.6274    3.1866    
10.0077    22.5330   
7.7663     27.7997   
5.5108     25.0638   

# Frame414

# x        y
2.6784     22.9465   
9.0912     6.1405    
12.6274    3.1866    
10.0078    22.5328   
7.7663     27.7997   
5.5109     25.0637   

# Frame415

# x        y
2.6784     22.9463   
9.0912     6.1405    
12.6274    3.1866    
10.0079    22.5325   
7.7663     27.7997   
5.5110     25.0636   

# Frame416

# x        y
2.6784     22.9461   
9.0912     6.1405    
12.6274    3.1866    
10.0080    22.5323   
7.7663     27.7997   
5.5110     25.0634   

# Frame417

# x        y
2.6785     22.9458   
9.0912     6.1405    
12.6274    3.1866    
10.0082    22.5321   
7.7663     27.7997   
5.5111     25.0633   

# Frame418

# x        y
2.6785     22.9456   
9.0912     6.1405    
12.6274    3.1866    
10.0083    22.5319   
7.7663     27.7997   
5.5112     25.0632   

# Frame419

# x        y
2.6785     22.9454   
9.0912     6.1405    
12.6274    3.1866    
10.0084    22.5317   
7.7663     27.7997   
5.5112     25.0630   

# Frame420

# x        y
2.6785     22.9452   
9.0912     6.1405    
12.6274    3.1866    
10.0085    22.5315   
7.7663     27.7997   
5.5113     25.0629   

# Frame421

# x        y
2.6785     22.9450   
9.0912     6.1405    
12.6274    3.1866    
10.0086    22.5313   
7.7663     27.7997   
5.5113     25.0628   

# Frame422

# x        y
2.6785     22.9448   
9.0912     6.1405    
12.6274    3.1866    
10.0087    22.5311   
7.7663     27.7997   
5.5114     25.0626   

# Frame423

# x        y
2.6786     22.9446   
9.0912     6.1405    
12.6274    3.1866    
10.0088    22.5309   
7.7663     27.7997   
5.5114     25.0625   

# Frame424

# x        y
2.6786     22.9444   
9.0912     6.1405    
12.6274    3.1866    
10.0089    22.5307   
7.7663     27.7997   
5.5115     25.0624   

# Frame425

# x        y
2.6786     22.9442   
9.0912     6.1405    
12.6274    3.1866    
10.0090    22.5305   
7.7663     27.7997   
5.5115     25.0623   

# Frame426

# x        y
2.6786     22.9441   
9.0912     6.1405    
12.6274    3.1866    
10.0091    22.5303   
7.7663     27.7997   
5.5116     25.0622   

# Frame427

# x        y
2.6786     22.9439   
9.0912     6.1405    
12.6274    3.1866    
10.0092    22.5301   
7.7663     27.7997   
5.5116     25.0621   

# Frame428

# x        y
2.6786     22.9437   
9.0912     6.1405    
12.6274    3.1866    
10.0093    22.5300   
7.7663     27.7997   
5.5117     25.0619   

# Frame429

# x        y
2.6787     22.9435   
9.0912     6.1405    
12.6274    3.1866    
10.0094    22.5298   
7.7663     27.7997   
5.5117     25.0618   

# Frame430

# x        y
2.6787     22.9433   
9.0912     6.1405    
12.6274    3.1866    
10.0095    22.5296   
7.7663     27.7997   
5.5118     25.0617   

# Frame431

# x        y
2.6787     22.9432   
9.0912     6.1405    
12.6274    3.1866    
10.0096    22.5294   
7.7663     27.7997   
5.5118     25.0616   

# Frame432

# x        y
2.6787     22.9430   
9.0912     6.1405    
12.6274    3.1866    
10.0097    22.5293   
7.7663     27.7997   
5.5119     25.0615   

# Frame433

# x        y
2.6787     22.9428   
9.0912     6.1405    
12.6274    3.1866    
10.0098    22.5291   
7.7663     27.7997   
5.5119     25.0614   

# Frame434

# x        y
2.6787     22.9427   
9.0912     6.1405    
12.6274    3.1866    
10.0099    22.5289   
7.7663     27.7997   
5.5120     25.0613   

# Frame435

# x        y
2.6788     22.9425   
9.0912     6.1405    
12.6274    3.1866    
10.0100    22.5288   
7.7663     27.7997   
5.5120     25.0612   

# Frame436

# x        y
2.6788     22.9424   
9.0912     6.1405    
12.6274    3.1866    
10.0101    22.5286   
7.7663     27.7997   
5.5120     25.0611   

# Frame437

# x        y
2.6788     22.9422   
9.0912     6.1405    
12.6274    3.1866    
10.0102    22.5285   
7.7663     27.7997   
5.5121     25.0610   

# Frame438

# x        y
2.6788     22.9421   
9.0912     6.1405    
12.6274    3.1866    
10.0102    22.5283   
7.7663     27.7997   
5.5121     25.0609   

# Frame439

# x        y
2.6788     22.9419   
9.0912     6.1405    
12.6274    3.1866    
10.0103    22.5282   
7.7663     27.7997   
5.5122     25.0608   

# Frame440

# x        y
2.6788     22.9418   
9.0912     6.1405    
12.6274    3.1866    
10.0104    22.5280   
7.7663     27.7997   
5.5122     25.0608   

# Frame441

# x        y
2.6788     22.9416   
9.0912     6.1405    
12.6274    3.1866    
10.0105    22.5279   
7.7663     27.7997   
5.5122     25.0608   

# Frame442

# x        y
2.6788     22.9415   
9.0912     6.1405    
12.6274    3.1866    
10.0106    22.5277   
7.7663     27.7997   
5.5122     25.0608   

# Frame443

# x        y
2.6789     22.9413   
9.0912     6.1405    
12.6274    3.1866    
10.0106    22.5276   
7.7663     27.7997   
5.5122     25.0608   

# Frame444

# x        y
2.6789     22.9412   
9.0912     6.1405    
12.6274    3.1866    
10.0107    22.5275   
7.7663     27.7997   
5.5122     25.0608   

# Frame445

# x        y
2.6789     22.9411   
9.0912     6.1405    
12.6274    3.1866    
10.0108    22.5273   
7.7663     27.7997   
5.5122     25.0608   

# Frame446

# x        y
2.6789     22.9409   
9.0912     6.1405    
12.6274    3.1866    
10.0109    22.5272   
7.7663     27.7997   
5.5122     25.0608   

# Frame447

# x        y
2.6789     22.9408   
9.0912     6.1405    
12.6274    3.1866    
10.0109    22.5271   
7.7663     27.7997   
5.5122     25.0608   

# Frame448

# x        y
2.6789     22.9407   
9.0912     6.1405    
12.6274    3.1866    
10.0110    22.5269   
7.7663     27.7997   
5.5122     25.0608   

# Frame449

# x        y
2.6789     22.9406   
9.0912     6.1405    
12.6274    3.1866    
10.0111    22.5268   
7.7663     27.7997   
5.5122     25.0608   

# Frame450

# x        y
2.6789     22.9404   
9.0912     6.1405    
12.6274    3.1866    
10.0111    22.5267   
7.7663     27.7997   
5.5122     25.0608   

# Frame451

# x        y
2.6790     22.9403   
9.0912     6.1405    
12.6274    3.1866    
10.0112    22.5266   
7.7663     27.7997   
5.5122     25.0608   

# Frame452

# x        y
2.6790     22.9402   
9.0912     6.1405    
12.6274    3.1866    
10.0113    22.5265   
7.7663     27.7997   
5.5122     25.0608   

# Frame453

# x        y
2.6790     22.9401   
9.0912     6.1405    
12.6274    3.1866    
10.0113    22.5263   
7.7663     27.7997   
5.5122     25.0608   

# Frame454

# x        y
2.6790     22.9400   
9.0912     6.1405    
12.6274    3.1866    
10.0114    22.5262   
7.7663     27.7997   
5.5122     25.0608   

# Frame455

# x        y
2.6790     22.9398   
9.0912     6.1405    
12.6274    3.1866    
10.0115    22.5261   
7.7663     27.7997   
5.5122     25.0608   

# Frame456

# x        y
2.6790     22.9397   
9.0912     6.1405    
12.6274    3.1866    
10.0115    22.5260   
7.7663     27.7997   
5.5122     25.0608   

# Frame457

# x        y
2.6790     22.9396   
9.0912     6.1405    
12.6274    3.1866    
10.0116    22.5259   
7.7663     27.7997   
5.5122     25.0608   

# Frame458

# x        y
2.6790     22.9395   
9.0912     6.1405    
12.6274    3.1866    
10.0116    22.5258   
7.7663     27.7997   
5.5122     25.0608   

# Frame459

# x        y
2.6790     22.9394   
9.0912     6.1405    
12.6274    3.1866    
10.0117    22.5257   
7.7663     27.7997   
5.5122     25.0608   

# Frame460

# x        y
2.6790     22.9393   
9.0912     6.1405    
12.6274    3.1866    
10.0118    22.5256   
7.7663     27.7997   
5.5122     25.0608   

# Frame461

# x        y
2.6791     22.9392   
9.0912     6.1405    
12.6274    3.1866    
10.0118    22.5255   
7.7663     27.7997   
5.5122     25.0608   

# Frame462

# x        y
2.6791     22.9391   
9.0912     6.1405    
12.6274    3.1866    
10.0119    22.5254   
7.7663     27.7997   
5.5122     25.0608   

# Frame463

# x        y
2.6791     22.9391   
9.0912     6.1405    
12.6274    3.1866    
10.0119    22.5253   
7.7663     27.7997   
5.5122     25.0608   

# Frame464

# x        y
2.6791     22.9391   
9.0912     6.1405    
12.6274    3.1866    
10.0120    22.5252   
7.7663     27.7997   
5.5122     25.0608   

# Frame465

# x        y
2.6791     22.9391   
9.0912     6.1405    
12.6274    3.1866    
10.0120    22.5251   
7.7663     27.7997   
5.5122     25.0608   

# Frame466

# x        y
2.6791     22.9391   
9.0912     6.1405    
12.6274    3.1866    
10.0121    22.5250   
7.7663     27.7997   
5.5122     25.0608   

# Frame467

# x        y
2.6791     22.9391   
9.0912     6.1405    
12.6274    3.1866    
10.0121    22.5249   
7.7663     27.7997   
5.5122     25.0608   

# Frame468

# x        y
2.6791     22.9391   
9.0912     6.1405    
12.6274    3.1866    
10.0122    22.5248   
7.7663     27.7997   
5.5122     25.0608   

# Frame469

# x        y
2.6791     22.9391   
9.0912     6.1405    
12.6274    3.1866    
10.0122    22.5247   
7.7663     27.7997   
5.5122     25.0608   

# Frame470

