# x        y
18.9955    38.9389   
2.1688     29.2078   
4.4175     1.0048    
6.6810     33.8179   
6.6309     20.8441   
18.0010    28.0504   

# Frame1

# x        y
18.9954    38.9389   
2.1688     29.2078   
4.4175     1.0049    
6.6810     33.8179   
8.4490     21.6776   
18.0010    28.0504   

# Frame2

# x        y
18.9953    38.9389   
2.1688     29.2078   
4.4175     1.0049    
6.6810     33.8179   
10.2367    22.4973   
18.0010    28.0504   

# Frame3

# x        y
18.9953    38.9389   
2.1688     29.2078   
4.4175     1.0049    
6.6810     33.8179   
11.9946    23.3033   
18.0010    28.0504   

# Frame4

# x        y
18.9952    38.9389   
2.1688     29.2078   
4.4175     1.0049    
6.6810     33.8179   
13.7232    24.0959   
18.0010    28.0504   

# Frame5

# x        y
18.9952    38.9389   
2.1688     29.2078   
4.4175     1.0049    
6.6810     33.8179   
15.4230    24.8753   
18.0010    28.0504   

# Frame6

# x        y
18.9951    38.9389   
2.1688     29.2078   
4.4175     1.0050    
6.6810     33.8179   
17.0945    25.6416   
18.0010    28.0504   

# Frame7

# x        y
18.9951    38.9389   
2.1688     29.2078   
4.4175     1.0050    
6.6810     33.8179   
18.5260    26.1462   
18.2132    28.2995   

# Frame8

# x        y
18.9951    38.9389   
2.1688     29.2078   
4.4175     1.0050    
6.6810     33.8179   
18.6654    26.3578   
18.6900    28.8486   

# Frame9

# x        y
18.9951    38.9389   
2.1688     29.2078   
4.4175     1.0050    
6.6810     33.8179   
18.1052    26.5800   
18.9187    29.2294   

# Frame10

# x        y
18.9951    38.9389   
2.1688     29.2078   
4.4175     1.0050    
6.6810     33.8179   
17.5543    26.7984   
18.6882    29.2832   

# Frame11

# x        y
18.9950    38.9389   
2.1688     29.2078   
4.4175     1.0050    
6.6810     33.8179   
17.0126    27.0133   
18.4615    29.3361   

# Frame12

# x        y
18.9950    38.9389   
2.1688     29.2078   
4.4175     1.0050    
6.6810     33.8179   
16.4800    27.2245   
18.2386    29.3881   

# Frame13

# x        y
18.9950    38.9389   
2.1688     29.2078   
4.4175     1.0050    
6.6810     33.8179   
15.9562    27.4322   
18.0194    29.4393   

# Frame14

# x        y
18.9950    38.9389   
2.1688     29.2078   
4.4175     1.0050    
6.6810     33.8179   
15.4411    27.6365   
17.8039    29.4896   

# Frame15

# x        y
18.9950    38.9389   
2.1688     29.2078   
4.4175     1.0050    
6.6810     33.8179   
14.9346    27.8374   
17.5919    29.5390   

# Frame16

# x        y
18.9950    38.9389   
2.1688     29.2078   
4.4175     1.0050    
6.6810     33.8179   
14.4366    28.0349   
17.3835    29.5877   

# Frame17

# x        y
18.9950    38.9389   
2.1688     29.2078   
4.4175     1.0050    
6.6810     33.8179   
13.9469    28.2291   
17.1786    29.6355   

# Frame18

# x        y
18.9950    38.9389   
2.1688     29.2078   
4.4175     1.0050    
6.6810     33.8179   
13.4653    28.4201   
16.9771    29.6825   

# Frame19

# x        y
18.9950    38.9389   
2.1688     29.2078   
4.4175     1.0050    
6.6810     33.8179   
12.9918    28.6079   
16.7789    29.7288   

# Frame20

# x        y
18.9950    38.9389   
2.1688     29.2078   
4.4175     1.0050    
6.6810     33.8179   
12.5261    28.7925   
16.5840    29.7742   

# Frame21

# x        y
18.9950    38.9389   
2.1688     29.2078   
4.4175     1.0050    
6.6810     33.8179   
12.0682    28.9741   
16.3924    29.8189   

# Frame22

# x        y
18.9950    38.9389   
2.1688     29.2078   
4.4175     1.0050    
6.6810     33.8179   
11.6180    29.1527   
16.2040    29.8629   

# Frame23

# x        y
18.9950    38.9389   
2.1688     29.2078   
4.4175     1.0050    
6.6810     33.8179   
11.1752    29.3283   
16.0187    29.9061   

# Frame24

# x        y
18.9950    38.9389   
2.1688     29.2078   
4.4175     1.0050    
6.6810     33.8179   
10.7398    29.5009   
15.8365    29.9487   

# Frame25

# x        y
18.9950    38.9389   
2.1688     29.2078   
4.4175     1.0050    
6.6810     33.8179   
10.3117    29.6707   
15.6574    29.9905   

# Frame26

# x        y
18.9950    38.9389   
2.1688     29.2078   
4.4175     1.0050    
6.6810     33.8179   
9.8907     29.8377   
15.4812    30.0316   

# Frame27

# x        y
18.9950    38.9389   
2.1688     29.2078   
4.4175     1.0050    
6.6810     33.8179   
9.4768     30.0018   
15.3080    30.0720   

# Frame28

# x        y
18.9950    38.9389   
2.1688     29.2078   
4.4175     1.0050    
6.6810     33.8179   
9.0697     30.1633   
15.1376    30.1117   

# Frame29

# x        y
18.9950    38.9389   
2.1688     29.2078   
4.4175     1.0050    
6.6810     33.8179   
8.6694     30.3220   
14.9701    30.1508   

# Frame30

# x        y
18.9950    38.9389   
2.1688     29.2078   
4.4175     1.0050    
6.6810     33.8179   
8.2758     30.4781   
14.8054    30.1893   

# Frame31

# x        y
18.9950    38.9389   
2.1688     29.2078   
4.4175     1.0050    
6.6810     33.8179   
7.8887     30.6316   
14.6434    30.2271   

# Frame32

# x        y
18.9950    38.9389   
2.1688     29.2078   
4.4175     1.0050    
6.6810     33.8179   
7.5081     30.7826   
14.4842    30.2642   

# Frame33

# x        y
18.9950    38.9389   
2.1688     29.2078   
4.4175     1.0050    
6.6810     33.8179   
7.1339     30.9310   
14.3276    30.3008   

# Frame34

# x        y
18.9950    38.9389   
2.1688     29.2078   
4.4175     1.0050    
6.6810     33.8179   
6.7658     31.0769   
14.1736    30.3367   

# Frame35

# x        y
18.9950    38.9389   
2.1688     29.2078   
4.4175     1.0050    
6.6810     33.8179   
6.4040     31.2205   
14.0221    30.3721   

# Frame36

# x        y
18.9950    38.9389   
2.1688     29.2078   
4.4175     1.0050    
6.6810     33.8179   
6.0481     31.3616   
13.8732    30.4068   

# Frame37

# x        y
18.9950    38.9389   
2.1688     29.2078   
4.4175     1.0050    
6.6810     33.8179   
5.6982     31.5004   
13.7268    30.4410   

# Frame38

# x        y
18.9950    38.9389   
2.1688     29.2078   
4.4175     1.0050    
6.6810     33.8179   
5.3541     31.6368   
13.5828    30.4746   

# Frame39

# x        y
18.9950    38.9389   
2.1688     29.2078   
4.4175     1.0050    
6.6810     33.8179   
5.0157     31.7710   
13.4412    30.5076   

# Frame40

# x        y
18.9950    38.9389   
2.1688     29.2078   
4.4175     1.0050    
6.6810     33.8179   
4.6830     31.9030   
13.3020    30.5401   

# Frame41

# x        y
18.9950    38.9389   
2.1688     29.2078   
4.4175     1.0050    
6.6810     33.8179   
4.3558     32.0327   
13.1650    30.5721   

# Frame42

# x        y
18.9950    38.9389   
2.1688     29.2078   
4.4175     1.0050    
6.6810     33.8179   
4.0341     32.1603   
13.0304    30.6035   

# Frame43

# x        y
18.9950    38.9389   
2.1688     29.2078   
4.4175     1.0050    
6.6810     33.8179   
3.7178     32.2857   
12.8980    30.6344   

# Frame44

# x        y
18.9950    38.9389   
2.1688     29.2078   
4.4175     1.0050    
6.6810     33.8179   
3.4067     32.4091   
12.7679    30.6648   

# Frame45

# x        y
18.9950    38.9389   
2.1688     29.2078   
4.4175     1.0050    
6.6810     33.8179   
3.1008     32.5304   
12.6398    30.6946   

# Frame46

# x        y
18.9950    38.9389   
2.1688     29.2078   
4.4175     1.0050    
6.6810     33.8179   
2.8000     32.6497   
12.5140    30.7240   

# Frame47

# x        y
18.9950    38.9389   
2.1688     29.2078   
4.4175     1.0050    
6.6810     33.8179   
2.5042     32.7670   
12.3902    30.7529   

# Frame48

# x        y
18.9950    38.9389   
2.1688     29.2078   
4.4175     1.0050    
6.6810     33.8179   
2.2133     32.8824   
12.2685    30.7813   

# Frame49

# x        y
18.9950    38.9389   
2.1688     29.2078   
4.4175     1.0050    
6.6810     33.8179   
1.9273     32.9958   
12.1488    30.8092   

# Frame50

# x        y
18.9950    38.9389   
2.1688     29.2078   
4.4175     1.0050    
6.6810     33.8179   
1.6461     33.1073   
12.0311    30.8367   

# Frame51

# x        y
18.9950    38.9389   
2.1688     29.2078   
4.4175     1.0050    
6.6810     33.8179   
1.3695     33.2170   
11.9154    30.8637   

# Frame52

# x        y
18.9950    38.9389   
2.1688     29.2078   
4.4175     1.0050    
6.6810     33.8179   
1.0976     33.3249   
11.8016    30.8902   

# Frame53

# x        y
18.9950    38.9389   
2.1688     29.2078   
4.4175     1.0050    
6.6810     33.8179   
1.0873     33.3989   
11.6897    30.9164   

# Frame54

# x        y
18.9950    38.9389   
2.1688     29.2078   
4.4175     1.0050    
6.6810     33.8179   
1.2188     33.4522   
11.5796    30.9420   

# Frame55

# x        y
18.9950    38.9389   
2.1688     29.2078   
4.4175     1.0050    
6.6810     33.8179   
1.3480     33.5045   
11.4714    30.9673   

# Frame56

# x        y
18.9950    38.9389   
2.1688     29.2078   
4.4175     1.0050    
6.6810     33.8179   
1.4752     33.5560   
11.3650    30.9921   

# Frame57

# x        y
18.9950    38.9389   
2.1688     29.2078   
4.4175     1.0050    
6.6810     33.8179   
1.6002     33.6066   
11.2604    31.0165   

# Frame58

# x        y
18.9950    38.9389   
2.1688     29.2078   
4.4175     1.0050    
6.6810     33.8179   
1.7231     33.6564   
11.1575    31.0405   

# Frame59

# x        y
18.9950    38.9389   
2.1688     29.2078   
4.4175     1.0050    
6.6810     33.8179   
1.8440     33.7053   
11.0563    31.0641   

# Frame60

# x        y
18.9950    38.9389   
2.1688     29.2078   
4.4175     1.0050    
6.6810     33.8179   
1.9629     33.7534   
10.9568    31.0874   

# Frame61

# x        y
18.9950    38.9389   
2.1688     29.2078   
4.4175     1.0050    
6.6810     33.8179   
2.0798     33.8008   
10.8590    31.1102   

# Frame62

# x        y
18.9950    38.9389   
2.1688     29.2078   
4.4175     1.0050    
6.6810     33.8179   
2.1947     33.8473   
10.7628    31.1326   

# Frame63

# x        y
18.9950    38.9389   
2.1688     29.2078   
4.4175     1.0050    
6.6810     33.8179   
2.3077     33.8931   
10.6682    31.1547   

# Frame64

# x        y
18.9950    38.9389   
2.1688     29.2078   
4.4175     1.0050    
6.6810     33.8179   
2.4189     33.9381   
10.5752    31.1764   

# Frame65

# x        y
18.9950    38.9389   
2.1688     29.2078   
4.4175     1.0050    
6.6810     33.8179   
2.5281     33.9823   
10.4837    31.1978   

# Frame66

# x        y
18.9950    38.9389   
2.1688     29.2078   
4.4175     1.0050    
6.6810     33.8179   
2.6356     34.0258   
10.3938    31.2188   

# Frame67

# x        y
18.9950    38.9389   
2.1688     29.2078   
4.4175     1.0050    
6.6810     33.8179   
2.7413     34.0686   
10.3054    31.2394   

# Frame68

# x        y
18.9950    38.9389   
2.1688     29.2078   
4.4175     1.0050    
6.6810     33.8179   
2.8452     34.1107   
10.2184    31.2597   

# Frame69

# x        y
18.9950    38.9389   
2.1688     29.2078   
4.4175     1.0050    
6.6810     33.8179   
2.9474     34.1521   
10.1329    31.2796   

# Frame70

# x        y
18.9950    38.9389   
2.1688     29.2078   
4.4175     1.0050    
6.6810     33.8179   
3.0479     34.1928   
10.0488    31.2993   

# Frame71

# x        y
18.9950    38.9389   
2.1688     29.2078   
4.4175     1.0050    
6.6810     33.8179   
3.1467     34.2328   
9.9661     31.3186   

# Frame72

# x        y
18.9950    38.9389   
2.1688     29.2078   
4.4175     1.0050    
6.6810     33.8179   
3.2438     34.2721   
9.8848     31.3375   

# Frame73

# x        y
18.9950    38.9389   
2.1688     29.2078   
4.4175     1.0050    
6.6810     33.8179   
3.3394     34.3108   
9.8048     31.3562   

# Frame74

# x        y
18.9950    38.9389   
2.1688     29.2078   
4.4175     1.0050    
6.6810     33.8179   
3.4333     34.3488   
9.7262     31.3745   

# Frame75

# x        y
18.9950    38.9389   
2.1688     29.2078   
4.4175     1.0050    
6.6810     33.8179   
3.5257     34.3862   
9.6489     31.3926   

# Frame76

# x        y
18.9950    38.9389   
2.1688     29.2078   
4.4175     1.0050    
6.6810     33.8179   
3.6165     34.4230   
9.5728     31.4103   

# Frame77

# x        y
18.9950    38.9389   
2.1688     29.2078   
4.4175     1.0050    
6.6810     33.8179   
3.7058     34.4592   
9.4981     31.4278   

# Frame78

# x        y
18.9950    38.9389   
2.1688     29.2078   
4.4175     1.0050    
6.6810     33.8179   
3.7937     34.4948   
9.4246     31.4449   

# Frame79

# x        y
18.9950    38.9389   
2.1688     29.2078   
4.4175     1.0050    
6.6810     33.8179   
3.8801     34.5297   
9.3523     31.4618   

# Frame80

# x        y
18.9950    38.9389   
2.1688     29.2078   
4.4175     1.0050    
6.6810     33.8179   
3.9650     34.5641   
9.2812     31.4784   

# Frame81

# x        y
18.9950    38.9389   
2.1688     29.2078   
4.4175     1.0050    
6.6810     33.8179   
4.0485     34.5979   
9.2113     31.4947   

# Frame82

# x        y
18.9950    38.9389   
2.1688     29.2078   
4.4175     1.0050    
6.6810     33.8179   
4.1306     34.6312   
9.1426     31.5107   

# Frame83

# x        y
18.9950    38.9389   
2.1688     29.2078   
4.4175     1.0050    
6.6810     33.8179   
4.2114     34.6639   
9.0750     31.5265   

# Frame84

# x        y
18.9950    38.9389   
2.1688     29.2078   
4.4175     1.0050    
6.6810     33.8179   
4.2908     34.6960   
9.0085     31.5420   

# Frame85

# x        y
18.9950    38.9389   
2.1688     29.2078   
4.4175     1.0050    
6.6810     33.8179   
4.3689     34.7277   
8.9432     31.5573   

# Frame86

# x        y
18.9950    38.9389   
2.1688     29.2078   
4.4175     1.0050    
6.6810     33.8179   
4.4457     34.7588   
8.8789     31.5723   

# Frame87

# x        y
18.9950    38.9389   
2.1688     29.2078   
4.4175     1.0050    
6.6810     33.8179   
4.5212     34.7893   
8.8157     31.5870   

# Frame88

# x        y
18.9950    38.9389   
2.1688     29.2078   
4.4175     1.0050    
6.6810     33.8179   
4.5954     34.8194   
8.7536     31.6015   

# Frame89

# x        y
18.9950    38.9389   
2.1688     29.2078   
4.4175     1.0050    
6.6810     33.8179   
4.6684     34.8490   
8.6925     31.6158   

# Frame90

# x        y
18.9950    38.9389   
2.1688     29.2078   
4.4175     1.0050    
6.6810     33.8179   
4.7402     34.8780   
8.6324     31.6298   

# Frame91

# x        y
18.9950    38.9389   
2.1688     29.2078   
4.4175     1.0050    
6.6810     33.8179   
4.8108     34.9066   
8.5733     31.6436   

# Frame92

# x        y
18.9950    38.9389   
2.1688     29.2078   
4.4175     1.0050    
6.6810     33.8179   
4.8802     34.9347   
8.5152     31.6571   

# Frame93

# x        y
18.9950    38.9389   
2.1688     29.2078   
4.4175     1.0050    
6.6810     33.8179   
4.9485     34.9624   
8.4581     31.6705   

# Frame94

# x        y
18.9950    38.9389   
2.1688     29.2078   
4.4175     1.0050    
6.6810     33.8179   
5.0156     34.9895   
8.4019     31.6836   

# Frame95

# x        y
18.9950    38.9389   
2.1688     29.2078   
4.4175     1.0050    
6.6810     33.8179   
5.0816     35.0163   
8.3466     31.6965   

# Frame96

# x        y
18.9950    38.9389   
2.1688     29.2078   
4.4175     1.0050    
6.7100     33.8113   
5.1176     35.0491   
8.2923     31.7092   

# Frame97

# x        y
18.9950    38.9389   
2.1688     29.2078   
4.4175     1.0050    
6.7385     33.8048   
5.1529     35.0814   
8.2389     31.7216   

# Frame98

# x        y
18.9950    38.9389   
2.1688     29.2078   
4.4175     1.0050    
6.7665     33.7984   
5.1876     35.1132   
8.1864     31.7339   

# Frame99

# x        y
18.9950    38.9389   
2.1688     29.2078   
4.4175     1.0050    
6.7941     33.7922   
5.2218     35.1445   
8.1347     31.7459   

# Frame100

# x        y
18.9950    38.9389   
2.1688     29.2078   
4.4175     1.0050    
6.8212     33.7860   
5.2554     35.1752   
8.0839     31.7578   

# Frame101

# x        y
18.9950    38.9389   
2.1688     29.2078   
4.4175     1.0050    
6.8478     33.7800   
5.2884     35.2054   
8.0340     31.7694   

# Frame102

# x        y
18.9950    38.9389   
2.1688     29.2078   
4.4175     1.0050    
6.8740     33.7740   
5.3209     35.2351   
7.9849     31.7809   

# Frame103

# x        y
18.9950    38.9389   
2.1688     29.2078   
4.4175     1.0050    
6.8998     33.7682   
5.3529     35.2643   
7.9366     31.7922   

# Frame104

# x        y
18.9950    38.9389   
2.1688     29.2078   
4.4175     1.0050    
6.9251     33.7624   
5.3843     35.2931   
7.8891     31.8032   

# Frame105

# x        y
18.9950    38.9389   
2.1688     29.2078   
4.4175     1.0050    
6.9500     33.7568   
5.4151     35.3213   
7.8424     31.8141   

# Frame106

# x        y
18.9950    38.9389   
2.1688     29.2078   
4.4175     1.0050    
6.9745     33.7512   
5.4455     35.3491   
7.7965     31.8249   

# Frame107

# x        y
18.9950    38.9389   
2.1688     29.2078   
4.4175     1.0050    
6.9986     33.7457   
5.4754     35.3764   
7.7513     31.8354   

# Frame108

# x        y
18.9950    38.9389   
2.1688     29.2078   
4.4175     1.0050    
7.0223     33.7403   
5.5047     35.4033   
7.7069     31.8458   

# Frame109

# x        y
18.9950    38.9389   
2.1688     29.2078   
4.4175     1.0050    
7.0410     33.7442   
5.5336     35.4297   
7.6678     31.8468   

# Frame110

# x        y
18.9950    38.9389   
2.1688     29.2078   
4.4175     1.0050    
7.0490     33.7620   
5.5620     35.4557   
7.6398     31.8338   

# Frame111

# x        y
18.9950    38.9389   
2.1688     29.2078   
4.4175     1.0050    
7.0569     33.7795   
5.5899     35.4812   
7.6122     31.8211   

# Frame112

# x        y
18.9950    38.9389   
2.1688     29.2078   
4.4175     1.0050    
7.0647     33.7967   
5.6174     35.5063   
7.5850     31.8085   

# Frame113

# x        y
18.9950    38.9389   
2.1688     29.2078   
4.4175     1.0050    
7.0724     33.8136   
5.6444     35.5310   
7.5583     31.7962   

# Frame114

# x        y
18.9950    38.9389   
2.1688     29.2078   
4.4175     1.0050    
7.0799     33.8302   
5.6709     35.5553   
7.5321     31.7840   

# Frame115

# x        y
18.9950    38.9389   
2.1688     29.2078   
4.4175     1.0050    
7.0873     33.8466   
5.6971     35.5792   
7.5063     31.7721   

# Frame116

# x        y
18.9950    38.9389   
2.1688     29.2078   
4.4175     1.0050    
7.0945     33.8627   
5.7227     35.6027   
7.4809     31.7604   

# Frame117

# x        y
18.9950    38.9389   
2.1688     29.2078   
4.4175     1.0050    
7.1017     33.8785   
5.7480     35.6258   
7.4559     31.7488   

# Frame118

# x        y
18.9950    38.9389   
2.1688     29.2078   
4.4175     1.0050    
7.1087     33.8941   
5.7728     35.6485   
7.4314     31.7375   

# Frame119

# x        y
18.9950    38.9389   
2.1688     29.2078   
4.4175     1.0050    
7.1156     33.9094   
5.7972     35.6708   
7.4073     31.7263   

# Frame120

# x        y
18.9950    38.9389   
2.1688     29.2078   
4.4175     1.0050    
7.1224     33.9244   
5.8212     35.6927   
7.3835     31.7154   

# Frame121

# x        y
18.9950    38.9389   
2.1688     29.2078   
4.4175     1.0050    
7.1291     33.9392   
5.8448     35.7143   
7.3602     31.7046   

# Frame122

# x        y
18.9950    38.9389   
2.1688     29.2078   
4.4175     1.0050    
7.1357     33.9537   
5.8680     35.7356   
7.3373     31.6940   

# Frame123

# x        y
18.9950    38.9389   
2.1688     29.2078   
4.4175     1.0050    
7.1421     33.9680   
5.8908     35.7564   
7.3147     31.6835   

# Frame124

# x        y
18.9950    38.9389   
2.1688     29.2078   
4.4175     1.0050    
7.1485     33.9821   
5.9133     35.7770   
7.2925     31.6733   

# Frame125

# x        y
18.9950    38.9389   
2.1688     29.2078   
4.4175     1.0050    
7.1547     33.9959   
5.9353     35.7972   
7.2707     31.6632   

# Frame126

# x        y
18.9950    38.9389   
2.1688     29.2078   
4.4175     1.0050    
7.1609     34.0095   
5.9570     35.8170   
7.2493     31.6533   

# Frame127

# x        y
18.9950    38.9389   
2.1688     29.2078   
4.4175     1.0050    
7.1669     34.0229   
5.9784     35.8365   
7.2282     31.6435   

# Frame128

# x        y
18.9950    38.9389   
2.1688     29.2078   
4.4175     1.0050    
7.1729     34.0361   
5.9994     35.8557   
7.2074     31.6339   

# Frame129

# x        y
18.9950    38.9389   
2.1688     29.2078   
4.4175     1.0050    
7.1787     34.0490   
6.0200     35.8746   
7.1870     31.6245   

# Frame130

# x        y
18.9950    38.9389   
2.1688     29.2078   
4.4175     1.0050    
7.1845     34.0617   
6.0403     35.8932   
7.1670     31.6152   

# Frame131

# x        y
18.9950    38.9389   
2.1688     29.2078   
4.4175     1.0050    
7.1901     34.0742   
6.0602     35.9114   
7.1472     31.6061   

# Frame132

# x        y
18.9950    38.9389   
2.1688     29.2078   
4.4175     1.0050    
7.1957     34.0865   
6.0799     35.9293   
7.1279     31.5971   

# Frame133

# x        y
18.9950    38.9389   
2.1688     29.2078   
4.4175     1.0050    
7.2011     34.0986   
6.0992     35.9470   
7.1088     31.5883   

# Frame134

# x        y
18.9950    38.9389   
2.1688     29.2078   
4.4175     1.0050    
7.2065     34.1105   
6.1181     35.9643   
7.0900     31.5796   

# Frame135

# x        y
18.9950    38.9389   
2.1688     29.2078   
4.4175     1.0050    
7.2118     34.1222   
6.1368     35.9814   
7.0716     31.5711   

# Frame136

# x        y
18.9950    38.9389   
2.1688     29.2078   
4.4175     1.0050    
7.2170     34.1337   
6.1551     35.9982   
7.0535     31.5627   

# Frame137

# x        y
18.9950    38.9389   
2.1688     29.2078   
4.4175     1.0050    
7.2221     34.1450   
6.1732     36.0147   
7.0356     31.5545   

# Frame138

# x        y
18.9950    38.9389   
2.1688     29.2078   
4.4175     1.0050    
7.2271     34.1561   
6.1909     36.0309   
7.0181     31.5464   

# Frame139

# x        y
18.9950    38.9389   
2.1688     29.2078   
4.4175     1.0050    
7.2320     34.1670   
6.2083     36.0469   
7.0008     31.5384   

# Frame140

# x        y
18.9950    38.9389   
2.1688     29.2078   
4.4175     1.0050    
7.2369     34.1778   
6.2255     36.0625   
6.9839     31.5306   

# Frame141

# x        y
18.9950    38.9389   
2.1688     29.2078   
4.4175     1.0050    
7.2417     34.1883   
6.2423     36.0780   
6.9672     31.5228   

# Frame142

# x        y
18.9950    38.9389   
2.1688     29.2078   
4.4175     1.0050    
7.2464     34.1987   
6.2589     36.0931   
6.9508     31.5153   

# Frame143

# x        y
18.9950    38.9389   
2.1688     29.2078   
4.4175     1.0050    
7.2510     34.2090   
6.2752     36.1081   
6.9347     31.5078   

# Frame144

# x        y
18.9950    38.9389   
2.1688     29.2078   
4.4175     1.0050    
7.2555     34.2190   
6.2913     36.1227   
6.9189     31.5005   

# Frame145

# x        y
18.9950    38.9389   
2.1688     29.2078   
4.4175     1.0050    
7.2600     34.2289   
6.3070     36.1372   
6.9033     31.4933   

# Frame146

# x        y
18.9950    38.9389   
2.1688     29.2078   
4.4175     1.0050    
7.2644     34.2386   
6.3225     36.1513   
6.8879     31.4862   

# Frame147

# x        y
18.9950    38.9389   
2.1688     29.2078   
4.4175     1.0050    
7.2687     34.2482   
6.3378     36.1653   
6.8729     31.4792   

# Frame148

# x        y
18.9950    38.9389   
2.1688     29.2078   
4.4175     1.0050    
7.2729     34.2575   
6.3528     36.1790   
6.8580     31.4724   

# Frame149

# x        y
18.9950    38.9389   
2.1688     29.2078   
4.4175     1.0050    
7.2771     34.2668   
6.3675     36.1925   
6.8435     31.4656   

# Frame150

# x        y
18.9950    38.9389   
2.1688     29.2078   
4.4175     1.0050    
7.2812     34.2759   
6.3820     36.2057   
6.8291     31.4590   

# Frame151

# x        y
18.9950    38.9389   
2.1688     29.2078   
4.4175     1.0050    
7.2853     34.2848   
6.3963     36.2188   
6.8151     31.4525   

# Frame152

# x        y
18.9950    38.9389   
2.1688     29.2078   
4.4175     1.0050    
7.2892     34.2936   
6.4103     36.2316   
6.8012     31.4461   

# Frame153

# x        y
18.9950    38.9389   
2.1688     29.2078   
4.4175     1.0050    
7.2931     34.3022   
6.4241     36.2442   
6.7876     31.4398   

# Frame154

# x        y
18.9950    38.9389   
2.1688     29.2078   
4.4175     1.0050    
7.2970     34.3107   
6.4376     36.2566   
6.7742     31.4336   

# Frame155

# x        y
18.9950    38.9389   
2.1688     29.2078   
4.4175     1.0050    
7.3007     34.3191   
6.4510     36.2688   
6.7610     31.4275   

# Frame156

# x        y
18.9950    38.9389   
2.1688     29.2078   
4.4175     1.0050    
7.3045     34.3273   
6.4641     36.2808   
6.7480     31.4215   

# Frame157

# x        y
18.9950    38.9389   
2.1688     29.2078   
4.4175     1.0050    
7.3081     34.3354   
6.4770     36.2926   
6.7353     31.4156   

# Frame158

# x        y
18.9950    38.9389   
2.1688     29.2078   
4.4175     1.0050    
7.3117     34.3433   
6.4896     36.3042   
6.7228     31.4098   

# Frame159

# x        y
18.9950    38.9389   
2.1688     29.2078   
4.4175     1.0050    
7.3152     34.3511   
6.5021     36.3156   
6.7104     31.4041   

# Frame160

# x        y
18.9950    38.9389   
2.1688     29.2078   
4.4175     1.0050    
7.3187     34.3588   
6.5143     36.3268   
6.6983     31.3985   

# Frame161

# x        y
18.9950    38.9389   
2.1688     29.2078   
4.4175     1.0050    
7.3221     34.3664   
6.5264     36.3378   
6.6864     31.3930   

# Frame162

# x        y
18.9950    38.9389   
2.1688     29.2078   
4.4175     1.0050    
7.3255     34.3738   
6.5382     36.3486   
6.6747     31.3876   

# Frame163

# x        y
18.9950    38.9389   
2.1688     29.2078   
4.4175     1.0050    
7.3288     34.3811   
6.5499     36.3593   
6.6632     31.3823   

# Frame164

# x        y
18.9950    38.9389   
2.1688     29.2078   
4.4175     1.0050    
7.3320     34.3883   
6.5614     36.3698   
6.6519     31.3770   

# Frame165

# x        y
18.9950    38.9389   
2.1688     29.2078   
4.4175     1.0050    
7.3352     34.3953   
6.5726     36.3801   
6.6407     31.3719   

# Frame166

# x        y
18.9950    38.9389   
2.1688     29.2078   
4.4175     1.0050    
7.3383     34.4023   
6.5837     36.3902   
6.6298     31.3668   

# Frame167

# x        y
18.9950    38.9389   
2.1688     29.2078   
4.4175     1.0050    
7.3414     34.4091   
6.5946     36.4002   
6.6190     31.3618   

# Frame168

# x        y
18.9950    38.9389   
2.1688     29.2078   
4.4175     1.0050    
7.3444     34.4158   
6.6053     36.4100   
6.6084     31.3569   

# Frame169

# x        y
18.9950    38.9389   
2.1688     29.2078   
4.4175     1.0050    
7.3474     34.4224   
6.6158     36.4196   
6.5980     31.3521   

# Frame170

# x        y
18.9950    38.9389   
2.1688     29.2078   
4.4175     1.0050    
7.3504     34.4289   
6.6262     36.4291   
6.5878     31.3474   

# Frame171

# x        y
18.9950    38.9389   
2.1688     29.2078   
4.4175     1.0050    
7.3532     34.4353   
6.6364     36.4384   
6.5777     31.3427   

# Frame172

# x        y
18.9950    38.9389   
2.1688     29.2078   
4.4175     1.0050    
7.3561     34.4416   
6.6464     36.4476   
6.5678     31.3381   

# Frame173

# x        y
18.9950    38.9389   
2.1688     29.2078   
4.4175     1.0050    
7.3589     34.4477   
6.6563     36.4566   
6.5581     31.3336   

# Frame174

# x        y
18.9950    38.9389   
2.1688     29.2078   
4.4175     1.0050    
7.3616     34.4538   
6.6659     36.4654   
6.5485     31.3292   

# Frame175

# x        y
18.9950    38.9389   
2.1688     29.2078   
4.4175     1.0050    
7.3643     34.4598   
6.6755     36.4741   
6.5391     31.3249   

# Frame176

# x        y
18.9950    38.9389   
2.1688     29.2078   
4.4175     1.0050    
7.3670     34.4656   
6.6848     36.4827   
6.5298     31.3206   

# Frame177

# x        y
18.9950    38.9389   
2.1688     29.2078   
4.4175     1.0050    
7.3696     34.4714   
6.6940     36.4911   
6.5207     31.3164   

# Frame178

# x        y
18.9950    38.9389   
2.1688     29.2078   
4.4175     1.0050    
7.3721     34.4771   
6.7031     36.4994   
6.5118     31.3122   

# Frame179

# x        y
18.9950    38.9389   
2.1688     29.2078   
4.4175     1.0050    
7.3746     34.4827   
6.7120     36.5076   
6.5030     31.3082   

# Frame180

# x        y
18.9950    38.9389   
2.1688     29.2078   
4.4175     1.0050    
7.3771     34.4882   
6.7208     36.5156   
6.4943     31.3042   

# Frame181

# x        y
18.9950    38.9389   
2.1688     29.2078   
4.4175     1.0050    
7.3796     34.4936   
6.7294     36.5235   
6.4858     31.3002   

# Frame182

# x        y
18.9950    38.9389   
2.1688     29.2078   
4.4175     1.0050    
7.3820     34.4989   
6.7378     36.5312   
6.4774     31.2963   

# Frame183

# x        y
18.9950    38.9389   
2.1688     29.2078   
4.4175     1.0050    
7.3843     34.5041   
6.7462     36.5388   
6.4692     31.2925   

# Frame184

# x        y
18.9950    38.9389   
2.1688     29.2078   
4.4175     1.0050    
7.3866     34.5092   
6.7543     36.5463   
6.4611     31.2888   

# Frame185

# x        y
18.9950    38.9389   
2.1688     29.2078   
4.4175     1.0050    
7.3889     34.5143   
6.7624     36.5537   
6.4531     31.2851   

# Frame186

# x        y
18.9950    38.9389   
2.1688     29.2078   
4.4175     1.0050    
7.3912     34.5192   
6.7703     36.5609   
6.4453     31.2815   

# Frame187

# x        y
18.9950    38.9389   
2.1688     29.2078   
4.4175     1.0050    
7.3934     34.5241   
6.7781     36.5680   
6.4376     31.2779   

# Frame188

# x        y
18.9950    38.9389   
2.1688     29.2078   
4.4175     1.0050    
7.3955     34.5289   
6.7857     36.5750   
6.4300     31.2744   

# Frame189

# x        y
18.9950    38.9389   
2.1688     29.2078   
4.4175     1.0050    
7.3977     34.5336   
6.7933     36.5819   
6.4226     31.2710   

# Frame190

# x        y
18.9950    38.9389   
2.1688     29.2078   
4.4175     1.0050    
7.3998     34.5383   
6.8007     36.5887   
6.4153     31.2676   

# Frame191

# x        y
18.9950    38.9389   
2.1688     29.2078   
4.4175     1.0050    
7.4018     34.5428   
6.8080     36.5953   
6.4081     31.2643   

# Frame192

# x        y
18.9950    38.9389   
2.1688     29.2078   
4.4175     1.0050    
7.4038     34.5473   
6.8151     36.6019   
6.4010     31.2610   

# Frame193

# x        y
18.9950    38.9389   
2.1688     29.2078   
4.4175     1.0050    
7.4058     34.5517   
6.8221     36.6083   
6.3941     31.2578   

# Frame194

# x        y
18.9950    38.9389   
2.1688     29.2078   
4.4175     1.0050    
7.4078     34.5561   
6.8291     36.6146   
6.3872     31.2546   

# Frame195

# x        y
18.9950    38.9389   
2.1688     29.2078   
4.4175     1.0050    
7.4097     34.5603   
6.8359     36.6209   
6.3805     31.2515   

# Frame196

# x        y
18.9950    38.9389   
2.1688     29.2078   
4.4175     1.0050    
7.4116     34.5645   
6.8426     36.6270   
6.3739     31.2485   

# Frame197

# x        y
18.9950    38.9389   
2.1688     29.2078   
4.4175     1.0050    
7.4135     34.5686   
6.8491     36.6330   
6.3674     31.2455   

# Frame198

# x        y
18.9950    38.9389   
2.1688     29.2078   
4.4175     1.0050    
7.4153     34.5727   
6.8556     36.6389   
6.3610     31.2425   

# Frame199

# x        y
18.9950    38.9389   
2.1688     29.2078   
4.4175     1.0050    
7.4171     34.5767   
6.8620     36.6448   
6.3547     31.2396   

# Frame200

# x        y
18.9950    38.9389   
2.1688     29.2078   
4.4175     1.0050    
7.4189     34.5806   
6.8682     36.6505   
6.3485     31.2367   

# Frame201

# x        y
18.9950    38.9389   
2.1688     29.2078   
4.4175     1.0050    
7.4206     34.5845   
6.8744     36.6561   
6.3424     31.2339   

# Frame202

# x        y
18.9950    38.9389   
2.1688     29.2078   
4.4175     1.0050    
7.4223     34.5883   
6.8804     36.6616   
6.3364     31.2312   

# Frame203

# x        y
18.9950    38.9389   
2.1688     29.2078   
4.4175     1.0050    
7.4240     34.5920   
6.8864     36.6671   
6.3306     31.2284   

# Frame204

# x        y
18.9950    38.9389   
2.1688     29.2078   
4.4175     1.0050    
7.4257     34.5956   
6.8922     36.6724   
6.3248     31.2258   

# Frame205

# x        y
18.9950    38.9389   
2.1688     29.2078   
4.4175     1.0050    
7.4273     34.5993   
6.8980     36.6777   
6.3191     31.2231   

# Frame206

# x        y
18.9950    38.9389   
2.1688     29.2078   
4.4175     1.0050    
7.4289     34.6028   
6.9036     36.6829   
6.3135     31.2205   

# Frame207

# x        y
18.9950    38.9389   
2.1688     29.2078   
4.4175     1.0050    
7.4305     34.6063   
6.9092     36.6880   
6.3080     31.2180   

# Frame208

# x        y
18.9950    38.9389   
2.1688     29.2078   
4.4175     1.0050    
7.4320     34.6097   
6.9147     36.6930   
6.3026     31.2155   

# Frame209

# x        y
18.9950    38.9389   
2.1688     29.2078   
4.4175     1.0050    
7.4336     34.6131   
6.9200     36.6979   
6.2973     31.2130   

# Frame210

# x        y
18.9950    38.9389   
2.1688     29.2078   
4.4175     1.0050    
7.4351     34.6164   
6.9253     36.7027   
6.2921     31.2106   

# Frame211

# x        y
18.9950    38.9389   
2.1688     29.2078   
4.4175     1.0050    
7.4365     34.6197   
6.9305     36.7075   
6.2869     31.2083   

# Frame212

# x        y
18.9950    38.9389   
2.1688     29.2078   
4.4175     1.0050    
7.4380     34.6229   
6.9357     36.7121   
6.2819     31.2059   

# Frame213

# x        y
18.9950    38.9389   
2.1688     29.2078   
4.4175     1.0050    
7.4394     34.6260   
6.9407     36.7167   
6.2769     31.2036   

# Frame214

# x        y
18.9950    38.9389   
2.1688     29.2078   
4.4175     1.0050    
7.4408     34.6291   
6.9456     36.7213   
6.2720     31.2014   

# Frame215

# x        y
18.9950    38.9389   
2.1688     29.2078   
4.4175     1.0050    
7.4422     34.6322   
6.9505     36.7257   
6.2672     31.1991   

# Frame216

# x        y
18.9950    38.9389   
2.1688     29.2078   
4.4175     1.0050    
7.4435     34.6352   
6.9553     36.7301   
6.2625     31.1969   

# Frame217

# x        y
18.9950    38.9389   
2.1688     29.2078   
4.4175     1.0050    
7.4449     34.6381   
6.9600     36.7344   
6.2578     31.1948   

# Frame218

# x        y
18.9950    38.9389   
2.1688     29.2078   
4.4175     1.0050    
7.4462     34.6410   
6.9646     36.7386   
6.2532     31.1927   

# Frame219

# x        y
18.9950    38.9389   
2.1688     29.2078   
4.4175     1.0050    
7.4475     34.6438   
6.9691     36.7428   
6.2488     31.1906   

# Frame220

# x        y
18.9950    38.9389   
2.1688     29.2078   
4.4175     1.0050    
7.4487     34.6466   
6.9736     36.7469   
6.2443     31.1886   

# Frame221

# x        y
18.9950    38.9389   
2.1688     29.2078   
4.4175     1.0050    
7.4500     34.6494   
6.9780     36.7509   
6.2400     31.1866   

# Frame222

# x        y
18.9950    38.9389   
2.1688     29.2078   
4.4175     1.0050    
7.4512     34.6521   
6.9823     36.7548   
6.2357     31.1846   

# Frame223

# x        y
18.9950    38.9389   
2.1688     29.2078   
4.4175     1.0050    
7.4524     34.6548   
6.9866     36.7587   
6.2315     31.1826   

# Frame224

# x        y
18.9950    38.9389   
2.1688     29.2078   
4.4175     1.0050    
7.4536     34.6574   
6.9908     36.7625   
6.2274     31.1807   

# Frame225

# x        y
18.9950    38.9389   
2.1688     29.2078   
4.4175     1.0050    
7.4547     34.6600   
6.9949     36.7663   
6.2233     31.1788   

# Frame226

# x        y
18.9950    38.9389   
2.1688     29.2078   
4.4175     1.0050    
7.4559     34.6625   
6.9989     36.7700   
6.2193     31.1770   

# Frame227

# x        y
18.9950    38.9389   
2.1688     29.2078   
4.4175     1.0050    
7.4570     34.6650   
7.0029     36.7736   
6.2154     31.1752   

# Frame228

# x        y
18.9950    38.9389   
2.1688     29.2078   
4.4175     1.0050    
7.4581     34.6674   
7.0068     36.7772   
6.2115     31.1734   

# Frame229

# x        y
18.9950    38.9389   
2.1688     29.2078   
4.4175     1.0050    
7.4592     34.6698   
7.0106     36.7807   
6.2077     31.1716   

# Frame230

# x        y
18.9950    38.9389   
2.1688     29.2078   
4.4175     1.0050    
7.4603     34.6722   
7.0144     36.7842   
6.2040     31.1699   

# Frame231

# x        y
18.9950    38.9389   
2.1688     29.2078   
4.4175     1.0050    
7.4613     34.6745   
7.0181     36.7876   
6.2003     31.1682   

# Frame232

# x        y
18.9950    38.9389   
2.1688     29.2078   
4.4175     1.0050    
7.4624     34.6768   
7.0218     36.7909   
6.1967     31.1665   

# Frame233

# x        y
18.9950    38.9389   
2.1688     29.2078   
4.4175     1.0050    
7.4634     34.6791   
7.0254     36.7942   
6.1932     31.1649   

# Frame234

# x        y
18.9950    38.9389   
2.1688     29.2078   
4.4175     1.0050    
7.4644     34.6813   
7.0289     36.7974   
6.1897     31.1633   

# Frame235

# x        y
18.9950    38.9389   
2.1688     29.2078   
4.4175     1.0050    
7.4654     34.6835   
7.0324     36.8006   
6.1862     31.1617   

# Frame236

# x        y
18.9950    38.9389   
2.1688     29.2078   
4.4175     1.0050    
7.4663     34.6856   
7.0358     36.8037   
6.1829     31.1601   

# Frame237

# x        y
18.9950    38.9389   
2.1688     29.2078   
4.4175     1.0050    
7.4673     34.6877   
7.0392     36.8068   
6.1795     31.1586   

# Frame238

# x        y
18.9950    38.9389   
2.1688     29.2078   
4.4175     1.0050    
7.4682     34.6898   
7.0425     36.8098   
6.1763     31.1571   

# Frame239

# x        y
18.9950    38.9389   
2.1688     29.2078   
4.4175     1.0050    
7.4691     34.6918   
7.0457     36.8128   
6.1731     31.1556   

# Frame240

# x        y
18.9950    38.9389   
2.1688     29.2078   
4.4175     1.0050    
7.4700     34.6938   
7.0489     36.8157   
6.1699     31.1541   

# Frame241

# x        y
18.9950    38.9389   
2.1688     29.2078   
4.4175     1.0050    
7.4709     34.6958   
7.0520     36.8186   
6.1668     31.1527   

# Frame242

# x        y
18.9950    38.9389   
2.1688     29.2078   
4.4175     1.0050    
7.4718     34.6977   
7.0551     36.8214   
6.1637     31.1513   

# Frame243

# x        y
18.9950    38.9389   
2.1688     29.2078   
4.4175     1.0050    
7.4727     34.6996   
7.0582     36.8242   
6.1607     31.1499   

# Frame244

# x        y
18.9950    38.9389   
2.1688     29.2078   
4.4175     1.0050    
7.4735     34.7015   
7.0612     36.8269   
6.1578     31.1485   

# Frame245

# x        y
18.9950    38.9389   
2.1688     29.2078   
4.4175     1.0050    
7.4743     34.7033   
7.0641     36.8296   
6.1549     31.1472   

# Frame246

# x        y
18.9950    38.9389   
2.1688     29.2078   
4.4175     1.0050    
7.4752     34.7052   
7.0670     36.8323   
6.1520     31.1459   

# Frame247

# x        y
18.9950    38.9389   
2.1688     29.2078   
4.4175     1.0050    
7.4760     34.7069   
7.0698     36.8349   
6.1492     31.1446   

# Frame248

# x        y
18.9950    38.9389   
2.1688     29.2078   
4.4175     1.0050    
7.4768     34.7087   
7.0726     36.8374   
6.1465     31.1433   

# Frame249

# x        y
18.9950    38.9389   
2.1688     29.2078   
4.4175     1.0050    
7.4775     34.7104   
7.0754     36.8399   
6.1438     31.1420   

# Frame250

# x        y
18.9950    38.9389   
2.1688     29.2078   
4.4175     1.0050    
7.4783     34.7121   
7.0781     36.8424   
6.1411     31.1408   

# Frame251

# x        y
18.9950    38.9389   
2.1688     29.2078   
4.4175     1.0050    
7.4790     34.7138   
7.0807     36.8448   
6.1385     31.1396   

# Frame252

# x        y
18.9950    38.9389   
2.1688     29.2078   
4.4175     1.0050    
7.4798     34.7154   
7.0833     36.8472   
6.1359     31.1384   

# Frame253

# x        y
18.9950    38.9389   
2.1688     29.2078   
4.4175     1.0050    
7.4805     34.7170   
7.0859     36.8496   
6.1333     31.1372   

# Frame254

# x        y
18.9950    38.9389   
2.1688     29.2078   
4.4175     1.0050    
7.4812     34.7186   
7.0884     36.8519   
6.1308     31.1361   

# Frame255

# x        y
18.9950    38.9389   
2.1688     29.2078   
4.4175     1.0050    
7.4819     34.7201   
7.0909     36.8541   
6.1284     31.1349   

# Frame256

# x        y
18.9950    38.9389   
2.1688     29.2078   
4.4175     1.0050    
7.4826     34.7217   
7.0933     36.8564   
6.1260     31.1338   

# Frame257

# x        y
18.9950    38.9389   
2.1688     29.2078   
4.4175     1.0050    
7.4833     34.7232   
7.0957     36.8586   
6.1236     31.1327   

# Frame258

# x        y
18.9950    38.9389   
2.1688     29.2078   
4.4175     1.0050    
7.4840     34.7247   
7.0981     36.8607   
6.1213     31.1316   

# Frame259

# x        y
18.9950    38.9389   
2.1688     29.2078   
4.4175     1.0050    
7.4846     34.7261   
7.1004     36.8629   
6.1190     31.1306   

# Frame260

# x        y
18.9950    38.9389   
2.1688     29.2078   
4.4175     1.0050    
7.4853     34.7275   
7.1027     36.8649   
6.1167     31.1295   

# Frame261

# x        y
18.9950    38.9389   
2.1688     29.2078   
4.4175     1.0050    
7.4859     34.7290   
7.1049     36.8670   
6.1145     31.1285   

# Frame262

# x        y
18.9950    38.9389   
2.1688     29.2078   
4.4175     1.0050    
7.4865     34.7303   
7.1072     36.8690   
6.1123     31.1275   

# Frame263

# x        y
18.9950    38.9389   
2.1688     29.2078   
4.4175     1.0050    
7.4871     34.7317   
7.1093     36.8710   
6.1102     31.1265   

# Frame264

# x        y
18.9950    38.9389   
2.1688     29.2078   
4.4175     1.0050    
7.4877     34.7330   
7.1115     36.8730   
6.1081     31.1255   

# Frame265

# x        y
18.9950    38.9389   
2.1688     29.2078   
4.4175     1.0050    
7.4883     34.7344   
7.1136     36.8749   
6.1060     31.1246   

# Frame266

# x        y
18.9950    38.9389   
2.1688     29.2078   
4.4175     1.0050    
7.4889     34.7356   
7.1156     36.8768   
6.1040     31.1236   

# Frame267

# x        y
18.9950    38.9389   
2.1688     29.2078   
4.4175     1.0050    
7.4895     34.7369   
7.1176     36.8786   
6.1019     31.1227   

# Frame268

# x        y
18.9950    38.9389   
2.1688     29.2078   
4.4175     1.0050    
7.4901     34.7382   
7.1196     36.8804   
6.1000     31.1218   

# Frame269

# x        y
18.9950    38.9389   
2.1688     29.2078   
4.4175     1.0050    
7.4906     34.7394   
7.1216     36.8822   
6.0980     31.1209   

# Frame270

# x        y
18.9950    38.9389   
2.1688     29.2078   
4.4175     1.0050    
7.4912     34.7406   
7.1235     36.8840   
6.0961     31.1200   

# Frame271

# x        y
18.9950    38.9389   
2.1688     29.2078   
4.4175     1.0050    
7.4917     34.7418   
7.1254     36.8857   
6.0943     31.1192   

# Frame272

# x        y
18.9950    38.9389   
2.1688     29.2078   
4.4175     1.0050    
7.4922     34.7430   
7.1273     36.8874   
6.0924     31.1183   

# Frame273

# x        y
18.9950    38.9389   
2.1688     29.2078   
4.4175     1.0050    
7.4928     34.7441   
7.1291     36.8891   
6.0906     31.1175   

# Frame274

# x        y
18.9950    38.9389   
2.1688     29.2078   
4.4175     1.0050    
7.4933     34.7452   
7.1309     36.8908   
6.0888     31.1166   

# Frame275

# x        y
18.9950    38.9389   
2.1688     29.2078   
4.4175     1.0050    
7.4938     34.7464   
7.1327     36.8924   
6.0871     31.1158   

# Frame276

# x        y
18.9950    38.9389   
2.1688     29.2078   
4.4175     1.0050    
7.4943     34.7474   
7.1345     36.8940   
6.0853     31.1150   

# Frame277

# x        y
18.9950    38.9389   
2.1688     29.2078   
4.4175     1.0050    
7.4947     34.7485   
7.1362     36.8956   
6.0836     31.1142   

# Frame278

# x        y
18.9950    38.9389   
2.1688     29.2078   
4.4175     1.0050    
7.4952     34.7496   
7.1379     36.8971   
6.0820     31.1135   

# Frame279

# x        y
18.9950    38.9389   
2.1688     29.2078   
4.4175     1.0050    
7.4957     34.7506   
7.1395     36.8986   
6.0803     31.1127   

# Frame280

# x        y
18.9950    38.9389   
2.1688     29.2078   
4.4175     1.0050    
7.4962     34.7516   
7.1411     36.9001   
6.0787     31.1120   

# Frame281

# x        y
18.9950    38.9389   
2.1688     29.2078   
4.4175     1.0050    
7.4966     34.7526   
7.1427     36.9016   
6.0771     31.1112   

# Frame282

# x        y
18.9950    38.9389   
2.1688     29.2078   
4.4175     1.0050    
7.4971     34.7536   
7.1443     36.9030   
6.0756     31.1105   

# Frame283

# x        y
18.9950    38.9389   
2.1688     29.2078   
4.4175     1.0050    
7.4975     34.7546   
7.1459     36.9044   
6.0740     31.1098   

# Frame284

# x        y
18.9950    38.9389   
2.1688     29.2078   
4.4175     1.0050    
7.4979     34.7556   
7.1474     36.9058   
6.0725     31.1091   

# Frame285

# x        y
18.9950    38.9389   
2.1688     29.2078   
4.4175     1.0050    
7.4983     34.7565   
7.1489     36.9072   
6.0711     31.1084   

# Frame286

# x        y
18.9950    38.9389   
2.1688     29.2078   
4.4175     1.0050    
7.4988     34.7574   
7.1504     36.9086   
6.0696     31.1078   

# Frame287

# x        y
18.9950    38.9389   
2.1688     29.2078   
4.4175     1.0050    
7.4992     34.7583   
7.1518     36.9099   
6.0682     31.1071   

# Frame288

# x        y
18.9950    38.9389   
2.1688     29.2078   
4.4175     1.0050    
7.4996     34.7592   
7.1532     36.9112   
6.0668     31.1064   

# Frame289

# x        y
18.9950    38.9389   
2.1688     29.2078   
4.4175     1.0050    
7.5000     34.7601   
7.1546     36.9125   
6.0654     31.1058   

# Frame290

# x        y
18.9950    38.9389   
2.1688     29.2078   
4.4175     1.0050    
7.5004     34.7610   
7.1560     36.9137   
6.0640     31.1052   

# Frame291

# x        y
18.9950    38.9389   
2.1688     29.2078   
4.4175     1.0050    
7.5008     34.7618   
7.1574     36.9150   
6.0627     31.1046   

# Frame292

# x        y
18.9950    38.9389   
2.1688     29.2078   
4.4175     1.0050    
7.5011     34.7626   
7.1587     36.9162   
6.0614     31.1039   

# Frame293

# x        y
18.9950    38.9389   
2.1688     29.2078   
4.4175     1.0050    
7.5015     34.7635   
7.1600     36.9174   
6.0601     31.1033   

# Frame294

# x        y
18.9950    38.9389   
2.1688     29.2078   
4.4175     1.0050    
7.5019     34.7643   
7.1613     36.9186   
6.0588     31.1028   

# Frame295

# x        y
18.9950    38.9389   
2.1688     29.2078   
4.4175     1.0050    
7.5022     34.7651   
7.1626     36.9197   
6.0575     31.1022   

# Frame296

# x        y
18.9950    38.9389   
2.1688     29.2078   
4.4175     1.0050    
7.5026     34.7659   
7.1638     36.9209   
6.0563     31.1016   

# Frame297

# x        y
18.9950    38.9389   
2.1688     29.2078   
4.4175     1.0050    
7.5029     34.7666   
7.1651     36.9220   
6.0551     31.1010   

# Frame298

# x        y
18.9950    38.9389   
2.1688     29.2078   
4.4175     1.0050    
7.5033     34.7674   
7.1663     36.9231   
6.0539     31.1005   

# Frame299

# x        y
18.9950    38.9389   
2.1688     29.2078   
4.4175     1.0050    
7.5036     34.7681   
7.1674     36.9242   
6.0527     31.1000   

# Frame300

# x        y
18.9950    38.9389   
2.1688     29.2078   
4.4175     1.0050    
7.5039     34.7688   
7.1686     36.9252   
6.0516     31.0994   

# Frame301

# x        y
18.9950    38.9389   
2.1688     29.2078   
4.4175     1.0050    
7.5043     34.7696   
7.1698     36.9263   
6.0504     31.0989   

# Frame302

# x        y
18.9950    38.9389   
2.1688     29.2078   
4.4175     1.0050    
7.5046     34.7703   
7.1709     36.9273   
6.0493     31.0984   

# Frame303

# x        y
18.9950    38.9389   
2.1688     29.2078   
4.4175     1.0050    
7.5049     34.7710   
7.1720     36.9283   
6.0482     31.0979   

# Frame304

# x        y
18.9950    38.9389   
2.1688     29.2078   
4.4175     1.0050    
7.5052     34.7716   
7.1731     36.9293   
6.0472     31.0974   

# Frame305

# x        y
18.9950    38.9389   
2.1688     29.2078   
4.4175     1.0050    
7.5055     34.7723   
7.1742     36.9303   
6.0461     31.0969   

# Frame306

# x        y
18.9950    38.9389   
2.1688     29.2078   
4.4175     1.0050    
7.5058     34.7730   
7.1752     36.9313   
6.0451     31.0964   

# Frame307

# x        y
18.9950    38.9389   
2.1688     29.2078   
4.4175     1.0050    
7.5061     34.7736   
7.1762     36.9322   
6.0440     31.0959   

# Frame308

# x        y
18.9950    38.9389   
2.1688     29.2078   
4.4175     1.0050    
7.5064     34.7743   
7.1773     36.9332   
6.0430     31.0955   

# Frame309

# x        y
18.9950    38.9389   
2.1688     29.2078   
4.4175     1.0050    
7.5067     34.7749   
7.1783     36.9341   
6.0420     31.0950   

# Frame310

# x        y
18.9950    38.9389   
2.1688     29.2078   
4.4175     1.0050    
7.5069     34.7755   
7.1792     36.9350   
6.0411     31.0946   

# Frame311

# x        y
18.9950    38.9389   
2.1688     29.2078   
4.4175     1.0050    
7.5072     34.7761   
7.1802     36.9359   
6.0401     31.0941   

# Frame312

# x        y
18.9950    38.9389   
2.1688     29.2078   
4.4175     1.0050    
7.5075     34.7767   
7.1812     36.9367   
6.0392     31.0937   

# Frame313

# x        y
18.9950    38.9389   
2.1688     29.2078   
4.4175     1.0050    
7.5078     34.7773   
7.1821     36.9376   
6.0382     31.0933   

# Frame314

# x        y
18.9950    38.9389   
2.1688     29.2078   
4.4175     1.0050    
7.5080     34.7779   
7.1830     36.9384   
6.0373     31.0928   

# Frame315

# x        y
18.9950    38.9389   
2.1688     29.2078   
4.4175     1.0050    
7.5083     34.7784   
7.1839     36.9393   
6.0364     31.0924   

# Frame316

# x        y
18.9950    38.9389   
2.1688     29.2078   
4.4175     1.0050    
7.5085     34.7790   
7.1848     36.9401   
6.0355     31.0920   

# Frame317

# x        y
18.9950    38.9389   
2.1688     29.2078   
4.4175     1.0050    
7.5088     34.7795   
7.1857     36.9409   
6.0347     31.0916   

# Frame318

# x        y
18.9950    38.9389   
2.1688     29.2078   
4.4175     1.0050    
7.5090     34.7801   
7.1866     36.9417   
6.0338     31.0912   

# Frame319

# x        y
18.9950    38.9389   
2.1688     29.2078   
4.4175     1.0050    
7.5093     34.7806   
7.1874     36.9424   
6.0330     31.0908   

# Frame320

# x        y
18.9950    38.9389   
2.1688     29.2078   
4.4175     1.0050    
7.5095     34.7811   
7.1882     36.9432   
6.0322     31.0904   

# Frame321

# x        y
18.9950    38.9389   
2.1688     29.2078   
4.4175     1.0050    
7.5097     34.7817   
7.1891     36.9439   
6.0314     31.0901   

# Frame322

# x        y
18.9950    38.9389   
2.1688     29.2078   
4.4175     1.0050    
7.5099     34.7822   
7.1899     36.9447   
6.0306     31.0897   

# Frame323

# x        y
18.9950    38.9389   
2.1688     29.2078   
4.4175     1.0050    
7.5102     34.7827   
7.1907     36.9454   
6.0298     31.0893   

# Frame324

# x        y
18.9950    38.9389   
2.1688     29.2078   
4.4175     1.0050    
7.5104     34.7831   
7.1914     36.9461   
6.0290     31.0890   

# Frame325

# x        y
18.9950    38.9389   
2.1688     29.2078   
4.4175     1.0050    
7.5106     34.7836   
7.1922     36.9468   
6.0283     31.0886   

# Frame326

# x        y
18.9950    38.9389   
2.1688     29.2078   
4.4175     1.0050    
7.5108     34.7841   
7.1929     36.9475   
6.0275     31.0883   

# Frame327

# x        y
18.9950    38.9389   
2.1688     29.2078   
4.4175     1.0050    
7.5110     34.7846   
7.1937     36.9482   
6.0268     31.0880   

# Frame328

# x        y
18.9950    38.9389   
2.1688     29.2078   
4.4175     1.0050    
7.5112     34.7850   
7.1944     36.9488   
6.0261     31.0876   

# Frame329

# x        y
18.9950    38.9389   
2.1688     29.2078   
4.4175     1.0050    
7.5114     34.7855   
7.1951     36.9495   
6.0254     31.0873   

# Frame330

# x        y
18.9950    38.9389   
2.1688     29.2078   
4.4175     1.0050    
7.5116     34.7859   
7.1958     36.9501   
6.0247     31.0870   

# Frame331

# x        y
18.9950    38.9389   
2.1688     29.2078   
4.4175     1.0050    
7.5118     34.7863   
7.1965     36.9508   
6.0240     31.0867   

# Frame332

# x        y
18.9950    38.9389   
2.1688     29.2078   
4.4175     1.0050    
7.5120     34.7868   
7.1972     36.9514   
6.0233     31.0863   

# Frame333

# x        y
18.9950    38.9389   
2.1688     29.2078   
4.4175     1.0050    
7.5122     34.7872   
7.1979     36.9520   
6.0226     31.0860   

# Frame334

# x        y
18.9950    38.9389   
2.1688     29.2078   
4.4175     1.0050    
7.5124     34.7876   
7.1985     36.9526   
6.0220     31.0857   

# Frame335

# x        y
18.9950    38.9389   
2.1688     29.2078   
4.4175     1.0050    
7.5126     34.7880   
7.1992     36.9532   
6.0213     31.0854   

# Frame336

# x        y
18.9950    38.9389   
2.1688     29.2078   
4.4175     1.0050    
7.5128     34.7884   
7.1998     36.9538   
6.0207     31.0852   

# Frame337

# x        y
18.9950    38.9389   
2.1688     29.2078   
4.4175     1.0050    
7.5129     34.7888   
7.2004     36.9544   
6.0201     31.0849   

# Frame338

# x        y
18.9950    38.9389   
2.1688     29.2078   
4.4175     1.0050    
7.5131     34.7892   
7.2011     36.9549   
6.0195     31.0846   

# Frame339

# x        y
18.9950    38.9389   
2.1688     29.2078   
4.4175     1.0050    
7.5133     34.7896   
7.2017     36.9555   
6.0189     31.0843   

# Frame340

# x        y
18.9950    38.9389   
2.1688     29.2078   
4.4175     1.0050    
7.5135     34.7899   
7.2023     36.9560   
6.0183     31.0840   

# Frame341

# x        y
18.9950    38.9389   
2.1688     29.2078   
4.4175     1.0050    
7.5136     34.7903   
7.2028     36.9566   
6.0177     31.0838   

# Frame342

# x        y
18.9950    38.9389   
2.1688     29.2078   
4.4175     1.0050    
7.5138     34.7907   
7.2034     36.9571   
6.0172     31.0835   

# Frame343

# x        y
18.9950    38.9389   
2.1688     29.2078   
4.4175     1.0050    
7.5139     34.7910   
7.2040     36.9576   
6.0166     31.0833   

# Frame344

# x        y
18.9950    38.9389   
2.1688     29.2078   
4.4175     1.0050    
7.5141     34.7914   
7.2045     36.9581   
6.0161     31.0830   

# Frame345

# x        y
18.9950    38.9389   
2.1688     29.2078   
4.4175     1.0050    
7.5143     34.7917   
7.2051     36.9586   
6.0155     31.0827   

# Frame346

# x        y
18.9950    38.9389   
2.1688     29.2078   
4.4175     1.0050    
7.5144     34.7920   
7.2056     36.9591   
6.0150     31.0825   

# Frame347

# x        y
18.9950    38.9389   
2.1688     29.2078   
4.4175     1.0050    
7.5146     34.7924   
7.2062     36.9596   
6.0145     31.0823   

# Frame348

# x        y
18.9950    38.9389   
2.1688     29.2078   
4.4175     1.0050    
7.5147     34.7927   
7.2067     36.9601   
6.0139     31.0820   

# Frame349

# x        y
18.9950    38.9389   
2.1688     29.2078   
4.4175     1.0050    
7.5149     34.7930   
7.2072     36.9605   
6.0134     31.0818   

# Frame350

# x        y
18.9950    38.9389   
2.1688     29.2078   
4.4175     1.0050    
7.5150     34.7933   
7.2077     36.9610   
6.0129     31.0816   

# Frame351

# x        y
18.9950    38.9389   
2.1688     29.2078   
4.4175     1.0050    
7.5151     34.7937   
7.2082     36.9614   
6.0125     31.0813   

# Frame352

# x        y
18.9950    38.9389   
2.1688     29.2078   
4.4175     1.0050    
7.5153     34.7940   
7.2087     36.9619   
6.0120     31.0811   

# Frame353

# x        y
18.9950    38.9389   
2.1688     29.2078   
4.4175     1.0050    
7.5154     34.7943   
7.2091     36.9623   
6.0115     31.0809   

# Frame354

# x        y
18.9950    38.9389   
2.1688     29.2078   
4.4175     1.0050    
7.5155     34.7946   
7.2096     36.9628   
6.0110     31.0807   

# Frame355

# x        y
18.9950    38.9389   
2.1688     29.2078   
4.4175     1.0050    
7.5157     34.7948   
7.2101     36.9632   
6.0106     31.0805   

# Frame356

# x        y
18.9950    38.9389   
2.1688     29.2078   
4.4175     1.0050    
7.5158     34.7951   
7.2105     36.9636   
6.0101     31.0802   

# Frame357

# x        y
18.9950    38.9389   
2.1688     29.2078   
4.4175     1.0050    
7.5159     34.7954   
7.2110     36.9640   
6.0097     31.0800   

# Frame358

# x        y
18.9950    38.9389   
2.1688     29.2078   
4.4175     1.0050    
7.5161     34.7957   
7.2114     36.9644   
6.0093     31.0798   

# Frame359

# x        y
18.9950    38.9389   
2.1688     29.2078   
4.4175     1.0050    
7.5162     34.7960   
7.2119     36.9648   
6.0088     31.0796   

# Frame360

# x        y
18.9950    38.9389   
2.1688     29.2078   
4.4175     1.0050    
7.5163     34.7962   
7.2123     36.9652   
6.0084     31.0795   

# Frame361

# x        y
18.9950    38.9389   
2.1688     29.2078   
4.4175     1.0050    
7.5164     34.7965   
7.2127     36.9656   
6.0080     31.0793   

# Frame362

# x        y
18.9950    38.9389   
2.1688     29.2078   
4.4175     1.0050    
7.5165     34.7967   
7.2131     36.9660   
6.0076     31.0791   

# Frame363

# x        y
18.9950    38.9389   
2.1688     29.2078   
4.4175     1.0050    
7.5166     34.7970   
7.2135     36.9663   
6.0072     31.0789   

# Frame364

# x        y
18.9950    38.9389   
2.1688     29.2078   
4.4175     1.0050    
7.5168     34.7972   
7.2139     36.9667   
6.0068     31.0787   

# Frame365

# x        y
18.9950    38.9389   
2.1688     29.2078   
4.4175     1.0050    
7.5169     34.7975   
7.2143     36.9670   
6.0064     31.0785   

# Frame366

# x        y
18.9950    38.9389   
2.1688     29.2078   
4.4175     1.0050    
7.5170     34.7977   
7.2147     36.9674   
6.0060     31.0784   

# Frame367

# x        y
18.9950    38.9389   
2.1688     29.2078   
4.4175     1.0050    
7.5171     34.7980   
7.2151     36.9677   
6.0057     31.0782   

# Frame368

# x        y
18.9950    38.9389   
2.1688     29.2078   
4.4175     1.0050    
7.5172     34.7982   
7.2154     36.9681   
6.0053     31.0780   

# Frame369

# x        y
18.9950    38.9389   
2.1688     29.2078   
4.4175     1.0050    
7.5173     34.7984   
7.2158     36.9684   
6.0049     31.0778   

# Frame370

# x        y
18.9950    38.9389   
2.1688     29.2078   
4.4175     1.0050    
7.5174     34.7986   
7.2162     36.9688   
6.0046     31.0777   

# Frame371

# x        y
18.9950    38.9389   
2.1688     29.2078   
4.4175     1.0050    
7.5175     34.7989   
7.2165     36.9691   
6.0042     31.0775   

# Frame372

# x        y
18.9950    38.9389   
2.1688     29.2078   
4.4175     1.0050    
7.5176     34.7991   
7.2169     36.9694   
6.0039     31.0774   

# Frame373

# x        y
18.9950    38.9389   
2.1688     29.2078   
4.4175     1.0050    
7.5177     34.7993   
7.2172     36.9697   
6.0035     31.0772   

# Frame374

# x        y
18.9950    38.9389   
2.1688     29.2078   
4.4175     1.0050    
7.5178     34.7995   
7.2175     36.9700   
6.0032     31.0770   

# Frame375

# x        y
18.9950    38.9389   
2.1688     29.2078   
4.4175     1.0050    
7.5179     34.7997   
7.2179     36.9703   
6.0029     31.0769   

# Frame376

# x        y
18.9950    38.9389   
2.1688     29.2078   
4.4175     1.0050    
7.5180     34.7999   
7.2182     36.9706   
6.0026     31.0767   

# Frame377

# x        y
18.9950    38.9389   
2.1688     29.2078   
4.4175     1.0050    
7.5181     34.8001   
7.2185     36.9709   
6.0022     31.0766   

# Frame378

# x        y
18.9950    38.9389   
2.1688     29.2078   
4.4175     1.0050    
7.5181     34.8003   
7.2188     36.9712   
6.0019     31.0765   

# Frame379

# x        y
18.9950    38.9389   
2.1688     29.2078   
4.4175     1.0050    
7.5182     34.8005   
7.2191     36.9715   
6.0016     31.0763   

# Frame380

# x        y
18.9950    38.9389   
2.1688     29.2078   
4.4175     1.0050    
7.5183     34.8007   
7.2194     36.9718   
6.0013     31.0762   

# Frame381

# x        y
18.9950    38.9389   
2.1688     29.2078   
4.4175     1.0050    
7.5184     34.8009   
7.2197     36.9720   
6.0010     31.0760   

# Frame382

# x        y
18.9950    38.9389   
2.1688     29.2078   
4.4175     1.0050    
7.5185     34.8011   
7.2200     36.9723   
6.0007     31.0759   

# Frame383

# x        y
18.9950    38.9389   
2.1688     29.2078   
4.4175     1.0050    
7.5186     34.8013   
7.2203     36.9726   
6.0005     31.0758   

# Frame384

# x        y
18.9950    38.9389   
2.1688     29.2078   
4.4175     1.0050    
7.5187     34.8014   
7.2206     36.9728   
6.0002     31.0756   

# Frame385

# x        y
18.9950    38.9389   
2.1688     29.2078   
4.4175     1.0050    
7.5187     34.8016   
7.2209     36.9731   
5.9999     31.0755   

# Frame386

# x        y
18.9950    38.9389   
2.1688     29.2078   
4.4175     1.0050    
7.5188     34.8018   
7.2212     36.9733   
5.9996     31.0754   

# Frame387

# x        y
18.9950    38.9389   
2.1688     29.2078   
4.4175     1.0050    
7.5189     34.8019   
7.2214     36.9736   
5.9994     31.0753   

# Frame388

# x        y
18.9950    38.9389   
2.1688     29.2078   
4.4175     1.0050    
7.5190     34.8021   
7.2217     36.9738   
5.9991     31.0751   

# Frame389

# x        y
18.9950    38.9389   
2.1688     29.2078   
4.4175     1.0050    
7.5190     34.8023   
7.2220     36.9741   
5.9988     31.0750   

# Frame390

# x        y
18.9950    38.9389   
2.1688     29.2078   
4.4175     1.0050    
7.5191     34.8024   
7.2222     36.9743   
5.9986     31.0749   

# Frame391

# x        y
18.9950    38.9389   
2.1688     29.2078   
4.4175     1.0050    
7.5192     34.8026   
7.2225     36.9745   
5.9983     31.0748   

# Frame392

# x        y
18.9950    38.9389   
2.1688     29.2078   
4.4175     1.0050    
7.5192     34.8027   
7.2227     36.9748   
5.9981     31.0747   

# Frame393

# x        y
18.9950    38.9389   
2.1688     29.2078   
4.4175     1.0050    
7.5193     34.8029   
7.2230     36.9750   
5.9979     31.0746   

# Frame394

# x        y
18.9950    38.9389   
2.1688     29.2078   
4.4175     1.0050    
7.5194     34.8031   
7.2232     36.9752   
5.9976     31.0745   

# Frame395

# x        y
18.9950    38.9389   
2.1688     29.2078   
4.4175     1.0050    
7.5195     34.8032   
7.2234     36.9754   
5.9974     31.0743   

# Frame396

# x        y
18.9950    38.9389   
2.1688     29.2078   
4.4175     1.0050    
7.5195     34.8033   
7.2237     36.9756   
5.9972     31.0742   

# Frame397

# x        y
18.9950    38.9389   
2.1688     29.2078   
4.4175     1.0050    
7.5196     34.8035   
7.2239     36.9758   
5.9969     31.0741   

# Frame398

# x        y
18.9950    38.9389   
2.1688     29.2078   
4.4175     1.0050    
7.5196     34.8036   
7.2241     36.9760   
5.9967     31.0740   

# Frame399

# x        y
18.9950    38.9389   
2.1688     29.2078   
4.4175     1.0050    
7.5197     34.8038   
7.2243     36.9762   
5.9965     31.0739   

# Frame400

# x        y
18.9950    38.9389   
2.1688     29.2078   
4.4175     1.0050    
7.5198     34.8039   
7.2246     36.9764   
5.9963     31.0738   

# Frame401

# x        y
18.9950    38.9389   
2.1688     29.2078   
4.4175     1.0050    
7.5198     34.8040   
7.2248     36.9766   
5.9961     31.0737   

# Frame402

# x        y
18.9950    38.9389   
2.1688     29.2078   
4.4175     1.0050    
7.5199     34.8042   
7.2250     36.9768   
5.9959     31.0736   

# Frame403

# x        y
18.9950    38.9389   
2.1688     29.2078   
4.4175     1.0050    
7.5199     34.8043   
7.2252     36.9770   
5.9956     31.0735   

# Frame404

# x        y
18.9950    38.9389   
2.1688     29.2078   
4.4175     1.0050    
7.5200     34.8044   
7.2254     36.9772   
5.9954     31.0735   

# Frame405

# x        y
18.9950    38.9389   
2.1688     29.2078   
4.4175     1.0050    
7.5201     34.8045   
7.2256     36.9774   
5.9953     31.0734   

# Frame406

# x        y
18.9950    38.9389   
2.1688     29.2078   
4.4175     1.0050    
7.5201     34.8047   
7.2258     36.9776   
5.9951     31.0733   

# Frame407

# x        y
18.9950    38.9389   
2.1688     29.2078   
4.4175     1.0050    
7.5202     34.8048   
7.2260     36.9777   
5.9949     31.0732   

# Frame408

# x        y
18.9950    38.9389   
2.1688     29.2078   
4.4175     1.0050    
7.5202     34.8049   
7.2262     36.9779   
5.9947     31.0731   

# Frame409

# x        y
18.9950    38.9389   
2.1688     29.2078   
4.4175     1.0050    
7.5203     34.8050   
7.2264     36.9781   
5.9945     31.0730   

# Frame410

# x        y
18.9950    38.9389   
2.1688     29.2078   
4.4175     1.0050    
7.5203     34.8051   
7.2265     36.9783   
5.9943     31.0729   

# Frame411

# x        y
18.9950    38.9389   
2.1688     29.2078   
4.4175     1.0050    
7.5204     34.8053   
7.2267     36.9784   
5.9941     31.0728   

# Frame412

# x        y
18.9950    38.9389   
2.1688     29.2078   
4.4175     1.0050    
7.5204     34.8054   
7.2269     36.9786   
5.9940     31.0728   

# Frame413

# x        y
18.9950    38.9389   
2.1688     29.2078   
4.4175     1.0050    
7.5205     34.8055   
7.2271     36.9787   
5.9938     31.0727   

# Frame414

# x        y
18.9950    38.9389   
2.1688     29.2078   
4.4175     1.0050    
7.5205     34.8056   
7.2272     36.9789   
5.9936     31.0726   

# Frame415

# x        y
18.9950    38.9389   
2.1688     29.2078   
4.4175     1.0050    
7.5206     34.8057   
7.2274     36.9791   
5.9934     31.0725   

# Frame416

# x        y
18.9950    38.9389   
2.1688     29.2078   
4.4175     1.0050    
7.5206     34.8058   
7.2276     36.9792   
5.9933     31.0725   

# Frame417

# x        y
18.9950    38.9389   
2.1688     29.2078   
4.4175     1.0050    
7.5207     34.8059   
7.2277     36.9794   
5.9931     31.0724   

# Frame418

# x        y
18.9950    38.9389   
2.1688     29.2078   
4.4175     1.0050    
7.5207     34.8060   
7.2279     36.9795   
5.9930     31.0723   

# Frame419

# x        y
18.9950    38.9389   
2.1688     29.2078   
4.4175     1.0050    
7.5208     34.8061   
7.2281     36.9796   
5.9928     31.0722   

# Frame420

# x        y
18.9950    38.9389   
2.1688     29.2078   
4.4175     1.0050    
7.5208     34.8062   
7.2282     36.9798   
5.9927     31.0722   

# Frame421

# x        y
18.9950    38.9389   
2.1688     29.2078   
4.4175     1.0050    
7.5208     34.8063   
7.2284     36.9799   
5.9925     31.0721   

# Frame422

# x        y
18.9950    38.9389   
2.1688     29.2078   
4.4175     1.0050    
7.5209     34.8064   
7.2285     36.9801   
5.9924     31.0720   

# Frame423

# x        y
18.9950    38.9389   
2.1688     29.2078   
4.4175     1.0050    
7.5209     34.8065   
7.2287     36.9802   
5.9922     31.0720   

# Frame424

# x        y
18.9950    38.9389   
2.1688     29.2078   
4.4175     1.0050    
7.5209     34.8065   
7.2288     36.9803   
5.9921     31.0719   

# Frame425

# x        y
18.9950    38.9389   
2.1688     29.2078   
4.4175     1.0050    
7.5209     34.8065   
7.2289     36.9805   
5.9919     31.0718   

# Frame426

# x        y
18.9950    38.9389   
2.1688     29.2078   
4.4175     1.0050    
7.5209     34.8065   
7.2291     36.9806   
5.9918     31.0718   

# Frame427

# x        y
18.9950    38.9389   
2.1688     29.2078   
4.4175     1.0050    
7.5209     34.8065   
7.2292     36.9807   
5.9917     31.0717   

# Frame428

# x        y
18.9950    38.9389   
2.1688     29.2078   
4.4175     1.0050    
7.5209     34.8065   
7.2294     36.9808   
5.9915     31.0716   

# Frame429

# x        y
18.9950    38.9389   
2.1688     29.2078   
4.4175     1.0050    
7.5209     34.8065   
7.2295     36.9810   
5.9914     31.0716   

# Frame430

# x        y
18.9950    38.9389   
2.1688     29.2078   
4.4175     1.0050    
7.5209     34.8065   
7.2296     36.9811   
5.9913     31.0715   

# Frame431

# x        y
18.9950    38.9389   
2.1688     29.2078   
4.4175     1.0050    
7.5209     34.8065   
7.2298     36.9812   
5.9911     31.0715   

# Frame432

# x        y
18.9950    38.9389   
2.1688     29.2078   
4.4175     1.0050    
7.5209     34.8065   
7.2299     36.9813   
5.9910     31.0714   

# Frame433

# x        y
18.9950    38.9389   
2.1688     29.2078   
4.4175     1.0050    
7.5209     34.8065   
7.2300     36.9814   
5.9909     31.0713   

# Frame434

# x        y
18.9950    38.9389   
2.1688     29.2078   
4.4175     1.0050    
7.5209     34.8065   
7.2301     36.9815   
5.9908     31.0713   

# Frame435

# x        y
18.9950    38.9389   
2.1688     29.2078   
4.4175     1.0050    
7.5209     34.8065   
7.2302     36.9817   
5.9906     31.0712   

# Frame436

# x        y
18.9950    38.9389   
2.1688     29.2078   
4.4175     1.0050    
7.5209     34.8065   
7.2304     36.9818   
5.9905     31.0712   

# Frame437

# x        y
18.9950    38.9389   
2.1688     29.2078   
4.4175     1.0050    
7.5209     34.8065   
7.2305     36.9819   
5.9904     31.0711   

# Frame438

# x        y
18.9950    38.9389   
2.1688     29.2078   
4.4175     1.0050    
7.5209     34.8065   
7.2306     36.9820   
5.9903     31.0711   

# Frame439

# x        y
18.9950    38.9389   
2.1688     29.2078   
4.4175     1.0050    
7.5209     34.8065   
7.2307     36.9821   
5.9902     31.0710   

# Frame440

# x        y
18.9950    38.9389   
2.1688     29.2078   
4.4175     1.0050    
7.5209     34.8065   
7.2308     36.9822   
5.9901     31.0710   

# Frame441

# x        y
18.9950    38.9389   
2.1688     29.2078   
4.4175     1.0050    
7.5209     34.8065   
7.2309     36.9823   
5.9900     31.0709   

# Frame442

# x        y
18.9950    38.9389   
2.1688     29.2078   
4.4175     1.0050    
7.5209     34.8065   
7.2310     36.9824   
5.9899     31.0709   

# Frame443

# x        y
18.9950    38.9389   
2.1688     29.2078   
4.4175     1.0050    
7.5209     34.8065   
7.2311     36.9825   
5.9898     31.0708   

# Frame444

# x        y
18.9950    38.9389   
2.1688     29.2078   
4.4175     1.0050    
7.5209     34.8065   
7.2312     36.9826   
5.9897     31.0708   

# Frame445

# x        y
18.9950    38.9389   
2.1688     29.2078   
4.4175     1.0050    
7.5209     34.8065   
7.2313     36.9827   
5.9896     31.0707   

# Frame446

# x        y
18.9950    38.9389   
2.1688     29.2078   
4.4175     1.0050    
7.5209     34.8065   
7.2314     36.9827   
5.9895     31.0707   

# Frame447

# x        y
18.9950    38.9389   
2.1688     29.2078   
4.4175     1.0050    
7.5209     34.8065   
7.2315     36.9828   
5.9894     31.0706   

# Frame448

# x        y
18.9950    38.9389   
2.1688     29.2078   
4.4175     1.0050    
7.5209     34.8065   
7.2316     36.9829   
5.9893     31.0706   

# Frame449

# x        y
18.9950    38.9389   
2.1688     29.2078   
4.4175     1.0050    
7.5209     34.8065   
7.2317     36.9830   
5.9892     31.0705   

# Frame450

# x        y
18.9950    38.9389   
2.1688     29.2078   
4.4175     1.0050    
7.5209     34.8065   
7.2318     36.9831   
5.9891     31.0705   

# Frame451

# x        y
18.9950    38.9389   
2.1688     29.2078   
4.4175     1.0050    
7.5209     34.8065   
7.2319     36.9832   
5.9891     31.0705   

# Frame452

# x        y
18.9950    38.9389   
2.1688     29.2078   
4.4175     1.0050    
7.5209     34.8065   
7.2320     36.9833   
5.9891     31.0705   

# Frame453

# x        y
18.9950    38.9389   
2.1688     29.2078   
4.4175     1.0050    
7.5209     34.8065   
7.2321     36.9833   
5.9891     31.0705   

# Frame454

# x        y
18.9950    38.9389   
2.1688     29.2078   
4.4175     1.0050    
7.5209     34.8065   
7.2322     36.9834   
5.9891     31.0705   

# Frame455

# x        y
18.9950    38.9389   
2.1688     29.2078   
4.4175     1.0050    
7.5209     34.8065   
7.2323     36.9835   
5.9891     31.0705   

# Frame456

# x        y
18.9950    38.9389   
2.1688     29.2078   
4.4175     1.0050    
7.5209     34.8065   
7.2324     36.9836   
5.9891     31.0705   

# Frame457

# x        y
18.9950    38.9389   
2.1688     29.2078   
4.4175     1.0050    
7.5209     34.8065   
7.2324     36.9837   
5.9891     31.0705   

# Frame458

# x        y
18.9950    38.9389   
2.1688     29.2078   
4.4175     1.0050    
7.5209     34.8065   
7.2325     36.9837   
5.9891     31.0705   

# Frame459

# x        y
18.9950    38.9389   
2.1688     29.2078   
4.4175     1.0050    
7.5209     34.8065   
7.2326     36.9838   
5.9891     31.0705   

# Frame460

# x        y
18.9950    38.9389   
2.1688     29.2078   
4.4175     1.0050    
7.5209     34.8065   
7.2327     36.9839   
5.9891     31.0705   

# Frame461

# x        y
18.9950    38.9389   
2.1688     29.2078   
4.4175     1.0050    
7.5209     34.8065   
7.2328     36.9840   
5.9891     31.0705   

# Frame462

# x        y
18.9950    38.9389   
2.1688     29.2078   
4.4175     1.0050    
7.5209     34.8065   
7.2328     36.9840   
5.9891     31.0705   

# Frame463

# x        y
18.9950    38.9389   
2.1688     29.2078   
4.4175     1.0050    
7.5209     34.8065   
7.2329     36.9841   
5.9891     31.0705   

# Frame464

