# x        y
11.0195    9.0755    
9.9089     11.9947   
17.5524    11.1767   
5.7738     28.3074   
16.6908    8.7817    
17.6138    1.0048    

# Frame1

# x        y
11.0195    9.0755    
9.9089     11.9947   
17.5524    11.1767   
7.7514     28.0090   
16.6908    8.7817    
17.6138    1.0048    

# Frame2

# x        y
11.0195    9.0755    
9.9089     11.9947   
17.5524    11.1767   
9.6961     27.7156   
16.6908    8.7817    
17.6138    1.0049    

# Frame3

# x        y
11.0195    9.0755    
9.9089     11.9947   
17.5524    11.1767   
11.6083    27.4270   
16.6908    8.7817    
17.6138    1.0049    

# Frame4

# x        y
11.0195    9.0755    
9.9089     11.9947   
17.5524    11.1767   
13.4887    27.1433   
16.6908    8.7817    
17.6138    1.0049    

# Frame5

# x        y
11.0195    9.0755    
9.9089     11.9947   
17.5524    11.1767   
15.3377    26.8643   
16.6908    8.7817    
17.6138    1.0049    

# Frame6

# x        y
11.0195    9.0755    
9.9089     11.9947   
17.5524    11.1767   
17.1559    26.5900   
16.6908    8.7817    
17.6138    1.0050    

# Frame7

# x        y
11.0195    9.0755    
9.9089     11.9947   
17.5524    11.1767   
18.9439    26.3202   
16.6908    8.7817    
17.6138    1.0050    

# Frame8

# x        y
11.0195    9.0755    
9.9089     11.9947   
17.5524    11.1767   
18.1471    25.7417   
16.6908    8.7817    
17.6138    1.0050    

# Frame9

# x        y
11.0195    9.0755    
9.9089     11.9947   
17.5524    11.1767   
17.2827    25.1616   
16.6908    8.7817    
17.6138    1.0050    

# Frame10

# x        y
11.0195    9.0755    
9.9089     11.9947   
17.5524    11.1767   
16.4327    24.5912   
16.6908    8.7817    
17.6138    1.0050    

# Frame11

# x        y
11.0195    9.0755    
9.9089     11.9947   
17.5524    11.1767   
15.5969    24.0303   
16.6908    8.7817    
17.6138    1.0050    

# Frame12

# x        y
11.0195    9.0755    
9.9089     11.9947   
17.5524    11.1767   
14.7750    23.4788   
16.6908    8.7817    
17.6138    1.0050    

# Frame13

# x        y
11.0195    9.0755    
9.9089     11.9947   
17.5524    11.1767   
13.9668    22.9365   
16.6908    8.7817    
17.6138    1.0050    

# Frame14

# x        y
11.0195    9.0755    
9.9089     11.9947   
17.5524    11.1767   
13.1721    22.4032   
16.6908    8.7817    
17.6138    1.0050    

# Frame15

# x        y
11.0195    9.0755    
9.9089     11.9947   
17.5524    11.1767   
12.3906    21.8788   
16.6908    8.7817    
17.6138    1.0050    

# Frame16

# x        y
11.0195    9.0755    
9.9089     11.9947   
17.5524    11.1767   
11.6221    21.3631   
16.6908    8.7817    
17.6138    1.0050    

# Frame17

# x        y
11.0195    9.0755    
9.9089     11.9947   
17.5524    11.1767   
10.8664    20.8560   
16.6908    8.7817    
17.6138    1.0050    

# Frame18

# x        y
11.0195    9.0755    
9.9089     11.9947   
17.5524    11.1767   
10.1234    20.3574   
16.6908    8.7817    
17.6138    1.0050    

# Frame19

# x        y
11.0195    9.0755    
9.9089     11.9947   
17.5524    11.1767   
9.3927     19.8671   
16.6908    8.7817    
17.6138    1.0050    

# Frame20

# x        y
11.0195    9.0755    
9.9089     11.9947   
17.5524    11.1767   
8.6742     19.3849   
16.6908    8.7817    
17.6138    1.0050    

# Frame21

# x        y
11.0195    9.0755    
9.9089     11.9947   
17.5524    11.1767   
7.9677     18.9108   
16.6908    8.7817    
17.6138    1.0050    

# Frame22

# x        y
11.0195    9.0755    
9.9089     11.9947   
17.5524    11.1767   
7.2729     18.4446   
16.6908    8.7817    
17.6138    1.0050    

# Frame23

# x        y
11.0195    9.0755    
9.9089     11.9947   
17.5524    11.1767   
6.5898     17.9862   
16.6908    8.7817    
17.6138    1.0050    

# Frame24

# x        y
11.0195    9.0755    
9.9089     11.9947   
17.5524    11.1767   
5.9180     17.5354   
16.6908    8.7817    
17.6138    1.0050    

# Frame25

# x        y
11.0195    9.0755    
9.9089     11.9947   
17.5524    11.1767   
5.2574     17.0921   
16.6908    8.7817    
17.6138    1.0050    

# Frame26

# x        y
11.0195    9.0755    
9.9089     11.9947   
17.5524    11.1767   
4.6078     16.6562   
16.6908    8.7817    
17.6138    1.0050    

# Frame27

# x        y
11.0195    9.0755    
9.9089     11.9947   
17.5524    11.1767   
3.9691     16.2276   
16.6908    8.7817    
17.6138    1.0050    

# Frame28

# x        y
11.0195    9.0755    
9.9089     11.9947   
17.5524    11.1767   
3.3410     15.8061   
16.6908    8.7817    
17.6138    1.0050    

# Frame29

# x        y
11.0195    9.0755    
9.9089     11.9947   
17.5524    11.1767   
2.7233     15.3916   
16.6908    8.7817    
17.6138    1.0050    

# Frame30

# x        y
11.0195    9.0755    
9.9089     11.9947   
17.5524    11.1767   
2.1160     14.9841   
16.6908    8.7817    
17.6138    1.0050    

# Frame31

# x        y
11.0195    9.0755    
9.9089     11.9947   
17.5524    11.1767   
1.5188     14.5833   
16.6908    8.7817    
17.6138    1.0050    

# Frame32

# x        y
11.0195    9.0755    
9.9089     11.9947   
17.5524    11.1767   
1.0366     14.2129   
16.6908    8.7817    
17.6138    1.0050    

# Frame33

# x        y
11.0195    9.0755    
9.9089     11.9947   
17.5524    11.1767   
1.3253     14.0411   
16.6908    8.7817    
17.6138    1.0050    

# Frame34

# x        y
11.0195    9.0755    
9.9089     11.9947   
17.5524    11.1767   
1.6093     13.8720   
16.6908    8.7817    
17.6138    1.0050    

# Frame35

# x        y
11.0195    9.0755    
9.9089     11.9947   
17.5524    11.1767   
1.8885     13.7058   
16.6908    8.7817    
17.6138    1.0050    

# Frame36

# x        y
11.0195    9.0755    
9.9089     11.9947   
17.5524    11.1767   
2.1630     13.5424   
16.6908    8.7817    
17.6138    1.0050    

# Frame37

# x        y
11.0195    9.0755    
9.9089     11.9947   
17.5524    11.1767   
2.4330     13.3817   
16.6908    8.7817    
17.6138    1.0050    

# Frame38

# x        y
11.0195    9.0755    
9.9089     11.9947   
17.5524    11.1767   
2.6984     13.2237   
16.6908    8.7817    
17.6138    1.0050    

# Frame39

# x        y
11.0195    9.0755    
9.9089     11.9947   
17.5524    11.1767   
2.9595     13.0683   
16.6908    8.7817    
17.6138    1.0050    

# Frame40

# x        y
11.0195    9.0755    
9.9089     11.9947   
17.5524    11.1767   
3.2162     12.9155   
16.6908    8.7817    
17.6138    1.0050    

# Frame41

# x        y
11.0195    9.0755    
9.9089     11.9947   
17.5524    11.1767   
3.4686     12.7652   
16.6908    8.7817    
17.6138    1.0050    

# Frame42

# x        y
11.0195    9.0755    
9.9089     11.9947   
17.5524    11.1767   
3.7168     12.6175   
16.6908    8.7817    
17.6138    1.0050    

# Frame43

# x        y
11.0195    9.0755    
9.9089     11.9947   
17.5524    11.1767   
3.9609     12.4722   
16.6908    8.7817    
17.6138    1.0050    

# Frame44

# x        y
11.0195    9.0755    
9.9089     11.9947   
17.5524    11.1767   
4.2009     12.3293   
16.6908    8.7817    
17.6138    1.0050    

# Frame45

# x        y
11.0195    9.0755    
9.9089     11.9947   
17.5524    11.1767   
4.4369     12.1888   
16.6908    8.7817    
17.6138    1.0050    

# Frame46

# x        y
11.0195    9.0755    
9.9089     11.9947   
17.5524    11.1767   
4.6689     12.0507   
16.6908    8.7817    
17.6138    1.0050    

# Frame47

# x        y
11.0195    9.0755    
9.9089     11.9947   
17.5524    11.1767   
4.8971     11.9149   
16.6908    8.7817    
17.6138    1.0050    

# Frame48

# x        y
11.0195    9.0755    
9.9089     11.9947   
17.5524    11.1767   
5.1215     11.7813   
16.6908    8.7817    
17.6138    1.0050    

# Frame49

# x        y
11.0195    9.0755    
9.9089     11.9947   
17.5524    11.1767   
5.3422     11.6499   
16.6908    8.7817    
17.6138    1.0050    

# Frame50

# x        y
11.0195    9.0755    
9.9089     11.9947   
17.5524    11.1767   
5.5592     11.5208   
16.6908    8.7817    
17.6138    1.0050    

# Frame51

# x        y
11.0195    9.0755    
9.9089     11.9947   
17.5524    11.1767   
5.7725     11.3937   
16.6908    8.7817    
17.6138    1.0050    

# Frame52

# x        y
11.0195    9.0755    
9.9089     11.9947   
17.5524    11.1767   
5.9823     11.2689   
16.6908    8.7817    
17.6138    1.0050    

# Frame53

# x        y
11.0195    9.0755    
9.9089     11.9947   
17.5524    11.1767   
6.1887     11.1460   
16.6908    8.7817    
17.6138    1.0050    

# Frame54

# x        y
11.0195    9.0755    
9.9089     11.9947   
17.5524    11.1767   
6.3915     11.0253   
16.6908    8.7817    
17.6138    1.0050    

# Frame55

# x        y
11.0195    9.0755    
9.9089     11.9947   
17.5524    11.1767   
6.5910     10.9065   
16.6908    8.7817    
17.6138    1.0050    

# Frame56

# x        y
11.0195    9.0755    
9.9089     11.9947   
17.5524    11.1767   
6.7872     10.7897   
16.6908    8.7817    
17.6138    1.0050    

# Frame57

# x        y
11.0195    9.0755    
9.9089     11.9947   
17.5524    11.1767   
6.9801     10.6749   
16.6908    8.7817    
17.6138    1.0050    

# Frame58

# x        y
11.0195    9.0755    
9.9089     11.9947   
17.5524    11.1767   
7.1698     10.5620   
16.6908    8.7817    
17.6138    1.0050    

# Frame59

# x        y
11.0195    9.0755    
9.9089     11.9947   
17.5524    11.1767   
7.3563     10.4510   
16.6908    8.7817    
17.6138    1.0050    

# Frame60

# x        y
11.0195    9.0755    
9.9089     11.9947   
17.5524    11.1767   
7.5397     10.3418   
16.6908    8.7817    
17.6138    1.0050    

# Frame61

# x        y
11.0195    9.0755    
9.9089     11.9947   
17.5524    11.1767   
7.7200     10.2344   
16.6908    8.7817    
17.6138    1.0050    

# Frame62

# x        y
11.0195    9.0755    
9.9089     11.9947   
17.5524    11.1767   
7.8974     10.1289   
16.6908    8.7817    
17.6138    1.0050    

# Frame63

# x        y
11.0195    9.0755    
9.9089     11.9947   
17.5524    11.1767   
8.0718     10.0251   
16.6908    8.7817    
17.6138    1.0050    

# Frame64

# x        y
11.0195    9.0755    
9.9089     11.9947   
17.5524    11.1767   
8.2433     9.9230    
16.6908    8.7817    
17.6138    1.0050    

# Frame65

# x        y
11.0195    9.0755    
9.9089     11.9947   
17.5524    11.1767   
8.4119     9.8226    
16.6908    8.7817    
17.6138    1.0050    

# Frame66

# x        y
11.0195    9.0755    
9.9089     11.9947   
17.5524    11.1767   
8.5777     9.7239    
16.6908    8.7817    
17.6138    1.0050    

# Frame67

# x        y
11.0195    9.0755    
9.9089     11.9947   
17.5524    11.1767   
8.7408     9.6268    
16.6908    8.7817    
17.6138    1.0050    

# Frame68

# x        y
11.0195    9.0755    
9.9089     11.9947   
17.5524    11.1767   
8.9011     9.5314    
16.6908    8.7817    
17.6138    1.0050    

# Frame69

# x        y
11.0195    9.0755    
9.9089     11.9947   
17.5524    11.1767   
9.0588     9.4375    
16.6908    8.7817    
17.6138    1.0050    

# Frame70

# x        y
11.1410    9.0343    
9.9089     11.9947   
17.5524    11.1767   
9.0924     9.3865    
16.6908    8.7817    
17.6138    1.0050    

# Frame71

# x        y
11.2604    8.9937    
9.9089     11.9947   
17.5524    11.1767   
9.1254     9.3363    
16.6908    8.7817    
17.6138    1.0050    

# Frame72

# x        y
11.3778    8.9538    
9.9089     11.9947   
17.5524    11.1767   
9.1579     9.2870    
16.6908    8.7817    
17.6138    1.0050    

# Frame73

# x        y
11.4933    8.9145    
9.9089     11.9947   
17.5524    11.1767   
9.1899     9.2385    
16.6908    8.7817    
17.6138    1.0050    

# Frame74

# x        y
11.6068    8.8760    
9.9089     11.9947   
17.5524    11.1767   
9.2213     9.1908    
16.6908    8.7817    
17.6138    1.0050    

# Frame75

# x        y
11.7184    8.8380    
9.9089     11.9947   
17.5524    11.1767   
9.2522     9.1439    
16.6908    8.7817    
17.6138    1.0050    

# Frame76

# x        y
11.8282    8.8007    
9.9089     11.9947   
17.5524    11.1767   
9.2825     9.0978    
16.6908    8.7817    
17.6138    1.0050    

# Frame77

# x        y
11.9362    8.7640    
9.9089     11.9947   
17.5524    11.1767   
9.3124     9.0524    
16.6908    8.7817    
17.6138    1.0050    

# Frame78

# x        y
12.0423    8.7279    
9.9089     11.9947   
17.5524    11.1767   
9.3418     9.0078    
16.6908    8.7817    
17.6138    1.0050    

# Frame79

# x        y
12.1467    8.6924    
9.9089     11.9947   
17.5524    11.1767   
9.3707     8.9639    
16.6908    8.7817    
17.6138    1.0050    

# Frame80

# x        y
12.2494    8.6576    
9.9089     11.9947   
17.5524    11.1767   
9.3991     8.9208    
16.6908    8.7817    
17.6138    1.0050    

# Frame81

# x        y
12.3503    8.6233    
9.9089     11.9947   
17.5524    11.1767   
9.4270     8.8784    
16.6908    8.7817    
17.6138    1.0050    

# Frame82

# x        y
12.4496    8.5895    
9.9089     11.9947   
17.5524    11.1767   
9.4545     8.8367    
16.6908    8.7817    
17.6138    1.0050    

# Frame83

# x        y
12.5472    8.5563    
9.9089     11.9947   
17.5524    11.1767   
9.4815     8.7957    
16.6908    8.7817    
17.6138    1.0050    

# Frame84

# x        y
12.6432    8.5237    
9.9089     11.9947   
17.5524    11.1767   
9.5080     8.7554    
16.6908    8.7817    
17.6138    1.0050    

# Frame85

# x        y
12.7375    8.4917    
9.9089     11.9947   
17.5524    11.1767   
9.5341     8.7157    
16.6908    8.7817    
17.6138    1.0050    

# Frame86

# x        y
12.8303    8.4601    
9.9089     11.9947   
17.5524    11.1767   
9.5598     8.6768    
16.6908    8.7817    
17.6138    1.0050    

# Frame87

# x        y
12.9216    8.4291    
9.9089     11.9947   
17.5524    11.1767   
9.5851     8.6384    
16.6908    8.7817    
17.6138    1.0050    

# Frame88

# x        y
13.0113    8.3986    
9.9089     11.9947   
17.5524    11.1767   
9.6099     8.6007    
16.6908    8.7817    
17.6138    1.0050    

# Frame89

# x        y
13.0996    8.3686    
9.9089     11.9947   
17.5524    11.1767   
9.6343     8.5636    
16.6908    8.7817    
17.6138    1.0050    

# Frame90

# x        y
13.1863    8.3391    
9.9089     11.9947   
17.5524    11.1767   
9.6583     8.5272    
16.6908    8.7817    
17.6138    1.0050    

# Frame91

# x        y
13.2717    8.3101    
9.9089     11.9947   
17.5524    11.1767   
9.6819     8.4913    
16.6908    8.7817    
17.6138    1.0050    

# Frame92

# x        y
13.3556    8.2816    
9.9089     11.9947   
17.5524    11.1767   
9.7051     8.4561    
16.6908    8.7817    
17.6138    1.0050    

# Frame93

# x        y
13.4381    8.2536    
9.9089     11.9947   
17.5524    11.1767   
9.7280     8.4214    
16.6908    8.7817    
17.6138    1.0050    

# Frame94

# x        y
13.5192    8.2260    
9.9089     11.9947   
17.5524    11.1767   
9.7504     8.3874    
16.6908    8.7817    
17.6138    1.0050    

# Frame95

# x        y
13.5990    8.1989    
9.9089     11.9947   
17.5524    11.1767   
9.7725     8.3538    
16.6908    8.7817    
17.6138    1.0050    

# Frame96

# x        y
13.6774    8.1722    
9.9089     11.9947   
17.5524    11.1767   
9.7942     8.3209    
16.6908    8.7817    
17.6138    1.0050    

# Frame97

# x        y
13.7546    8.1460    
9.9089     11.9947   
17.5524    11.1767   
9.8155     8.2885    
16.6908    8.7817    
17.6138    1.0050    

# Frame98

# x        y
13.8304    8.1202    
9.9089     11.9947   
17.5524    11.1767   
9.8365     8.2566    
16.6908    8.7817    
17.6138    1.0050    

# Frame99

# x        y
13.9050    8.0949    
9.9089     11.9947   
17.5524    11.1767   
9.8572     8.2253    
16.6908    8.7817    
17.6138    1.0050    

# Frame100

# x        y
13.9783    8.0700    
9.9089     11.9947   
17.5524    11.1767   
9.8775     8.1945    
16.6908    8.7817    
17.6138    1.0050    

# Frame101

# x        y
14.0505    8.0454    
9.9089     11.9947   
17.5524    11.1767   
9.8974     8.1642    
16.6908    8.7817    
17.6138    1.0050    

# Frame102

# x        y
14.1214    8.0213    
9.9089     11.9947   
17.5524    11.1767   
9.9170     8.1344    
16.6908    8.7817    
17.6138    1.0050    

# Frame103

# x        y
14.1911    7.9976    
9.9089     11.9947   
17.5524    11.1767   
9.9363     8.1051    
16.6908    8.7817    
17.6138    1.0050    

# Frame104

# x        y
14.2597    7.9743    
9.9089     11.9947   
17.5524    11.1767   
9.9553     8.0762    
16.6908    8.7817    
17.6138    1.0050    

# Frame105

# x        y
14.3271    7.9514    
9.9089     11.9947   
17.5524    11.1767   
9.9740     8.0479    
16.6908    8.7817    
17.6138    1.0050    

# Frame106

# x        y
14.3934    7.9289    
9.9089     11.9947   
17.5524    11.1767   
9.9923     8.0201    
16.6908    8.7817    
17.6138    1.0050    

# Frame107

# x        y
14.4586    7.9067    
9.9089     11.9947   
17.5524    11.1767   
10.0103    7.9927    
16.6908    8.7817    
17.6138    1.0050    

# Frame108

# x        y
14.5228    7.8849    
9.9089     11.9947   
17.5524    11.1767   
10.0281    7.9657    
16.6908    8.7817    
17.6138    1.0050    

# Frame109

# x        y
14.5858    7.8635    
9.9089     11.9947   
17.5524    11.1767   
10.0455    7.9392    
16.6908    8.7817    
17.6138    1.0050    

# Frame110

# x        y
14.6478    7.8424    
9.9089     11.9947   
17.5524    11.1767   
10.0627    7.9132    
16.6908    8.7817    
17.6138    1.0050    

# Frame111

# x        y
14.7088    7.8217    
9.9089     11.9947   
17.5524    11.1767   
10.0796    7.8876    
16.6908    8.7817    
17.6138    1.0050    

# Frame112

# x        y
14.7687    7.8013    
9.9089     11.9947   
17.5524    11.1767   
10.0961    7.8624    
16.6908    8.7817    
17.6138    1.0050    

# Frame113

# x        y
14.8277    7.7813    
9.9089     11.9947   
17.5524    11.1767   
10.1125    7.8376    
16.6908    8.7817    
17.6138    1.0050    

# Frame114

# x        y
14.8856    7.7616    
9.9089     11.9947   
17.5524    11.1767   
10.1285    7.8133    
16.6908    8.7817    
17.6138    1.0050    

# Frame115

# x        y
14.9426    7.7422    
9.9089     11.9947   
17.5524    11.1767   
10.1443    7.7893    
16.6908    8.7817    
17.6138    1.0050    

# Frame116

# x        y
14.9987    7.7232    
9.9089     11.9947   
17.5524    11.1767   
10.1598    7.7658    
16.6908    8.7817    
17.6138    1.0050    

# Frame117

# x        y
15.0271    7.6951    
9.9089     11.9947   
17.5524    11.1767   
10.1750    7.7426    
16.7176    8.7911    
17.6138    1.0050    

# Frame118

# x        y
15.0550    7.6676    
9.9089     11.9947   
17.5524    11.1767   
10.1900    7.7199    
16.7438    8.8002    
17.6138    1.0050    

# Frame119

# x        y
15.0825    7.6405    
9.9089     11.9947   
17.5524    11.1767   
10.2048    7.6975    
16.7697    8.8092    
17.6138    1.0050    

# Frame120

# x        y
15.1094    7.6138    
9.9089     11.9947   
17.5524    11.1767   
10.2193    7.6754    
16.7951    8.8180    
17.6138    1.0050    

# Frame121

# x        y
15.1360    7.5876    
9.9089     11.9947   
17.5524    11.1767   
10.2335    7.6538    
16.8201    8.8267    
17.6138    1.0050    

# Frame122

# x        y
15.1621    7.5618    
9.9089     11.9947   
17.5524    11.1767   
10.2475    7.6325    
16.8447    8.8353    
17.6138    1.0050    

# Frame123

# x        y
15.1878    7.5365    
9.9089     11.9947   
17.5524    11.1767   
10.2613    7.6116    
16.8688    8.8437    
17.6138    1.0050    

# Frame124

# x        y
15.2130    7.5115    
9.9089     11.9947   
17.5524    11.1767   
10.2749    7.5910    
16.8926    8.8520    
17.6138    1.0050    

# Frame125

# x        y
15.2378    7.4870    
9.9089     11.9947   
17.5524    11.1767   
10.2882    7.5707    
16.9160    8.8601    
17.6138    1.0050    

# Frame126

# x        y
15.2622    7.4629    
9.9089     11.9947   
17.5524    11.1767   
10.3013    7.5508    
16.9389    8.8681    
17.6138    1.0050    

# Frame127

# x        y
15.2862    7.4392    
9.9089     11.9947   
17.5524    11.1767   
10.3142    7.5313    
16.9615    8.8760    
17.6138    1.0050    

# Frame128

# x        y
15.3098    7.4159    
9.9089     11.9947   
17.5524    11.1767   
10.3269    7.5120    
16.9837    8.8837    
17.6138    1.0050    

# Frame129

# x        y
15.3330    7.3930    
9.9089     11.9947   
17.5524    11.1767   
10.3394    7.4931    
17.0056    8.8913    
17.6138    1.0050    

# Frame130

# x        y
15.3558    7.3705    
9.9089     11.9947   
17.5524    11.1767   
10.3516    7.4745    
17.0271    8.8988    
17.6138    1.0050    

# Frame131

# x        y
15.3783    7.3483    
9.9089     11.9947   
17.5524    11.1767   
10.3637    7.4562    
17.0482    8.9062    
17.6138    1.0050    

# Frame132

# x        y
15.4003    7.3265    
9.9089     11.9947   
17.5524    11.1767   
10.3755    7.4382    
17.0690    8.9134    
17.6138    1.0050    

# Frame133

# x        y
15.4220    7.3051    
9.9089     11.9947   
17.5524    11.1767   
10.3872    7.4205    
17.0894    8.9205    
17.6138    1.0050    

# Frame134

# x        y
15.4434    7.2840    
9.9089     11.9947   
17.5524    11.1767   
10.3986    7.4031    
17.1095    8.9275    
17.6138    1.0050    

# Frame135

# x        y
15.4643    7.2633    
9.9089     11.9947   
17.5524    11.1767   
10.4099    7.3860    
17.1292    8.9344    
17.6138    1.0050    

# Frame136

# x        y
15.4850    7.2429    
9.9089     11.9947   
17.5524    11.1767   
10.4210    7.3691    
17.1486    8.9411    
17.6138    1.0050    

# Frame137

# x        y
15.5053    7.2229    
9.9089     11.9947   
17.5524    11.1767   
10.4319    7.3526    
17.1677    8.9478    
17.6138    1.0050    

# Frame138

# x        y
15.5252    7.2032    
9.9089     11.9947   
17.5524    11.1767   
10.4426    7.3363    
17.1865    8.9543    
17.6138    1.0050    

# Frame139

# x        y
15.5448    7.1838    
9.9089     11.9947   
17.5524    11.1767   
10.4531    7.3203    
17.2050    8.9608    
17.6138    1.0050    

# Frame140

# x        y
15.5641    7.1648    
9.9089     11.9947   
17.5524    11.1767   
10.4635    7.3046    
17.2231    8.9671    
17.6138    1.0050    

# Frame141

# x        y
15.5831    7.1460    
9.9089     11.9947   
17.5524    11.1767   
10.4737    7.2891    
17.2410    8.9733    
17.6138    1.0050    

# Frame142

# x        y
15.6017    7.1276    
9.9089     11.9947   
17.5524    11.1767   
10.4837    7.2739    
17.2586    8.9794    
17.6138    1.0050    

# Frame143

# x        y
15.6201    7.1095    
9.9089     11.9947   
17.5524    11.1767   
10.4936    7.2590    
17.2758    8.9854    
17.6138    1.0050    

# Frame144

# x        y
15.6381    7.0917    
9.9089     11.9947   
17.5524    11.1767   
10.5032    7.2443    
17.2928    8.9913    
17.6138    1.0050    

# Frame145

# x        y
15.6558    7.0742    
9.9089     11.9947   
17.5524    11.1767   
10.5128    7.2298    
17.3095    8.9971    
17.6138    1.0050    

# Frame146

# x        y
15.6733    7.0570    
9.9089     11.9947   
17.5524    11.1767   
10.5221    7.2156    
17.3259    9.0029    
17.6138    1.0050    

# Frame147

# x        y
15.6904    7.0400    
9.9089     11.9947   
17.5524    11.1767   
10.5313    7.2016    
17.3421    9.0085    
17.6138    1.0050    

# Frame148

# x        y
15.7073    7.0234    
9.9089     11.9947   
17.5524    11.1767   
10.5404    7.1878    
17.3579    9.0140    
17.6138    1.0050    

# Frame149

# x        y
15.7239    7.0070    
9.9089     11.9947   
17.5524    11.1767   
10.5493    7.1743    
17.3735    9.0194    
17.6138    1.0050    

# Frame150

# x        y
15.7402    6.9909    
9.9089     11.9947   
17.5524    11.1767   
10.5581    7.1610    
17.3889    9.0248    
17.6138    1.0050    

# Frame151

# x        y
15.7562    6.9751    
9.9089     11.9947   
17.5524    11.1767   
10.5667    7.1479    
17.4040    9.0300    
17.6138    1.0050    

# Frame152

# x        y
15.7720    6.9595    
9.9089     11.9947   
17.5524    11.1767   
10.5751    7.1351    
17.4188    9.0352    
17.6138    1.0050    

# Frame153

# x        y
15.7875    6.9442    
9.9089     11.9947   
17.5524    11.1767   
10.5835    7.1224    
17.4334    9.0403    
17.6138    1.0050    

# Frame154

# x        y
15.8027    6.9291    
9.9089     11.9947   
17.5524    11.1767   
10.5917    7.1100    
17.4478    9.0453    
17.6138    1.0050    

# Frame155

# x        y
15.8177    6.9143    
9.9089     11.9947   
17.5524    11.1767   
10.5997    7.0978    
17.4619    9.0502    
17.6138    1.0050    

# Frame156

# x        y
15.8324    6.8998    
9.9089     11.9947   
17.5524    11.1767   
10.6076    7.0857    
17.4758    9.0550    
17.6138    1.0050    

# Frame157

# x        y
15.8469    6.8855    
9.9089     11.9947   
17.5524    11.1767   
10.6154    7.0739    
17.4894    9.0598    
17.6138    1.0050    

# Frame158

# x        y
15.8612    6.8714    
9.9089     11.9947   
17.5524    11.1767   
10.6231    7.0623    
17.5028    9.0645    
17.6138    1.0050    

# Frame159

# x        y
15.8752    6.8575    
9.9089     11.9947   
17.5524    11.1767   
10.6306    7.0509    
17.5160    9.0690    
17.6138    1.0050    

# Frame160

# x        y
15.8890    6.8439    
9.9089     11.9947   
17.5524    11.1767   
10.6380    7.0396    
17.5290    9.0736    
17.6138    1.0050    

# Frame161

# x        y
15.9025    6.8305    
9.9089     11.9947   
17.5524    11.1767   
10.6453    7.0286    
17.5417    9.0780    
17.6138    1.0050    

# Frame162

# x        y
15.9159    6.8174    
9.9089     11.9947   
17.5524    11.1767   
10.6524    7.0177    
17.5543    9.0824    
17.6138    1.0050    

# Frame163

# x        y
15.9290    6.8044    
9.9089     11.9947   
17.5524    11.1767   
10.6595    7.0070    
17.5666    9.0867    
17.6138    1.0050    

# Frame164

# x        y
15.9418    6.7917    
9.9089     11.9947   
17.5524    11.1767   
10.6664    6.9965    
17.5788    9.0909    
17.6138    1.0050    

# Frame165

# x        y
15.9545    6.7792    
9.9089     11.9947   
17.5524    11.1767   
10.6732    6.9862    
17.5907    9.0950    
17.6138    1.0050    

# Frame166

# x        y
15.9670    6.7669    
9.9089     11.9947   
17.5524    11.1767   
10.6799    6.9760    
17.6024    9.0991    
17.6138    1.0050    

# Frame167

# x        y
15.9792    6.7548    
9.9089     11.9947   
17.5524    11.1767   
10.6865    6.9660    
17.6139    9.1031    
17.6138    1.0050    

# Frame168

# x        y
15.9913    6.7429    
9.9089     11.9947   
17.5524    11.1767   
10.6930    6.9562    
17.6253    9.1071    
17.6138    1.0050    

# Frame169

# x        y
16.0031    6.7312    
9.9089     11.9947   
17.5524    11.1767   
10.6993    6.9465    
17.6364    9.1110    
17.6138    1.0050    

# Frame170

# x        y
16.0148    6.7197    
9.9089     11.9947   
17.5524    11.1767   
10.7056    6.9370    
17.6474    9.1148    
17.6138    1.0050    

# Frame171

# x        y
16.0262    6.7084    
9.9089     11.9947   
17.5524    11.1767   
10.7117    6.9277    
17.6582    9.1186    
17.6138    1.0050    

# Frame172

# x        y
16.0375    6.6973    
9.9089     11.9947   
17.5524    11.1767   
10.7178    6.9185    
17.6688    9.1222    
17.6138    1.0050    

# Frame173

# x        y
16.0486    6.6863    
9.9089     11.9947   
17.5524    11.1767   
10.7237    6.9095    
17.6792    9.1259    
17.6138    1.0050    

# Frame174

# x        y
16.0595    6.6756    
9.9089     11.9947   
17.5524    11.1767   
10.7296    6.9006    
17.6895    9.1294    
17.6138    1.0050    

# Frame175

# x        y
16.0702    6.6650    
9.9089     11.9947   
17.5524    11.1767   
10.7353    6.8918    
17.6996    9.1330    
17.6138    1.0050    

# Frame176

# x        y
16.0807    6.6546    
9.9089     11.9947   
17.5524    11.1767   
10.7410    6.8833    
17.7095    9.1364    
17.6138    1.0050    

# Frame177

# x        y
16.0911    6.6444    
9.9089     11.9947   
17.5524    11.1767   
10.7466    6.8748    
17.7192    9.1398    
17.6138    1.0050    

# Frame178

# x        y
16.1012    6.6343    
9.9089     11.9947   
17.5524    11.1767   
10.7520    6.8665    
17.7288    9.1431    
17.6138    1.0050    

# Frame179

# x        y
16.1112    6.6244    
9.9089     11.9947   
17.5524    11.1767   
10.7574    6.8583    
17.7382    9.1464    
17.6138    1.0050    

# Frame180

# x        y
16.1211    6.6147    
9.9089     11.9947   
17.5524    11.1767   
10.7627    6.8503    
17.7475    9.1497    
17.6138    1.0050    

# Frame181

# x        y
16.1308    6.6051    
9.9089     11.9947   
17.5524    11.1767   
10.7679    6.8424    
17.7566    9.1528    
17.6138    1.0050    

# Frame182

# x        y
16.1403    6.5957    
9.9089     11.9947   
17.5524    11.1767   
10.7730    6.8346    
17.7656    9.1559    
17.6138    1.0050    

# Frame183

# x        y
16.1497    6.5865    
9.9089     11.9947   
17.5524    11.1767   
10.7780    6.8270    
17.7744    9.1590    
17.6138    1.0050    

# Frame184

# x        y
16.1589    6.5774    
9.9089     11.9947   
17.5524    11.1767   
10.7830    6.8195    
17.7831    9.1620    
17.6138    1.0050    

# Frame185

# x        y
16.1679    6.5684    
9.9089     11.9947   
17.5524    11.1767   
10.7879    6.8121    
17.7916    9.1650    
17.6138    1.0050    

# Frame186

# x        y
16.1768    6.5596    
9.9089     11.9947   
17.5524    11.1767   
10.7926    6.8048    
17.8000    9.1679    
17.6138    1.0050    

# Frame187

# x        y
16.1856    6.5510    
9.9089     11.9947   
17.5524    11.1767   
10.7973    6.7977    
17.8082    9.1708    
17.6138    1.0050    

# Frame188

# x        y
16.1942    6.5425    
9.9089     11.9947   
17.5524    11.1767   
10.8020    6.7907    
17.8163    9.1736    
17.6138    1.0050    

# Frame189

# x        y
16.2027    6.5341    
9.9089     11.9947   
17.5524    11.1767   
10.8065    6.7838    
17.8243    9.1764    
17.6138    1.0050    

# Frame190

# x        y
16.2110    6.5259    
9.9089     11.9947   
17.5524    11.1767   
10.8110    6.7770    
17.8321    9.1791    
17.6138    1.0050    

# Frame191

# x        y
16.2192    6.5178    
9.9089     11.9947   
17.5524    11.1767   
10.8154    6.7703    
17.8398    9.1818    
17.6138    1.0050    

# Frame192

# x        y
16.2272    6.5099    
9.9089     11.9947   
17.5524    11.1767   
10.8197    6.7637    
17.8474    9.1844    
17.6138    1.0050    

# Frame193

# x        y
16.2351    6.5021    
9.9089     11.9947   
17.5524    11.1767   
10.8240    6.7573    
17.8549    9.1870    
17.6138    1.0050    

# Frame194

# x        y
16.2429    6.4944    
9.9089     11.9947   
17.5524    11.1767   
10.8281    6.7509    
17.8622    9.1896    
17.6138    1.0050    

# Frame195

# x        y
16.2506    6.4868    
9.9089     11.9947   
17.5524    11.1767   
10.8322    6.7447    
17.8694    9.1921    
17.6138    1.0050    

# Frame196

# x        y
16.2581    6.4794    
9.9089     11.9947   
17.5524    11.1767   
10.8363    6.7386    
17.8765    9.1946    
17.6138    1.0050    

# Frame197

# x        y
16.2655    6.4721    
9.9089     11.9947   
17.5524    11.1767   
10.8403    6.7325    
17.8834    9.1970    
17.6138    1.0050    

# Frame198

# x        y
16.2728    6.4649    
9.9089     11.9947   
17.5524    11.1767   
10.8442    6.7266    
17.8903    9.1994    
17.6138    1.0050    

# Frame199

# x        y
16.2799    6.4578    
9.9089     11.9947   
17.5524    11.1767   
10.8480    6.7208    
17.8970    9.2017    
17.6138    1.0050    

# Frame200

# x        y
16.2870    6.4509    
9.9089     11.9947   
17.5524    11.1767   
10.8518    6.7150    
17.9037    9.2040    
17.6138    1.0050    

# Frame201

# x        y
16.2939    6.4440    
9.9089     11.9947   
17.5524    11.1767   
10.8555    6.7094    
17.9102    9.2063    
17.6138    1.0050    

# Frame202

# x        y
16.3007    6.4373    
9.9089     11.9947   
17.5524    11.1767   
10.8592    6.7038    
17.9166    9.2085    
17.6138    1.0050    

# Frame203

# x        y
16.3074    6.4307    
9.9089     11.9947   
17.5524    11.1767   
10.8628    6.6984    
17.9229    9.2107    
17.6138    1.0050    

# Frame204

# x        y
16.3139    6.4242    
9.9089     11.9947   
17.5524    11.1767   
10.8663    6.6930    
17.9291    9.2129    
17.6138    1.0050    

# Frame205

# x        y
16.3204    6.4178    
9.9089     11.9947   
17.5532    11.1773   
10.8698    6.6877    
17.9343    9.2143    
17.6138    1.0050    

# Frame206

# x        y
16.3268    6.4115    
9.9089     11.9947   
17.5541    11.1780   
10.8732    6.6825    
17.9395    9.2158    
17.6138    1.0050    

# Frame207

# x        y
16.3330    6.4054    
9.9089     11.9947   
17.5549    11.1786   
10.8765    6.6774    
17.9445    9.2172    
17.6138    1.0050    

# Frame208

# x        y
16.3392    6.3993    
9.9089     11.9947   
17.5557    11.1792   
10.8798    6.6724    
17.9495    9.2186    
17.6138    1.0050    

# Frame209

# x        y
16.3452    6.3933    
9.9089     11.9947   
17.5565    11.1798   
10.8831    6.6675    
17.9544    9.2200    
17.6138    1.0050    

# Frame210

# x        y
16.3512    6.3874    
9.9089     11.9947   
17.5573    11.1804   
10.8863    6.6626    
17.9592    9.2214    
17.6138    1.0050    

# Frame211

# x        y
16.3570    6.3817    
9.9089     11.9947   
17.5581    11.1810   
10.8894    6.6579    
17.9639    9.2227    
17.6138    1.0050    

# Frame212

# x        y
16.3628    6.3760    
9.9089     11.9947   
17.5588    11.1815   
10.8925    6.6532    
17.9686    9.2240    
17.6138    1.0050    

# Frame213

# x        y
16.3684    6.3704    
9.9089     11.9947   
17.5596    11.1821   
10.8956    6.6486    
17.9732    9.2253    
17.6138    1.0050    

# Frame214

# x        y
16.3740    6.3649    
9.9089     11.9947   
17.5603    11.1826   
10.8985    6.6440    
17.9777    9.2266    
17.6138    1.0050    

# Frame215

# x        y
16.3795    6.3595    
9.9089     11.9947   
17.5610    11.1832   
10.9015    6.6396    
17.9821    9.2279    
17.6138    1.0050    

# Frame216

# x        y
16.3848    6.3542    
9.9089     11.9947   
17.5617    11.1837   
10.9044    6.6352    
17.9865    9.2291    
17.6138    1.0050    

# Frame217

# x        y
16.3901    6.3490    
9.9089     11.9947   
17.5624    11.1842   
10.9072    6.6309    
17.9907    9.2303    
17.6138    1.0050    

# Frame218

# x        y
16.3953    6.3439    
9.9089     11.9947   
17.5631    11.1847   
10.9100    6.6266    
17.9949    9.2315    
17.6138    1.0050    

# Frame219

# x        y
16.4004    6.3388    
9.9089     11.9947   
17.5638    11.1852   
10.9128    6.6225    
17.9991    9.2327    
17.6138    1.0050    

# Frame220

# x        y
16.4055    6.3338    
9.9089     11.9947   
17.5645    11.1857   
10.9155    6.6184    
18.0032    9.2338    
17.6138    1.0050    

# Frame221

# x        y
16.4104    6.3290    
9.9089     11.9947   
17.5651    11.1862   
10.9181    6.6143    
18.0072    9.2349    
17.6138    1.0050    

# Frame222

# x        y
16.4153    6.3242    
9.9089     11.9947   
17.5657    11.1867   
10.9207    6.6104    
18.0111    9.2361    
17.6138    1.0050    

# Frame223

# x        y
16.4200    6.3194    
9.9089     11.9947   
17.5664    11.1872   
10.9233    6.6065    
18.0150    9.2371    
17.6138    1.0050    

# Frame224

# x        y
16.4247    6.3148    
9.9089     11.9947   
17.5670    11.1876   
10.9258    6.6026    
18.0188    9.2382    
17.6138    1.0050    

# Frame225

# x        y
16.4294    6.3102    
9.9089     11.9947   
17.5676    11.1881   
10.9283    6.5989    
18.0225    9.2393    
17.6138    1.0050    

# Frame226

# x        y
16.4339    6.3057    
9.9089     11.9947   
17.5682    11.1886   
10.9307    6.5952    
18.0262    9.2403    
17.6138    1.0050    

# Frame227

# x        y
16.4384    6.3013    
9.9089     11.9947   
17.5688    11.1890   
10.9331    6.5915    
18.0298    9.2413    
17.6138    1.0050    

# Frame228

# x        y
16.4428    6.2970    
9.9089     11.9947   
17.5694    11.1894   
10.9355    6.5879    
18.0334    9.2424    
17.6138    1.0050    

# Frame229

# x        y
16.4471    6.2927    
9.9089     11.9947   
17.5699    11.1899   
10.9378    6.5844    
18.0369    9.2433    
17.6138    1.0050    

# Frame230

# x        y
16.4513    6.2885    
9.9089     11.9947   
17.5705    11.1903   
10.9401    6.5809    
18.0403    9.2443    
17.6138    1.0050    

# Frame231

# x        y
16.4555    6.2844    
9.9089     11.9947   
17.5711    11.1907   
10.9423    6.5775    
18.0437    9.2453    
17.6138    1.0050    

# Frame232

# x        y
16.4596    6.2803    
9.9089     11.9947   
17.5716    11.1911   
10.9446    6.5742    
18.0470    9.2462    
17.6138    1.0050    

# Frame233

# x        y
16.4637    6.2763    
9.9089     11.9947   
17.5721    11.1915   
10.9467    6.5709    
18.0503    9.2471    
17.6138    1.0050    

# Frame234

# x        y
16.4676    6.2724    
9.9089     11.9947   
17.5727    11.1919   
10.9489    6.5676    
18.0535    9.2480    
17.6138    1.0050    

# Frame235

# x        y
16.4716    6.2686    
9.9089     11.9947   
17.5732    11.1923   
10.9510    6.5644    
18.0567    9.2489    
17.6138    1.0050    

# Frame236

# x        y
16.4754    6.2648    
9.9089     11.9947   
17.5737    11.1927   
10.9530    6.5613    
18.0598    9.2498    
17.6138    1.0050    

# Frame237

# x        y
16.4792    6.2610    
9.9089     11.9947   
17.5742    11.1930   
10.9551    6.5582    
18.0628    9.2507    
17.6138    1.0050    

# Frame238

# x        y
16.4829    6.2574    
9.9089     11.9947   
17.5747    11.1934   
10.9570    6.5552    
18.0659    9.2515    
17.6138    1.0050    

# Frame239

# x        y
16.4865    6.2538    
9.9089     11.9947   
17.5751    11.1938   
10.9590    6.5522    
18.0688    9.2524    
17.6138    1.0050    

# Frame240

# x        y
16.4901    6.2502    
9.9089     11.9947   
17.5756    11.1941   
10.9609    6.5493    
18.0717    9.2532    
17.6138    1.0050    

# Frame241

# x        y
16.4937    6.2467    
9.9089     11.9947   
17.5761    11.1945   
10.9628    6.5464    
18.0746    9.2540    
17.6138    1.0050    

# Frame242

# x        y
16.4971    6.2433    
9.9089     11.9947   
17.5765    11.1948   
10.9647    6.5436    
18.0774    9.2548    
17.6138    1.0050    

# Frame243

# x        y
16.5006    6.2399    
9.9089     11.9947   
17.5770    11.1951   
10.9665    6.5408    
18.0802    9.2556    
17.6138    1.0050    

# Frame244

# x        y
16.5039    6.2366    
9.9089     11.9947   
17.5774    11.1955   
10.9683    6.5381    
18.0829    9.2563    
17.6138    1.0050    

# Frame245

# x        y
16.5072    6.2333    
9.9089     11.9947   
17.5779    11.1958   
10.9701    6.5354    
18.0855    9.2571    
17.6138    1.0050    

# Frame246

# x        y
16.5105    6.2301    
9.9089     11.9947   
17.5783    11.1961   
10.9719    6.5327    
18.0882    9.2578    
17.6138    1.0050    

# Frame247

# x        y
16.5137    6.2270    
9.9089     11.9947   
17.5787    11.1964   
10.9736    6.5301    
18.0908    9.2586    
17.6138    1.0050    

# Frame248

# x        y
16.5168    6.2239    
9.9089     11.9947   
17.5791    11.1968   
10.9753    6.5275    
18.0933    9.2593    
17.6138    1.0050    

# Frame249

# x        y
16.5199    6.2208    
9.9089     11.9947   
17.5795    11.1971   
10.9769    6.5250    
18.0958    9.2600    
17.6138    1.0050    

# Frame250

# x        y
16.5229    6.2178    
9.9089     11.9947   
17.5799    11.1974   
10.9786    6.5226    
18.0983    9.2607    
17.6138    1.0050    

# Frame251

# x        y
16.5259    6.2149    
9.9089     11.9947   
17.5803    11.1977   
10.9802    6.5201    
18.1007    9.2614    
17.6138    1.0050    

# Frame252

# x        y
16.5288    6.2120    
9.9089     11.9947   
17.5807    11.1979   
10.9817    6.5177    
18.1031    9.2621    
17.6138    1.0050    

# Frame253

# x        y
16.5317    6.2091    
9.9089     11.9947   
17.5811    11.1982   
10.9833    6.5154    
18.1054    9.2627    
17.6138    1.0050    

# Frame254

# x        y
16.5346    6.2063    
9.9089     11.9947   
17.5815    11.1985   
10.9848    6.5131    
18.1077    9.2634    
17.6138    1.0050    

# Frame255

# x        y
16.5374    6.2036    
9.9089     11.9947   
17.5818    11.1988   
10.9863    6.5108    
18.1100    9.2640    
17.6138    1.0050    

# Frame256

# x        y
16.5401    6.2009    
9.9089     11.9947   
17.5822    11.1991   
10.9878    6.5085    
18.1122    9.2646    
17.6138    1.0050    

# Frame257

# x        y
16.5428    6.1982    
9.9089     11.9947   
17.5826    11.1993   
10.9892    6.5063    
18.1144    9.2653    
17.6138    1.0050    

# Frame258

# x        y
16.5455    6.1956    
9.9089     11.9947   
17.5829    11.1996   
10.9907    6.5042    
18.1165    9.2659    
17.6138    1.0050    

# Frame259

# x        y
16.5481    6.1930    
9.9089     11.9947   
17.5832    11.1998   
10.9921    6.5020    
18.1186    9.2665    
17.6138    1.0050    

# Frame260

# x        y
16.5506    6.1905    
9.9089     11.9947   
17.5836    11.2001   
10.9934    6.4999    
18.1207    9.2670    
17.6138    1.0050    

# Frame261

# x        y
16.5532    6.1880    
9.9089     11.9947   
17.5839    11.2003   
10.9948    6.4979    
18.1227    9.2676    
17.6138    1.0050    

# Frame262

# x        y
16.5556    6.1855    
9.9089     11.9947   
17.5842    11.2006   
10.9961    6.4959    
18.1248    9.2682    
17.6138    1.0050    

# Frame263

# x        y
16.5581    6.1831    
9.9089     11.9947   
17.5846    11.2008   
10.9974    6.4939    
18.1267    9.2687    
17.6138    1.0050    

# Frame264

# x        y
16.5605    6.1807    
9.9089     11.9947   
17.5849    11.2011   
10.9987    6.4919    
18.1287    9.2693    
17.6138    1.0050    

# Frame265

# x        y
16.5628    6.1784    
9.9089     11.9947   
17.5852    11.2013   
11.0000    6.4900    
18.1306    9.2698    
17.6138    1.0050    

# Frame266

# x        y
16.5652    6.1761    
9.9089     11.9947   
17.5855    11.2015   
11.0012    6.4881    
18.1325    9.2704    
17.6138    1.0050    

# Frame267

# x        y
16.5674    6.1739    
9.9089     11.9947   
17.5858    11.2018   
11.0025    6.4862    
18.1343    9.2709    
17.6138    1.0050    

# Frame268

# x        y
16.5697    6.1716    
9.9089     11.9947   
17.5861    11.2020   
11.0037    6.4844    
18.1361    9.2714    
17.6138    1.0050    

# Frame269

# x        y
16.5719    6.1695    
9.9089     11.9947   
17.5864    11.2022   
11.0049    6.4826    
18.1379    9.2719    
17.6138    1.0050    

# Frame270

# x        y
16.5741    6.1673    
9.9089     11.9947   
17.5867    11.2024   
11.0060    6.4808    
18.1397    9.2724    
17.6138    1.0050    

# Frame271

# x        y
16.5762    6.1652    
9.9089     11.9947   
17.5870    11.2026   
11.0072    6.4791    
18.1414    9.2729    
17.6138    1.0050    

# Frame272

# x        y
16.5783    6.1631    
9.9089     11.9947   
17.5872    11.2028   
11.0083    6.4774    
18.1431    9.2734    
17.6138    1.0050    

# Frame273

# x        y
16.5804    6.1611    
9.9089     11.9947   
17.5875    11.2030   
11.0094    6.4757    
18.1448    9.2738    
17.6138    1.0050    

# Frame274

# x        y
16.5824    6.1591    
9.9089     11.9947   
17.5878    11.2032   
11.0105    6.4740    
18.1464    9.2743    
17.6138    1.0050    

# Frame275

# x        y
16.5844    6.1571    
9.9089     11.9947   
17.5880    11.2034   
11.0116    6.4724    
18.1480    9.2748    
17.6138    1.0050    

# Frame276

# x        y
16.5863    6.1552    
9.9089     11.9947   
17.5883    11.2036   
11.0126    6.4708    
18.1496    9.2752    
17.6138    1.0050    

# Frame277

# x        y
16.5883    6.1533    
9.9089     11.9947   
17.5885    11.2038   
11.0137    6.4692    
18.1512    9.2757    
17.6138    1.0050    

# Frame278

# x        y
16.5902    6.1514    
9.9089     11.9947   
17.5888    11.2040   
11.0147    6.4677    
18.1527    9.2761    
17.6138    1.0050    

# Frame279

# x        y
16.5920    6.1496    
9.9089     11.9947   
17.5890    11.2042   
11.0157    6.4662    
18.1542    9.2765    
17.6138    1.0050    

# Frame280

# x        y
16.5939    6.1478    
9.9089     11.9947   
17.5893    11.2044   
11.0167    6.4647    
18.1557    9.2769    
17.6138    1.0050    

# Frame281

# x        y
16.5957    6.1460    
9.9089     11.9947   
17.5895    11.2046   
11.0176    6.4632    
18.1572    9.2774    
17.6138    1.0050    

# Frame282

# x        y
16.5974    6.1442    
9.9089     11.9947   
17.5898    11.2047   
11.0186    6.4618    
18.1586    9.2778    
17.6138    1.0050    

# Frame283

# x        y
16.5992    6.1425    
9.9089     11.9947   
17.5900    11.2049   
11.0195    6.4603    
18.1600    9.2782    
17.6138    1.0050    

# Frame284

# x        y
16.6009    6.1408    
9.9089     11.9947   
17.5902    11.2051   
11.0204    6.4589    
18.1614    9.2786    
17.6138    1.0050    

# Frame285

# x        y
16.6026    6.1391    
9.9089     11.9947   
17.5904    11.2052   
11.0213    6.4576    
18.1628    9.2789    
17.6138    1.0050    

# Frame286

# x        y
16.6042    6.1375    
9.9089     11.9947   
17.5907    11.2054   
11.0222    6.4562    
18.1641    9.2793    
17.6138    1.0050    

# Frame287

# x        y
16.6059    6.1359    
9.9089     11.9947   
17.5909    11.2056   
11.0231    6.4549    
18.1654    9.2797    
17.6138    1.0050    

# Frame288

# x        y
16.6075    6.1343    
9.9089     11.9947   
17.5911    11.2057   
11.0240    6.4536    
18.1667    9.2801    
17.6138    1.0050    

# Frame289

# x        y
16.6091    6.1328    
9.9089     11.9947   
17.5913    11.2059   
11.0248    6.4523    
18.1680    9.2804    
17.6138    1.0050    

# Frame290

# x        y
16.6106    6.1312    
9.9089     11.9947   
17.5915    11.2060   
11.0257    6.4510    
18.1693    9.2808    
17.6138    1.0050    

# Frame291

# x        y
16.6121    6.1297    
9.9089     11.9947   
17.5917    11.2062   
11.0265    6.4498    
18.1705    9.2811    
17.6138    1.0050    

# Frame292

# x        y
16.6136    6.1282    
9.9089     11.9947   
17.5919    11.2063   
11.0273    6.4486    
18.1717    9.2815    
17.6138    1.0050    

# Frame293

# x        y
16.6151    6.1268    
9.9089     11.9947   
17.5921    11.2065   
11.0281    6.4474    
18.1729    9.2818    
17.6138    1.0050    

# Frame294

# x        y
16.6166    6.1254    
9.9089     11.9947   
17.5923    11.2066   
11.0289    6.4462    
18.1741    9.2821    
17.6138    1.0050    

# Frame295

# x        y
16.6180    6.1239    
9.9089     11.9947   
17.5925    11.2068   
11.0296    6.4450    
18.1752    9.2825    
17.6138    1.0050    

# Frame296

# x        y
16.6194    6.1226    
9.9089     11.9947   
17.5926    11.2069   
11.0304    6.4439    
18.1764    9.2828    
17.6138    1.0050    

# Frame297

# x        y
16.6208    6.1212    
9.9089     11.9947   
17.5928    11.2070   
11.0311    6.4428    
18.1775    9.2831    
17.6138    1.0050    

# Frame298

# x        y
16.6221    6.1199    
9.9089     11.9947   
17.5930    11.2072   
11.0318    6.4416    
18.1786    9.2834    
17.6138    1.0050    

# Frame299

# x        y
16.6234    6.1185    
9.9089     11.9947   
17.5932    11.2073   
11.0326    6.4406    
18.1797    9.2837    
17.6138    1.0050    

# Frame300

# x        y
16.6248    6.1173    
9.9089     11.9947   
17.5934    11.2074   
11.0333    6.4395    
18.1807    9.2840    
17.6138    1.0050    

# Frame301

# x        y
16.6260    6.1160    
9.9089     11.9947   
17.5935    11.2076   
11.0339    6.4384    
18.1818    9.2843    
17.6138    1.0050    

# Frame302

# x        y
16.6273    6.1147    
9.9089     11.9947   
17.5937    11.2077   
11.0346    6.4374    
18.1828    9.2846    
17.6138    1.0050    

# Frame303

# x        y
16.6286    6.1135    
9.9089     11.9947   
17.5939    11.2078   
11.0353    6.4364    
18.1838    9.2849    
17.6138    1.0050    

# Frame304

# x        y
16.6298    6.1123    
9.9089     11.9947   
17.5940    11.2079   
11.0360    6.4354    
18.1848    9.2852    
17.6138    1.0050    

# Frame305

# x        y
16.6310    6.1111    
9.9089     11.9947   
17.5942    11.2080   
11.0366    6.4344    
18.1858    9.2854    
17.6138    1.0050    

# Frame306

# x        y
16.6322    6.1099    
9.9089     11.9947   
17.5943    11.2082   
11.0372    6.4334    
18.1867    9.2857    
17.6138    1.0050    

# Frame307

# x        y
16.6333    6.1088    
9.9089     11.9947   
17.5945    11.2083   
11.0379    6.4325    
18.1877    9.2860    
17.6138    1.0050    

# Frame308

# x        y
16.6345    6.1076    
9.9089     11.9947   
17.5946    11.2084   
11.0385    6.4316    
18.1886    9.2862    
17.6138    1.0050    

# Frame309

# x        y
16.6356    6.1065    
9.9089     11.9947   
17.5948    11.2085   
11.0391    6.4306    
18.1895    9.2865    
17.6138    1.0050    

# Frame310

# x        y
16.6367    6.1054    
9.9089     11.9947   
17.5949    11.2086   
11.0397    6.4297    
18.1904    9.2867    
17.6138    1.0050    

# Frame311

# x        y
16.6378    6.1044    
9.9089     11.9947   
17.5951    11.2087   
11.0403    6.4288    
18.1913    9.2870    
17.6138    1.0050    

# Frame312

# x        y
16.6389    6.1033    
9.9089     11.9947   
17.5952    11.2088   
11.0408    6.4280    
18.1922    9.2872    
17.6138    1.0050    

# Frame313

# x        y
16.6399    6.1023    
9.9089     11.9947   
17.5954    11.2089   
11.0414    6.4271    
18.1930    9.2875    
17.6138    1.0050    

# Frame314

# x        y
16.6410    6.1012    
9.9089     11.9947   
17.5955    11.2090   
11.0420    6.4263    
18.1938    9.2877    
17.6138    1.0050    

# Frame315

# x        y
16.6420    6.1002    
9.9089     11.9947   
17.5956    11.2091   
11.0425    6.4254    
18.1947    9.2880    
17.6138    1.0050    

# Frame316

# x        y
16.6430    6.0992    
9.9089     11.9947   
17.5958    11.2092   
11.0430    6.4246    
18.1955    9.2882    
17.6138    1.0050    

# Frame317

# x        y
16.6440    6.0983    
9.9089     11.9947   
17.5959    11.2093   
11.0436    6.4238    
18.1963    9.2884    
17.6138    1.0050    

# Frame318

# x        y
16.6449    6.0973    
9.9089     11.9947   
17.5960    11.2094   
11.0441    6.4230    
18.1971    9.2886    
17.6138    1.0050    

# Frame319

# x        y
16.6459    6.0964    
9.9089     11.9947   
17.5961    11.2095   
11.0446    6.4223    
18.1978    9.2888    
17.6138    1.0050    

# Frame320

# x        y
16.6468    6.0955    
9.9089     11.9947   
17.5963    11.2096   
11.0451    6.4215    
18.1986    9.2891    
17.6138    1.0050    

# Frame321

# x        y
16.6478    6.0945    
9.9089     11.9947   
17.5964    11.2097   
11.0456    6.4207    
18.1993    9.2893    
17.6138    1.0050    

# Frame322

# x        y
16.6487    6.0937    
9.9089     11.9947   
17.5965    11.2098   
11.0461    6.4200    
18.2001    9.2895    
17.6138    1.0050    

# Frame323

# x        y
16.6496    6.0928    
9.9089     11.9947   
17.5966    11.2099   
11.0466    6.4193    
18.2008    9.2897    
17.6138    1.0050    

# Frame324

# x        y
16.6504    6.0919    
9.9089     11.9947   
17.5967    11.2100   
11.0470    6.4186    
18.2015    9.2899    
17.6138    1.0050    

# Frame325

# x        y
16.6513    6.0911    
9.9089     11.9947   
17.5969    11.2100   
11.0475    6.4179    
18.2022    9.2901    
17.6138    1.0050    

# Frame326

# x        y
16.6521    6.0902    
9.9089     11.9947   
17.5970    11.2101   
11.0480    6.4172    
18.2029    9.2903    
17.6138    1.0050    

# Frame327

# x        y
16.6530    6.0894    
9.9089     11.9947   
17.5971    11.2102   
11.0484    6.4165    
18.2036    9.2905    
17.6138    1.0050    

# Frame328

# x        y
16.6538    6.0886    
9.9089     11.9947   
17.5972    11.2103   
11.0488    6.4158    
18.2042    9.2907    
17.6138    1.0050    

# Frame329

# x        y
16.6546    6.0878    
9.9089     11.9947   
17.5973    11.2104   
11.0493    6.4152    
18.2049    9.2908    
17.6138    1.0050    

# Frame330

# x        y
16.6554    6.0870    
9.9089     11.9947   
17.5974    11.2105   
11.0497    6.4145    
18.2055    9.2910    
17.6138    1.0050    

# Frame331

# x        y
16.6562    6.0862    
9.9089     11.9947   
17.5975    11.2105   
11.0501    6.4139    
18.2061    9.2912    
17.6138    1.0050    

# Frame332

# x        y
16.6569    6.0855    
9.9089     11.9947   
17.5976    11.2106   
11.0505    6.4133    
18.2068    9.2914    
17.6138    1.0050    

# Frame333

# x        y
16.6577    6.0847    
9.9089     11.9947   
17.5977    11.2107   
11.0509    6.4126    
18.2074    9.2915    
17.6138    1.0050    

# Frame334

# x        y
16.6584    6.0840    
9.9089     11.9947   
17.5978    11.2108   
11.0513    6.4120    
18.2080    9.2917    
17.6138    1.0050    

# Frame335

# x        y
16.6591    6.0833    
9.9089     11.9947   
17.5979    11.2108   
11.0517    6.4114    
18.2086    9.2919    
17.6138    1.0050    

# Frame336

# x        y
16.6599    6.0826    
9.9089     11.9947   
17.5980    11.2109   
11.0521    6.4109    
18.2091    9.2920    
17.6138    1.0050    

# Frame337

# x        y
16.6606    6.0819    
9.9089     11.9947   
17.5981    11.2110   
11.0525    6.4103    
18.2097    9.2922    
17.6138    1.0050    

# Frame338

# x        y
16.6613    6.0812    
9.9089     11.9947   
17.5982    11.2110   
11.0529    6.4097    
18.2103    9.2924    
17.6138    1.0050    

# Frame339

# x        y
16.6619    6.0805    
9.9089     11.9947   
17.5983    11.2111   
11.0532    6.4092    
18.2108    9.2925    
17.6138    1.0050    

# Frame340

# x        y
16.6626    6.0799    
9.9089     11.9947   
17.5983    11.2112   
11.0536    6.4086    
18.2114    9.2927    
17.6138    1.0050    

# Frame341

# x        y
16.6633    6.0792    
9.9089     11.9947   
17.5984    11.2112   
11.0539    6.4081    
18.2119    9.2928    
17.6138    1.0050    

# Frame342

# x        y
16.6639    6.0786    
9.9089     11.9947   
17.5985    11.2113   
11.0543    6.4076    
18.2124    9.2930    
17.6138    1.0050    

# Frame343

# x        y
16.6645    6.0780    
9.9089     11.9947   
17.5986    11.2114   
11.0546    6.4070    
18.2129    9.2931    
17.6138    1.0050    

# Frame344

# x        y
16.6652    6.0773    
9.9089     11.9947   
17.5987    11.2114   
11.0550    6.4065    
18.2134    9.2933    
17.6138    1.0050    

# Frame345

# x        y
16.6658    6.0767    
9.9089     11.9947   
17.5988    11.2115   
11.0553    6.4060    
18.2139    9.2934    
17.6138    1.0050    

# Frame346

# x        y
16.6664    6.0761    
9.9089     11.9947   
17.5988    11.2115   
11.0556    6.4055    
18.2144    9.2935    
17.6138    1.0050    

# Frame347

# x        y
16.6670    6.0756    
9.9089     11.9947   
17.5988    11.2115   
11.0559    6.4051    
18.2149    9.2937    
17.6138    1.0050    

# Frame348

# x        y
16.6676    6.0750    
9.9089     11.9947   
17.5988    11.2115   
11.0562    6.4046    
18.2154    9.2938    
17.6138    1.0050    

# Frame349

# x        y
16.6681    6.0744    
9.9089     11.9947   
17.5988    11.2115   
11.0566    6.4041    
18.2158    9.2939    
17.6138    1.0050    

# Frame350

# x        y
16.6687    6.0738    
9.9089     11.9947   
17.5988    11.2115   
11.0569    6.4036    
18.2163    9.2941    
17.6138    1.0050    

# Frame351

# x        y
16.6693    6.0733    
9.9089     11.9947   
17.5988    11.2115   
11.0572    6.4032    
18.2168    9.2942    
17.6138    1.0050    

# Frame352

# x        y
16.6698    6.0728    
9.9089     11.9947   
17.5988    11.2115   
11.0575    6.4027    
18.2172    9.2943    
17.6138    1.0050    

# Frame353

# x        y
16.6704    6.0722    
9.9089     11.9947   
17.5988    11.2115   
11.0577    6.4023    
18.2176    9.2944    
17.6138    1.0050    

# Frame354

# x        y
16.6709    6.0717    
9.9089     11.9947   
17.5988    11.2115   
11.0580    6.4019    
18.2181    9.2946    
17.6138    1.0050    

# Frame355

# x        y
16.6714    6.0712    
9.9089     11.9947   
17.5988    11.2115   
11.0583    6.4015    
18.2185    9.2947    
17.6138    1.0050    

# Frame356

# x        y
16.6719    6.0707    
9.9089     11.9947   
17.5988    11.2115   
11.0586    6.4010    
18.2189    9.2948    
17.6138    1.0050    

# Frame357

# x        y
16.6724    6.0702    
9.9089     11.9947   
17.5988    11.2115   
11.0589    6.4006    
18.2193    9.2949    
17.6138    1.0050    

# Frame358

# x        y
16.6729    6.0697    
9.9089     11.9947   
17.5988    11.2115   
11.0591    6.4002    
18.2197    9.2950    
17.6138    1.0050    

# Frame359

# x        y
16.6734    6.0692    
9.9089     11.9947   
17.5988    11.2115   
11.0594    6.3998    
18.2201    9.2951    
17.6138    1.0050    

# Frame360

# x        y
16.6739    6.0688    
9.9089     11.9947   
17.5988    11.2115   
11.0596    6.3994    
18.2205    9.2953    
17.6138    1.0050    

# Frame361

# x        y
16.6743    6.0683    
9.9089     11.9947   
17.5988    11.2115   
11.0599    6.3991    
18.2209    9.2954    
17.6138    1.0050    

# Frame362

# x        y
16.6748    6.0678    
9.9089     11.9947   
17.5988    11.2115   
11.0601    6.3987    
18.2212    9.2955    
17.6138    1.0050    

# Frame363

# x        y
16.6753    6.0674    
9.9089     11.9947   
17.5988    11.2115   
11.0604    6.3983    
18.2216    9.2956    
17.6138    1.0050    

# Frame364

# x        y
16.6757    6.0669    
9.9089     11.9947   
17.5988    11.2115   
11.0606    6.3979    
18.2220    9.2957    
17.6138    1.0050    

# Frame365

# x        y
16.6761    6.0665    
9.9089     11.9947   
17.5988    11.2115   
11.0609    6.3976    
18.2223    9.2958    
17.6138    1.0050    

# Frame366

# x        y
16.6766    6.0661    
9.9089     11.9947   
17.5988    11.2115   
11.0611    6.3972    
18.2227    9.2959    
17.6138    1.0050    

# Frame367

# x        y
16.6770    6.0657    
9.9089     11.9947   
17.5988    11.2115   
11.0613    6.3969    
18.2230    9.2960    
17.6138    1.0050    

# Frame368

# x        y
16.6774    6.0652    
9.9089     11.9947   
17.5988    11.2115   
11.0615    6.3965    
18.2234    9.2961    
17.6138    1.0050    

# Frame369

# x        y
16.6778    6.0648    
9.9089     11.9947   
17.5988    11.2115   
11.0618    6.3962    
18.2237    9.2962    
17.6138    1.0050    

# Frame370

# x        y
16.6782    6.0644    
9.9089     11.9947   
17.5988    11.2115   
11.0620    6.3959    
18.2240    9.2963    
17.6138    1.0050    

# Frame371

# x        y
16.6786    6.0640    
9.9089     11.9947   
17.5988    11.2115   
11.0622    6.3956    
18.2243    9.2963    
17.6138    1.0050    

# Frame372

# x        y
16.6790    6.0637    
9.9089     11.9947   
17.5988    11.2115   
11.0624    6.3952    
18.2247    9.2964    
17.6138    1.0050    

# Frame373

# x        y
16.6794    6.0633    
9.9089     11.9947   
17.5988    11.2115   
11.0626    6.3949    
18.2250    9.2965    
17.6138    1.0050    

# Frame374

# x        y
16.6798    6.0629    
9.9089     11.9947   
17.5988    11.2115   
11.0628    6.3946    
18.2253    9.2966    
17.6138    1.0050    

# Frame375

# x        y
16.6802    6.0625    
9.9089     11.9947   
17.5988    11.2115   
11.0630    6.3943    
18.2256    9.2967    
17.6138    1.0050    

# Frame376

# x        y
16.6805    6.0622    
9.9089     11.9947   
17.5988    11.2115   
11.0632    6.3940    
18.2259    9.2968    
17.6138    1.0050    

# Frame377

# x        y
16.6809    6.0618    
9.9089     11.9947   
17.5988    11.2115   
11.0634    6.3937    
18.2262    9.2969    
17.6138    1.0050    

# Frame378

# x        y
16.6812    6.0615    
9.9089     11.9947   
17.5988    11.2115   
11.0636    6.3934    
18.2264    9.2969    
17.6138    1.0050    

# Frame379

# x        y
16.6816    6.0611    
9.9089     11.9947   
17.5988    11.2115   
11.0638    6.3931    
18.2267    9.2970    
17.6138    1.0050    

# Frame380

# x        y
16.6819    6.0608    
9.9089     11.9947   
17.5988    11.2115   
11.0640    6.3929    
18.2270    9.2971    
17.6138    1.0050    

# Frame381

# x        y
16.6823    6.0605    
9.9089     11.9947   
17.5988    11.2115   
11.0641    6.3926    
18.2273    9.2972    
17.6138    1.0050    

# Frame382

# x        y
16.6826    6.0601    
9.9089     11.9947   
17.5988    11.2115   
11.0643    6.3923    
18.2275    9.2973    
17.6138    1.0050    

# Frame383

# x        y
16.6829    6.0598    
9.9089     11.9947   
17.5988    11.2115   
11.0645    6.3921    
18.2278    9.2973    
17.6138    1.0050    

# Frame384

# x        y
16.6832    6.0595    
9.9089     11.9947   
17.5988    11.2115   
11.0647    6.3918    
18.2281    9.2974    
17.6138    1.0050    

# Frame385

# x        y
16.6835    6.0592    
9.9089     11.9947   
17.5988    11.2115   
11.0648    6.3915    
18.2283    9.2975    
17.6138    1.0050    

# Frame386

# x        y
16.6839    6.0589    
9.9089     11.9947   
17.5988    11.2115   
11.0650    6.3913    
18.2286    9.2975    
17.6138    1.0050    

# Frame387

# x        y
16.6842    6.0586    
9.9089     11.9947   
17.5988    11.2115   
11.0652    6.3910    
18.2288    9.2976    
17.6138    1.0050    

# Frame388

# x        y
16.6845    6.0583    
9.9089     11.9947   
17.5988    11.2115   
11.0653    6.3908    
18.2291    9.2977    
17.6138    1.0050    

# Frame389

# x        y
16.6848    6.0580    
9.9089     11.9947   
17.5988    11.2115   
11.0655    6.3906    
18.2293    9.2977    
17.6138    1.0050    

# Frame390

# x        y
16.6850    6.0577    
9.9089     11.9947   
17.5988    11.2115   
11.0656    6.3903    
18.2295    9.2978    
17.6138    1.0050    

# Frame391

# x        y
16.6853    6.0574    
9.9089     11.9947   
17.5988    11.2115   
11.0658    6.3901    
18.2298    9.2979    
17.6138    1.0050    

# Frame392

# x        y
16.6856    6.0572    
9.9089     11.9947   
17.5988    11.2115   
11.0659    6.3899    
18.2300    9.2979    
17.6138    1.0050    

# Frame393

# x        y
16.6859    6.0569    
9.9089     11.9947   
17.5988    11.2115   
11.0661    6.3896    
18.2302    9.2980    
17.6138    1.0050    

# Frame394

# x        y
16.6862    6.0566    
9.9089     11.9947   
17.5988    11.2115   
11.0662    6.3894    
18.2304    9.2981    
17.6138    1.0050    

# Frame395

# x        y
16.6864    6.0564    
9.9089     11.9947   
17.5988    11.2115   
11.0664    6.3892    
18.2306    9.2981    
17.6138    1.0050    

# Frame396

# x        y
16.6867    6.0561    
9.9089     11.9947   
17.5988    11.2115   
11.0665    6.3890    
18.2309    9.2982    
17.6138    1.0050    

# Frame397

# x        y
16.6869    6.0559    
9.9089     11.9947   
17.5988    11.2115   
11.0667    6.3888    
18.2311    9.2982    
17.6138    1.0050    

# Frame398

# x        y
16.6872    6.0556    
9.9089     11.9947   
17.5988    11.2115   
11.0668    6.3886    
18.2313    9.2983    
17.6138    1.0050    

# Frame399

# x        y
16.6874    6.0554    
9.9089     11.9947   
17.5988    11.2115   
11.0669    6.3884    
18.2315    9.2984    
17.6138    1.0050    

# Frame400

# x        y
16.6877    6.0551    
9.9089     11.9947   
17.5988    11.2115   
11.0670    6.3882    
18.2317    9.2984    
17.6138    1.0050    

# Frame401

# x        y
16.6879    6.0549    
9.9089     11.9947   
17.5988    11.2115   
11.0672    6.3880    
18.2319    9.2985    
17.6138    1.0050    

# Frame402

# x        y
16.6882    6.0546    
9.9089     11.9947   
17.5988    11.2115   
11.0673    6.3878    
18.2320    9.2985    
17.6138    1.0050    

# Frame403

# x        y
16.6884    6.0544    
9.9089     11.9947   
17.5988    11.2115   
11.0674    6.3876    
18.2322    9.2986    
17.6138    1.0050    

# Frame404

# x        y
16.6886    6.0542    
9.9089     11.9947   
17.5988    11.2115   
11.0676    6.3874    
18.2324    9.2986    
17.6138    1.0050    

# Frame405

# x        y
16.6888    6.0540    
9.9089     11.9947   
17.5988    11.2115   
11.0677    6.3872    
18.2326    9.2987    
17.6138    1.0050    

# Frame406

# x        y
16.6891    6.0538    
9.9089     11.9947   
17.5988    11.2115   
11.0678    6.3870    
18.2328    9.2987    
17.6138    1.0050    

# Frame407

# x        y
16.6893    6.0535    
9.9089     11.9947   
17.5988    11.2115   
11.0679    6.3869    
18.2330    9.2988    
17.6138    1.0050    

# Frame408

# x        y
16.6895    6.0533    
9.9089     11.9947   
17.5988    11.2115   
11.0680    6.3867    
18.2331    9.2988    
17.6138    1.0050    

# Frame409

# x        y
16.6897    6.0531    
9.9089     11.9947   
17.5988    11.2115   
11.0681    6.3865    
18.2333    9.2989    
17.6138    1.0050    

# Frame410

# x        y
16.6899    6.0529    
9.9089     11.9947   
17.5988    11.2115   
11.0682    6.3864    
18.2335    9.2989    
17.6138    1.0050    

# Frame411

# x        y
16.6901    6.0527    
9.9089     11.9947   
17.5988    11.2115   
11.0684    6.3862    
18.2336    9.2990    
17.6138    1.0050    

# Frame412

# x        y
16.6903    6.0525    
9.9089     11.9947   
17.5988    11.2115   
11.0685    6.3860    
18.2338    9.2990    
17.6138    1.0050    

# Frame413

# x        y
16.6905    6.0523    
9.9089     11.9947   
17.5988    11.2115   
11.0686    6.3859    
18.2340    9.2991    
17.6138    1.0050    

# Frame414

# x        y
16.6907    6.0521    
9.9089     11.9947   
17.5988    11.2115   
11.0687    6.3857    
18.2341    9.2991    
17.6138    1.0050    

# Frame415

# x        y
16.6909    6.0519    
9.9089     11.9947   
17.5988    11.2115   
11.0688    6.3856    
18.2343    9.2992    
17.6138    1.0050    

# Frame416

# x        y
16.6911    6.0518    
9.9089     11.9947   
17.5988    11.2115   
11.0689    6.3854    
18.2344    9.2992    
17.6138    1.0050    

# Frame417

# x        y
16.6913    6.0516    
9.9089     11.9947   
17.5988    11.2115   
11.0690    6.3853    
18.2346    9.2992    
17.6138    1.0050    

# Frame418

# x        y
16.6914    6.0514    
9.9089     11.9947   
17.5988    11.2115   
11.0691    6.3851    
18.2347    9.2993    
17.6138    1.0050    

# Frame419

# x        y
16.6916    6.0512    
9.9089     11.9947   
17.5988    11.2115   
11.0692    6.3850    
18.2349    9.2993    
17.6138    1.0050    

# Frame420

# x        y
16.6918    6.0511    
9.9089     11.9947   
17.5988    11.2115   
11.0693    6.3848    
18.2350    9.2994    
17.6138    1.0050    

# Frame421

# x        y
16.6920    6.0509    
9.9089     11.9947   
17.5988    11.2115   
11.0693    6.3847    
18.2351    9.2994    
17.6138    1.0050    

# Frame422

# x        y
16.6921    6.0507    
9.9089     11.9947   
17.5988    11.2115   
11.0694    6.3845    
18.2353    9.2994    
17.6138    1.0050    

# Frame423

# x        y
16.6923    6.0506    
9.9089     11.9947   
17.5988    11.2115   
11.0695    6.3844    
18.2354    9.2995    
17.6138    1.0050    

# Frame424

# x        y
16.6925    6.0504    
9.9089     11.9947   
17.5988    11.2115   
11.0696    6.3843    
18.2355    9.2995    
17.6138    1.0050    

# Frame425

# x        y
16.6926    6.0502    
9.9089     11.9947   
17.5988    11.2115   
11.0697    6.3841    
18.2357    9.2995    
17.6138    1.0050    

# Frame426

# x        y
16.6928    6.0501    
9.9089     11.9947   
17.5988    11.2115   
11.0698    6.3840    
18.2358    9.2996    
17.6138    1.0050    

# Frame427

# x        y
16.6929    6.0499    
9.9089     11.9947   
17.5988    11.2115   
11.0699    6.3839    
18.2359    9.2996    
17.6138    1.0050    

# Frame428

# x        y
16.6931    6.0498    
9.9089     11.9947   
17.5988    11.2115   
11.0700    6.3838    
18.2360    9.2997    
17.6138    1.0050    

# Frame429

# x        y
16.6932    6.0496    
9.9089     11.9947   
17.5988    11.2115   
11.0700    6.3836    
18.2362    9.2997    
17.6138    1.0050    

# Frame430

# x        y
16.6934    6.0495    
9.9089     11.9947   
17.5988    11.2115   
11.0701    6.3835    
18.2363    9.2997    
17.6138    1.0050    

# Frame431

# x        y
16.6935    6.0493    
9.9089     11.9947   
17.5988    11.2115   
11.0702    6.3834    
18.2364    9.2998    
17.6138    1.0050    

# Frame432

# x        y
16.6937    6.0492    
9.9089     11.9947   
17.5988    11.2115   
11.0703    6.3833    
18.2365    9.2998    
17.6138    1.0050    

# Frame433

# x        y
16.6938    6.0491    
9.9089     11.9947   
17.5988    11.2115   
11.0703    6.3832    
18.2366    9.2998    
17.6138    1.0050    

# Frame434

# x        y
16.6939    6.0489    
9.9089     11.9947   
17.5988    11.2115   
11.0704    6.3831    
18.2367    9.2999    
17.6138    1.0050    

# Frame435

# x        y
16.6941    6.0488    
9.9089     11.9947   
17.5988    11.2115   
11.0705    6.3830    
18.2369    9.2999    
17.6138    1.0050    

# Frame436

# x        y
16.6942    6.0487    
9.9089     11.9947   
17.5988    11.2115   
11.0706    6.3828    
18.2370    9.2999    
17.6138    1.0050    

# Frame437

# x        y
16.6943    6.0485    
9.9089     11.9947   
17.5988    11.2115   
11.0706    6.3827    
18.2371    9.2999    
17.6138    1.0050    

# Frame438

# x        y
16.6945    6.0484    
9.9089     11.9947   
17.5988    11.2115   
11.0707    6.3826    
18.2372    9.3000    
17.6138    1.0050    

# Frame439

# x        y
16.6946    6.0483    
9.9089     11.9947   
17.5988    11.2115   
11.0708    6.3825    
18.2373    9.3000    
17.6138    1.0050    

# Frame440

# x        y
16.6947    6.0482    
9.9089     11.9947   
17.5988    11.2115   
11.0708    6.3824    
18.2374    9.3000    
17.6138    1.0050    

# Frame441

# x        y
16.6949    6.0480    
9.9089     11.9947   
17.5988    11.2115   
11.0709    6.3823    
18.2375    9.3001    
17.6138    1.0050    

# Frame442

# x        y
16.6950    6.0479    
9.9089     11.9947   
17.5988    11.2115   
11.0710    6.3822    
18.2376    9.3001    
17.6138    1.0050    

# Frame443

# x        y
16.6951    6.0478    
9.9089     11.9947   
17.5988    11.2115   
11.0710    6.3821    
18.2376    9.3001    
17.6138    1.0050    

# Frame444

# x        y
16.6952    6.0477    
9.9089     11.9947   
17.5988    11.2115   
11.0711    6.3820    
18.2376    9.3001    
17.6138    1.0050    

# Frame445

# x        y
16.6953    6.0476    
9.9089     11.9947   
17.5988    11.2115   
11.0712    6.3819    
18.2376    9.3001    
17.6138    1.0050    

# Frame446

# x        y
16.6954    6.0475    
9.9089     11.9947   
17.5988    11.2115   
11.0712    6.3819    
18.2376    9.3001    
17.6138    1.0050    

# Frame447

# x        y
16.6955    6.0474    
9.9089     11.9947   
17.5988    11.2115   
11.0713    6.3818    
18.2376    9.3001    
17.6138    1.0050    

# Frame448

# x        y
16.6957    6.0472    
9.9089     11.9947   
17.5988    11.2115   
11.0713    6.3817    
18.2376    9.3001    
17.6138    1.0050    

# Frame449

# x        y
16.6958    6.0471    
9.9089     11.9947   
17.5988    11.2115   
11.0714    6.3816    
18.2376    9.3001    
17.6138    1.0050    

# Frame450

# x        y
16.6959    6.0470    
9.9089     11.9947   
17.5988    11.2115   
11.0714    6.3815    
18.2376    9.3001    
17.6138    1.0050    

# Frame451

# x        y
16.6960    6.0469    
9.9089     11.9947   
17.5988    11.2115   
11.0715    6.3814    
18.2376    9.3001    
17.6138    1.0050    

# Frame452

# x        y
16.6961    6.0468    
9.9089     11.9947   
17.5988    11.2115   
11.0715    6.3814    
18.2376    9.3001    
17.6138    1.0050    

# Frame453

# x        y
16.6962    6.0467    
9.9089     11.9947   
17.5988    11.2115   
11.0715    6.3814    
18.2376    9.3001    
17.6138    1.0050    

# Frame454

# x        y
16.6963    6.0466    
9.9089     11.9947   
17.5988    11.2115   
11.0715    6.3814    
18.2376    9.3001    
17.6138    1.0050    

# Frame455

# x        y
16.6964    6.0465    
9.9089     11.9947   
17.5988    11.2115   
11.0715    6.3814    
18.2376    9.3001    
17.6138    1.0050    

# Frame456

# x        y
16.6965    6.0464    
9.9089     11.9947   
17.5988    11.2115   
11.0715    6.3814    
18.2376    9.3001    
17.6138    1.0050    

# Frame457

# x        y
16.6966    6.0464    
9.9089     11.9947   
17.5988    11.2115   
11.0715    6.3814    
18.2376    9.3001    
17.6138    1.0050    

# Frame458

# x        y
16.6966    6.0463    
9.9089     11.9947   
17.5988    11.2115   
11.0715    6.3814    
18.2376    9.3001    
17.6138    1.0050    

# Frame459

# x        y
16.6967    6.0462    
9.9089     11.9947   
17.5988    11.2115   
11.0715    6.3814    
18.2376    9.3001    
17.6138    1.0050    

# Frame460

# x        y
16.6968    6.0461    
9.9089     11.9947   
17.5988    11.2115   
11.0715    6.3814    
18.2376    9.3001    
17.6138    1.0050    

# Frame461

# x        y
16.6969    6.0460    
9.9089     11.9947   
17.5988    11.2115   
11.0715    6.3814    
18.2376    9.3001    
17.6138    1.0050    

# Frame462

# x        y
16.6970    6.0459    
9.9089     11.9947   
17.5988    11.2115   
11.0715    6.3814    
18.2376    9.3001    
17.6138    1.0050    

# Frame463

# x        y
16.6971    6.0458    
9.9089     11.9947   
17.5988    11.2115   
11.0715    6.3814    
18.2376    9.3001    
17.6138    1.0050    

# Frame464

# x        y
16.6972    6.0457    
9.9089     11.9947   
17.5988    11.2115   
11.0715    6.3814    
18.2376    9.3001    
17.6138    1.0050    

# Frame465

# x        y
16.6972    6.0457    
9.9089     11.9947   
17.5988    11.2115   
11.0715    6.3814    
18.2376    9.3001    
17.6138    1.0050    

# Frame466

# x        y
16.6973    6.0456    
9.9089     11.9947   
17.5988    11.2115   
11.0715    6.3814    
18.2376    9.3001    
17.6138    1.0050    

# Frame467

# x        y
16.6974    6.0455    
9.9089     11.9947   
17.5988    11.2115   
11.0715    6.3814    
18.2376    9.3001    
17.6138    1.0050    

# Frame468

# x        y
16.6975    6.0454    
9.9089     11.9947   
17.5988    11.2115   
11.0715    6.3814    
18.2376    9.3001    
17.6138    1.0050    

# Frame469

# x        y
16.6976    6.0454    
9.9089     11.9947   
17.5988    11.2115   
11.0715    6.3814    
18.2376    9.3001    
17.6138    1.0050    

# Frame470

# x        y
16.6976    6.0453    
9.9089     11.9947   
17.5988    11.2115   
11.0715    6.3814    
18.2376    9.3001    
17.6138    1.0050    

# Frame471

# x        y
16.6977    6.0452    
9.9089     11.9947   
17.5988    11.2115   
11.0715    6.3814    
18.2376    9.3001    
17.6138    1.0050    

# Frame472

# x        y
16.6978    6.0451    
9.9089     11.9947   
17.5988    11.2115   
11.0715    6.3814    
18.2376    9.3001    
17.6138    1.0050    

# Frame473

