# x        y
1.1388     27.3329   
3.8996     31.2298   
18.2394    16.2083   
8.3442     20.0344   
18.9952    12.3244   
5.1637     26.0967   

# Frame1

# x        y
1.1388     27.3329   
3.8996     31.2298   
16.3315    15.6084   
8.3442     20.0344   
18.9952    12.3244   
5.1637     26.0967   

# Frame2

# x        y
1.1388     27.3329   
3.8996     31.2298   
14.4554    15.0185   
8.3442     20.0344   
18.9952    12.3244   
5.1637     26.0967   

# Frame3

# x        y
1.1388     27.3329   
3.8996     31.2298   
12.6106    14.4384   
8.3442     20.0344   
18.9951    12.3244   
5.1637     26.0967   

# Frame4

# x        y
1.1388     27.3329   
3.8996     31.2298   
10.7965    13.8680   
8.3442     20.0344   
18.9951    12.3244   
5.1637     26.0967   

# Frame5

# x        y
1.1388     27.3329   
3.8996     31.2298   
9.0126     13.3071   
8.3442     20.0344   
18.9951    12.3244   
5.1637     26.0967   

# Frame6

# x        y
1.1388     27.3329   
3.8996     31.2298   
7.2585     12.7556   
8.3442     20.0344   
18.9951    12.3244   
5.1637     26.0967   

# Frame7

# x        y
1.1388     27.3329   
3.8996     31.2298   
5.5336     12.2132   
8.3442     20.0344   
18.9951    12.3244   
5.1637     26.0967   

# Frame8

# x        y
1.1388     27.3329   
3.8996     31.2298   
3.8374     11.6799   
8.3442     20.0344   
18.9950    12.3244   
5.1637     26.0967   

# Frame9

# x        y
1.1388     27.3329   
3.8996     31.2298   
2.1696     11.1554   
8.3442     20.0344   
18.9950    12.3244   
5.1637     26.0967   

# Frame10

# x        y
1.1388     27.3329   
3.8996     31.2298   
1.2371     10.7984   
8.3442     20.0344   
18.9950    12.3244   
5.1637     26.0967   

# Frame11

# x        y
1.1388     27.3329   
3.8996     31.2298   
2.0435     10.8408   
8.3442     20.0344   
18.9950    12.3244   
5.1637     26.0967   

# Frame12

# x        y
1.1388     27.3329   
3.8996     31.2298   
2.8364     10.8825   
8.3442     20.0344   
18.9950    12.3244   
5.1637     26.0967   

# Frame13

# x        y
1.1388     27.3329   
3.8996     31.2298   
3.6161     10.9235   
8.3442     20.0344   
18.9950    12.3244   
5.1637     26.0967   

# Frame14

# x        y
1.1388     27.3329   
3.8996     31.2298   
4.3829     10.9638   
8.3442     20.0344   
18.9950    12.3244   
5.1637     26.0967   

# Frame15

# x        y
1.1388     27.3329   
3.8996     31.2298   
5.1368     11.0034   
8.3442     20.0344   
18.9950    12.3244   
5.1637     26.0967   

# Frame16

# x        y
1.1388     27.3329   
3.8996     31.2298   
5.8782     11.0424   
8.3442     20.0344   
18.9950    12.3244   
5.1637     26.0967   

# Frame17

# x        y
1.1388     27.3329   
3.8996     31.2298   
6.6072     11.0808   
8.3442     20.0344   
18.9950    12.3244   
5.1637     26.0967   

# Frame18

# x        y
1.1388     27.3329   
3.8996     31.2298   
7.3241     11.1185   
8.3442     20.0344   
18.9950    12.3244   
5.1637     26.0967   

# Frame19

# x        y
1.1388     27.3329   
3.8996     31.2298   
8.0290     11.1555   
8.3442     20.0344   
18.9950    12.3244   
5.1637     26.0967   

# Frame20

# x        y
1.1388     27.3329   
3.8996     31.2298   
8.7222     11.1920   
8.3442     20.0344   
18.9950    12.3244   
5.1637     26.0967   

# Frame21

# x        y
1.1388     27.3329   
3.8996     31.2298   
9.4038     11.2278   
8.3442     20.0344   
18.9950    12.3244   
5.1637     26.0967   

# Frame22

# x        y
1.1388     27.3329   
3.8996     31.2298   
10.0741    11.2631   
8.3442     20.0344   
18.9950    12.3244   
5.1637     26.0967   

# Frame23

# x        y
1.1388     27.3329   
3.8996     31.2298   
10.7331    11.2977   
8.3442     20.0344   
18.9950    12.3244   
5.1637     26.0967   

# Frame24

# x        y
1.1388     27.3329   
3.8996     31.2298   
11.3812    11.3318   
8.3442     20.0344   
18.9950    12.3244   
5.1637     26.0967   

# Frame25

# x        y
1.1388     27.3329   
3.8996     31.2298   
12.0185    11.3653   
8.3442     20.0344   
18.9950    12.3244   
5.1637     26.0967   

# Frame26

# x        y
1.1388     27.3329   
3.8996     31.2298   
12.6452    11.3983   
8.3442     20.0344   
18.9950    12.3244   
5.1637     26.0967   

# Frame27

# x        y
1.1388     27.3329   
3.8996     31.2298   
13.2615    11.4307   
8.3442     20.0344   
18.9950    12.3244   
5.1637     26.0967   

# Frame28

# x        y
1.1388     27.3329   
3.8996     31.2298   
13.8674    11.4626   
8.3442     20.0344   
18.9950    12.3244   
5.1637     26.0967   

# Frame29

# x        y
1.1388     27.3329   
3.8996     31.2298   
14.4633    11.4939   
8.3442     20.0344   
18.9950    12.3244   
5.1637     26.0967   

# Frame30

# x        y
1.1388     27.3329   
3.8996     31.2298   
15.0492    11.5247   
8.3442     20.0344   
18.9950    12.3244   
5.1637     26.0967   

# Frame31

# x        y
1.1388     27.3329   
3.8996     31.2298   
15.6254    11.5550   
8.3442     20.0344   
18.9950    12.3244   
5.1637     26.0967   

# Frame32

# x        y
1.1388     27.3329   
3.8996     31.2298   
16.1920    11.5848   
8.3442     20.0344   
18.9950    12.3244   
5.1637     26.0967   

# Frame33

# x        y
1.1388     27.3329   
3.8996     31.2298   
16.7491    11.6141   
8.3442     20.0344   
18.9950    12.3244   
5.1637     26.0967   

# Frame34

# x        y
1.1388     27.3329   
3.8996     31.2298   
17.0686    11.5860   
8.3442     20.0344   
18.9953    12.3457   
5.1637     26.0967   

# Frame35

# x        y
1.1388     27.3329   
3.8996     31.2298   
16.8763    11.4351   
8.3442     20.0344   
18.9952    12.4071   
5.1637     26.0967   

# Frame36

# x        y
1.1388     27.3329   
3.8996     31.2298   
16.6872    11.2867   
8.3442     20.0344   
18.9952    12.4675   
5.1637     26.0967   

# Frame37

# x        y
1.1388     27.3329   
3.8996     31.2298   
16.5012    11.1408   
8.3442     20.0344   
18.9951    12.5269   
5.1637     26.0967   

# Frame38

# x        y
1.1388     27.3329   
3.8996     31.2298   
16.3184    10.9973   
8.3442     20.0344   
18.9951    12.5853   
5.1637     26.0967   

# Frame39

# x        y
1.1388     27.3329   
3.8996     31.2298   
16.1386    10.8563   
8.3442     20.0344   
18.9951    12.6427   
5.1637     26.0967   

# Frame40

# x        y
1.1388     27.3329   
3.8996     31.2298   
15.9618    10.7175   
8.3442     20.0344   
18.9951    12.6992   
5.1637     26.0967   

# Frame41

# x        y
1.1388     27.3329   
3.8996     31.2298   
15.7879    10.5811   
8.3442     20.0344   
18.9951    12.7547   
5.1637     26.0967   

# Frame42

# x        y
1.1388     27.3329   
3.8996     31.2298   
15.6170    10.4469   
8.3442     20.0344   
18.9950    12.8093   
5.1637     26.0967   

# Frame43

# x        y
1.1388     27.3329   
3.8996     31.2298   
15.4489    10.3150   
8.3442     20.0344   
18.9950    12.8630   
5.1637     26.0967   

# Frame44

# x        y
1.1388     27.3329   
3.8996     31.2298   
15.2836    10.1853   
8.3442     20.0344   
18.9950    12.9158   
5.1637     26.0967   

# Frame45

# x        y
1.1388     27.3329   
3.8996     31.2298   
15.1210    10.0577   
8.3442     20.0344   
18.9950    12.9677   
5.1637     26.0967   

# Frame46

# x        y
1.1388     27.3329   
3.8996     31.2298   
14.9612    9.9323    
8.3442     20.0344   
18.9950    13.0188   
5.1637     26.0967   

# Frame47

# x        y
1.1388     27.3329   
3.8996     31.2298   
14.8040    9.8090    
8.3442     20.0344   
18.9950    13.0690   
5.1637     26.0967   

# Frame48

# x        y
1.1388     27.3329   
3.8996     31.2298   
14.6495    9.6877    
8.3442     20.0344   
18.9950    13.1184   
5.1637     26.0967   

# Frame49

# x        y
1.1388     27.3329   
3.8996     31.2298   
14.4975    9.5684    
8.3442     20.0344   
18.9950    13.1669   
5.1637     26.0967   

# Frame50

# x        y
1.1388     27.3329   
3.8996     31.2298   
14.3480    9.4512    
8.3442     20.0344   
18.9950    13.2146   
5.1637     26.0967   

# Frame51

# x        y
1.1388     27.3329   
3.8996     31.2298   
14.2011    9.3358    
8.3442     20.0344   
18.9950    13.2616   
5.1637     26.0967   

# Frame52

# x        y
1.1388     27.3329   
3.8996     31.2298   
14.0566    9.2224    
8.3442     20.0344   
18.9950    13.3077   
5.1637     26.0967   

# Frame53

# x        y
1.1388     27.3329   
3.8996     31.2298   
13.9145    9.1109    
8.3442     20.0344   
18.9950    13.3531   
5.1637     26.0967   

# Frame54

# x        y
1.1388     27.3329   
3.8996     31.2298   
13.7747    9.0013    
8.3442     20.0344   
18.9950    13.3978   
5.1637     26.0967   

# Frame55

# x        y
1.1388     27.3329   
3.8996     31.2298   
13.6373    8.8935    
8.3442     20.0344   
18.9950    13.4417   
5.1637     26.0967   

# Frame56

# x        y
1.1388     27.3329   
3.8996     31.2298   
13.5022    8.7874    
8.3442     20.0344   
18.9950    13.4848   
5.1637     26.0967   

# Frame57

# x        y
1.1388     27.3329   
3.8996     31.2298   
13.3694    8.6832    
8.3442     20.0344   
18.9950    13.5273   
5.1637     26.0967   

# Frame58

# x        y
1.1388     27.3329   
3.8996     31.2298   
13.2387    8.5806    
8.3442     20.0344   
18.9950    13.5690   
5.1637     26.0967   

# Frame59

# x        y
1.1388     27.3329   
3.8996     31.2298   
13.1103    8.4798    
8.3442     20.0344   
18.9950    13.6100   
5.1637     26.0967   

# Frame60

# x        y
1.1388     27.3329   
3.8996     31.2298   
12.9839    8.3807    
8.3442     20.0344   
18.9950    13.6504   
5.1637     26.0967   

# Frame61

# x        y
1.1388     27.3329   
3.8996     31.2298   
12.8597    8.2832    
8.3442     20.0344   
18.9950    13.6900   
5.1637     26.0967   

# Frame62

# x        y
1.1388     27.3329   
3.8996     31.2298   
12.7376    8.1874    
8.3442     20.0344   
18.9950    13.7291   
5.1637     26.0967   

# Frame63

# x        y
1.1388     27.3329   
3.8996     31.2298   
12.6174    8.0931    
8.3442     20.0344   
18.9950    13.7674   
5.1637     26.0967   

# Frame64

# x        y
1.1388     27.3329   
3.8996     31.2298   
12.4993    8.0004    
8.3442     20.0344   
18.9950    13.8052   
5.1637     26.0967   

# Frame65

# x        y
1.1388     27.3329   
3.8996     31.2298   
12.3832    7.9093    
8.3442     20.0344   
18.9950    13.8423   
5.1637     26.0967   

# Frame66

# x        y
1.1388     27.3329   
3.8996     31.2298   
12.2690    7.8197    
8.3442     20.0344   
18.9950    13.8787   
5.1637     26.0967   

# Frame67

# x        y
1.1388     27.3329   
3.8996     31.2298   
12.1567    7.7315    
8.3442     20.0344   
18.9950    13.9146   
5.1637     26.0967   

# Frame68

# x        y
1.1388     27.3329   
3.8996     31.2298   
12.0462    7.6449    
8.3442     20.0344   
18.9950    13.9499   
5.1637     26.0967   

# Frame69

# x        y
1.1388     27.3329   
3.8996     31.2298   
11.9377    7.5597    
8.3442     20.0344   
18.9950    13.9846   
5.1637     26.0967   

# Frame70

# x        y
1.1388     27.3329   
3.8996     31.2298   
11.8309    7.4759    
8.3442     20.0344   
18.9950    14.0187   
5.1637     26.0967   

# Frame71

# x        y
1.1388     27.3329   
3.8996     31.2298   
11.7259    7.3935    
8.3442     20.0344   
18.9950    14.0522   
5.1637     26.0967   

# Frame72

# x        y
1.1388     27.3329   
3.8996     31.2298   
11.6226    7.3124    
8.3442     20.0344   
18.9950    14.0852   
5.1637     26.0967   

# Frame73

# x        y
1.1388     27.3329   
3.8996     31.2298   
11.5211    7.2328    
8.3442     20.0344   
18.9950    14.1176   
5.1637     26.0967   

# Frame74

# x        y
1.1388     27.3329   
3.8996     31.2298   
11.4212    7.1544    
8.3442     20.0344   
18.9950    14.1495   
5.1637     26.0967   

# Frame75

# x        y
1.1388     27.3329   
3.8996     31.2298   
11.3231    7.0774    
8.3442     20.0344   
18.9950    14.1809   
5.1637     26.0967   

# Frame76

# x        y
1.1388     27.3329   
3.8996     31.2298   
11.2265    7.0016    
8.3442     20.0344   
18.9950    14.2117   
5.1637     26.0967   

# Frame77

# x        y
1.1388     27.3329   
3.8996     31.2298   
11.1316    6.9271    
8.3442     20.0344   
18.9950    14.2420   
5.1637     26.0967   

# Frame78

# x        y
1.1388     27.3329   
3.8996     31.2298   
11.0382    6.8539    
8.3442     20.0344   
18.9950    14.2719   
5.1637     26.0967   

# Frame79

# x        y
1.1388     27.3329   
3.8996     31.2298   
10.9465    6.7818    
8.3442     20.0344   
18.9950    14.3012   
5.1637     26.0967   

# Frame80

# x        y
1.1388     27.3329   
3.8996     31.2298   
10.8562    6.7110    
8.3442     20.0344   
18.9950    14.3300   
5.1637     26.0967   

# Frame81

# x        y
1.1388     27.3329   
3.8996     31.2298   
10.7674    6.6414    
8.3442     20.0344   
18.9950    14.3584   
5.1637     26.0967   

# Frame82

# x        y
1.1388     27.3329   
3.8996     31.2298   
10.6802    6.5729    
8.3442     20.0344   
18.9950    14.3862   
5.1637     26.0967   

# Frame83

# x        y
1.1388     27.3329   
3.8996     31.2298   
10.5943    6.5055    
8.3442     20.0344   
18.9950    14.4137   
5.1637     26.0967   

# Frame84

# x        y
1.1388     27.3329   
3.8996     31.2298   
10.5099    6.4393    
8.3442     20.0344   
18.9950    14.4406   
5.1637     26.0967   

# Frame85

# x        y
1.1388     27.3329   
3.8996     31.2298   
10.4269    6.3742    
8.3442     20.0344   
18.9950    14.4671   
5.1637     26.0967   

# Frame86

# x        y
1.1388     27.3329   
3.8996     31.2298   
10.3453    6.3101    
8.3442     20.0344   
18.9950    14.4932   
5.1637     26.0967   

# Frame87

# x        y
1.1388     27.3329   
3.8996     31.2298   
10.2651    6.2472    
8.3442     20.0344   
18.9950    14.5188   
5.1637     26.0967   

# Frame88

# x        y
1.1388     27.3329   
3.8996     31.2298   
10.1862    6.1852    
8.3442     20.0344   
18.9950    14.5440   
5.1637     26.0967   

# Frame89

# x        y
1.1388     27.3329   
3.8996     31.2298   
10.1086    6.1243    
8.3442     20.0344   
18.9950    14.5688   
5.1637     26.0967   

# Frame90

# x        y
1.1388     27.3329   
3.8996     31.2298   
10.0323    6.0645    
8.3442     20.0344   
18.9950    14.5932   
5.1637     26.0967   

# Frame91

# x        y
1.1388     27.3329   
3.8996     31.2298   
9.9573     6.0056    
8.3442     20.0344   
18.9950    14.6171   
5.1637     26.0967   

# Frame92

# x        y
1.1388     27.3329   
3.8996     31.2298   
9.8835     5.9477    
8.3442     20.0344   
18.9950    14.6407   
5.1637     26.0967   

# Frame93

# x        y
1.1388     27.3329   
3.8996     31.2298   
9.8110     5.8908    
8.3442     20.0344   
18.9950    14.6639   
5.1637     26.0967   

# Frame94

# x        y
1.1388     27.3329   
3.8996     31.2298   
9.7396     5.8348    
8.3442     20.0344   
18.9950    14.6867   
5.1637     26.0967   

# Frame95

# x        y
1.1388     27.3329   
3.8996     31.2298   
9.6695     5.7797    
8.3442     20.0344   
18.9950    14.7091   
5.1637     26.0967   

# Frame96

# x        y
1.1388     27.3329   
3.8996     31.2298   
9.6005     5.7256    
8.3442     20.0344   
18.9950    14.7311   
5.1637     26.0967   

# Frame97

# x        y
1.1388     27.3329   
3.8996     31.2298   
9.5327     5.6724    
8.3442     20.0344   
18.9950    14.7528   
5.1637     26.0967   

# Frame98

# x        y
1.1388     27.3329   
3.8996     31.2298   
9.4660     5.6200    
8.3442     20.0344   
18.9950    14.7741   
5.1637     26.0967   

# Frame99

# x        y
1.1388     27.3329   
3.8996     31.2298   
9.4004     5.5686    
8.3442     20.0344   
18.9950    14.7950   
5.1637     26.0967   

# Frame100

# x        y
1.1388     27.3329   
3.8996     31.2298   
9.3359     5.5180    
8.3442     20.0344   
18.9950    14.8156   
5.1637     26.0967   

# Frame101

# x        y
1.1388     27.3329   
3.8996     31.2298   
9.2725     5.4682    
8.3442     20.0344   
18.9950    14.8359   
5.1637     26.0967   

# Frame102

# x        y
1.1388     27.3329   
3.8996     31.2298   
9.2101     5.4193    
8.3442     20.0344   
18.9950    14.8558   
5.1637     26.0967   

# Frame103

# x        y
1.1388     27.3329   
3.8996     31.2298   
9.1488     5.3711    
8.3442     20.0344   
18.9950    14.8754   
5.1637     26.0967   

# Frame104

# x        y
1.1388     27.3329   
3.8996     31.2298   
9.0885     5.3238    
8.3442     20.0344   
18.9950    14.8947   
5.1637     26.0967   

# Frame105

# x        y
1.1388     27.3329   
3.8996     31.2298   
9.0292     5.2773    
8.3442     20.0344   
18.9950    14.9136   
5.1637     26.0967   

# Frame106

# x        y
1.1388     27.3329   
3.8996     31.2298   
8.9709     5.2315    
8.3442     20.0344   
18.9950    14.9322   
5.1637     26.0967   

# Frame107

# x        y
1.1388     27.3329   
3.8996     31.2298   
8.9135     5.1865    
8.3442     20.0344   
18.9950    14.9505   
5.1637     26.0967   

# Frame108

# x        y
1.1388     27.3329   
3.8996     31.2298   
8.8571     5.1423    
8.3442     20.0344   
18.9950    14.9686   
5.1637     26.0967   

# Frame109

# x        y
1.1388     27.3329   
3.8996     31.2298   
8.8017     5.0988    
8.3442     20.0344   
18.9950    14.9863   
5.1637     26.0967   

# Frame110

# x        y
1.1388     27.3329   
3.8996     31.2298   
8.7472     5.0560    
8.3442     20.0344   
18.9950    15.0037   
5.1637     26.0967   

# Frame111

# x        y
1.1388     27.3329   
3.8996     31.2298   
8.6936     5.0139    
8.3442     20.0344   
18.9950    15.0208   
5.1637     26.0967   

# Frame112

# x        y
1.1388     27.3329   
3.8996     31.2298   
8.6409     4.9726    
8.3442     20.0344   
18.9950    15.0376   
5.1637     26.0967   

# Frame113

# x        y
1.1388     27.3329   
3.8996     31.2298   
8.5890     4.9319    
8.3442     20.0344   
18.9950    15.0542   
5.1637     26.0967   

# Frame114

# x        y
1.1388     27.3329   
3.8996     31.2298   
8.5381     4.8919    
8.3442     20.0344   
18.9950    15.0705   
5.1637     26.0967   

# Frame115

# x        y
1.1388     27.3329   
3.8996     31.2298   
8.4879     4.8526    
8.3442     20.0344   
18.9950    15.0865   
5.1637     26.0967   

# Frame116

# x        y
1.1388     27.3329   
3.8996     31.2298   
8.4386     4.8139    
8.3442     20.0344   
18.9950    15.1022   
5.1637     26.0967   

# Frame117

# x        y
1.1388     27.3329   
3.8996     31.2298   
8.3902     4.7759    
8.3442     20.0344   
18.9950    15.1177   
5.1637     26.0967   

# Frame118

# x        y
1.1388     27.3329   
3.8996     31.2298   
8.3425     4.7385    
8.3442     20.0344   
18.9950    15.1329   
5.1637     26.0967   

# Frame119

# x        y
1.1388     27.3329   
3.8996     31.2298   
8.2957     4.7017    
8.3442     20.0344   
18.9950    15.1479   
5.1637     26.0967   

# Frame120

# x        y
1.1388     27.3329   
3.8996     31.2298   
8.2496     4.6655    
8.3442     20.0344   
18.9950    15.1626   
5.1637     26.0967   

# Frame121

# x        y
1.1388     27.3329   
3.8996     31.2298   
8.2043     4.6300    
8.3442     20.0344   
18.9950    15.1771   
5.1637     26.0967   

# Frame122

# x        y
1.1388     27.3329   
3.8996     31.2298   
8.1597     4.5950    
8.3442     20.0344   
18.9950    15.1913   
5.1637     26.0967   

# Frame123

# x        y
1.1388     27.3329   
3.8996     31.2298   
8.1159     4.5606    
8.3442     20.0344   
18.9950    15.2053   
5.1637     26.0967   

# Frame124

# x        y
1.1388     27.3329   
3.8996     31.2298   
8.0728     4.5268    
8.3442     20.0344   
18.9950    15.2191   
5.1637     26.0967   

# Frame125

# x        y
1.1388     27.3329   
3.8996     31.2298   
8.0304     4.4935    
8.3442     20.0344   
18.9950    15.2326   
5.1637     26.0967   

# Frame126

# x        y
1.1388     27.3329   
3.8996     31.2298   
7.9888     4.4608    
8.3442     20.0344   
18.9950    15.2459   
5.1637     26.0967   

# Frame127

# x        y
1.1388     27.3329   
3.8996     31.2298   
7.9478     4.4287    
8.3442     20.0344   
18.9950    15.2590   
5.1637     26.0967   

# Frame128

# x        y
1.1388     27.3329   
3.8996     31.2298   
7.9075     4.3971    
8.3442     20.0344   
18.9950    15.2719   
5.1637     26.0967   

# Frame129

# x        y
1.1388     27.3329   
3.8996     31.2298   
7.8679     4.3660    
8.3442     20.0344   
18.9950    15.2845   
5.1637     26.0967   

# Frame130

# x        y
1.1388     27.3329   
3.8996     31.2298   
7.8289     4.3354    
8.3442     20.0344   
18.9950    15.2970   
5.1637     26.0967   

# Frame131

# x        y
1.1388     27.3329   
3.8996     31.2298   
7.7906     4.3054    
8.3442     20.0344   
18.9950    15.3092   
5.1637     26.0967   

# Frame132

# x        y
1.1388     27.3329   
3.8996     31.2298   
7.7530     4.2758    
8.3442     20.0344   
18.9950    15.3212   
5.1637     26.0967   

# Frame133

# x        y
1.1388     27.3329   
3.8996     31.2298   
7.7159     4.2468    
8.3442     20.0344   
18.9950    15.3331   
5.1637     26.0967   

# Frame134

# x        y
1.1388     27.3329   
3.8996     31.2298   
7.6795     4.2182    
8.3442     20.0344   
18.9950    15.3447   
5.1637     26.0967   

# Frame135

# x        y
1.1388     27.3329   
3.8996     31.2298   
7.6437     4.1901    
8.3442     20.0344   
18.9950    15.3562   
5.1637     26.0967   

# Frame136

# x        y
1.1388     27.3329   
3.8996     31.2298   
7.6085     4.1624    
8.3442     20.0344   
18.9950    15.3674   
5.1637     26.0967   

# Frame137

# x        y
1.1388     27.3329   
3.8996     31.2298   
7.5739     4.1353    
8.3442     20.0344   
18.9950    15.3785   
5.1637     26.0967   

# Frame138

# x        y
1.1388     27.3329   
3.8996     31.2298   
7.5398     4.1085    
8.3442     20.0344   
18.9950    15.3893   
5.1637     26.0967   

# Frame139

# x        y
1.1388     27.3329   
3.8996     31.2298   
7.5063     4.0823    
8.3442     20.0344   
18.9950    15.4000   
5.1637     26.0967   

# Frame140

# x        y
1.1388     27.3329   
3.8996     31.2298   
7.4734     4.0564    
8.3442     20.0344   
18.9950    15.4106   
5.1637     26.0967   

# Frame141

# x        y
1.1388     27.3329   
3.8996     31.2298   
7.4410     4.0310    
8.3442     20.0344   
18.9950    15.4209   
5.1637     26.0967   

# Frame142

# x        y
1.1388     27.3329   
3.8996     31.2298   
7.4092     4.0060    
8.3442     20.0344   
18.9950    15.4311   
5.1637     26.0967   

# Frame143

# x        y
1.1388     27.3329   
3.8996     31.2298   
7.3779     3.9815    
8.3442     20.0344   
18.9950    15.4411   
5.1637     26.0967   

# Frame144

# x        y
1.1388     27.3329   
3.8996     31.2298   
7.3471     3.9573    
8.3442     20.0344   
18.9950    15.4509   
5.1637     26.0967   

# Frame145

# x        y
1.1388     27.3329   
3.8996     31.2298   
7.3168     3.9335    
8.3442     20.0344   
18.9950    15.4606   
5.1637     26.0967   

# Frame146

# x        y
1.1388     27.3329   
3.8996     31.2298   
7.2870     3.9102    
8.3442     20.0344   
18.9950    15.4701   
5.1637     26.0967   

# Frame147

# x        y
1.1388     27.3329   
3.8996     31.2298   
7.2578     3.8872    
8.3442     20.0344   
18.9950    15.4794   
5.1637     26.0967   

# Frame148

# x        y
1.1388     27.3329   
3.8996     31.2298   
7.2290     3.8646    
8.3442     20.0344   
18.9950    15.4886   
5.1637     26.0967   

# Frame149

# x        y
1.1388     27.3329   
3.8996     31.2298   
7.2007     3.8424    
8.3442     20.0344   
18.9950    15.4977   
5.1637     26.0967   

# Frame150

# x        y
1.1388     27.3329   
3.8996     31.2298   
7.1728     3.8206    
8.3442     20.0344   
18.9950    15.5066   
5.1637     26.0967   

# Frame151

# x        y
1.1388     27.3329   
3.8996     31.2298   
7.1455     3.7991    
8.3442     20.0344   
18.9950    15.5153   
5.1637     26.0967   

# Frame152

# x        y
1.1388     27.3329   
3.8996     31.2298   
7.1186     3.7780    
8.3442     20.0344   
18.9950    15.5239   
5.1637     26.0967   

# Frame153

# x        y
1.1388     27.3329   
3.8996     31.2298   
7.0921     3.7572    
8.3442     20.0344   
18.9950    15.5323   
5.1637     26.0967   

# Frame154

# x        y
1.1388     27.3329   
3.8996     31.2298   
7.0661     3.7368    
8.3442     20.0344   
18.9950    15.5407   
5.1637     26.0967   

# Frame155

# x        y
1.1388     27.3329   
3.8996     31.2298   
7.0405     3.7167    
8.3442     20.0344   
18.9950    15.5488   
5.1637     26.0967   

# Frame156

# x        y
1.1388     27.3329   
3.8996     31.2298   
7.0153     3.6970    
8.3442     20.0344   
18.9950    15.5569   
5.1637     26.0967   

# Frame157

# x        y
1.1388     27.3329   
3.8996     31.2298   
6.9906     3.6775    
8.3442     20.0344   
18.9950    15.5648   
5.1637     26.0967   

# Frame158

# x        y
1.1388     27.3329   
3.8996     31.2298   
6.9662     3.6584    
8.3442     20.0344   
18.9950    15.5725   
5.1637     26.0967   

# Frame159

# x        y
1.1388     27.3329   
3.8996     31.2298   
6.9423     3.6397    
8.3442     20.0344   
18.9950    15.5802   
5.1637     26.0967   

# Frame160

# x        y
1.1388     27.3329   
3.8996     31.2298   
6.9188     3.6212    
8.3442     20.0344   
18.9950    15.5877   
5.1637     26.0967   

# Frame161

# x        y
1.1388     27.3329   
3.8996     31.2298   
6.8957     3.6031    
8.3442     20.0344   
18.9950    15.5951   
5.1637     26.0967   

# Frame162

# x        y
1.1388     27.3329   
3.8996     31.2298   
6.8729     3.5852    
8.3442     20.0344   
18.9950    15.6024   
5.1637     26.0967   

# Frame163

# x        y
1.1388     27.3329   
3.8996     31.2298   
6.8505     3.5676    
8.3442     20.0344   
18.9950    15.6095   
5.1637     26.0967   

# Frame164

# x        y
1.1388     27.3329   
3.8996     31.2298   
6.8285     3.5504    
8.3442     20.0344   
18.9950    15.6165   
5.1637     26.0967   

# Frame165

# x        y
1.1388     27.3329   
3.8996     31.2298   
6.8069     3.5334    
8.3442     20.0344   
18.9950    15.6234   
5.1637     26.0967   

# Frame166

# x        y
1.1388     27.3329   
3.8996     31.2298   
6.7856     3.5167    
8.3442     20.0344   
18.9950    15.6302   
5.1637     26.0967   

# Frame167

# x        y
1.1388     27.3329   
3.8996     31.2298   
6.7647     3.5003    
8.3442     20.0344   
18.9950    15.6369   
5.1637     26.0967   

# Frame168

# x        y
1.1388     27.3329   
3.8996     31.2298   
6.7442     3.4842    
8.3442     20.0344   
18.9950    15.6435   
5.1637     26.0967   

# Frame169

# x        y
1.1388     27.3329   
3.8996     31.2298   
6.7239     3.4683    
8.3442     20.0344   
18.9950    15.6499   
5.1637     26.0967   

# Frame170

# x        y
1.1388     27.3329   
3.8996     31.2298   
6.7040     3.4527    
8.3442     20.0344   
18.9950    15.6563   
5.1637     26.0967   

# Frame171

# x        y
1.1388     27.3329   
3.8996     31.2298   
6.6845     3.4373    
8.3442     20.0344   
18.9950    15.6625   
5.1637     26.0967   

# Frame172

# x        y
1.1388     27.3329   
3.8996     31.2298   
6.6653     3.4223    
8.3442     20.0344   
18.9950    15.6687   
5.1637     26.0967   

# Frame173

# x        y
1.1388     27.3329   
3.8996     31.2298   
6.6463     3.4074    
8.3442     20.0344   
18.9950    15.6747   
5.1637     26.0967   

# Frame174

# x        y
1.1388     27.3329   
3.8996     31.2298   
6.6278     3.3928    
8.3442     20.0344   
18.9950    15.6807   
5.1637     26.0967   

# Frame175

# x        y
1.1388     27.3329   
3.8996     31.2298   
6.6095     3.3785    
8.3442     20.0344   
18.9950    15.6865   
5.1637     26.0967   

# Frame176

# x        y
1.1388     27.3329   
3.8996     31.2298   
6.5915     3.3644    
8.3442     20.0344   
18.9950    15.6923   
5.1637     26.0967   

# Frame177

# x        y
1.1388     27.3329   
3.8996     31.2298   
6.5738     3.3505    
8.3442     20.0344   
18.9950    15.6979   
5.1637     26.0967   

# Frame178

# x        y
1.1388     27.3329   
3.8996     31.2298   
6.5564     3.3368    
8.3442     20.0344   
18.9950    15.7035   
5.1637     26.0967   

# Frame179

# x        y
1.1388     27.3329   
3.8996     31.2298   
6.5393     3.3234    
8.3442     20.0344   
18.9950    15.7089   
5.1637     26.0967   

# Frame180

# x        y
1.1388     27.3329   
3.8996     31.2298   
6.5225     3.3102    
8.3442     20.0344   
18.9950    15.7143   
5.1637     26.0967   

# Frame181

# x        y
1.1388     27.3329   
3.8996     31.2298   
6.5060     3.2973    
8.3442     20.0344   
18.9950    15.7196   
5.1637     26.0967   

# Frame182

# x        y
1.1388     27.3329   
3.8996     31.2298   
6.4897     3.2845    
8.3442     20.0344   
18.9950    15.7248   
5.1637     26.0967   

# Frame183

# x        y
1.1388     27.3329   
3.8996     31.2298   
6.4737     3.2720    
8.3442     20.0344   
18.9950    15.7299   
5.1637     26.0967   

# Frame184

# x        y
1.1388     27.3329   
3.8996     31.2298   
6.4580     3.2596    
8.3442     20.0344   
18.9950    15.7349   
5.1637     26.0967   

# Frame185

# x        y
1.1388     27.3329   
3.8996     31.2298   
6.4426     3.2475    
8.3442     20.0344   
18.9950    15.7398   
5.1637     26.0967   

# Frame186

# x        y
1.1388     27.3329   
3.8996     31.2298   
6.4274     3.2356    
8.3442     20.0344   
18.9950    15.7447   
5.1637     26.0967   

# Frame187

# x        y
1.1388     27.3329   
3.8996     31.2298   
6.4124     3.2239    
8.3442     20.0344   
18.9950    15.7494   
5.1637     26.0967   

# Frame188

# x        y
1.1388     27.3329   
3.8996     31.2298   
6.3977     3.2123    
8.3442     20.0344   
18.9950    15.7541   
5.1637     26.0967   

# Frame189

# x        y
1.1388     27.3329   
3.8996     31.2298   
6.3833     3.2010    
8.3442     20.0344   
18.9950    15.7588   
5.1637     26.0967   

# Frame190

# x        y
1.1388     27.3329   
3.8996     31.2298   
6.3691     3.1898    
8.3442     20.0344   
18.9950    15.7633   
5.1637     26.0967   

# Frame191

# x        y
1.1388     27.3329   
3.8996     31.2298   
6.3551     3.1789    
8.3442     20.0344   
18.9950    15.7678   
5.1637     26.0967   

# Frame192

# x        y
1.1388     27.3329   
3.8996     31.2298   
6.3414     3.1681    
8.3442     20.0344   
18.9950    15.7721   
5.1637     26.0967   

# Frame193

# x        y
1.1388     27.3329   
3.8996     31.2298   
6.3278     3.1575    
8.3442     20.0344   
18.9950    15.7765   
5.1637     26.0967   

# Frame194

# x        y
1.1388     27.3329   
3.8996     31.2298   
6.3146     3.1471    
8.3442     20.0344   
18.9950    15.7807   
5.1637     26.0967   

# Frame195

# x        y
1.1388     27.3329   
3.8996     31.2298   
6.3015     3.1368    
8.3442     20.0344   
18.9950    15.7849   
5.1637     26.0967   

# Frame196

# x        y
1.1388     27.3329   
3.8996     31.2298   
6.2887     3.1267    
8.3442     20.0344   
18.9950    15.7890   
5.1637     26.0967   

# Frame197

# x        y
1.1388     27.3329   
3.8996     31.2298   
6.2760     3.1168    
8.3442     20.0344   
18.9950    15.7930   
5.1637     26.0967   

# Frame198

# x        y
1.1388     27.3329   
3.8996     31.2298   
6.2636     3.1071    
8.3442     20.0344   
18.9950    15.7970   
5.1637     26.0967   

# Frame199

# x        y
1.1388     27.3329   
3.8996     31.2298   
6.2514     3.0975    
8.3442     20.0344   
18.9950    15.8009   
5.1637     26.0967   

# Frame200

# x        y
1.1388     27.3329   
3.8996     31.2298   
6.2394     3.0880    
8.3442     20.0344   
18.9950    15.8047   
5.1637     26.0967   

# Frame201

# x        y
1.1388     27.3329   
3.8996     31.2298   
6.2276     3.0788    
8.3442     20.0344   
18.9950    15.8085   
5.1637     26.0967   

# Frame202

# x        y
1.1388     27.3329   
3.8996     31.2298   
6.2159     3.0697    
8.3442     20.0344   
18.9950    15.8122   
5.1637     26.0967   

# Frame203

# x        y
1.1388     27.3329   
3.8996     31.2298   
6.2045     3.0607    
8.3442     20.0344   
18.9950    15.8159   
5.1637     26.0967   

# Frame204

# x        y
1.1388     27.3329   
3.8996     31.2298   
6.1933     3.0519    
8.3442     20.0344   
18.9950    15.8194   
5.1637     26.0967   

# Frame205

# x        y
1.1388     27.3329   
3.8996     31.2298   
6.1822     3.0432    
8.3442     20.0344   
18.9950    15.8230   
5.1637     26.0967   

# Frame206

# x        y
1.1388     27.3329   
3.8996     31.2298   
6.1714     3.0347    
8.3442     20.0344   
18.9950    15.8264   
5.1637     26.0967   

# Frame207

# x        y
1.1388     27.3329   
3.8996     31.2298   
6.1607     3.0263    
8.3442     20.0344   
18.9950    15.8298   
5.1637     26.0967   

# Frame208

# x        y
1.1388     27.3329   
3.8996     31.2298   
6.1502     3.0181    
8.3442     20.0344   
18.9950    15.8332   
5.1637     26.0967   

# Frame209

# x        y
1.1388     27.3329   
3.8996     31.2298   
6.1399     3.0100    
8.3442     20.0344   
18.9950    15.8365   
5.1637     26.0967   

# Frame210

# x        y
1.1388     27.3329   
3.8996     31.2298   
6.1297     3.0020    
8.3442     20.0344   
18.9950    15.8397   
5.1637     26.0967   

# Frame211

# x        y
1.1388     27.3329   
3.8996     31.2298   
6.1197     2.9942    
8.3442     20.0344   
18.9950    15.8429   
5.1637     26.0967   

# Frame212

# x        y
1.1388     27.3329   
3.8996     31.2298   
6.1099     2.9865    
8.3442     20.0344   
18.9950    15.8461   
5.1637     26.0967   

# Frame213

# x        y
1.1388     27.3329   
3.8996     31.2298   
6.1003     2.9789    
8.3442     20.0344   
18.9950    15.8492   
5.1637     26.0967   

# Frame214

# x        y
1.1388     27.3329   
3.8996     31.2298   
6.0908     2.9714    
8.3442     20.0344   
18.9950    15.8522   
5.1637     26.0967   

# Frame215

# x        y
1.1388     27.3329   
3.8996     31.2298   
6.0814     2.9641    
8.3442     20.0344   
18.9950    15.8552   
5.1637     26.0967   

# Frame216

# x        y
1.1388     27.3329   
3.8996     31.2298   
6.0723     2.9569    
8.3442     20.0344   
18.9950    15.8581   
5.1637     26.0967   

# Frame217

# x        y
1.1388     27.3329   
3.8996     31.2298   
6.0632     2.9498    
8.3442     20.0344   
18.9950    15.8610   
5.1637     26.0967   

# Frame218

# x        y
1.1388     27.3329   
3.8996     31.2298   
6.0544     2.9429    
8.3442     20.0344   
18.9950    15.8638   
5.1637     26.0967   

# Frame219

# x        y
1.1388     27.3329   
3.8996     31.2298   
6.0456     2.9360    
8.3442     20.0344   
18.9950    15.8666   
5.1637     26.0967   

# Frame220

# x        y
1.1388     27.3329   
3.8996     31.2298   
6.0371     2.9293    
8.3442     20.0344   
18.9950    15.8693   
5.1637     26.0967   

# Frame221

# x        y
1.1388     27.3329   
3.8996     31.2298   
6.0286     2.9227    
8.3442     20.0344   
18.9950    15.8720   
5.1637     26.0967   

# Frame222

# x        y
1.1388     27.3329   
3.8996     31.2298   
6.0203     2.9161    
8.3442     20.0344   
18.9950    15.8747   
5.1637     26.0967   

# Frame223

# x        y
1.1388     27.3329   
3.8996     31.2298   
6.0122     2.9097    
8.3442     20.0344   
18.9950    15.8773   
5.1637     26.0967   

# Frame224

# x        y
1.1388     27.3329   
3.8996     31.2298   
6.0041     2.9034    
8.3442     20.0344   
18.9950    15.8799   
5.1637     26.0967   

# Frame225

# x        y
1.1388     27.3329   
3.8996     31.2298   
5.9962     2.8973    
8.3442     20.0344   
18.9950    15.8824   
5.1637     26.0967   

# Frame226

# x        y
1.1388     27.3329   
3.8996     31.2298   
5.9885     2.8912    
8.3442     20.0344   
18.9950    15.8849   
5.1637     26.0967   

# Frame227

# x        y
1.1388     27.3329   
3.8996     31.2298   
5.9809     2.8852    
8.3442     20.0344   
18.9950    15.8873   
5.1637     26.0967   

# Frame228

# x        y
1.1388     27.3329   
3.8996     31.2298   
5.9733     2.8793    
8.3442     20.0344   
18.9950    15.8897   
5.1637     26.0967   

# Frame229

# x        y
1.1388     27.3329   
3.8996     31.2298   
5.9660     2.8735    
8.3442     20.0344   
18.9950    15.8921   
5.1637     26.0967   

# Frame230

# x        y
1.1388     27.3329   
3.8996     31.2298   
5.9587     2.8678    
8.3442     20.0344   
18.9950    15.8944   
5.1637     26.0967   

# Frame231

# x        y
1.1388     27.3329   
3.8996     31.2298   
5.9516     2.8622    
8.3442     20.0344   
18.9950    15.8967   
5.1637     26.0967   

# Frame232

# x        y
1.1388     27.3329   
3.8996     31.2298   
5.9446     2.8567    
8.3442     20.0344   
18.9950    15.8989   
5.1637     26.0967   

# Frame233

# x        y
1.1388     27.3329   
3.8996     31.2298   
5.9377     2.8513    
8.3442     20.0344   
18.9950    15.9011   
5.1637     26.0967   

# Frame234

# x        y
1.1388     27.3329   
3.8996     31.2298   
5.9309     2.8460    
8.3442     20.0344   
18.9950    15.9033   
5.1637     26.0967   

# Frame235

# x        y
1.1388     27.3329   
3.8996     31.2298   
5.9242     2.8407    
8.3442     20.0344   
18.9950    15.9054   
5.1637     26.0967   

# Frame236

# x        y
1.1388     27.3329   
3.8996     31.2298   
5.9177     2.8356    
8.3442     20.0344   
18.9950    15.9075   
5.1637     26.0967   

# Frame237

# x        y
1.1388     27.3329   
3.8996     31.2298   
5.9112     2.8305    
8.3442     20.0344   
18.9950    15.9095   
5.1637     26.0967   

# Frame238

# x        y
1.1388     27.3329   
3.8996     31.2298   
5.9049     2.8256    
8.3442     20.0344   
18.9950    15.9116   
5.1637     26.0967   

# Frame239

# x        y
1.1388     27.3329   
3.8996     31.2298   
5.8986     2.8207    
8.3442     20.0344   
18.9950    15.9136   
5.1637     26.0967   

# Frame240

# x        y
1.1388     27.3329   
3.8996     31.2298   
5.8925     2.8158    
8.3442     20.0344   
18.9950    15.9155   
5.1637     26.0967   

# Frame241

# x        y
1.1388     27.3329   
3.8996     31.2298   
5.8865     2.8111    
8.3442     20.0344   
18.9950    15.9175   
5.1637     26.0967   

# Frame242

# x        y
1.1388     27.3329   
3.8996     31.2298   
5.8805     2.8065    
8.3442     20.0344   
18.9950    15.9193   
5.1637     26.0967   

# Frame243

# x        y
1.1388     27.3329   
3.8996     31.2298   
5.8747     2.8019    
8.3442     20.0344   
18.9950    15.9212   
5.1637     26.0967   

# Frame244

# x        y
1.1388     27.3329   
3.8996     31.2298   
5.8690     2.7974    
8.3442     20.0344   
18.9950    15.9230   
5.1637     26.0967   

# Frame245

# x        y
1.1388     27.3329   
3.8996     31.2298   
5.8633     2.7930    
8.3442     20.0344   
18.9950    15.9248   
5.1637     26.0967   

# Frame246

# x        y
1.1388     27.3329   
3.8996     31.2298   
5.8578     2.7886    
8.3442     20.0344   
18.9950    15.9266   
5.1637     26.0967   

# Frame247

# x        y
1.1388     27.3329   
3.8996     31.2298   
5.8523     2.7843    
8.3442     20.0344   
18.9950    15.9284   
5.1637     26.0967   

# Frame248

# x        y
1.1388     27.3329   
3.8996     31.2298   
5.8470     2.7801    
8.3442     20.0344   
18.9950    15.9301   
5.1637     26.0967   

# Frame249

# x        y
1.1388     27.3329   
3.8996     31.2298   
5.8417     2.7760    
8.3442     20.0344   
18.9950    15.9317   
5.1637     26.0967   

# Frame250

# x        y
1.1388     27.3329   
3.8996     31.2298   
5.8365     2.7719    
8.3442     20.0344   
18.9950    15.9334   
5.1637     26.0967   

# Frame251

# x        y
1.1388     27.3329   
3.8996     31.2298   
5.8314     2.7679    
8.3442     20.0344   
18.9950    15.9350   
5.1637     26.0967   

# Frame252

# x        y
1.1388     27.3329   
3.8996     31.2298   
5.8264     2.7640    
8.3442     20.0344   
18.9950    15.9366   
5.1637     26.0967   

# Frame253

# x        y
1.1388     27.3329   
3.8996     31.2298   
5.8215     2.7601    
8.3442     20.0344   
18.9950    15.9382   
5.1637     26.0967   

# Frame254

# x        y
1.1388     27.3329   
3.8996     31.2298   
5.8166     2.7563    
8.3442     20.0344   
18.9950    15.9398   
5.1637     26.0967   

# Frame255

# x        y
1.1388     27.3329   
3.8996     31.2298   
5.8119     2.7526    
8.3442     20.0344   
18.9950    15.9413   
5.1637     26.0967   

# Frame256

# x        y
1.1388     27.3329   
3.8996     31.2298   
5.8072     2.7489    
8.3442     20.0344   
18.9950    15.9428   
5.1637     26.0967   

# Frame257

# x        y
1.1388     27.3329   
3.8996     31.2298   
5.8026     2.7453    
8.3442     20.0344   
18.9950    15.9442   
5.1637     26.0967   

# Frame258

# x        y
1.1388     27.3329   
3.8996     31.2298   
5.7980     2.7417    
8.3442     20.0344   
18.9950    15.9457   
5.1637     26.0967   

# Frame259

# x        y
1.1388     27.3329   
3.8996     31.2298   
5.7936     2.7382    
8.3442     20.0344   
18.9950    15.9471   
5.1637     26.0967   

# Frame260

# x        y
1.1388     27.3329   
3.8996     31.2298   
5.7892     2.7348    
8.3442     20.0344   
18.9950    15.9485   
5.1637     26.0967   

# Frame261

# x        y
1.1388     27.3329   
3.8996     31.2298   
5.7849     2.7314    
8.3442     20.0344   
18.9950    15.9499   
5.1637     26.0967   

# Frame262

# x        y
1.1388     27.3329   
3.8996     31.2298   
5.7807     2.7281    
8.3442     20.0344   
18.9950    15.9512   
5.1637     26.0967   

# Frame263

# x        y
1.1388     27.3329   
3.8996     31.2298   
5.7765     2.7248    
8.3442     20.0344   
18.9950    15.9526   
5.1637     26.0967   

# Frame264

# x        y
1.1388     27.3329   
3.8996     31.2298   
5.7724     2.7216    
8.3442     20.0344   
18.9950    15.9539   
5.1637     26.0967   

# Frame265

# x        y
1.1388     27.3329   
3.8996     31.2298   
5.7684     2.7184    
8.3442     20.0344   
18.9950    15.9552   
5.1637     26.0967   

# Frame266

# x        y
1.1388     27.3329   
3.8996     31.2298   
5.7644     2.7153    
8.3442     20.0344   
18.9950    15.9564   
5.1637     26.0967   

# Frame267

# x        y
1.1388     27.3329   
3.8996     31.2298   
5.7605     2.7123    
8.3442     20.0344   
18.9950    15.9577   
5.1637     26.0967   

# Frame268

# x        y
1.1388     27.3329   
3.8996     31.2298   
5.7567     2.7093    
8.3442     20.0344   
18.9950    15.9589   
5.1637     26.0967   

# Frame269

# x        y
1.1388     27.3329   
3.8996     31.2298   
5.7529     2.7063    
8.3442     20.0344   
18.9950    15.9601   
5.1637     26.0967   

# Frame270

# x        y
1.1388     27.3329   
3.8996     31.2298   
5.7492     2.7034    
8.3442     20.0344   
18.9950    15.9613   
5.1637     26.0967   

# Frame271

# x        y
1.1388     27.3329   
3.8996     31.2298   
5.7456     2.7005    
8.3442     20.0344   
18.9950    15.9625   
5.1637     26.0967   

# Frame272

# x        y
1.1388     27.3329   
3.8996     31.2298   
5.7420     2.6977    
8.3442     20.0344   
18.9950    15.9636   
5.1637     26.0967   

# Frame273

# x        y
1.1388     27.3329   
3.8996     31.2298   
5.7385     2.6950    
8.3442     20.0344   
18.9950    15.9647   
5.1637     26.0967   

# Frame274

# x        y
1.1388     27.3329   
3.8996     31.2298   
5.7350     2.6923    
8.3442     20.0344   
18.9950    15.9658   
5.1637     26.0967   

# Frame275

# x        y
1.1388     27.3329   
3.8996     31.2298   
5.7316     2.6896    
8.3442     20.0344   
18.9950    15.9669   
5.1637     26.0967   

# Frame276

# x        y
1.1388     27.3329   
3.8996     31.2298   
5.7283     2.6870    
8.3442     20.0344   
18.9950    15.9680   
5.1637     26.0967   

# Frame277

# x        y
1.1388     27.3329   
3.8996     31.2298   
5.7250     2.6844    
8.3442     20.0344   
18.9950    15.9690   
5.1637     26.0967   

# Frame278

# x        y
1.1388     27.3329   
3.8996     31.2298   
5.7217     2.6818    
8.3442     20.0344   
18.9950    15.9701   
5.1637     26.0967   

# Frame279

# x        y
1.1388     27.3329   
3.8996     31.2298   
5.7185     2.6793    
8.3442     20.0344   
18.9950    15.9711   
5.1637     26.0967   

# Frame280

# x        y
1.1388     27.3329   
3.8996     31.2298   
5.7154     2.6769    
8.3442     20.0344   
18.9950    15.9721   
5.1637     26.0967   

# Frame281

# x        y
1.1388     27.3329   
3.8996     31.2298   
5.7123     2.6745    
8.3442     20.0344   
18.9950    15.9731   
5.1637     26.0967   

# Frame282

# x        y
1.1388     27.3329   
3.8996     31.2298   
5.7093     2.6721    
8.3442     20.0344   
18.9950    15.9740   
5.1637     26.0967   

# Frame283

# x        y
1.1388     27.3329   
3.8996     31.2298   
5.7063     2.6697    
8.3442     20.0344   
18.9950    15.9750   
5.1637     26.0967   

# Frame284

# x        y
1.1388     27.3329   
3.8996     31.2298   
5.7034     2.6675    
8.3442     20.0344   
18.9950    15.9759   
5.1637     26.0967   

# Frame285

# x        y
1.1388     27.3329   
3.8996     31.2298   
5.7005     2.6652    
8.3442     20.0344   
18.9950    15.9768   
5.1637     26.0967   

# Frame286

# x        y
1.1388     27.3329   
3.8996     31.2298   
5.6977     2.6630    
8.3442     20.0344   
18.9950    15.9778   
5.1637     26.0967   

# Frame287

# x        y
1.1388     27.3329   
3.8996     31.2298   
5.6949     2.6608    
8.3442     20.0344   
18.9950    15.9786   
5.1637     26.0967   

# Frame288

# x        y
1.1388     27.3329   
3.8996     31.2298   
5.6922     2.6586    
8.3442     20.0344   
18.9950    15.9795   
5.1637     26.0967   

# Frame289

# x        y
1.1388     27.3329   
3.8996     31.2298   
5.6895     2.6565    
8.3442     20.0344   
18.9950    15.9804   
5.1637     26.0967   

# Frame290

# x        y
1.1388     27.3329   
3.8996     31.2298   
5.6868     2.6545    
8.3442     20.0344   
18.9950    15.9812   
5.1637     26.0967   

# Frame291

# x        y
1.1388     27.3329   
3.8996     31.2298   
5.6842     2.6524    
8.3442     20.0344   
18.9950    15.9821   
5.1637     26.0967   

# Frame292

# x        y
1.1388     27.3329   
3.8996     31.2298   
5.6817     2.6504    
8.3442     20.0344   
18.9950    15.9829   
5.1637     26.0967   

# Frame293

# x        y
1.1388     27.3329   
3.8996     31.2298   
5.6792     2.6484    
8.3442     20.0344   
18.9950    15.9837   
5.1637     26.0967   

# Frame294

# x        y
1.1388     27.3329   
3.8996     31.2298   
5.6767     2.6465    
8.3442     20.0344   
18.9950    15.9845   
5.1637     26.0967   

# Frame295

# x        y
1.1388     27.3329   
3.8996     31.2298   
5.6742     2.6446    
8.3442     20.0344   
18.9950    15.9852   
5.1637     26.0967   

# Frame296

# x        y
1.1388     27.3329   
3.8996     31.2298   
5.6719     2.6427    
8.3442     20.0344   
18.9950    15.9860   
5.1637     26.0967   

# Frame297

# x        y
1.1388     27.3329   
3.8996     31.2298   
5.6695     2.6409    
8.3442     20.0344   
18.9950    15.9868   
5.1637     26.0967   

# Frame298

# x        y
1.1388     27.3329   
3.8996     31.2298   
5.6672     2.6390    
8.3442     20.0344   
18.9950    15.9875   
5.1637     26.0967   

# Frame299

# x        y
1.1388     27.3329   
3.8996     31.2298   
5.6649     2.6372    
8.3442     20.0344   
18.9950    15.9882   
5.1637     26.0967   

# Frame300

# x        y
1.1388     27.3329   
3.8996     31.2298   
5.6627     2.6355    
8.3442     20.0344   
18.9950    15.9889   
5.1637     26.0967   

# Frame301

# x        y
1.1388     27.3329   
3.8996     31.2298   
5.6605     2.6338    
8.3442     20.0344   
18.9950    15.9896   
5.1637     26.0967   

# Frame302

# x        y
1.1388     27.3329   
3.8996     31.2298   
5.6583     2.6321    
8.3442     20.0344   
18.9950    15.9903   
5.1637     26.0967   

# Frame303

# x        y
1.1388     27.3329   
3.8996     31.2298   
5.6562     2.6304    
8.3442     20.0344   
18.9950    15.9910   
5.1637     26.0967   

# Frame304

# x        y
1.1388     27.3329   
3.8996     31.2298   
5.6541     2.6288    
8.3442     20.0344   
18.9950    15.9917   
5.1637     26.0967   

# Frame305

# x        y
1.1388     27.3329   
3.8996     31.2298   
5.6520     2.6271    
8.3442     20.0344   
18.9950    15.9923   
5.1637     26.0967   

# Frame306

# x        y
1.1388     27.3329   
3.8996     31.2298   
5.6500     2.6256    
8.3442     20.0344   
18.9950    15.9930   
5.1637     26.0967   

# Frame307

# x        y
1.1388     27.3329   
3.8996     31.2298   
5.6480     2.6240    
8.3442     20.0344   
18.9950    15.9936   
5.1637     26.0967   

# Frame308

# x        y
1.1388     27.3329   
3.8996     31.2298   
5.6461     2.6225    
8.3442     20.0344   
18.9950    15.9942   
5.1637     26.0967   

# Frame309

# x        y
1.1388     27.3329   
3.8996     31.2298   
5.6441     2.6210    
8.3442     20.0344   
18.9950    15.9949   
5.1637     26.0967   

# Frame310

# x        y
1.1388     27.3329   
3.8996     31.2298   
5.6423     2.6195    
8.3442     20.0344   
18.9950    15.9955   
5.1637     26.0967   

# Frame311

# x        y
1.1388     27.3329   
3.8996     31.2298   
5.6404     2.6180    
8.3442     20.0344   
18.9950    15.9961   
5.1637     26.0967   

# Frame312

# x        y
1.1388     27.3329   
3.8996     31.2298   
5.6386     2.6166    
8.3442     20.0344   
18.9950    15.9966   
5.1637     26.0967   

# Frame313

# x        y
1.1388     27.3329   
3.8996     31.2298   
5.6368     2.6152    
8.3442     20.0344   
18.9950    15.9972   
5.1637     26.0967   

# Frame314

# x        y
1.1388     27.3329   
3.8996     31.2298   
5.6350     2.6138    
8.3442     20.0344   
18.9950    15.9978   
5.1637     26.0967   

# Frame315

# x        y
1.1388     27.3329   
3.8996     31.2298   
5.6333     2.6124    
8.3442     20.0344   
18.9950    15.9983   
5.1637     26.0967   

# Frame316

# x        y
1.1388     27.3329   
3.8996     31.2298   
5.6316     2.6111    
8.3442     20.0344   
18.9950    15.9989   
5.1637     26.0967   

# Frame317

# x        y
1.1388     27.3329   
3.8996     31.2298   
5.6299     2.6098    
8.3442     20.0344   
18.9950    15.9994   
5.1637     26.0967   

# Frame318

# x        y
1.1388     27.3329   
3.8996     31.2298   
5.6282     2.6085    
8.3442     20.0344   
18.9950    15.9999   
5.1637     26.0967   

# Frame319

# x        y
1.1388     27.3329   
3.8996     31.2298   
5.6266     2.6072    
8.3442     20.0344   
18.9950    16.0005   
5.1637     26.0967   

# Frame320

# x        y
1.1388     27.3329   
3.8996     31.2298   
5.6250     2.6059    
8.3442     20.0344   
18.9950    16.0010   
5.1637     26.0967   

# Frame321

# x        y
1.1388     27.3329   
3.8996     31.2298   
5.6234     2.6047    
8.3442     20.0344   
18.9950    16.0015   
5.1637     26.0967   

# Frame322

# x        y
1.1388     27.3329   
3.8996     31.2298   
5.6219     2.6035    
8.3442     20.0344   
18.9950    16.0020   
5.1637     26.0967   

# Frame323

# x        y
1.1388     27.3329   
3.8996     31.2298   
5.6204     2.6023    
8.3442     20.0344   
18.9950    16.0025   
5.1637     26.0967   

# Frame324

# x        y
1.1388     27.3329   
3.8996     31.2298   
5.6189     2.6011    
8.3442     20.0344   
18.9950    16.0029   
5.1637     26.0967   

# Frame325

# x        y
1.1388     27.3329   
3.8996     31.2298   
5.6174     2.6000    
8.3442     20.0344   
18.9950    16.0034   
5.1637     26.0967   

# Frame326

# x        y
1.1388     27.3329   
3.8996     31.2298   
5.6159     2.5988    
8.3442     20.0344   
18.9950    16.0039   
5.1637     26.0967   

# Frame327

# x        y
1.1388     27.3329   
3.8996     31.2298   
5.6145     2.5977    
8.3442     20.0344   
18.9950    16.0043   
5.1637     26.0967   

# Frame328

# x        y
1.1388     27.3329   
3.8996     31.2298   
5.6131     2.5966    
8.3442     20.0344   
18.9950    16.0048   
5.1637     26.0967   

# Frame329

# x        y
1.1388     27.3329   
3.8996     31.2298   
5.6118     2.5955    
8.3442     20.0344   
18.9950    16.0052   
5.1637     26.0967   

# Frame330

# x        y
1.1388     27.3329   
3.8996     31.2298   
5.6104     2.5945    
8.3442     20.0344   
18.9950    16.0056   
5.1637     26.0967   

# Frame331

# x        y
1.1388     27.3329   
3.8996     31.2298   
5.6091     2.5934    
8.3442     20.0344   
18.9950    16.0061   
5.1637     26.0967   

# Frame332

# x        y
1.1388     27.3329   
3.8996     31.2298   
5.6078     2.5924    
8.3442     20.0344   
18.9950    16.0065   
5.1637     26.0967   

# Frame333

# x        y
1.1388     27.3329   
3.8996     31.2298   
5.6065     2.5914    
8.3442     20.0344   
18.9950    16.0069   
5.1637     26.0967   

# Frame334

# x        y
1.1388     27.3329   
3.8996     31.2298   
5.6052     2.5904    
8.3442     20.0344   
18.9950    16.0073   
5.1637     26.0967   

# Frame335

# x        y
1.1388     27.3329   
3.8996     31.2298   
5.6040     2.5894    
8.3442     20.0344   
18.9950    16.0077   
5.1637     26.0967   

# Frame336

# x        y
1.1388     27.3329   
3.8996     31.2298   
5.6028     2.5885    
8.3442     20.0344   
18.9950    16.0081   
5.1637     26.0967   

# Frame337

# x        y
1.1388     27.3329   
3.8996     31.2298   
5.6016     2.5875    
8.3442     20.0344   
18.9950    16.0085   
5.1637     26.0967   

# Frame338

# x        y
1.1388     27.3329   
3.8996     31.2298   
5.6004     2.5866    
8.3442     20.0344   
18.9950    16.0088   
5.1637     26.0967   

# Frame339

# x        y
1.1388     27.3329   
3.8996     31.2298   
5.5992     2.5857    
8.3442     20.0344   
18.9950    16.0092   
5.1637     26.0967   

# Frame340

# x        y
1.1388     27.3329   
3.8996     31.2298   
5.5981     2.5848    
8.3442     20.0344   
18.9950    16.0096   
5.1637     26.0967   

# Frame341

# x        y
1.1388     27.3329   
3.8996     31.2298   
5.5969     2.5839    
8.3442     20.0344   
18.9950    16.0099   
5.1637     26.0967   

# Frame342

# x        y
1.1388     27.3329   
3.8996     31.2298   
5.5958     2.5831    
8.3442     20.0344   
18.9950    16.0103   
5.1637     26.0967   

# Frame343

# x        y
1.1388     27.3329   
3.8996     31.2298   
5.5948     2.5822    
8.3442     20.0344   
18.9950    16.0106   
5.1637     26.0967   

# Frame344

# x        y
1.1388     27.3329   
3.8996     31.2298   
5.5937     2.5814    
8.3442     20.0344   
18.9950    16.0110   
5.1637     26.0967   

# Frame345

# x        y
1.1388     27.3329   
3.8996     31.2298   
5.5926     2.5805    
8.3442     20.0344   
18.9950    16.0113   
5.1637     26.0967   

# Frame346

# x        y
1.1388     27.3329   
3.8996     31.2298   
5.5916     2.5797    
8.3442     20.0344   
18.9950    16.0116   
5.1637     26.0967   

# Frame347

# x        y
1.1388     27.3329   
3.8996     31.2298   
5.5906     2.5789    
8.3442     20.0344   
18.9950    16.0120   
5.1637     26.0967   

# Frame348

# x        y
1.1388     27.3329   
3.8996     31.2298   
5.5896     2.5781    
8.3442     20.0344   
18.9950    16.0123   
5.1637     26.0967   

# Frame349

# x        y
1.1388     27.3329   
3.8996     31.2298   
5.5886     2.5774    
8.3442     20.0344   
18.9950    16.0126   
5.1637     26.0967   

# Frame350

# x        y
1.1388     27.3329   
3.8996     31.2298   
5.5876     2.5766    
8.3442     20.0344   
18.9950    16.0129   
5.1637     26.0967   

# Frame351

# x        y
1.1388     27.3329   
3.8996     31.2298   
5.5867     2.5759    
8.3442     20.0344   
18.9950    16.0132   
5.1637     26.0967   

# Frame352

# x        y
1.1388     27.3329   
3.8996     31.2298   
5.5858     2.5751    
8.3442     20.0344   
18.9950    16.0135   
5.1637     26.0967   

# Frame353

# x        y
1.1388     27.3329   
3.8996     31.2298   
5.5848     2.5744    
8.3442     20.0344   
18.9950    16.0138   
5.1637     26.0967   

# Frame354

# x        y
1.1388     27.3329   
3.8996     31.2298   
5.5839     2.5737    
8.3442     20.0344   
18.9950    16.0141   
5.1637     26.0967   

# Frame355

# x        y
1.1388     27.3329   
3.8996     31.2298   
5.5831     2.5730    
8.3442     20.0344   
18.9950    16.0144   
5.1637     26.0967   

# Frame356

# x        y
1.1388     27.3329   
3.8996     31.2298   
5.5822     2.5723    
8.3442     20.0344   
18.9950    16.0147   
5.1637     26.0967   

# Frame357

# x        y
1.1388     27.3329   
3.8996     31.2298   
5.5813     2.5717    
8.3442     20.0344   
18.9950    16.0149   
5.1637     26.0967   

# Frame358

# x        y
1.1388     27.3329   
3.8996     31.2298   
5.5805     2.5710    
8.3442     20.0344   
18.9950    16.0152   
5.1637     26.0967   

# Frame359

# x        y
1.1388     27.3329   
3.8996     31.2298   
5.5797     2.5703    
8.3442     20.0344   
18.9950    16.0155   
5.1637     26.0967   

# Frame360

# x        y
1.1388     27.3329   
3.8996     31.2298   
5.5788     2.5697    
8.3442     20.0344   
18.9950    16.0157   
5.1637     26.0967   

# Frame361

# x        y
1.1388     27.3329   
3.8996     31.2298   
5.5780     2.5691    
8.3442     20.0344   
18.9950    16.0160   
5.1637     26.0967   

# Frame362

# x        y
1.1388     27.3329   
3.8996     31.2298   
5.5772     2.5685    
8.3442     20.0344   
18.9950    16.0162   
5.1637     26.0967   

# Frame363

# x        y
1.1388     27.3329   
3.8996     31.2298   
5.5765     2.5678    
8.3442     20.0344   
18.9950    16.0165   
5.1637     26.0967   

# Frame364

# x        y
1.1388     27.3329   
3.8996     31.2298   
5.5757     2.5672    
8.3442     20.0344   
18.9950    16.0167   
5.1637     26.0967   

# Frame365

# x        y
1.1388     27.3329   
3.8996     31.2298   
5.5750     2.5667    
8.3442     20.0344   
18.9950    16.0170   
5.1637     26.0967   

# Frame366

# x        y
1.1388     27.3329   
3.8996     31.2298   
5.5742     2.5661    
8.3442     20.0344   
18.9950    16.0172   
5.1637     26.0967   

# Frame367

# x        y
1.1388     27.3329   
3.8996     31.2298   
5.5735     2.5655    
8.3442     20.0344   
18.9950    16.0174   
5.1637     26.0967   

# Frame368

# x        y
1.1388     27.3329   
3.8996     31.2298   
5.5728     2.5650    
8.3442     20.0344   
18.9950    16.0177   
5.1637     26.0967   

# Frame369

# x        y
1.1388     27.3329   
3.8996     31.2298   
5.5721     2.5644    
8.3442     20.0344   
18.9950    16.0179   
5.1637     26.0967   

# Frame370

# x        y
1.1388     27.3329   
3.8996     31.2298   
5.5714     2.5639    
8.3442     20.0344   
18.9950    16.0181   
5.1637     26.0967   

# Frame371

# x        y
1.1388     27.3329   
3.8996     31.2298   
5.5707     2.5633    
8.3442     20.0344   
18.9950    16.0183   
5.1637     26.0967   

# Frame372

# x        y
1.1388     27.3329   
3.8996     31.2298   
5.5700     2.5628    
8.3442     20.0344   
18.9950    16.0185   
5.1637     26.0967   

# Frame373

# x        y
1.1388     27.3329   
3.8996     31.2298   
5.5694     2.5623    
8.3442     20.0344   
18.9950    16.0187   
5.1637     26.0967   

# Frame374

# x        y
1.1388     27.3329   
3.8996     31.2298   
5.5687     2.5618    
8.3442     20.0344   
18.9950    16.0189   
5.1637     26.0967   

# Frame375

# x        y
1.1388     27.3329   
3.8996     31.2298   
5.5681     2.5613    
8.3442     20.0344   
18.9950    16.0191   
5.1637     26.0967   

# Frame376

# x        y
1.1388     27.3329   
3.8996     31.2298   
5.5675     2.5608    
8.3442     20.0344   
18.9950    16.0193   
5.1637     26.0967   

# Frame377

# x        y
1.1388     27.3329   
3.8996     31.2298   
5.5669     2.5603    
8.3442     20.0344   
18.9950    16.0195   
5.1637     26.0967   

# Frame378

# x        y
1.1388     27.3329   
3.8996     31.2298   
5.5663     2.5598    
8.3442     20.0344   
18.9950    16.0197   
5.1637     26.0967   

# Frame379

# x        y
1.1388     27.3329   
3.8996     31.2298   
5.5657     2.5594    
8.3442     20.0344   
18.9950    16.0199   
5.1637     26.0967   

# Frame380

# x        y
1.1388     27.3329   
3.8996     31.2298   
5.5651     2.5589    
8.3442     20.0344   
18.9950    16.0201   
5.1637     26.0967   

# Frame381

# x        y
1.1388     27.3329   
3.8996     31.2298   
5.5645     2.5585    
8.3442     20.0344   
18.9950    16.0203   
5.1637     26.0967   

# Frame382

# x        y
1.1388     27.3329   
3.8996     31.2298   
5.5640     2.5580    
8.3442     20.0344   
18.9950    16.0205   
5.1637     26.0967   

# Frame383

# x        y
1.1388     27.3329   
3.8996     31.2298   
5.5634     2.5576    
8.3442     20.0344   
18.9950    16.0207   
5.1637     26.0967   

# Frame384

# x        y
1.1388     27.3329   
3.8996     31.2298   
5.5629     2.5572    
8.3442     20.0344   
18.9950    16.0208   
5.1637     26.0967   

# Frame385

# x        y
1.1388     27.3329   
3.8996     31.2298   
5.5623     2.5567    
8.3442     20.0344   
18.9950    16.0210   
5.1637     26.0967   

# Frame386

# x        y
1.1388     27.3329   
3.8996     31.2298   
5.5618     2.5563    
8.3442     20.0344   
18.9950    16.0212   
5.1637     26.0967   

# Frame387

# x        y
1.1388     27.3329   
3.8996     31.2298   
5.5613     2.5559    
8.3442     20.0344   
18.9950    16.0213   
5.1637     26.0967   

# Frame388

# x        y
1.1388     27.3329   
3.8996     31.2298   
5.5608     2.5555    
8.3442     20.0344   
18.9950    16.0215   
5.1637     26.0967   

# Frame389

# x        y
1.1388     27.3329   
3.8996     31.2298   
5.5603     2.5551    
8.3442     20.0344   
18.9950    16.0217   
5.1637     26.0967   

# Frame390

# x        y
1.1388     27.3329   
3.8996     31.2298   
5.5598     2.5547    
8.3442     20.0344   
18.9950    16.0218   
5.1637     26.0967   

# Frame391

# x        y
1.1388     27.3329   
3.8996     31.2298   
5.5593     2.5544    
8.3442     20.0344   
18.9950    16.0220   
5.1637     26.0967   

# Frame392

# x        y
1.1388     27.3329   
3.8996     31.2298   
5.5588     2.5540    
8.3442     20.0344   
18.9950    16.0221   
5.1637     26.0967   

# Frame393

# x        y
1.1388     27.3329   
3.8996     31.2298   
5.5583     2.5536    
8.3442     20.0344   
18.9950    16.0223   
5.1637     26.0967   

# Frame394

# x        y
1.1388     27.3329   
3.8996     31.2298   
5.5579     2.5533    
8.3442     20.0344   
18.9950    16.0224   
5.1637     26.0967   

# Frame395

# x        y
1.1388     27.3329   
3.8996     31.2298   
5.5574     2.5529    
8.3442     20.0344   
18.9950    16.0226   
5.1637     26.0967   

# Frame396

# x        y
1.1388     27.3329   
3.8996     31.2298   
5.5570     2.5526    
8.3442     20.0344   
18.9950    16.0227   
5.1637     26.0967   

# Frame397

# x        y
1.1388     27.3329   
3.8996     31.2298   
5.5565     2.5522    
8.3442     20.0344   
18.9950    16.0228   
5.1637     26.0967   

# Frame398

# x        y
1.1388     27.3329   
3.8996     31.2298   
5.5561     2.5519    
8.3442     20.0344   
18.9950    16.0230   
5.1637     26.0967   

# Frame399

# x        y
1.1388     27.3329   
3.8996     31.2298   
5.5557     2.5515    
8.3442     20.0344   
18.9950    16.0231   
5.1637     26.0967   

# Frame400

# x        y
1.1388     27.3329   
3.8996     31.2298   
5.5553     2.5512    
8.3442     20.0344   
18.9950    16.0232   
5.1637     26.0967   

# Frame401

# x        y
1.1388     27.3329   
3.8996     31.2298   
5.5549     2.5509    
8.3442     20.0344   
18.9950    16.0234   
5.1637     26.0967   

# Frame402

# x        y
1.1388     27.3329   
3.8996     31.2298   
5.5545     2.5506    
8.3442     20.0344   
18.9950    16.0235   
5.1637     26.0967   

# Frame403

# x        y
1.1388     27.3329   
3.8996     31.2298   
5.5541     2.5503    
8.3442     20.0344   
18.9950    16.0236   
5.1637     26.0967   

# Frame404

# x        y
1.1388     27.3329   
3.8996     31.2298   
5.5537     2.5500    
8.3442     20.0344   
18.9950    16.0238   
5.1637     26.0967   

# Frame405

# x        y
1.1388     27.3329   
3.8996     31.2298   
5.5533     2.5497    
8.3442     20.0344   
18.9950    16.0239   
5.1637     26.0967   

# Frame406

# x        y
1.1388     27.3329   
3.8996     31.2298   
5.5529     2.5494    
8.3442     20.0344   
18.9950    16.0240   
5.1637     26.0967   

# Frame407

# x        y
1.1388     27.3329   
3.8996     31.2298   
5.5525     2.5491    
8.3442     20.0344   
18.9950    16.0241   
5.1637     26.0967   

# Frame408

# x        y
1.1388     27.3329   
3.8996     31.2298   
5.5522     2.5488    
8.3442     20.0344   
18.9950    16.0242   
5.1637     26.0967   

# Frame409

# x        y
1.1388     27.3329   
3.8996     31.2298   
5.5518     2.5485    
8.3442     20.0344   
18.9950    16.0243   
5.1637     26.0967   

# Frame410

# x        y
1.1388     27.3329   
3.8996     31.2298   
5.5515     2.5482    
8.3442     20.0344   
18.9950    16.0245   
5.1637     26.0967   

# Frame411

# x        y
1.1388     27.3329   
3.8996     31.2298   
5.5511     2.5480    
8.3442     20.0344   
18.9950    16.0246   
5.1637     26.0967   

# Frame412

# x        y
1.1388     27.3329   
3.8996     31.2298   
5.5508     2.5477    
8.3442     20.0344   
18.9950    16.0247   
5.1637     26.0967   

# Frame413

# x        y
1.1388     27.3329   
3.8996     31.2298   
5.5504     2.5474    
8.3442     20.0344   
18.9950    16.0248   
5.1637     26.0967   

# Frame414

# x        y
1.1388     27.3329   
3.8996     31.2298   
5.5501     2.5472    
8.3442     20.0344   
18.9950    16.0249   
5.1637     26.0967   

# Frame415

# x        y
1.1388     27.3329   
3.8996     31.2298   
5.5498     2.5469    
8.3442     20.0344   
18.9950    16.0250   
5.1637     26.0967   

# Frame416

# x        y
1.1388     27.3329   
3.8996     31.2298   
5.5495     2.5467    
8.3442     20.0344   
18.9950    16.0251   
5.1637     26.0967   

# Frame417

# x        y
1.1388     27.3329   
3.8996     31.2298   
5.5492     2.5464    
8.3442     20.0344   
18.9950    16.0251   
5.1637     26.0967   

# Frame418

# x        y
1.1388     27.3329   
3.8996     31.2298   
5.5489     2.5462    
8.3442     20.0344   
18.9950    16.0251   
5.1637     26.0967   

# Frame419

# x        y
1.1388     27.3329   
3.8996     31.2298   
5.5485     2.5459    
8.3442     20.0344   
18.9950    16.0251   
5.1637     26.0967   

# Frame420

# x        y
1.1388     27.3329   
3.8996     31.2298   
5.5483     2.5457    
8.3442     20.0344   
18.9950    16.0251   
5.1637     26.0967   

# Frame421

# x        y
1.1388     27.3329   
3.8996     31.2298   
5.5480     2.5455    
8.3442     20.0344   
18.9950    16.0251   
5.1637     26.0967   

# Frame422

# x        y
1.1388     27.3329   
3.8996     31.2298   
5.5477     2.5452    
8.3442     20.0344   
18.9950    16.0251   
5.1637     26.0967   

# Frame423

# x        y
1.1388     27.3329   
3.8996     31.2298   
5.5474     2.5450    
8.3442     20.0344   
18.9950    16.0251   
5.1637     26.0967   

# Frame424

# x        y
1.1388     27.3329   
3.8996     31.2298   
5.5471     2.5448    
8.3442     20.0344   
18.9950    16.0251   
5.1637     26.0967   

# Frame425

# x        y
1.1388     27.3329   
3.8996     31.2298   
5.5468     2.5446    
8.3442     20.0344   
18.9950    16.0251   
5.1637     26.0967   

# Frame426

# x        y
1.1388     27.3329   
3.8996     31.2298   
5.5466     2.5444    
8.3442     20.0344   
18.9950    16.0251   
5.1637     26.0967   

# Frame427

# x        y
1.1388     27.3329   
3.8996     31.2298   
5.5463     2.5442    
8.3442     20.0344   
18.9950    16.0251   
5.1637     26.0967   

# Frame428

# x        y
1.1388     27.3329   
3.8996     31.2298   
5.5460     2.5440    
8.3442     20.0344   
18.9950    16.0251   
5.1637     26.0967   

# Frame429

# x        y
1.1388     27.3329   
3.8996     31.2298   
5.5458     2.5438    
8.3442     20.0344   
18.9950    16.0251   
5.1637     26.0967   

# Frame430

# x        y
1.1388     27.3329   
3.8996     31.2298   
5.5455     2.5436    
8.3442     20.0344   
18.9950    16.0251   
5.1637     26.0967   

# Frame431

# x        y
1.1388     27.3329   
3.8996     31.2298   
5.5453     2.5434    
8.3442     20.0344   
18.9950    16.0251   
5.1637     26.0967   

# Frame432

# x        y
1.1388     27.3329   
3.8996     31.2298   
5.5450     2.5432    
8.3442     20.0344   
18.9950    16.0251   
5.1637     26.0967   

# Frame433

# x        y
1.1388     27.3329   
3.8996     31.2298   
5.5448     2.5430    
8.3442     20.0344   
18.9950    16.0251   
5.1637     26.0967   

# Frame434

# x        y
1.1388     27.3329   
3.8996     31.2298   
5.5446     2.5428    
8.3442     20.0344   
18.9950    16.0251   
5.1637     26.0967   

# Frame435

# x        y
1.1388     27.3329   
3.8996     31.2298   
5.5443     2.5426    
8.3442     20.0344   
18.9950    16.0251   
5.1637     26.0967   

# Frame436

# x        y
1.1388     27.3329   
3.8996     31.2298   
5.5441     2.5425    
8.3442     20.0344   
18.9950    16.0251   
5.1637     26.0967   

# Frame437

# x        y
1.1388     27.3329   
3.8996     31.2298   
5.5439     2.5423    
8.3442     20.0344   
18.9950    16.0251   
5.1637     26.0967   

# Frame438

# x        y
1.1388     27.3329   
3.8996     31.2298   
5.5437     2.5421    
8.3442     20.0344   
18.9950    16.0251   
5.1637     26.0967   

# Frame439

# x        y
1.1388     27.3329   
3.8996     31.2298   
5.5434     2.5419    
8.3442     20.0344   
18.9950    16.0251   
5.1637     26.0967   

# Frame440

# x        y
1.1388     27.3329   
3.8996     31.2298   
5.5432     2.5418    
8.3442     20.0344   
18.9950    16.0251   
5.1637     26.0967   

# Frame441

# x        y
1.1388     27.3329   
3.8996     31.2298   
5.5430     2.5416    
8.3442     20.0344   
18.9950    16.0251   
5.1637     26.0967   

# Frame442

# x        y
1.1388     27.3329   
3.8996     31.2298   
5.5428     2.5414    
8.3442     20.0344   
18.9950    16.0251   
5.1637     26.0967   

# Frame443

# x        y
1.1388     27.3329   
3.8996     31.2298   
5.5426     2.5413    
8.3442     20.0344   
18.9950    16.0251   
5.1637     26.0967   

# Frame444

# x        y
1.1388     27.3329   
3.8996     31.2298   
5.5424     2.5411    
8.3442     20.0344   
18.9950    16.0251   
5.1637     26.0967   

# Frame445

# x        y
1.1388     27.3329   
3.8996     31.2298   
5.5422     2.5410    
8.3442     20.0344   
18.9950    16.0251   
5.1637     26.0967   

# Frame446

# x        y
1.1388     27.3329   
3.8996     31.2298   
5.5420     2.5408    
8.3442     20.0344   
18.9950    16.0251   
5.1637     26.0967   

# Frame447

# x        y
1.1388     27.3329   
3.8996     31.2298   
5.5418     2.5407    
8.3442     20.0344   
18.9950    16.0251   
5.1637     26.0967   

# Frame448

# x        y
1.1388     27.3329   
3.8996     31.2298   
5.5417     2.5405    
8.3442     20.0344   
18.9950    16.0251   
5.1637     26.0967   

# Frame449

# x        y
1.1388     27.3329   
3.8996     31.2298   
5.5415     2.5404    
8.3442     20.0344   
18.9950    16.0251   
5.1637     26.0967   

# Frame450

# x        y
1.1388     27.3329   
3.8996     31.2298   
5.5413     2.5402    
8.3442     20.0344   
18.9950    16.0251   
5.1637     26.0967   

# Frame451

# x        y
1.1388     27.3329   
3.8996     31.2298   
5.5411     2.5401    
8.3442     20.0344   
18.9950    16.0251   
5.1637     26.0967   

# Frame452

# x        y
1.1388     27.3329   
3.8996     31.2298   
5.5409     2.5400    
8.3442     20.0344   
18.9950    16.0251   
5.1637     26.0967   

# Frame453

# x        y
1.1388     27.3329   
3.8996     31.2298   
5.5408     2.5398    
8.3442     20.0344   
18.9950    16.0251   
5.1637     26.0967   

# Frame454

# x        y
1.1388     27.3329   
3.8996     31.2298   
5.5406     2.5397    
8.3442     20.0344   
18.9950    16.0251   
5.1637     26.0967   

# Frame455

# x        y
1.1388     27.3329   
3.8996     31.2298   
5.5404     2.5396    
8.3442     20.0344   
18.9950    16.0251   
5.1637     26.0967   

# Frame456

# x        y
1.1388     27.3329   
3.8996     31.2298   
5.5403     2.5394    
8.3442     20.0344   
18.9950    16.0251   
5.1637     26.0967   

# Frame457

# x        y
1.1388     27.3329   
3.8996     31.2298   
5.5401     2.5393    
8.3442     20.0344   
18.9950    16.0251   
5.1637     26.0967   

# Frame458

# x        y
1.1388     27.3329   
3.8996     31.2298   
5.5400     2.5392    
8.3442     20.0344   
18.9950    16.0251   
5.1637     26.0967   

# Frame459

# x        y
1.1388     27.3329   
3.8996     31.2298   
5.5398     2.5391    
8.3442     20.0344   
18.9950    16.0251   
5.1637     26.0967   

# Frame460

# x        y
1.1388     27.3329   
3.8996     31.2298   
5.5397     2.5390    
8.3442     20.0344   
18.9950    16.0251   
5.1637     26.0967   

# Frame461

# x        y
1.1388     27.3329   
3.8996     31.2298   
5.5395     2.5388    
8.3442     20.0344   
18.9950    16.0251   
5.1637     26.0967   

# Frame462

# x        y
1.1388     27.3329   
3.8996     31.2298   
5.5394     2.5387    
8.3442     20.0344   
18.9950    16.0251   
5.1637     26.0967   

# Frame463

# x        y
1.1388     27.3329   
3.8996     31.2298   
5.5392     2.5386    
8.3442     20.0344   
18.9950    16.0251   
5.1637     26.0967   

# Frame464

# x        y
1.1388     27.3329   
3.8996     31.2298   
5.5391     2.5385    
8.3442     20.0344   
18.9950    16.0251   
5.1637     26.0967   

# Frame465

# x        y
1.1388     27.3329   
3.8996     31.2298   
5.5389     2.5384    
8.3442     20.0344   
18.9950    16.0251   
5.1637     26.0967   

# Frame466

# x        y
1.1388     27.3329   
3.8996     31.2298   
5.5388     2.5383    
8.3442     20.0344   
18.9950    16.0251   
5.1637     26.0967   

# Frame467

# x        y
1.1388     27.3329   
3.8996     31.2298   
5.5387     2.5382    
8.3442     20.0344   
18.9950    16.0251   
5.1637     26.0967   

# Frame468

# x        y
1.1388     27.3329   
3.8996     31.2298   
5.5385     2.5381    
8.3442     20.0344   
18.9950    16.0251   
5.1637     26.0967   

# Frame469

# x        y
1.1388     27.3329   
3.8996     31.2298   
5.5384     2.5380    
8.3442     20.0344   
18.9950    16.0251   
5.1637     26.0967   

# Frame470

# x        y
1.1388     27.3329   
3.8996     31.2298   
5.5383     2.5379    
8.3442     20.0344   
18.9950    16.0251   
5.1637     26.0967   

# Frame471

# x        y
1.1388     27.3329   
3.8996     31.2298   
5.5381     2.5378    
8.3442     20.0344   
18.9950    16.0251   
5.1637     26.0967   

# Frame472

# x        y
1.1388     27.3329   
3.8996     31.2298   
5.5380     2.5377    
8.3442     20.0344   
18.9950    16.0251   
5.1637     26.0967   

# Frame473

# x        y
1.1388     27.3329   
3.8996     31.2298   
5.5379     2.5376    
8.3442     20.0344   
18.9950    16.0251   
5.1637     26.0967   

# Frame474

# x        y
1.1388     27.3329   
3.8996     31.2298   
5.5378     2.5375    
8.3442     20.0344   
18.9950    16.0251   
5.1637     26.0967   

# Frame475

# x        y
1.1388     27.3329   
3.8996     31.2298   
5.5377     2.5374    
8.3442     20.0344   
18.9950    16.0251   
5.1637     26.0967   

# Frame476

# x        y
1.1388     27.3329   
3.8996     31.2298   
5.5375     2.5373    
8.3442     20.0344   
18.9950    16.0251   
5.1637     26.0967   

# Frame477

# x        y
1.1388     27.3329   
3.8996     31.2298   
5.5374     2.5372    
8.3442     20.0344   
18.9950    16.0251   
5.1637     26.0967   

# Frame478

# x        y
1.1388     27.3329   
3.8996     31.2298   
5.5373     2.5371    
8.3442     20.0344   
18.9950    16.0251   
5.1637     26.0967   

# Frame479

# x        y
1.1388     27.3329   
3.8996     31.2298   
5.5372     2.5370    
8.3442     20.0344   
18.9950    16.0251   
5.1637     26.0967   

# Frame480

# x        y
1.1388     27.3329   
3.8996     31.2298   
5.5371     2.5369    
8.3442     20.0344   
18.9950    16.0251   
5.1637     26.0967   

# Frame481

# x        y
1.1388     27.3329   
3.8996     31.2298   
5.5370     2.5369    
8.3442     20.0344   
18.9950    16.0251   
5.1637     26.0967   

# Frame482

# x        y
1.1388     27.3329   
3.8996     31.2298   
5.5369     2.5368    
8.3442     20.0344   
18.9950    16.0251   
5.1637     26.0967   

# Frame483

# x        y
1.1388     27.3329   
3.8996     31.2298   
5.5368     2.5367    
8.3442     20.0344   
18.9950    16.0251   
5.1637     26.0967   

# Frame484

# x        y
1.1388     27.3329   
3.8996     31.2298   
5.5367     2.5366    
8.3442     20.0344   
18.9950    16.0251   
5.1637     26.0967   

# Frame485

# x        y
1.1388     27.3329   
3.8996     31.2298   
5.5366     2.5365    
8.3442     20.0344   
18.9950    16.0251   
5.1637     26.0967   

# Frame486

# x        y
1.1388     27.3329   
3.8996     31.2298   
5.5365     2.5365    
8.3442     20.0344   
18.9950    16.0251   
5.1637     26.0967   

# Frame487

# x        y
1.1388     27.3329   
3.8996     31.2298   
5.5364     2.5364    
8.3442     20.0344   
18.9950    16.0251   
5.1637     26.0967   

# Frame488

# x        y
1.1388     27.3329   
3.8996     31.2298   
5.5363     2.5363    
8.3442     20.0344   
18.9950    16.0251   
5.1637     26.0967   

# Frame489

# x        y
1.1388     27.3329   
3.8996     31.2298   
5.5362     2.5362    
8.3442     20.0344   
18.9950    16.0251   
5.1637     26.0967   

# Frame490

# x        y
1.1388     27.3329   
3.8996     31.2298   
5.5361     2.5362    
8.3442     20.0344   
18.9950    16.0251   
5.1637     26.0967   

# Frame491

# x        y
1.1388     27.3329   
3.8996     31.2298   
5.5360     2.5361    
8.3442     20.0344   
18.9950    16.0251   
5.1637     26.0967   

# Frame492

# x        y
1.1388     27.3329   
3.8996     31.2298   
5.5359     2.5360    
8.3442     20.0344   
18.9950    16.0251   
5.1637     26.0967   

# Frame493

# x        y
1.1388     27.3329   
3.8996     31.2298   
5.5358     2.5360    
8.3442     20.0344   
18.9950    16.0251   
5.1637     26.0967   

# Frame494

# x        y
1.1388     27.3329   
3.8996     31.2298   
5.5357     2.5359    
8.3442     20.0344   
18.9950    16.0251   
5.1637     26.0967   

# Frame495

# x        y
1.1388     27.3329   
3.8996     31.2298   
5.5357     2.5358    
8.3442     20.0344   
18.9950    16.0251   
5.1637     26.0967   

# Frame496

# x        y
1.1388     27.3329   
3.8996     31.2298   
5.5356     2.5358    
8.3442     20.0344   
18.9950    16.0251   
5.1637     26.0967   

# Frame497

# x        y
1.1388     27.3329   
3.8996     31.2298   
5.5355     2.5357    
8.3442     20.0344   
18.9950    16.0251   
5.1637     26.0967   

# Frame498

# x        y
1.1388     27.3329   
3.8996     31.2298   
5.5354     2.5356    
8.3442     20.0344   
18.9950    16.0251   
5.1637     26.0967   

# Frame499

