# x        y
18.2471    18.9632   
11.5856    25.6689   
9.8738     33.6670   
8.5175     1.0046    
9.8491     26.6498   
13.5832    6.8951    

# Frame1

# x        y
18.2471    18.9632   
11.5857    25.6688   
9.8738     33.6670   
7.1309     2.4459    
9.8490     26.6498   
13.5832    6.8951    

# Frame2

# x        y
18.2471    18.9632   
11.5857    25.6688   
9.8738     33.6670   
5.7674     3.8632    
9.8490     26.6498   
13.5832    6.8951    

# Frame3

# x        y
18.2471    18.9632   
11.5857    25.6688   
9.8738     33.6670   
4.4267     5.2569    
9.8489     26.6499   
13.5832    6.8951    

# Frame4

# x        y
18.2471    18.9632   
11.5858    25.6688   
9.8738     33.6670   
3.1083     6.6273    
9.8489     26.6499   
13.5832    6.8951    

# Frame5

# x        y
18.2471    18.9632   
11.5858    25.6688   
9.8738     33.6670   
1.8119     7.9750    
9.8489     26.6499   
13.5832    6.8951    

# Frame6

# x        y
18.2471    18.9632   
11.5858    25.6688   
9.8738     33.6670   
1.2338     9.2998    
9.8489     26.6499   
13.5832    6.8951    

# Frame7

# x        y
18.2471    18.9632   
11.5858    25.6688   
9.8738     33.6670   
1.8606     10.6020   
9.8489     26.6499   
13.5832    6.8951    

# Frame8

# x        y
18.2471    18.9632   
11.5858    25.6688   
9.8738     33.6670   
2.4769     11.8825   
9.8489     26.6499   
13.5832    6.8951    

# Frame9

# x        y
18.2471    18.9632   
11.5858    25.6688   
9.8738     33.6670   
3.0830     13.1416   
9.8489     26.6499   
13.5832    6.8951    

# Frame10

# x        y
18.2471    18.9632   
11.5858    25.6687   
9.8738     33.6670   
3.6789     14.3797   
9.8488     26.6499   
13.5832    6.8951    

# Frame11

# x        y
18.2471    18.9632   
11.5858    25.6687   
9.8738     33.6670   
4.2650     15.5973   
9.8488     26.6499   
13.5832    6.8951    

# Frame12

# x        y
18.2471    18.9632   
11.5858    25.6687   
9.8738     33.6670   
4.8412     16.7945   
9.8488     26.6499   
13.5832    6.8951    

# Frame13

# x        y
18.2471    18.9632   
11.5858    25.6687   
9.8738     33.6670   
5.4079     17.9718   
9.8488     26.6499   
13.5832    6.8951    

# Frame14

# x        y
18.2471    18.9632   
11.5858    25.6687   
9.8738     33.6670   
5.9651     19.1294   
9.8488     26.6499   
13.5832    6.8951    

# Frame15

# x        y
18.2471    18.9632   
11.5858    25.6687   
9.8738     33.6670   
6.5130     20.2678   
9.8488     26.6499   
13.5832    6.8951    

# Frame16

# x        y
18.2471    18.9632   
11.5858    25.6687   
9.8738     33.6670   
7.0518     21.3872   
9.8488     26.6499   
13.5832    6.8951    

# Frame17

# x        y
18.2471    18.9632   
11.5858    25.6687   
9.8738     33.6670   
7.5816     22.4879   
9.8488     26.6499   
13.5832    6.8951    

# Frame18

# x        y
18.2471    18.9632   
11.5858    25.6687   
9.8738     33.6670   
8.1026     23.5703   
9.8488     26.6499   
13.5832    6.8951    

# Frame19

# x        y
18.2471    18.9632   
11.5858    25.6687   
9.8738     33.6670   
8.6149     24.6346   
9.8488     26.6499   
13.5832    6.8951    

# Frame20

# x        y
18.2471    18.9632   
11.5858    25.6687   
9.8738     33.6670   
8.8942     25.1287   
10.0731    27.2026   
13.5832    6.8951    

# Frame21

# x        y
18.2471    18.9632   
11.5858    25.6687   
9.8738     33.6670   
9.0651     25.3559   
10.3975    28.0045   
13.5832    6.8951    

# Frame22

# x        y
18.2471    18.9632   
11.5858    25.6687   
9.8738     33.6670   
9.2332     25.5793   
10.7166    28.7931   
13.5832    6.8951    

# Frame23

# x        y
18.2471    18.9632   
11.5858    25.6687   
9.8738     33.6670   
9.3985     25.7990   
11.0303    29.5685   
13.5832    6.8951    

# Frame24

# x        y
18.2471    18.9632   
11.5858    25.6687   
9.8738     33.6670   
9.5610     26.0151   
11.3388    30.3311   
13.5832    6.8951    

# Frame25

# x        y
18.2471    18.9632   
11.6302    25.7025   
9.8738     33.6670   
9.6764     26.1937   
11.6421    31.0809   
13.5832    6.8951    

# Frame26

# x        y
18.2471    18.9632   
11.7312    25.7910   
9.8738     33.6670   
9.7326     26.3141   
11.9404    31.8182   
13.5832    6.8951    

# Frame27

# x        y
18.2471    18.9632   
11.8305    25.8780   
9.8738     33.6670   
9.7878     26.4326   
12.2338    32.5432   
13.5832    6.8951    

# Frame28

# x        y
18.2471    18.9632   
11.9282    25.9635   
9.8738     33.6670   
9.8421     26.5490   
12.5222    33.2561   
13.5832    6.8951    

# Frame29

# x        y
18.2471    18.9632   
12.0242    26.0477   
9.8738     33.6670   
9.8955     26.6635   
12.8058    33.9572   
13.5832    6.8951    

# Frame30

# x        y
18.2471    18.9632   
12.1186    26.1304   
9.8738     33.6670   
9.9479     26.7761   
13.0847    34.6466   
13.5832    6.8951    

# Frame31

# x        y
18.2471    18.9632   
12.2115    26.2117   
9.8738     33.6670   
9.9996     26.8868   
13.3590    35.3244   
13.5832    6.8951    

# Frame32

# x        y
18.2471    18.9632   
12.3028    26.2917   
9.8738     33.6670   
10.0503    26.9957   
13.6287    35.9910   
13.5832    6.8951    

# Frame33

# x        y
18.2471    18.9632   
12.3926    26.3704   
9.8738     33.6670   
10.1002    27.1027   
13.8939    36.6465   
13.5832    6.8951    

# Frame34

# x        y
18.2471    18.9632   
12.4809    26.4477   
9.8738     33.6670   
10.1493    27.2080   
14.1546    37.2910   
13.5832    6.8951    

# Frame35

# x        y
18.2471    18.9632   
12.5677    26.5238   
9.8738     33.6670   
10.1976    27.3115   
14.4111    37.9248   
13.5832    6.8951    

# Frame36

# x        y
18.2471    18.9632   
12.6531    26.5986   
9.8738     33.6670   
10.2450    27.4133   
14.6632    38.5481   
13.5832    6.8951    

# Frame37

# x        y
18.2471    18.9632   
12.7370    26.6721   
9.8738     33.6670   
10.2917    27.5134   
14.8747    38.9172   
13.5832    6.8951    

# Frame38

# x        y
18.2471    18.9632   
12.8196    26.7445   
9.8738     33.6670   
10.3376    27.6118   
14.9778    38.6159   
13.5832    6.8951    

# Frame39

# x        y
18.2471    18.9632   
12.9007    26.8156   
9.8738     33.6670   
10.3827    27.7086   
15.0791    38.3196   
13.5832    6.8951    

# Frame40

# x        y
18.2471    18.9632   
12.9806    26.8855   
9.8738     33.6670   
10.4271    27.8038   
15.1788    38.0282   
13.5832    6.8951    

# Frame41

# x        y
18.2471    18.9632   
13.0590    26.9543   
9.8738     33.6670   
10.4707    27.8974   
15.2768    37.7417   
13.5832    6.8951    

# Frame42

# x        y
18.2471    18.9632   
13.1362    27.0219   
9.8738     33.6670   
10.5136    27.9894   
15.3731    37.4600   
13.5832    6.8951    

# Frame43

# x        y
18.2471    18.9632   
13.2121    27.0884   
9.8738     33.6670   
10.5558    28.0799   
15.4679    37.1829   
13.5832    6.8951    

# Frame44

# x        y
18.2471    18.9632   
13.2868    27.1538   
9.8738     33.6670   
10.5973    28.1689   
15.5610    36.9105   
13.5832    6.8951    

# Frame45

# x        y
18.2471    18.9632   
13.3601    27.2181   
9.8738     33.6670   
10.6381    28.2564   
15.6526    36.6427   
13.5832    6.8951    

# Frame46

# x        y
18.2471    18.9632   
13.4323    27.2813   
9.8738     33.6670   
10.6782    28.3424   
15.7427    36.3792   
13.5832    6.8951    

# Frame47

# x        y
18.2471    18.9632   
13.5033    27.3434   
9.8738     33.6670   
10.7177    28.4270   
15.8313    36.1202   
13.5832    6.8951    

# Frame48

# x        y
18.2471    18.9632   
13.5730    27.4046   
9.8738     33.6670   
10.7565    28.5102   
15.9184    35.8655   
13.5832    6.8951    

# Frame49

# x        y
18.2471    18.9632   
13.6417    27.4647   
9.8738     33.6670   
10.7946    28.5920   
16.0041    35.6151   
13.5832    6.8951    

# Frame50

# x        y
18.2471    18.9632   
13.7091    27.5238   
9.8738     33.6670   
10.8321    28.6725   
16.0883    35.3688   
13.5832    6.8951    

# Frame51

# x        y
18.2471    18.9632   
13.7755    27.5819   
9.8738     33.6670   
10.8690    28.7516   
16.1711    35.1266   
13.5832    6.8951    

# Frame52

# x        y
18.2471    18.9632   
13.8407    27.6391   
9.8738     33.6670   
10.9053    28.8294   
16.2526    34.8884   
13.5832    6.8951    

# Frame53

# x        y
18.2471    18.9632   
13.9049    27.6953   
9.8738     33.6670   
10.9409    28.9059   
16.3327    34.6543   
13.5832    6.8951    

# Frame54

# x        y
18.2471    18.9632   
13.9680    27.7505   
9.8738     33.6670   
10.9760    28.9811   
16.4114    34.4240   
13.5832    6.8951    

# Frame55

# x        y
18.2471    18.9632   
14.0300    27.8049   
9.8738     33.6670   
11.0105    29.0551   
16.4889    34.1976   
13.5832    6.8951    

# Frame56

# x        y
18.2471    18.9632   
14.0910    27.8583   
9.8738     33.6670   
11.0444    29.1278   
16.5650    33.9749   
13.5832    6.8951    

# Frame57

# x        y
18.2471    18.9632   
14.1510    27.9109   
9.8738     33.6670   
11.0777    29.1993   
16.6399    33.7560   
13.5832    6.8951    

# Frame58

# x        y
18.2471    18.9632   
14.2100    27.9626   
9.8738     33.6670   
11.1105    29.2696   
16.7135    33.5407   
13.5832    6.8951    

# Frame59

# x        y
18.2471    18.9632   
14.2680    28.0134   
9.8738     33.6670   
11.1428    29.3388   
16.7860    33.3289   
13.5832    6.8951    

# Frame60

# x        y
18.2471    18.9632   
14.3250    28.0633   
9.8738     33.6670   
11.1745    29.4068   
16.8572    33.1208   
13.5832    6.8951    

# Frame61

# x        y
18.2471    18.9632   
14.3811    28.1125   
9.8738     33.6670   
11.2056    29.4737   
16.9272    32.9161   
13.5832    6.8951    

# Frame62

# x        y
18.2471    18.9632   
14.4362    28.1608   
9.8738     33.6670   
11.2363    29.5394   
16.9960    32.7148   
13.5832    6.8951    

# Frame63

# x        y
18.2471    18.9632   
14.4904    28.2083   
9.8738     33.6670   
11.2664    29.6041   
17.0637    32.5168   
13.5832    6.8951    

# Frame64

# x        y
18.2471    18.9632   
14.5438    28.2550   
9.8738     33.6670   
11.2961    29.6677   
17.1303    32.3222   
13.5832    6.8951    

# Frame65

# x        y
18.2471    18.9632   
14.5962    28.3009   
9.8738     33.6670   
11.3252    29.7302   
17.1957    32.1308   
13.5832    6.8951    

# Frame66

# x        y
18.2471    18.9632   
14.6478    28.3461   
9.8738     33.6670   
11.3539    29.7917   
17.2601    31.9425   
13.5832    6.8951    

# Frame67

# x        y
18.2471    18.9632   
14.6985    28.3905   
9.8738     33.6670   
11.3821    29.8521   
17.3234    31.7575   
13.5832    6.8951    

# Frame68

# x        y
18.2471    18.9632   
14.7483    28.4342   
9.8738     33.6670   
11.4098    29.9116   
17.3857    31.5755   
13.5832    6.8951    

# Frame69

# x        y
18.2471    18.9632   
14.7974    28.4772   
9.8738     33.6670   
11.4371    29.9700   
17.4469    31.3965   
13.5832    6.8951    

# Frame70

# x        y
18.2471    18.9632   
14.8456    28.5194   
9.8738     33.6670   
11.4639    30.0275   
17.5070    31.2205   
13.5832    6.8951    

# Frame71

# x        y
18.2471    18.9632   
14.8930    28.5609   
9.8738     33.6670   
11.4902    30.0840   
17.5662    31.0475   
13.5832    6.8951    

# Frame72

# x        y
18.2471    18.9632   
14.9396    28.6018   
9.8738     33.6670   
11.5161    30.1396   
17.6244    30.8773   
13.5832    6.8951    

# Frame73

# x        y
18.2471    18.9632   
14.9854    28.6419   
9.8738     33.6670   
11.5416    30.1943   
17.6816    30.7100   
13.5832    6.8951    

# Frame74

# x        y
18.2471    18.9632   
15.0305    28.6814   
9.8738     33.6670   
11.5667    30.2480   
17.7379    30.5455   
13.5832    6.8951    

# Frame75

# x        y
18.2471    18.9632   
15.0748    28.7202   
9.8738     33.6670   
11.5913    30.3009   
17.7932    30.3837   
13.5832    6.8951    

# Frame76

# x        y
18.2471    18.9632   
15.1184    28.7584   
9.8738     33.6670   
11.6155    30.3528   
17.8477    30.2246   
13.5832    6.8951    

# Frame77

# x        y
18.2471    18.9632   
15.1613    28.7960   
9.8738     33.6670   
11.6394    30.4039   
17.9012    30.0682   
13.5832    6.8951    

# Frame78

# x        y
18.2471    18.9632   
15.2034    28.8329   
9.8738     33.6670   
11.6628    30.4542   
17.9538    29.9143   
13.5832    6.8951    

# Frame79

# x        y
18.2471    18.9632   
15.2449    28.8692   
9.8738     33.6670   
11.6858    30.5036   
18.0055    29.7630   
13.5832    6.8951    

# Frame80

# x        y
18.2471    18.9632   
15.2856    28.9049   
9.8738     33.6670   
11.7085    30.5522   
18.0564    29.6143   
13.5832    6.8951    

# Frame81

# x        y
18.2471    18.9632   
15.3257    28.9400   
9.8738     33.6670   
11.7308    30.6000   
18.1064    29.4680   
13.5832    6.8951    

# Frame82

# x        y
18.2471    18.9632   
15.3651    28.9745   
9.8738     33.6670   
11.7527    30.6470   
18.1556    29.3242   
13.5832    6.8951    

# Frame83

# x        y
18.2471    18.9632   
15.4038    29.0085   
9.8738     33.6670   
11.7742    30.6932   
18.2040    29.1827   
13.5832    6.8951    

# Frame84

# x        y
18.2471    18.9632   
15.4419    29.0419   
9.8738     33.6670   
11.7954    30.7386   
18.2515    29.0437   
13.5832    6.8951    

# Frame85

# x        y
18.2471    18.9632   
15.4794    29.0747   
9.8738     33.6670   
11.8162    30.7833   
18.2983    28.9069   
13.5832    6.8951    

# Frame86

# x        y
18.2471    18.9632   
15.5163    29.1070   
9.8738     33.6670   
11.8367    30.8272   
18.3443    28.7724   
13.5832    6.8951    

# Frame87

# x        y
18.2471    18.9632   
15.5525    29.1387   
9.8738     33.6670   
11.8568    30.8704   
18.3895    28.6402   
13.5832    6.8951    

# Frame88

# x        y
18.2471    18.9632   
15.5881    29.1699   
9.8738     33.6670   
11.8766    30.9129   
18.4340    28.5101   
13.5832    6.8951    

# Frame89

# x        y
18.2471    18.9632   
15.6231    29.2006   
9.8738     33.6670   
11.8961    30.9546   
18.4777    28.3823   
13.5832    6.8951    

# Frame90

# x        y
18.2471    18.9632   
15.6576    29.2308   
9.8738     33.6670   
11.9153    30.9957   
18.5207    28.2565   
13.5832    6.8951    

# Frame91

# x        y
18.2471    18.9632   
15.6915    29.2605   
9.8738     33.6670   
11.9341    31.0361   
18.5630    28.1329   
13.5832    6.8951    

# Frame92

# x        y
18.2471    18.9632   
15.7248    29.2896   
9.8738     33.6670   
11.9526    31.0758   
18.6046    28.0113   
13.5832    6.8951    

# Frame93

# x        y
18.2471    18.9632   
15.7575    29.3183   
9.8738     33.6670   
11.9708    31.1149   
18.6455    27.8918   
13.5832    6.8951    

# Frame94

# x        y
18.2471    18.9632   
15.7897    29.3465   
9.8738     33.6670   
11.9887    31.1533   
18.6857    27.7742   
13.5832    6.8951    

# Frame95

# x        y
18.2471    18.9632   
15.8214    29.3743   
9.8738     33.6670   
12.0063    31.1910   
18.7252    27.6586   
13.5832    6.8951    

# Frame96

# x        y
18.2471    18.9632   
15.8525    29.4016   
9.8738     33.6670   
12.0236    31.2282   
18.7641    27.5449   
13.5832    6.8951    

# Frame97

# x        y
18.2471    18.9632   
15.8832    29.4284   
9.8738     33.6670   
12.0407    31.2647   
18.8023    27.4331   
13.5832    6.8951    

# Frame98

# x        y
18.2471    18.9632   
15.9133    29.4548   
9.8738     33.6670   
12.0574    31.3006   
18.8399    27.3232   
13.5832    6.8951    

# Frame99

# x        y
18.2471    18.9632   
15.9429    29.4807   
9.8738     33.6670   
12.0739    31.3359   
18.8769    27.2151   
13.5832    6.8951    

# Frame100

# x        y
18.2471    18.9632   
15.9720    29.5062   
9.8738     33.6670   
12.0900    31.3706   
18.9133    27.1088   
13.5832    6.8951    

# Frame101

# x        y
18.2471    18.9632   
16.0006    29.5313   
9.8738     33.6670   
12.1060    31.4047   
18.9490    27.0043   
13.5832    6.8951    

# Frame102

# x        y
18.2471    18.9632   
16.0288    29.5560   
9.8738     33.6670   
12.1216    31.4383   
18.9842    26.9016   
13.5832    6.8951    

# Frame103

# x        y
18.2471    18.9632   
16.0565    29.5802   
9.8738     33.6670   
12.1370    31.4713   
18.9888    26.8124   
13.5832    6.8951    

# Frame104

# x        y
18.2471    18.9632   
16.0837    29.6041   
9.8738     33.6670   
12.1521    31.5038   
18.9718    26.7426   
13.5832    6.8951    

# Frame105

# x        y
18.2471    18.9632   
16.1105    29.6275   
9.8738     33.6670   
12.1670    31.5357   
18.9551    26.6740   
13.5832    6.8951    

# Frame106

# x        y
18.2471    18.9632   
16.1368    29.6506   
9.8738     33.6670   
12.1816    31.5671   
18.9386    26.6065   
13.5832    6.8951    

# Frame107

# x        y
18.2471    18.9632   
16.1627    29.6733   
9.8738     33.6670   
12.1960    31.5980   
18.9225    26.5401   
13.5832    6.8951    

# Frame108

# x        y
18.2471    18.9632   
16.1881    29.6956   
9.8738     33.6670   
12.2102    31.6283   
18.9066    26.4748   
13.5832    6.8951    

# Frame109

# x        y
18.2471    18.9632   
16.2132    29.7175   
9.8738     33.6670   
12.2241    31.6581   
18.8910    26.4107   
13.5832    6.8951    

# Frame110

# x        y
18.2471    18.9632   
16.2378    29.7391   
9.8738     33.6670   
12.2378    31.6875   
18.8756    26.3476   
13.5832    6.8951    

# Frame111

# x        y
18.2471    18.9632   
16.2620    29.7603   
9.8738     33.6670   
12.2512    31.7164   
18.8605    26.2855   
13.5832    6.8951    

# Frame112

# x        y
18.2471    18.9632   
16.2858    29.7811   
9.8738     33.6670   
12.2645    31.7447   
18.8456    26.2245   
13.5832    6.8951    

# Frame113

# x        y
18.2471    18.9632   
16.3092    29.8016   
9.8738     33.6670   
12.2775    31.7726   
18.8310    26.1645   
13.5832    6.8951    

# Frame114

# x        y
18.2471    18.9632   
16.3322    29.8218   
9.8738     33.6670   
12.2903    31.8001   
18.8167    26.1055   
13.5832    6.8951    

# Frame115

# x        y
18.2471    18.9632   
16.3548    29.8416   
9.8738     33.6670   
12.3029    31.8271   
18.8025    26.0474   
13.5832    6.8951    

# Frame116

# x        y
18.2471    18.9632   
16.3771    29.8611   
9.8738     33.6670   
12.3152    31.8536   
18.7886    25.9904   
13.5832    6.8951    

# Frame117

# x        y
18.2471    18.9632   
16.3990    29.8803   
9.8738     33.6670   
12.3274    31.8797   
18.7750    25.9343   
13.5832    6.8951    

# Frame118

# x        y
18.2471    18.9632   
16.4205    29.8991   
9.8738     33.6670   
12.3393    31.9053   
18.7616    25.8791   
13.5832    6.8951    

# Frame119

# x        y
18.2471    18.9632   
16.4416    29.9177   
9.8738     33.6670   
12.3511    31.9306   
18.7484    25.8249   
13.5832    6.8951    

# Frame120

# x        y
18.2471    18.9632   
16.4624    29.9359   
9.8738     33.6670   
12.3627    31.9554   
18.7354    25.7715   
13.5832    6.8951    

# Frame121

# x        y
18.2471    18.9632   
16.4829    29.9538   
9.8738     33.6670   
12.3740    31.9798   
18.7226    25.7191   
13.5832    6.8951    

# Frame122

# x        y
18.2471    18.9632   
16.5030    29.9714   
9.8738     33.6670   
12.3852    32.0037   
18.7100    25.6675   
13.5832    6.8951    

# Frame123

# x        y
18.2471    18.9632   
16.5228    29.9888   
9.8738     33.6670   
12.3962    32.0273   
18.6977    25.6168   
13.5832    6.8951    

# Frame124

# x        y
18.2471    18.9632   
16.5423    30.0058   
9.8738     33.6670   
12.4070    32.0505   
18.6855    25.5669   
13.5832    6.8951    

# Frame125

# x        y
18.2471    18.9632   
16.5614    30.0226   
9.8738     33.6670   
12.4177    32.0733   
18.6736    25.5178   
13.5832    6.8951    

# Frame126

# x        y
18.2471    18.9632   
16.5802    30.0390   
9.8738     33.6670   
12.4281    32.0958   
18.6619    25.4696   
13.5832    6.8951    

# Frame127

# x        y
18.2471    18.9632   
16.5987    30.0553   
9.8738     33.6670   
12.4384    32.1178   
18.6503    25.4222   
13.5832    6.8951    

# Frame128

# x        y
18.2471    18.9632   
16.6169    30.0712   
9.8738     33.6670   
12.4485    32.1395   
18.6390    25.3756   
13.5832    6.8951    

# Frame129

# x        y
18.2471    18.9632   
16.6348    30.0869   
9.8738     33.6670   
12.4585    32.1608   
18.6278    25.3297   
13.5832    6.8951    

# Frame130

# x        y
18.2471    18.9632   
16.6524    30.1023   
9.8738     33.6670   
12.4682    32.1818   
18.6168    25.2846   
13.5832    6.8951    

# Frame131

# x        y
18.2471    18.9632   
16.6696    30.1174   
9.8738     33.6670   
12.4779    32.2024   
18.6060    25.2403   
13.5832    6.8951    

# Frame132

# x        y
18.2471    18.9632   
16.6867    30.1323   
9.8738     33.6670   
12.4873    32.2227   
18.5954    25.1967   
13.5832    6.8951    

# Frame133

# x        y
18.2471    18.9632   
16.7034    30.1470   
9.8738     33.6670   
12.4966    32.2426   
18.5850    25.1538   
13.5832    6.8951    

# Frame134

# x        y
18.2471    18.9632   
16.7198    30.1614   
9.8738     33.6670   
12.5057    32.2622   
18.5747    25.1116   
13.5832    6.8951    

# Frame135

# x        y
18.2471    18.9632   
16.7360    30.1755   
9.8738     33.6670   
12.5147    32.2815   
18.5646    25.0702   
13.5832    6.8951    

# Frame136

# x        y
18.2471    18.9632   
16.7519    30.1895   
9.8738     33.6670   
12.5236    32.3005   
18.5547    25.0294   
13.5832    6.8951    

# Frame137

# x        y
18.2471    18.9632   
16.7675    30.2032   
9.8738     33.6670   
12.5323    32.3191   
18.5449    24.9893   
13.5832    6.8951    

# Frame138

# x        y
18.2471    18.9632   
16.7829    30.2166   
9.8738     33.6670   
12.5408    32.3374   
18.5353    24.9499   
13.5832    6.8951    

# Frame139

# x        y
18.2471    18.9632   
16.7980    30.2299   
9.8738     33.6670   
12.5492    32.3555   
18.5259    24.9111   
13.5832    6.8951    

# Frame140

# x        y
18.2471    18.9632   
16.8129    30.2429   
9.8738     33.6670   
12.5575    32.3732   
18.5166    24.8730   
13.5832    6.8951    

# Frame141

# x        y
18.2471    18.9632   
16.8275    30.2557   
9.8738     33.6670   
12.5656    32.3906   
18.5075    24.8355   
13.5832    6.8951    

# Frame142

# x        y
18.2471    18.9632   
16.8419    30.2683   
9.8738     33.6670   
12.5736    32.4078   
18.4985    24.7987   
13.5832    6.8951    

# Frame143

# x        y
18.2471    18.9632   
16.8560    30.2807   
9.8738     33.6670   
12.5815    32.4246   
18.4897    24.7624   
13.5832    6.8951    

# Frame144

# x        y
18.2471    18.9632   
16.8699    30.2929   
9.8738     33.6670   
12.5892    32.4412   
18.4810    24.7268   
13.5832    6.8951    

# Frame145

# x        y
18.2471    18.9632   
16.8836    30.3048   
9.8738     33.6670   
12.5968    32.4575   
18.4725    24.6918   
13.5832    6.8951    

# Frame146

# x        y
18.2471    18.9632   
16.8970    30.3166   
9.8738     33.6670   
12.6042    32.4735   
18.4641    24.6573   
13.5832    6.8951    

# Frame147

# x        y
18.2471    18.9632   
16.9102    30.3282   
9.8738     33.6670   
12.6116    32.4893   
18.4559    24.6234   
13.5832    6.8951    

# Frame148

# x        y
18.2471    18.9632   
16.9232    30.3396   
9.8738     33.6670   
12.6188    32.5048   
18.4478    24.5901   
13.5832    6.8951    

# Frame149

# x        y
18.2471    18.9632   
16.9360    30.3508   
9.8738     33.6670   
12.6259    32.5200   
18.4398    24.5573   
13.5832    6.8951    

# Frame150

# x        y
18.2471    18.9632   
16.9486    30.3618   
9.8738     33.6670   
12.6329    32.5350   
18.4319    24.5251   
13.5832    6.8951    

# Frame151

# x        y
18.2471    18.9632   
16.9609    30.3726   
9.8738     33.6670   
12.6398    32.5497   
18.4242    24.4934   
13.5832    6.8951    

# Frame152

# x        y
18.2471    18.9632   
16.9731    30.3832   
9.8738     33.6670   
12.6465    32.5642   
18.4166    24.4623   
13.5832    6.8951    

# Frame153

# x        y
18.2471    18.9632   
16.9850    30.3937   
9.8738     33.6670   
12.6532    32.5785   
18.4092    24.4316   
13.5832    6.8951    

# Frame154

# x        y
18.2471    18.9632   
16.9968    30.4040   
9.8738     33.6670   
12.6597    32.5925   
18.4018    24.4015   
13.5832    6.8951    

# Frame155

# x        y
18.2471    18.9632   
17.0083    30.4141   
9.8738     33.6670   
12.6661    32.6062   
18.3946    24.3719   
13.5832    6.8951    

# Frame156

# x        y
18.2471    18.9632   
17.0197    30.4241   
9.8738     33.6670   
12.6724    32.6198   
18.3875    24.3427   
13.5832    6.8951    

# Frame157

# x        y
18.2471    18.9632   
17.0309    30.4339   
9.8738     33.6670   
12.6787    32.6331   
18.3806    24.3141   
13.5832    6.8951    

# Frame158

# x        y
18.2471    18.9632   
17.0418    30.4435   
9.8738     33.6670   
12.6848    32.6462   
18.3737    24.2859   
13.5832    6.8951    

# Frame159

# x        y
18.2471    18.9632   
17.0526    30.4530   
9.8738     33.6670   
12.6908    32.6591   
18.3670    24.2582   
13.5832    6.8951    

# Frame160

# x        y
18.2471    18.9632   
17.0633    30.4623   
9.8738     33.6670   
12.6967    32.6717   
18.3603    24.2310   
13.5832    6.8951    

# Frame161

# x        y
18.2471    18.9632   
17.0737    30.4714   
9.8738     33.6670   
12.7025    32.6842   
18.3538    24.2042   
13.5832    6.8951    

# Frame162

# x        y
18.2471    18.9632   
17.0840    30.4804   
9.8738     33.6670   
12.7082    32.6964   
18.3474    24.1779   
13.5832    6.8951    

# Frame163

# x        y
18.2471    18.9632   
17.0941    30.4893   
9.8738     33.6670   
12.7138    32.7085   
18.3411    24.1520   
13.5832    6.8951    

# Frame164

# x        y
18.2471    18.9632   
17.1040    30.4980   
9.8738     33.6670   
12.7193    32.7203   
18.3349    24.1265   
13.5832    6.8951    

# Frame165

# x        y
18.2471    18.9632   
17.1138    30.5065   
9.8738     33.6670   
12.7248    32.7320   
18.3288    24.1015   
13.5832    6.8951    

# Frame166

# x        y
18.2471    18.9632   
17.1234    30.5149   
9.8738     33.6670   
12.7301    32.7434   
18.3228    24.0769   
13.5832    6.8951    

# Frame167

# x        y
18.2471    18.9632   
17.1328    30.5232   
9.8738     33.6670   
12.7353    32.7547   
18.3169    24.0527   
13.5832    6.8951    

# Frame168

# x        y
18.2471    18.9632   
17.1421    30.5313   
9.8738     33.6670   
12.7405    32.7658   
18.3111    24.0288   
13.5832    6.8951    

# Frame169

# x        y
18.2471    18.9632   
17.1512    30.5393   
9.8738     33.6670   
12.7456    32.7766   
18.3054    24.0054   
13.5832    6.8951    

# Frame170

# x        y
18.2471    18.9632   
17.1602    30.5472   
9.8738     33.6670   
12.7506    32.7873   
18.2998    23.9824   
13.5832    6.8951    

# Frame171

# x        y
18.2471    18.9632   
17.1690    30.5549   
9.8738     33.6670   
12.7555    32.7979   
18.2943    23.9598   
13.5832    6.8951    

# Frame172

# x        y
18.2471    18.9632   
17.1777    30.5625   
9.8738     33.6670   
12.7603    32.8082   
18.2889    23.9375   
13.5832    6.8951    

# Frame173

# x        y
18.2471    18.9632   
17.1863    30.5700   
9.8738     33.6670   
12.7650    32.8184   
18.2836    23.9156   
13.5832    6.8951    

# Frame174

# x        y
18.2471    18.9632   
17.1947    30.5774   
9.8738     33.6670   
12.7697    32.8284   
18.2783    23.8941   
13.5832    6.8951    

# Frame175

# x        y
18.2471    18.9632   
17.2029    30.5846   
9.8738     33.6670   
12.7743    32.8383   
18.2732    23.8729   
13.5832    6.8951    

# Frame176

# x        y
18.2471    18.9632   
17.2110    30.5917   
9.8738     33.6670   
12.7788    32.8479   
18.2681    23.8521   
13.5832    6.8951    

# Frame177

# x        y
18.2471    18.9632   
17.2190    30.5987   
9.8738     33.6670   
12.7833    32.8575   
18.2631    23.8317   
13.5832    6.8951    

# Frame178

# x        y
18.2471    18.9632   
17.2269    30.6056   
9.8738     33.6670   
12.7876    32.8668   
18.2582    23.8115   
13.5832    6.8951    

# Frame179

# x        y
18.2471    18.9632   
17.2346    30.6123   
9.8738     33.6670   
12.7919    32.8760   
18.2534    23.7917   
13.5832    6.8951    

# Frame180

# x        y
18.2471    18.9632   
17.2422    30.6190   
9.8738     33.6670   
12.7961    32.8851   
18.2487    23.7723   
13.5832    6.8951    

# Frame181

# x        y
18.2471    18.9632   
17.2496    30.6255   
9.8738     33.6670   
12.8003    32.8940   
18.2440    23.7531   
13.5832    6.8951    

# Frame182

# x        y
18.2471    18.9632   
17.2570    30.6320   
9.8738     33.6670   
12.8044    32.9027   
18.2394    23.7343   
13.5832    6.8951    

# Frame183

# x        y
18.2471    18.9632   
17.2642    30.6383   
9.8738     33.6670   
12.8084    32.9113   
18.2349    23.7158   
13.5832    6.8951    

# Frame184

# x        y
18.2471    18.9632   
17.2713    30.6445   
9.8738     33.6670   
12.8123    32.9198   
18.2305    23.6976   
13.5832    6.8951    

# Frame185

# x        y
18.2471    18.9632   
17.2783    30.6506   
9.8738     33.6670   
12.8162    32.9281   
18.2261    23.6797   
13.5832    6.8951    

# Frame186

# x        y
18.2471    18.9632   
17.2851    30.6566   
9.8738     33.6670   
12.8200    32.9363   
18.2219    23.6621   
13.5832    6.8951    

# Frame187

# x        y
18.2471    18.9632   
17.2919    30.6625   
9.8738     33.6670   
12.8238    32.9443   
18.2176    23.6448   
13.5832    6.8951    

# Frame188

# x        y
18.2471    18.9632   
17.2985    30.6684   
9.8738     33.6670   
12.8274    32.9522   
18.2135    23.6278   
13.5832    6.8951    

# Frame189

# x        y
18.2471    18.9632   
17.3050    30.6741   
9.8738     33.6670   
12.8311    32.9600   
18.2094    23.6111   
13.5832    6.8951    

# Frame190

# x        y
18.2471    18.9632   
17.3114    30.6797   
9.8738     33.6670   
12.8346    32.9677   
18.2054    23.5947   
13.5832    6.8951    

# Frame191

# x        y
18.2471    18.9632   
17.3178    30.6852   
9.8738     33.6670   
12.8381    32.9752   
18.2015    23.5785   
13.5832    6.8951    

# Frame192

# x        y
18.2471    18.9632   
17.3240    30.6907   
9.8738     33.6670   
12.8416    32.9826   
18.1976    23.5626   
13.5832    6.8951    

# Frame193

# x        y
18.2471    18.9632   
17.3301    30.6960   
9.8738     33.6670   
12.8450    32.9899   
18.1938    23.5469   
13.5832    6.8951    

# Frame194

# x        y
18.2471    18.9632   
17.3361    30.7013   
9.8738     33.6670   
12.8483    32.9970   
18.1901    23.5316   
13.5832    6.8951    

# Frame195

# x        y
18.2471    18.9632   
17.3420    30.7064   
9.8738     33.6670   
12.8516    33.0040   
18.1864    23.5164   
13.5832    6.8951    

# Frame196

# x        y
18.2471    18.9632   
17.3478    30.7115   
9.8738     33.6670   
12.8548    33.0110   
18.1828    23.5016   
13.5832    6.8951    

# Frame197

# x        y
18.2471    18.9632   
17.3535    30.7165   
9.8738     33.6670   
12.8580    33.0178   
18.1792    23.4869   
13.5832    6.8951    

# Frame198

# x        y
18.2471    18.9632   
17.3591    30.7214   
9.8738     33.6670   
12.8611    33.0244   
18.1757    23.4726   
13.5832    6.8951    

# Frame199

# x        y
18.2471    18.9632   
17.3646    30.7262   
9.8738     33.6670   
12.8642    33.0310   
18.1723    23.4584   
13.5832    6.8951    

# Frame200

# x        y
18.2471    18.9632   
17.3700    30.7310   
9.8738     33.6670   
12.8672    33.0375   
18.1689    23.4445   
13.5832    6.8951    

# Frame201

# x        y
18.2471    18.9632   
17.3753    30.7357   
9.8738     33.6670   
12.8702    33.0438   
18.1655    23.4308   
13.5832    6.8951    

# Frame202

# x        y
18.2471    18.9632   
17.3806    30.7403   
9.8738     33.6670   
12.8731    33.0501   
18.1623    23.4174   
13.5832    6.8951    

# Frame203

# x        y
18.2471    18.9632   
17.3857    30.7448   
9.8738     33.6670   
12.8759    33.0563   
18.1591    23.4042   
13.5832    6.8951    

# Frame204

# x        y
18.2471    18.9632   
17.3908    30.7492   
9.8738     33.6670   
12.8788    33.0623   
18.1559    23.3912   
13.5832    6.8951    

# Frame205

# x        y
18.2471    18.9632   
17.3958    30.7536   
9.8738     33.6670   
12.8815    33.0682   
18.1528    23.3784   
13.5832    6.8951    

# Frame206

# x        y
18.2471    18.9632   
17.4007    30.7579   
9.8738     33.6670   
12.8843    33.0741   
18.1497    23.3658   
13.5832    6.8951    

# Frame207

# x        y
18.2471    18.9632   
17.4055    30.7621   
9.8738     33.6670   
12.8869    33.0798   
18.1467    23.3535   
13.5832    6.8951    

# Frame208

# x        y
18.2471    18.9632   
17.4103    30.7663   
9.8738     33.6670   
12.8896    33.0855   
18.1438    23.3413   
13.5832    6.8951    

# Frame209

# x        y
18.2471    18.9632   
17.4149    30.7703   
9.8738     33.6670   
12.8922    33.0910   
18.1408    23.3293   
13.5832    6.8951    

# Frame210

# x        y
18.2471    18.9632   
17.4195    30.7744   
9.8738     33.6670   
12.8947    33.0965   
18.1380    23.3176   
13.5832    6.8951    

# Frame211

# x        y
18.2471    18.9632   
17.4240    30.7783   
9.8738     33.6670   
12.8972    33.1019   
18.1352    23.3060   
13.5832    6.8951    

# Frame212

# x        y
18.2471    18.9632   
17.4284    30.7822   
9.8738     33.6670   
12.8997    33.1072   
18.1324    23.2947   
13.5832    6.8951    

# Frame213

# x        y
18.2471    18.9632   
17.4328    30.7860   
9.8738     33.6670   
12.9021    33.1124   
18.1297    23.2835   
13.5832    6.8951    

# Frame214

# x        y
18.2471    18.9632   
17.4371    30.7898   
9.8738     33.6670   
12.9045    33.1175   
18.1270    23.2725   
13.5832    6.8951    

# Frame215

# x        y
18.2471    18.9632   
17.4413    30.7935   
9.8738     33.6670   
12.9068    33.1225   
18.1244    23.2617   
13.5832    6.8951    

# Frame216

# x        y
18.2471    18.9632   
17.4454    30.7971   
9.8738     33.6670   
12.9091    33.1274   
18.1218    23.2511   
13.5832    6.8951    

# Frame217

# x        y
18.2471    18.9632   
17.4495    30.8007   
9.8738     33.6670   
12.9114    33.1323   
18.1192    23.2406   
13.5832    6.8951    

# Frame218

# x        y
18.2471    18.9632   
17.4535    30.8042   
9.8738     33.6670   
12.9136    33.1371   
18.1167    23.2303   
13.5832    6.8951    

# Frame219

# x        y
18.2471    18.9632   
17.4575    30.8076   
9.8738     33.6670   
12.9158    33.1418   
18.1143    23.2202   
13.5832    6.8951    

# Frame220

# x        y
18.2471    18.9632   
17.4613    30.8110   
9.8738     33.6670   
12.9180    33.1464   
18.1119    23.2103   
13.5832    6.8951    

# Frame221

# x        y
18.2471    18.9632   
17.4652    30.8144   
9.8738     33.6670   
12.9201    33.1509   
18.1095    23.2005   
13.5832    6.8951    

# Frame222

# x        y
18.2471    18.9632   
17.4689    30.8176   
9.8738     33.6670   
12.9222    33.1554   
18.1071    23.1909   
13.5832    6.8951    

# Frame223

# x        y
18.2471    18.9632   
17.4726    30.8209   
9.8738     33.6670   
12.9242    33.1598   
18.1048    23.1815   
13.5832    6.8951    

# Frame224

# x        y
18.2471    18.9632   
17.4762    30.8240   
9.8738     33.6670   
12.9262    33.1641   
18.1026    23.1722   
13.5832    6.8951    

# Frame225

# x        y
18.2471    18.9632   
17.4798    30.8272   
9.8738     33.6670   
12.9282    33.1684   
18.1004    23.1631   
13.5832    6.8951    

# Frame226

# x        y
18.2471    18.9632   
17.4833    30.8302   
9.8738     33.6670   
12.9302    33.1726   
18.0982    23.1541   
13.5832    6.8951    

# Frame227

# x        y
18.2471    18.9632   
17.4867    30.8332   
9.8738     33.6670   
12.9321    33.1767   
18.0960    23.1452   
13.5832    6.8951    

# Frame228

# x        y
18.2471    18.9632   
17.4901    30.8362   
9.8738     33.6670   
12.9340    33.1807   
18.0939    23.1366   
13.5832    6.8951    

# Frame229

# x        y
18.2471    18.9632   
17.4934    30.8391   
9.8738     33.6670   
12.9358    33.1847   
18.0918    23.1280   
13.5832    6.8951    

# Frame230

# x        y
18.2471    18.9632   
17.4967    30.8420   
9.8738     33.6670   
12.9376    33.1886   
18.0898    23.1196   
13.5832    6.8951    

# Frame231

# x        y
18.2471    18.9632   
17.4999    30.8448   
9.8738     33.6670   
12.9394    33.1924   
18.0878    23.1114   
13.5832    6.8951    

# Frame232

# x        y
18.2471    18.9632   
17.5031    30.8476   
9.8738     33.6670   
12.9412    33.1962   
18.0858    23.1032   
13.5832    6.8951    

# Frame233

# x        y
18.2471    18.9632   
17.5062    30.8503   
9.8738     33.6670   
12.9429    33.1999   
18.0839    23.0953   
13.5832    6.8951    

# Frame234

# x        y
18.2471    18.9632   
17.5093    30.8530   
9.8738     33.6670   
12.9446    33.2036   
18.0819    23.0874   
13.5832    6.8951    

# Frame235

# x        y
18.2471    18.9632   
17.5123    30.8556   
9.8738     33.6670   
12.9463    33.2071   
18.0801    23.0797   
13.5832    6.8951    

# Frame236

# x        y
18.2471    18.9632   
17.5152    30.8582   
9.8738     33.6670   
12.9479    33.2107   
18.0782    23.0721   
13.5832    6.8951    

# Frame237

# x        y
18.2471    18.9632   
17.5182    30.8608   
9.8738     33.6670   
12.9496    33.2141   
18.0764    23.0646   
13.5832    6.8951    

# Frame238

# x        y
18.2471    18.9632   
17.5210    30.8633   
9.8738     33.6670   
12.9511    33.2176   
18.0746    23.0573   
13.5832    6.8951    

# Frame239

# x        y
18.2471    18.9632   
17.5238    30.8658   
9.8738     33.6670   
12.9527    33.2209   
18.0729    23.0501   
13.5832    6.8951    

# Frame240

# x        y
18.2471    18.9632   
17.5266    30.8682   
9.8738     33.6670   
12.9542    33.2242   
18.0711    23.0430   
13.5832    6.8951    

# Frame241

# x        y
18.2471    18.9632   
17.5293    30.8706   
9.8738     33.6670   
12.9558    33.2275   
18.0694    23.0360   
13.5832    6.8951    

# Frame242

# x        y
18.2471    18.9632   
17.5320    30.8729   
9.8738     33.6670   
12.9573    33.2307   
18.0678    23.0291   
13.5832    6.8951    

# Frame243

# x        y
18.2471    18.9632   
17.5346    30.8752   
9.8738     33.6670   
12.9587    33.2338   
18.0661    23.0224   
13.5832    6.8951    

# Frame244

# x        y
18.2471    18.9632   
17.5372    30.8775   
9.8738     33.6670   
12.9602    33.2369   
18.0645    23.0157   
13.5832    6.8951    

# Frame245

# x        y
18.2471    18.9632   
17.5398    30.8797   
9.8738     33.6670   
12.9616    33.2399   
18.0629    23.0092   
13.5832    6.8951    

# Frame246

# x        y
18.2471    18.9632   
17.5423    30.8819   
9.8738     33.6670   
12.9630    33.2429   
18.0613    23.0028   
13.5832    6.8951    

# Frame247

# x        y
18.2471    18.9632   
17.5447    30.8841   
9.8738     33.6670   
12.9643    33.2458   
18.0598    22.9965   
13.5832    6.8951    

# Frame248

# x        y
18.2471    18.9632   
17.5472    30.8862   
9.8738     33.6670   
12.9657    33.2487   
18.0583    22.9903   
13.5832    6.8951    

# Frame249

# x        y
18.2471    18.9632   
17.5495    30.8883   
9.8738     33.6670   
12.9670    33.2516   
18.0568    22.9842   
13.5832    6.8951    

# Frame250

# x        y
18.2471    18.9632   
17.5519    30.8903   
9.8738     33.6670   
12.9683    33.2544   
18.0554    22.9782   
13.5832    6.8951    

# Frame251

# x        y
18.2471    18.9632   
17.5542    30.8923   
9.8738     33.6670   
12.9696    33.2571   
18.0539    22.9723   
13.5832    6.8951    

# Frame252

# x        y
18.2471    18.9632   
17.5564    30.8943   
9.8738     33.6670   
12.9708    33.2598   
18.0525    22.9665   
13.5832    6.8951    

# Frame253

# x        y
18.2471    18.9632   
17.5587    30.8963   
9.8738     33.6670   
12.9721    33.2624   
18.0511    22.9608   
13.5832    6.8951    

# Frame254

# x        y
18.2471    18.9632   
17.5609    30.8982   
9.8738     33.6670   
12.9733    33.2651   
18.0498    22.9551   
13.5832    6.8951    

# Frame255

# x        y
18.2471    18.9632   
17.5630    30.9001   
9.8738     33.6670   
12.9745    33.2676   
18.0484    22.9496   
13.5832    6.8951    

# Frame256

# x        y
18.2471    18.9632   
17.5651    30.9019   
9.8738     33.6670   
12.9757    33.2701   
18.0471    22.9442   
13.5832    6.8951    

# Frame257

# x        y
18.2471    18.9632   
17.5672    30.9038   
9.8738     33.6670   
12.9768    33.2726   
18.0458    22.9389   
13.5832    6.8951    

# Frame258

# x        y
18.2471    18.9632   
17.5693    30.9055   
9.8738     33.6670   
12.9780    33.2751   
18.0445    22.9336   
13.5832    6.8951    

# Frame259

# x        y
18.2471    18.9632   
17.5713    30.9073   
9.8738     33.6670   
12.9791    33.2775   
18.0433    22.9285   
13.5832    6.8951    

# Frame260

# x        y
18.2471    18.9632   
17.5732    30.9090   
9.8738     33.6670   
12.9802    33.2798   
18.0420    22.9234   
13.5832    6.8951    

# Frame261

# x        y
18.2471    18.9632   
17.5752    30.9107   
9.8738     33.6670   
12.9813    33.2821   
18.0408    22.9184   
13.5832    6.8951    

# Frame262

# x        y
18.2471    18.9632   
17.5771    30.9124   
9.8738     33.6670   
12.9823    33.2844   
18.0396    22.9135   
13.5832    6.8951    

# Frame263

# x        y
18.2471    18.9632   
17.5790    30.9141   
9.8738     33.6670   
12.9834    33.2867   
18.0384    22.9087   
13.5832    6.8951    

# Frame264

# x        y
18.2471    18.9632   
17.5808    30.9157   
9.8738     33.6670   
12.9844    33.2889   
18.0373    22.9039   
13.5832    6.8951    

# Frame265

# x        y
18.2471    18.9632   
17.5827    30.9173   
9.8738     33.6670   
12.9854    33.2910   
18.0361    22.8993   
13.5832    6.8951    

# Frame266

# x        y
18.2471    18.9632   
17.5844    30.9188   
9.8738     33.6670   
12.9864    33.2932   
18.0350    22.8947   
13.5832    6.8951    

# Frame267

# x        y
18.2471    18.9632   
17.5862    30.9204   
9.8738     33.6670   
12.9874    33.2953   
18.0339    22.8902   
13.5832    6.8951    

# Frame268

# x        y
18.2471    18.9632   
17.5879    30.9219   
9.8738     33.6670   
12.9883    33.2973   
18.0329    22.8857   
13.5832    6.8951    

# Frame269

# x        y
18.2471    18.9632   
17.5896    30.9234   
9.8738     33.6670   
12.9893    33.2994   
18.0318    22.8814   
13.5832    6.8951    

# Frame270

# x        y
18.2471    18.9632   
17.5913    30.9249   
9.8738     33.6670   
12.9902    33.3014   
18.0308    22.8771   
13.5832    6.8951    

# Frame271

# x        y
18.2471    18.9632   
17.5929    30.9263   
9.8738     33.6670   
12.9911    33.3033   
18.0297    22.8729   
13.5832    6.8951    

# Frame272

# x        y
18.2471    18.9632   
17.5946    30.9277   
9.8738     33.6670   
12.9920    33.3052   
18.0287    22.8687   
13.5832    6.8951    

# Frame273

# x        y
18.2471    18.9632   
17.5962    30.9291   
9.8738     33.6670   
12.9929    33.3071   
18.0277    22.8647   
13.5832    6.8951    

# Frame274

# x        y
18.2471    18.9632   
17.5977    30.9305   
9.8738     33.6670   
12.9938    33.3090   
18.0267    22.8607   
13.5832    6.8951    

# Frame275

# x        y
18.2471    18.9632   
17.5993    30.9318   
9.8738     33.6670   
12.9946    33.3108   
18.0258    22.8567   
13.5832    6.8951    

# Frame276

# x        y
18.2471    18.9632   
17.6008    30.9331   
9.8738     33.6670   
12.9955    33.3126   
18.0248    22.8528   
13.5832    6.8951    

# Frame277

# x        y
18.2471    18.9632   
17.6023    30.9345   
9.8738     33.6670   
12.9963    33.3144   
18.0239    22.8490   
13.5832    6.8951    

# Frame278

# x        y
18.2471    18.9632   
17.6037    30.9357   
9.8738     33.6670   
12.9971    33.3162   
18.0230    22.8453   
13.5832    6.8951    

# Frame279

# x        y
18.2471    18.9632   
17.6052    30.9370   
9.8738     33.6670   
12.9979    33.3179   
18.0221    22.8416   
13.5832    6.8951    

# Frame280

# x        y
18.2471    18.9632   
17.6066    30.9382   
9.8738     33.6670   
12.9987    33.3196   
18.0212    22.8380   
13.5832    6.8951    

# Frame281

# x        y
18.2471    18.9632   
17.6080    30.9394   
9.8738     33.6670   
12.9995    33.3212   
18.0204    22.8344   
13.5832    6.8951    

# Frame282

# x        y
18.2471    18.9632   
17.6093    30.9406   
9.8738     33.6670   
13.0002    33.3228   
18.0195    22.8309   
13.5832    6.8951    

# Frame283

# x        y
18.2471    18.9632   
17.6107    30.9418   
9.8738     33.6670   
13.0010    33.3244   
18.0187    22.8275   
13.5832    6.8951    

# Frame284

# x        y
18.2471    18.9632   
17.6120    30.9430   
9.8738     33.6670   
13.0017    33.3260   
18.0178    22.8241   
13.5832    6.8951    

# Frame285

# x        y
18.2471    18.9632   
17.6133    30.9441   
9.8738     33.6670   
13.0024    33.3276   
18.0170    22.8207   
13.5832    6.8951    

# Frame286

# x        y
18.2471    18.9632   
17.6146    30.9452   
9.8738     33.6670   
13.0031    33.3291   
18.0162    22.8175   
13.5832    6.8951    

# Frame287

# x        y
18.2471    18.9632   
17.6158    30.9463   
9.8738     33.6670   
13.0038    33.3306   
18.0154    22.8142   
13.5832    6.8951    

# Frame288

# x        y
18.2471    18.9632   
17.6171    30.9474   
9.8738     33.6670   
13.0045    33.3321   
18.0147    22.8111   
13.5832    6.8951    

# Frame289

# x        y
18.2471    18.9632   
17.6183    30.9485   
9.8738     33.6670   
13.0052    33.3335   
18.0139    22.8080   
13.5832    6.8951    

# Frame290

# x        y
18.2471    18.9632   
17.6195    30.9495   
9.8738     33.6670   
13.0059    33.3349   
18.0132    22.8049   
13.5832    6.8951    

# Frame291

# x        y
18.2471    18.9632   
17.6206    30.9506   
9.8738     33.6670   
13.0065    33.3363   
18.0124    22.8019   
13.5832    6.8951    

# Frame292

# x        y
18.2471    18.9632   
17.6218    30.9516   
9.8738     33.6670   
13.0072    33.3377   
18.0117    22.7989   
13.5832    6.8951    

# Frame293

# x        y
18.2471    18.9632   
17.6229    30.9526   
9.8738     33.6670   
13.0078    33.3391   
18.0110    22.7960   
13.5832    6.8951    

# Frame294

# x        y
18.2471    18.9632   
17.6241    30.9535   
9.8738     33.6670   
13.0084    33.3404   
18.0103    22.7931   
13.5832    6.8951    

# Frame295

# x        y
18.2471    18.9632   
17.6252    30.9545   
9.8738     33.6670   
13.0090    33.3417   
18.0096    22.7903   
13.5832    6.8951    

# Frame296

# x        y
18.2471    18.9632   
17.6262    30.9555   
9.8738     33.6670   
13.0096    33.3430   
18.0089    22.7876   
13.5832    6.8951    

# Frame297

# x        y
18.2471    18.9632   
17.6273    30.9564   
9.8738     33.6670   
13.0102    33.3443   
18.0083    22.7848   
13.5832    6.8951    

# Frame298

# x        y
18.2471    18.9632   
17.6283    30.9573   
9.8738     33.6670   
13.0108    33.3455   
18.0076    22.7822   
13.5832    6.8951    

# Frame299

# x        y
18.2471    18.9632   
17.6294    30.9582   
9.8738     33.6670   
13.0114    33.3467   
18.0070    22.7795   
13.5832    6.8951    

# Frame300

# x        y
18.2471    18.9632   
17.6304    30.9591   
9.8738     33.6670   
13.0119    33.3479   
18.0064    22.7769   
13.5832    6.8951    

# Frame301

# x        y
18.2471    18.9632   
17.6314    30.9600   
9.8738     33.6670   
13.0125    33.3491   
18.0057    22.7744   
13.5832    6.8951    

# Frame302

# x        y
18.2471    18.9632   
17.6323    30.9608   
9.8738     33.6670   
13.0130    33.3503   
18.0051    22.7719   
13.5832    6.8951    

# Frame303

# x        y
18.2471    18.9632   
17.6333    30.9617   
9.8738     33.6670   
13.0136    33.3514   
18.0045    22.7694   
13.5832    6.8951    

# Frame304

# x        y
18.2471    18.9632   
17.6343    30.9625   
9.8738     33.6670   
13.0141    33.3526   
18.0039    22.7670   
13.5832    6.8951    

# Frame305

# x        y
18.2471    18.9632   
17.6352    30.9633   
9.8738     33.6670   
13.0146    33.3537   
18.0034    22.7646   
13.5832    6.8951    

# Frame306

# x        y
18.2471    18.9632   
17.6361    30.9641   
9.8738     33.6670   
13.0151    33.3547   
18.0028    22.7623   
13.5832    6.8951    

# Frame307

# x        y
18.2471    18.9632   
17.6370    30.9649   
9.8738     33.6670   
13.0156    33.3558   
18.0022    22.7600   
13.5832    6.8951    

# Frame308

# x        y
18.2471    18.9632   
17.6379    30.9657   
9.8738     33.6670   
13.0161    33.3569   
18.0017    22.7577   
13.5832    6.8951    

# Frame309

# x        y
18.2471    18.9632   
17.6387    30.9664   
9.8738     33.6670   
13.0166    33.3579   
18.0011    22.7555   
13.5832    6.8951    

# Frame310

# x        y
18.2471    18.9632   
17.6396    30.9672   
9.8738     33.6670   
13.0171    33.3589   
18.0006    22.7533   
13.5832    6.8951    

# Frame311

# x        y
18.2471    18.9632   
17.6404    30.9679   
9.8738     33.6670   
13.0175    33.3599   
18.0001    22.7511   
13.5832    6.8951    

# Frame312

# x        y
18.2471    18.9632   
17.6413    30.9686   
9.8738     33.6670   
13.0180    33.3609   
17.9996    22.7490   
13.5832    6.8951    

# Frame313

# x        y
18.2471    18.9632   
17.6421    30.9693   
9.8738     33.6670   
13.0184    33.3619   
17.9991    22.7469   
13.5832    6.8951    

# Frame314

# x        y
18.2471    18.9632   
17.6429    30.9700   
9.8738     33.6670   
13.0189    33.3628   
17.9986    22.7449   
13.5832    6.8951    

# Frame315

# x        y
18.2471    18.9632   
17.6437    30.9707   
9.8738     33.6670   
13.0193    33.3638   
17.9981    22.7429   
13.5832    6.8951    

# Frame316

# x        y
18.2471    18.9632   
17.6444    30.9714   
9.8738     33.6670   
13.0197    33.3647   
17.9976    22.7409   
13.5832    6.8951    

# Frame317

# x        y
18.2471    18.9632   
17.6452    30.9721   
9.8738     33.6670   
13.0202    33.3656   
17.9971    22.7390   
13.5832    6.8951    

# Frame318

# x        y
18.2471    18.9632   
17.6459    30.9727   
9.8738     33.6670   
13.0206    33.3665   
17.9967    22.7370   
13.5832    6.8951    

# Frame319

# x        y
18.2471    18.9632   
17.6467    30.9734   
9.8738     33.6670   
13.0210    33.3673   
17.9962    22.7352   
13.5832    6.8951    

# Frame320

# x        y
18.2471    18.9632   
17.6474    30.9740   
9.8738     33.6670   
13.0214    33.3682   
17.9957    22.7333   
13.5832    6.8951    

# Frame321

# x        y
18.2471    18.9632   
17.6481    30.9746   
9.8738     33.6670   
13.0218    33.3691   
17.9953    22.7315   
13.5832    6.8951    

# Frame322

# x        y
18.2471    18.9632   
17.6488    30.9752   
9.8738     33.6670   
13.0222    33.3699   
17.9949    22.7297   
13.5832    6.8951    

# Frame323

# x        y
18.2471    18.9632   
17.6495    30.9758   
9.8738     33.6670   
13.0225    33.3707   
17.9944    22.7279   
13.5832    6.8951    

# Frame324

# x        y
18.2471    18.9632   
17.6502    30.9764   
9.8738     33.6670   
13.0229    33.3715   
17.9940    22.7262   
13.5832    6.8951    

# Frame325

# x        y
18.2471    18.9632   
17.6508    30.9770   
9.8738     33.6670   
13.0233    33.3723   
17.9936    22.7245   
13.5832    6.8951    

# Frame326

# x        y
18.2471    18.9632   
17.6515    30.9776   
9.8738     33.6670   
13.0237    33.3731   
17.9932    22.7228   
13.5832    6.8951    

# Frame327

# x        y
18.2471    18.9632   
17.6521    30.9781   
9.8738     33.6670   
13.0240    33.3738   
17.9928    22.7212   
13.5832    6.8951    

# Frame328

# x        y
18.2471    18.9632   
17.6528    30.9787   
9.8738     33.6670   
13.0244    33.3746   
17.9924    22.7196   
13.5832    6.8951    

# Frame329

# x        y
18.2471    18.9632   
17.6534    30.9792   
9.8738     33.6670   
13.0247    33.3753   
17.9920    22.7180   
13.5832    6.8951    

# Frame330

# x        y
18.2471    18.9632   
17.6540    30.9798   
9.8738     33.6670   
13.0250    33.3761   
17.9916    22.7164   
13.5832    6.8951    

# Frame331

# x        y
18.2471    18.9632   
17.6546    30.9803   
9.8738     33.6670   
13.0254    33.3768   
17.9913    22.7149   
13.5832    6.8951    

# Frame332

# x        y
18.2471    18.9632   
17.6552    30.9808   
9.8738     33.6670   
13.0257    33.3775   
17.9909    22.7134   
13.5832    6.8951    

# Frame333

# x        y
18.2471    18.9632   
17.6557    30.9813   
9.8738     33.6670   
13.0260    33.3782   
17.9905    22.7119   
13.5832    6.8951    

# Frame334

# x        y
18.2471    18.9632   
17.6563    30.9818   
9.8738     33.6670   
13.0263    33.3788   
17.9902    22.7104   
13.5832    6.8951    

# Frame335

# x        y
18.2471    18.9632   
17.6569    30.9823   
9.8738     33.6670   
13.0267    33.3795   
17.9898    22.7090   
13.5832    6.8951    

# Frame336

# x        y
18.2471    18.9632   
17.6574    30.9828   
9.8738     33.6670   
13.0270    33.3802   
17.9895    22.7076   
13.5832    6.8951    

# Frame337

# x        y
18.2471    18.9632   
17.6580    30.9833   
9.8738     33.6670   
13.0273    33.3808   
17.9891    22.7062   
13.5832    6.8951    

# Frame338

# x        y
18.2471    18.9632   
17.6585    30.9837   
9.8738     33.6670   
13.0276    33.3815   
17.9888    22.7048   
13.5832    6.8951    

# Frame339

# x        y
18.2471    18.9632   
17.6590    30.9842   
9.8738     33.6670   
13.0279    33.3821   
17.9885    22.7035   
13.5832    6.8951    

# Frame340

# x        y
18.2471    18.9632   
17.6595    30.9846   
9.8738     33.6670   
13.0281    33.3827   
17.9882    22.7021   
13.5832    6.8951    

# Frame341

# x        y
18.2471    18.9632   
17.6601    30.9851   
9.8738     33.6670   
13.0284    33.3833   
17.9878    22.7008   
13.5832    6.8951    

# Frame342

# x        y
18.2471    18.9632   
17.6606    30.9855   
9.8738     33.6670   
13.0287    33.3839   
17.9875    22.6996   
13.5832    6.8951    

# Frame343

# x        y
18.2471    18.9632   
17.6610    30.9860   
9.8738     33.6670   
13.0290    33.3845   
17.9872    22.6983   
13.5832    6.8951    

# Frame344

# x        y
18.2471    18.9632   
17.6615    30.9864   
9.8738     33.6670   
13.0292    33.3851   
17.9869    22.6971   
13.5832    6.8951    

# Frame345

# x        y
18.2471    18.9632   
17.6620    30.9868   
9.8738     33.6670   
13.0295    33.3856   
17.9866    22.6959   
13.5832    6.8951    

# Frame346

# x        y
18.2471    18.9632   
17.6625    30.9872   
9.8738     33.6670   
13.0298    33.3862   
17.9863    22.6947   
13.5832    6.8951    

# Frame347

# x        y
18.2471    18.9632   
17.6629    30.9876   
9.8738     33.6670   
13.0300    33.3867   
17.9860    22.6935   
13.5832    6.8951    

# Frame348

# x        y
18.2471    18.9632   
17.6634    30.9880   
9.8738     33.6670   
13.0303    33.3873   
17.9858    22.6923   
13.5832    6.8951    

# Frame349

# x        y
18.2471    18.9632   
17.6638    30.9884   
9.8738     33.6670   
13.0305    33.3878   
17.9855    22.6912   
13.5832    6.8951    

# Frame350

# x        y
18.2471    18.9632   
17.6643    30.9888   
9.8738     33.6670   
13.0308    33.3883   
17.9852    22.6901   
13.5832    6.8951    

# Frame351

# x        y
18.2471    18.9632   
17.6647    30.9891   
9.8738     33.6670   
13.0310    33.3888   
17.9849    22.6890   
13.5832    6.8951    

# Frame352

# x        y
18.2471    18.9632   
17.6651    30.9895   
9.8738     33.6670   
13.0312    33.3893   
17.9847    22.6879   
13.5832    6.8951    

# Frame353

# x        y
18.2471    18.9632   
17.6655    30.9899   
9.8738     33.6670   
13.0315    33.3898   
17.9844    22.6868   
13.5832    6.8951    

# Frame354

# x        y
18.2471    18.9632   
17.6659    30.9902   
9.8738     33.6670   
13.0317    33.3903   
17.9842    22.6858   
13.5832    6.8951    

# Frame355

# x        y
18.2471    18.9632   
17.6663    30.9906   
9.8738     33.6670   
13.0319    33.3908   
17.9839    22.6848   
13.5832    6.8951    

# Frame356

# x        y
18.2471    18.9632   
17.6667    30.9909   
9.8738     33.6670   
13.0321    33.3912   
17.9837    22.6838   
13.5832    6.8951    

# Frame357

# x        y
18.2471    18.9632   
17.6671    30.9913   
9.8738     33.6670   
13.0323    33.3917   
17.9834    22.6828   
13.5832    6.8951    

# Frame358

# x        y
18.2471    18.9632   
17.6675    30.9916   
9.8738     33.6670   
13.0326    33.3922   
17.9832    22.6818   
13.5832    6.8951    

# Frame359

# x        y
18.2471    18.9632   
17.6679    30.9919   
9.8738     33.6670   
13.0328    33.3926   
17.9830    22.6808   
13.5832    6.8951    

# Frame360

# x        y
18.2471    18.9632   
17.6682    30.9923   
9.8738     33.6670   
13.0330    33.3930   
17.9827    22.6799   
13.5832    6.8951    

# Frame361

# x        y
18.2471    18.9632   
17.6686    30.9926   
9.8738     33.6670   
13.0332    33.3935   
17.9825    22.6789   
13.5832    6.8951    

# Frame362

# x        y
18.2471    18.9632   
17.6689    30.9929   
9.8738     33.6670   
13.0334    33.3939   
17.9823    22.6780   
13.5832    6.8951    

# Frame363

# x        y
18.2471    18.9632   
17.6693    30.9932   
9.8738     33.6670   
13.0336    33.3943   
17.9821    22.6771   
13.5832    6.8951    

# Frame364

# x        y
18.2471    18.9632   
17.6696    30.9935   
9.8738     33.6670   
13.0338    33.3947   
17.9818    22.6763   
13.5832    6.8951    

# Frame365

# x        y
18.2471    18.9632   
17.6700    30.9938   
9.8738     33.6670   
13.0339    33.3951   
17.9816    22.6754   
13.5832    6.8951    

# Frame366

# x        y
18.2471    18.9632   
17.6703    30.9941   
9.8738     33.6670   
13.0341    33.3955   
17.9814    22.6745   
13.5832    6.8951    

# Frame367

# x        y
18.2471    18.9632   
17.6706    30.9944   
9.8738     33.6670   
13.0343    33.3959   
17.9812    22.6737   
13.5832    6.8951    

# Frame368

# x        y
18.2471    18.9632   
17.6710    30.9947   
9.8738     33.6670   
13.0345    33.3963   
17.9810    22.6729   
13.5832    6.8951    

# Frame369

# x        y
18.2471    18.9632   
17.6713    30.9949   
9.8738     33.6670   
13.0347    33.3967   
17.9808    22.6721   
13.5832    6.8951    

# Frame370

# x        y
18.2471    18.9632   
17.6716    30.9952   
9.8738     33.6670   
13.0348    33.3971   
17.9806    22.6713   
13.5832    6.8951    

# Frame371

# x        y
18.2471    18.9632   
17.6719    30.9955   
9.8738     33.6670   
13.0350    33.3974   
17.9804    22.6705   
13.5832    6.8951    

# Frame372

# x        y
18.2471    18.9632   
17.6722    30.9957   
9.8738     33.6670   
13.0352    33.3978   
17.9802    22.6697   
13.5832    6.8951    

# Frame373

# x        y
18.2471    18.9632   
17.6725    30.9960   
9.8738     33.6670   
13.0353    33.3981   
17.9801    22.6689   
13.5832    6.8951    

# Frame374

# x        y
18.2471    18.9632   
17.6728    30.9962   
9.8738     33.6670   
13.0355    33.3985   
17.9799    22.6682   
13.5832    6.8951    

# Frame375

# x        y
18.2471    18.9632   
17.6731    30.9965   
9.8738     33.6670   
13.0357    33.3988   
17.9797    22.6675   
13.5832    6.8951    

# Frame376

# x        y
18.2471    18.9632   
17.6734    30.9967   
9.8738     33.6670   
13.0358    33.3992   
17.9795    22.6667   
13.5832    6.8951    

# Frame377

# x        y
18.2471    18.9632   
17.6736    30.9970   
9.8738     33.6670   
13.0360    33.3995   
17.9794    22.6660   
13.5832    6.8951    

# Frame378

# x        y
18.2471    18.9632   
17.6739    30.9972   
9.8738     33.6670   
13.0361    33.3998   
17.9792    22.6653   
13.5832    6.8951    

# Frame379

# x        y
18.2471    18.9632   
17.6742    30.9975   
9.8738     33.6670   
13.0363    33.4001   
17.9790    22.6646   
13.5832    6.8951    

# Frame380

# x        y
18.2471    18.9632   
17.6744    30.9977   
9.8738     33.6670   
13.0364    33.4004   
17.9789    22.6640   
13.5832    6.8951    

# Frame381

# x        y
18.2471    18.9632   
17.6747    30.9979   
9.8738     33.6670   
13.0366    33.4008   
17.9787    22.6633   
13.5832    6.8951    

# Frame382

# x        y
18.2471    18.9632   
17.6750    30.9981   
9.8738     33.6670   
13.0367    33.4011   
17.9785    22.6626   
13.5832    6.8951    

# Frame383

# x        y
18.2471    18.9632   
17.6752    30.9984   
9.8738     33.6670   
13.0368    33.4014   
17.9784    22.6620   
13.5832    6.8951    

# Frame384

# x        y
18.2471    18.9632   
17.6754    30.9986   
9.8738     33.6670   
13.0370    33.4016   
17.9782    22.6614   
13.5832    6.8951    

# Frame385

# x        y
18.2471    18.9632   
17.6757    30.9988   
9.8738     33.6670   
13.0371    33.4019   
17.9781    22.6608   
13.5832    6.8951    

# Frame386

# x        y
18.2471    18.9632   
17.6759    30.9990   
9.8738     33.6670   
13.0373    33.4022   
17.9779    22.6601   
13.5832    6.8951    

# Frame387

# x        y
18.2471    18.9632   
17.6762    30.9992   
9.8738     33.6670   
13.0374    33.4025   
17.9778    22.6595   
13.5832    6.8951    

# Frame388

# x        y
18.2471    18.9632   
17.6764    30.9994   
9.8738     33.6670   
13.0375    33.4028   
17.9776    22.6590   
13.5832    6.8951    

# Frame389

# x        y
18.2471    18.9632   
17.6766    30.9996   
9.8738     33.6670   
13.0376    33.4030   
17.9775    22.6584   
13.5832    6.8951    

# Frame390

# x        y
18.2471    18.9632   
17.6768    30.9998   
9.8738     33.6670   
13.0378    33.4033   
17.9774    22.6578   
13.5832    6.8951    

# Frame391

# x        y
18.2471    18.9632   
17.6771    31.0000   
9.8738     33.6670   
13.0379    33.4036   
17.9772    22.6572   
13.5832    6.8951    

# Frame392

# x        y
18.2471    18.9632   
17.6773    31.0002   
9.8738     33.6670   
13.0380    33.4038   
17.9771    22.6567   
13.5832    6.8951    

# Frame393

# x        y
18.2471    18.9632   
17.6775    31.0004   
9.8738     33.6670   
13.0381    33.4041   
17.9769    22.6562   
13.5832    6.8951    

# Frame394

# x        y
18.2471    18.9632   
17.6777    31.0005   
9.8738     33.6670   
13.0382    33.4043   
17.9768    22.6556   
13.5832    6.8951    

# Frame395

# x        y
18.2471    18.9632   
17.6779    31.0007   
9.8738     33.6670   
13.0383    33.4046   
17.9767    22.6551   
13.5832    6.8951    

# Frame396

# x        y
18.2471    18.9632   
17.6781    31.0009   
9.8738     33.6670   
13.0385    33.4048   
17.9766    22.6546   
13.5832    6.8951    

# Frame397

# x        y
18.2471    18.9632   
17.6783    31.0011   
9.8738     33.6670   
13.0386    33.4050   
17.9764    22.6541   
13.5832    6.8951    

# Frame398

# x        y
18.2471    18.9632   
17.6785    31.0012   
9.8738     33.6670   
13.0387    33.4053   
17.9763    22.6536   
13.5832    6.8951    

# Frame399

# x        y
18.2471    18.9632   
17.6787    31.0014   
9.8738     33.6670   
13.0388    33.4055   
17.9762    22.6531   
13.5832    6.8951    

# Frame400

# x        y
18.2471    18.9632   
17.6789    31.0016   
9.8738     33.6670   
13.0389    33.4057   
17.9761    22.6526   
13.5832    6.8951    

# Frame401

# x        y
18.2471    18.9632   
17.6791    31.0017   
9.8738     33.6670   
13.0390    33.4060   
17.9760    22.6521   
13.5832    6.8951    

# Frame402

# x        y
18.2471    18.9632   
17.6792    31.0019   
9.8738     33.6670   
13.0391    33.4062   
17.9758    22.6517   
13.5832    6.8951    

# Frame403

# x        y
18.2471    18.9632   
17.6794    31.0021   
9.8738     33.6670   
13.0392    33.4064   
17.9757    22.6512   
13.5832    6.8951    

# Frame404

# x        y
18.2471    18.9632   
17.6796    31.0022   
9.8738     33.6670   
13.0393    33.4066   
17.9756    22.6507   
13.5832    6.8951    

# Frame405

# x        y
18.2471    18.9632   
17.6798    31.0024   
9.8738     33.6670   
13.0394    33.4068   
17.9755    22.6503   
13.5832    6.8951    

# Frame406

# x        y
18.2471    18.9632   
17.6799    31.0025   
9.8738     33.6670   
13.0395    33.4070   
17.9754    22.6499   
13.5832    6.8951    

# Frame407

# x        y
18.2471    18.9632   
17.6801    31.0027   
9.8738     33.6670   
13.0396    33.4072   
17.9753    22.6494   
13.5832    6.8951    

# Frame408

# x        y
18.2471    18.9632   
17.6803    31.0028   
9.8738     33.6670   
13.0397    33.4074   
17.9752    22.6490   
13.5832    6.8951    

# Frame409

# x        y
18.2471    18.9632   
17.6804    31.0029   
9.8738     33.6670   
13.0398    33.4076   
17.9751    22.6486   
13.5832    6.8951    

# Frame410

# x        y
18.2471    18.9632   
17.6806    31.0031   
9.8738     33.6670   
13.0398    33.4078   
17.9750    22.6482   
13.5832    6.8951    

# Frame411

# x        y
18.2471    18.9632   
17.6807    31.0032   
9.8738     33.6670   
13.0399    33.4080   
17.9749    22.6478   
13.5832    6.8951    

# Frame412

# x        y
18.2471    18.9632   
17.6809    31.0034   
9.8738     33.6670   
13.0400    33.4082   
17.9748    22.6474   
13.5832    6.8951    

# Frame413

# x        y
18.2471    18.9632   
17.6811    31.0035   
9.8738     33.6670   
13.0401    33.4083   
17.9747    22.6470   
13.5832    6.8951    

# Frame414

# x        y
18.2471    18.9632   
17.6812    31.0036   
9.8738     33.6670   
13.0402    33.4085   
17.9746    22.6466   
13.5832    6.8951    

# Frame415

# x        y
18.2471    18.9632   
17.6814    31.0037   
9.8738     33.6670   
13.0403    33.4087   
17.9745    22.6463   
13.5832    6.8951    

# Frame416

# x        y
18.2471    18.9632   
17.6815    31.0039   
9.8738     33.6670   
13.0403    33.4089   
17.9744    22.6459   
13.5832    6.8951    

# Frame417

# x        y
18.2471    18.9632   
17.6816    31.0040   
9.8738     33.6670   
13.0404    33.4090   
17.9744    22.6455   
13.5832    6.8951    

# Frame418

# x        y
18.2471    18.9632   
17.6818    31.0041   
9.8738     33.6670   
13.0405    33.4092   
17.9743    22.6452   
13.5832    6.8951    

# Frame419

# x        y
18.2471    18.9632   
17.6819    31.0042   
9.8738     33.6670   
13.0406    33.4094   
17.9742    22.6448   
13.5832    6.8951    

# Frame420

# x        y
18.2471    18.9632   
17.6820    31.0044   
9.8738     33.6670   
13.0406    33.4095   
17.9741    22.6445   
13.5832    6.8951    

# Frame421

# x        y
18.2471    18.9632   
17.6822    31.0045   
9.8738     33.6670   
13.0407    33.4097   
17.9740    22.6441   
13.5832    6.8951    

# Frame422

# x        y
18.2471    18.9632   
17.6823    31.0046   
9.8738     33.6670   
13.0408    33.4098   
17.9739    22.6438   
13.5832    6.8951    

# Frame423

# x        y
18.2471    18.9632   
17.6824    31.0047   
9.8738     33.6670   
13.0409    33.4100   
17.9739    22.6435   
13.5832    6.8951    

# Frame424

# x        y
18.2471    18.9632   
17.6826    31.0048   
9.8738     33.6670   
13.0409    33.4101   
17.9738    22.6431   
13.5832    6.8951    

# Frame425

# x        y
18.2471    18.9632   
17.6827    31.0049   
9.8738     33.6670   
13.0410    33.4103   
17.9737    22.6428   
13.5832    6.8951    

# Frame426

# x        y
18.2471    18.9632   
17.6828    31.0050   
9.8738     33.6670   
13.0411    33.4104   
17.9736    22.6425   
13.5832    6.8951    

# Frame427

# x        y
18.2471    18.9632   
17.6829    31.0051   
9.8738     33.6670   
13.0411    33.4106   
17.9735    22.6422   
13.5832    6.8951    

# Frame428

# x        y
18.2471    18.9632   
17.6830    31.0052   
9.8738     33.6670   
13.0412    33.4107   
17.9735    22.6419   
13.5832    6.8951    

# Frame429

# x        y
18.2471    18.9632   
17.6832    31.0053   
9.8738     33.6670   
13.0413    33.4108   
17.9734    22.6416   
13.5832    6.8951    

# Frame430

# x        y
18.2471    18.9632   
17.6833    31.0054   
9.8738     33.6670   
13.0413    33.4110   
17.9733    22.6413   
13.5832    6.8951    

# Frame431

# x        y
18.2471    18.9632   
17.6834    31.0055   
9.8738     33.6670   
13.0414    33.4111   
17.9733    22.6410   
13.5832    6.8951    

# Frame432

# x        y
18.2471    18.9632   
17.6835    31.0056   
9.8738     33.6670   
13.0415    33.4112   
17.9732    22.6408   
13.5832    6.8951    

# Frame433

# x        y
18.2471    18.9632   
17.6836    31.0057   
9.8738     33.6670   
13.0415    33.4114   
17.9731    22.6405   
13.5832    6.8951    

# Frame434

# x        y
18.2471    18.9632   
17.6837    31.0058   
9.8738     33.6670   
13.0416    33.4115   
17.9731    22.6402   
13.5832    6.8951    

# Frame435

# x        y
18.2471    18.9632   
17.6838    31.0059   
9.8738     33.6670   
13.0416    33.4116   
17.9730    22.6399   
13.5832    6.8951    

# Frame436

# x        y
18.2471    18.9632   
17.6839    31.0060   
9.8738     33.6670   
13.0417    33.4117   
17.9729    22.6397   
13.5832    6.8951    

# Frame437

# x        y
18.2471    18.9632   
17.6840    31.0061   
9.8738     33.6670   
13.0417    33.4119   
17.9729    22.6394   
13.5832    6.8951    

# Frame438

# x        y
18.2471    18.9632   
17.6841    31.0062   
9.8738     33.6670   
13.0418    33.4120   
17.9728    22.6392   
13.5832    6.8951    

# Frame439

# x        y
18.2471    18.9632   
17.6842    31.0063   
9.8738     33.6670   
13.0419    33.4121   
17.9727    22.6389   
13.5832    6.8951    

# Frame440

# x        y
18.2471    18.9632   
17.6843    31.0063   
9.8738     33.6670   
13.0419    33.4122   
17.9727    22.6387   
13.5832    6.8951    

# Frame441

# x        y
18.2471    18.9632   
17.6844    31.0064   
9.8738     33.6670   
13.0420    33.4123   
17.9726    22.6384   
13.5832    6.8951    

# Frame442

# x        y
18.2471    18.9632   
17.6845    31.0065   
9.8738     33.6670   
13.0420    33.4124   
17.9726    22.6382   
13.5832    6.8951    

# Frame443

# x        y
18.2471    18.9632   
17.6846    31.0066   
9.8738     33.6670   
13.0421    33.4126   
17.9725    22.6380   
13.5832    6.8951    

# Frame444

# x        y
18.2471    18.9632   
17.6847    31.0067   
9.8738     33.6670   
13.0421    33.4127   
17.9725    22.6377   
13.5832    6.8951    

# Frame445

# x        y
18.2471    18.9632   
17.6848    31.0067   
9.8738     33.6670   
13.0422    33.4128   
17.9724    22.6375   
13.5832    6.8951    

# Frame446

# x        y
18.2471    18.9632   
17.6849    31.0068   
9.8738     33.6670   
13.0422    33.4129   
17.9723    22.6373   
13.5832    6.8951    

# Frame447

# x        y
18.2471    18.9632   
17.6849    31.0069   
9.8738     33.6670   
13.0423    33.4130   
17.9723    22.6371   
13.5832    6.8951    

# Frame448

# x        y
18.2471    18.9632   
17.6850    31.0070   
9.8738     33.6670   
13.0423    33.4131   
17.9722    22.6368   
13.5832    6.8951    

# Frame449

# x        y
18.2471    18.9632   
17.6851    31.0070   
9.8738     33.6670   
13.0423    33.4132   
17.9722    22.6366   
13.5832    6.8951    

# Frame450

# x        y
18.2471    18.9632   
17.6852    31.0071   
9.8738     33.6670   
13.0424    33.4133   
17.9721    22.6364   
13.5832    6.8951    

# Frame451

# x        y
18.2471    18.9632   
17.6853    31.0072   
9.8738     33.6670   
13.0424    33.4134   
17.9721    22.6362   
13.5832    6.8951    

# Frame452

# x        y
18.2471    18.9632   
17.6854    31.0072   
9.8738     33.6670   
13.0425    33.4135   
17.9720    22.6360   
13.5832    6.8951    

# Frame453

# x        y
18.2471    18.9632   
17.6854    31.0073   
9.8738     33.6670   
13.0425    33.4135   
17.9720    22.6358   
13.5832    6.8951    

# Frame454

# x        y
18.2471    18.9632   
17.6855    31.0074   
9.8738     33.6670   
13.0425    33.4135   
17.9719    22.6356   
13.5832    6.8951    

# Frame455

# x        y
18.2471    18.9632   
17.6855    31.0074   
9.8738     33.6670   
13.0425    33.4135   
17.9719    22.6354   
13.5832    6.8951    

# Frame456

# x        y
18.2471    18.9632   
17.6855    31.0074   
9.8738     33.6670   
13.0425    33.4135   
17.9719    22.6352   
13.5832    6.8951    

# Frame457

# x        y
18.2471    18.9632   
17.6855    31.0074   
9.8738     33.6670   
13.0425    33.4135   
17.9718    22.6351   
13.5832    6.8951    

# Frame458

# x        y
18.2471    18.9632   
17.6855    31.0074   
9.8738     33.6670   
13.0425    33.4135   
17.9718    22.6349   
13.5832    6.8951    

# Frame459

# x        y
18.2471    18.9632   
17.6855    31.0074   
9.8738     33.6670   
13.0425    33.4135   
17.9717    22.6347   
13.5832    6.8951    

# Frame460

# x        y
18.2471    18.9632   
17.6855    31.0074   
9.8738     33.6670   
13.0425    33.4135   
17.9717    22.6345   
13.5832    6.8951    

# Frame461

# x        y
18.2471    18.9632   
17.6855    31.0074   
9.8738     33.6670   
13.0425    33.4135   
17.9716    22.6343   
13.5832    6.8951    

# Frame462

# x        y
18.2471    18.9632   
17.6855    31.0074   
9.8738     33.6670   
13.0425    33.4135   
17.9716    22.6342   
13.5832    6.8951    

# Frame463

# x        y
18.2471    18.9632   
17.6855    31.0074   
9.8738     33.6670   
13.0425    33.4135   
17.9716    22.6340   
13.5832    6.8951    

# Frame464

# x        y
18.2471    18.9632   
17.6855    31.0074   
9.8738     33.6670   
13.0425    33.4135   
17.9715    22.6338   
13.5832    6.8951    

# Frame465

# x        y
18.2471    18.9632   
17.6855    31.0074   
9.8738     33.6670   
13.0425    33.4135   
17.9715    22.6337   
13.5832    6.8951    

# Frame466

# x        y
18.2471    18.9632   
17.6855    31.0074   
9.8738     33.6670   
13.0425    33.4135   
17.9714    22.6335   
13.5832    6.8951    

# Frame467

# x        y
18.2471    18.9632   
17.6855    31.0074   
9.8738     33.6670   
13.0425    33.4135   
17.9714    22.6334   
13.5832    6.8951    

# Frame468

# x        y
18.2471    18.9632   
17.6855    31.0074   
9.8738     33.6670   
13.0425    33.4135   
17.9714    22.6332   
13.5832    6.8951    

# Frame469

# x        y
18.2471    18.9632   
17.6855    31.0074   
9.8738     33.6670   
13.0425    33.4135   
17.9713    22.6331   
13.5832    6.8951    

# Frame470

# x        y
18.2471    18.9632   
17.6855    31.0074   
9.8738     33.6670   
13.0425    33.4135   
17.9713    22.6329   
13.5832    6.8951    

# Frame471

# x        y
18.2471    18.9632   
17.6855    31.0074   
9.8738     33.6670   
13.0425    33.4135   
17.9713    22.6328   
13.5832    6.8951    

# Frame472

# x        y
18.2471    18.9632   
17.6855    31.0074   
9.8738     33.6670   
13.0425    33.4135   
17.9712    22.6326   
13.5832    6.8951    

# Frame473

# x        y
18.2471    18.9632   
17.6855    31.0074   
9.8738     33.6670   
13.0425    33.4135   
17.9712    22.6325   
13.5832    6.8951    

# Frame474

# x        y
18.2471    18.9632   
17.6855    31.0074   
9.8738     33.6670   
13.0425    33.4135   
17.9711    22.6323   
13.5832    6.8951    

# Frame475

# x        y
18.2471    18.9632   
17.6855    31.0074   
9.8738     33.6670   
13.0425    33.4135   
17.9711    22.6322   
13.5832    6.8951    

# Frame476

# x        y
18.2471    18.9632   
17.6855    31.0074   
9.8738     33.6670   
13.0425    33.4135   
17.9711    22.6321   
13.5832    6.8951    

# Frame477

# x        y
18.2471    18.9632   
17.6855    31.0074   
9.8738     33.6670   
13.0425    33.4135   
17.9711    22.6319   
13.5832    6.8951    

# Frame478

# x        y
18.2471    18.9632   
17.6855    31.0074   
9.8738     33.6670   
13.0425    33.4135   
17.9710    22.6318   
13.5832    6.8951    

# Frame479

# x        y
18.2471    18.9632   
17.6855    31.0074   
9.8738     33.6670   
13.0425    33.4135   
17.9710    22.6317   
13.5832    6.8951    

# Frame480

# x        y
18.2471    18.9632   
17.6855    31.0074   
9.8738     33.6670   
13.0425    33.4135   
17.9710    22.6316   
13.5832    6.8951    

# Frame481

# x        y
18.2471    18.9632   
17.6855    31.0074   
9.8738     33.6670   
13.0425    33.4135   
17.9709    22.6314   
13.5832    6.8951    

# Frame482

# x        y
18.2471    18.9632   
17.6855    31.0074   
9.8738     33.6670   
13.0425    33.4135   
17.9709    22.6313   
13.5832    6.8951    

# Frame483

# x        y
18.2471    18.9632   
17.6855    31.0074   
9.8738     33.6670   
13.0425    33.4135   
17.9709    22.6312   
13.5832    6.8951    

# Frame484

# x        y
18.2471    18.9632   
17.6855    31.0074   
9.8738     33.6670   
13.0425    33.4135   
17.9708    22.6311   
13.5832    6.8951    

# Frame485

# x        y
18.2471    18.9632   
17.6855    31.0074   
9.8738     33.6670   
13.0425    33.4135   
17.9708    22.6310   
13.5832    6.8951    

# Frame486

# x        y
18.2471    18.9632   
17.6855    31.0074   
9.8738     33.6670   
13.0425    33.4135   
17.9708    22.6308   
13.5832    6.8951    

# Frame487

# x        y
18.2471    18.9632   
17.6855    31.0074   
9.8738     33.6670   
13.0425    33.4135   
17.9708    22.6307   
13.5832    6.8951    

# Frame488

# x        y
18.2471    18.9632   
17.6855    31.0074   
9.8738     33.6670   
13.0425    33.4135   
17.9707    22.6306   
13.5832    6.8951    

# Frame489

# x        y
18.2471    18.9632   
17.6855    31.0074   
9.8738     33.6670   
13.0425    33.4135   
17.9707    22.6305   
13.5832    6.8951    

# Frame490

# x        y
18.2471    18.9632   
17.6855    31.0074   
9.8738     33.6670   
13.0425    33.4135   
17.9707    22.6304   
13.5832    6.8951    

# Frame491

# x        y
18.2471    18.9632   
17.6855    31.0074   
9.8738     33.6670   
13.0425    33.4135   
17.9706    22.6303   
13.5832    6.8951    

# Frame492

# x        y
18.2471    18.9632   
17.6855    31.0074   
9.8738     33.6670   
13.0425    33.4135   
17.9706    22.6302   
13.5832    6.8951    

# Frame493

# x        y
18.2471    18.9632   
17.6855    31.0074   
9.8738     33.6670   
13.0425    33.4135   
17.9706    22.6301   
13.5832    6.8951    

# Frame494

# x        y
18.2471    18.9632   
17.6855    31.0074   
9.8738     33.6670   
13.0425    33.4135   
17.9706    22.6300   
13.5832    6.8951    

# Frame495

