# x        y
12.2383    17.8227   
4.7551     4.4579    
3.0501     20.6988   
2.3861     11.4330   
18.0031    30.0342   
17.3871    33.3312   

# Frame1

# x        y
12.2383    17.8227   
4.7551     4.4579    
1.6845     22.1600   
2.3861     11.4330   
18.0031    30.0342   
17.3871    33.3312   

# Frame2

# x        y
12.2383    17.8227   
4.7551     4.4579    
1.3311     23.6094   
2.3861     11.4330   
18.0031    30.0342   
17.3871    33.3312   

# Frame3

# x        y
12.2383    17.8227   
4.7551     4.4579    
1.9914     25.0477   
2.3861     11.4330   
18.0031    30.0342   
17.3871    33.3312   

# Frame4

# x        y
12.2383    17.8227   
4.7551     4.4579    
2.6406     26.4620   
2.3861     11.4330   
18.0031    30.0342   
17.3871    33.3312   

# Frame5

# x        y
12.2383    17.8227   
4.7551     4.4579    
3.2791     27.8527   
2.3861     11.4330   
18.0031    30.0342   
17.3871    33.3312   

# Frame6

# x        y
12.2383    17.8227   
4.7551     4.4579    
3.9069     29.2203   
2.3861     11.4330   
18.0031    30.0342   
17.3871    33.3312   

# Frame7

# x        y
12.2383    17.8227   
4.7551     4.4579    
4.5242     30.5651   
2.3861     11.4330   
18.0031    30.0342   
17.3871    33.3312   

# Frame8

# x        y
12.2383    17.8227   
4.7551     4.4579    
5.1313     31.8875   
2.3861     11.4330   
18.0031    30.0342   
17.3871    33.3312   

# Frame9

# x        y
12.2383    17.8227   
4.7551     4.4579    
5.7282     33.1878   
2.3861     11.4330   
18.0031    30.0342   
17.3871    33.3312   

# Frame10

# x        y
12.2383    17.8227   
4.7551     4.4579    
6.3152     34.4665   
2.3861     11.4330   
18.0031    30.0342   
17.3871    33.3312   

# Frame11

# x        y
12.2383    17.8227   
4.7551     4.4579    
6.8924     35.7238   
2.3861     11.4330   
18.0031    30.0342   
17.3871    33.3312   

# Frame12

# x        y
12.2383    17.8227   
4.7551     4.4579    
7.4599     36.9602   
2.3861     11.4330   
18.0031    30.0342   
17.3871    33.3312   

# Frame13

# x        y
12.2383    17.8227   
4.7551     4.4579    
8.0181     38.1760   
2.3861     11.4330   
18.0031    30.0342   
17.3871    33.3312   

# Frame14

# x        y
12.2383    17.8227   
4.7551     4.4579    
8.6105     38.8119   
2.3861     11.4330   
18.0031    30.0342   
17.3871    33.3312   

# Frame15

# x        y
12.2383    17.8227   
4.7551     4.4579    
9.2900     38.2241   
2.3861     11.4330   
18.0031    30.0342   
17.3871    33.3312   

# Frame16

# x        y
12.2383    17.8227   
4.7551     4.4579    
9.9582     37.6461   
2.3861     11.4330   
18.0031    30.0342   
17.3871    33.3312   

# Frame17

# x        y
12.2383    17.8227   
4.7551     4.4579    
10.6153    37.0777   
2.3861     11.4330   
18.0031    30.0342   
17.3871    33.3312   

# Frame18

# x        y
12.2383    17.8227   
4.7551     4.4579    
11.2614    36.5188   
2.3861     11.4330   
18.0031    30.0342   
17.3871    33.3312   

# Frame19

# x        y
12.2383    17.8227   
4.7551     4.4579    
11.8967    35.9693   
2.3861     11.4330   
18.0031    30.0342   
17.3871    33.3312   

# Frame20

# x        y
12.2383    17.8227   
4.7551     4.4579    
12.5215    35.4288   
2.3861     11.4330   
18.0031    30.0342   
17.3871    33.3312   

# Frame21

# x        y
12.2383    17.8227   
4.7551     4.4579    
13.1358    34.8974   
2.3861     11.4330   
18.0031    30.0342   
17.3871    33.3312   

# Frame22

# x        y
12.2383    17.8227   
4.7551     4.4579    
13.7399    34.3749   
2.3861     11.4330   
18.0031    30.0342   
17.3871    33.3312   

# Frame23

# x        y
12.2383    17.8227   
4.7551     4.4579    
14.3340    33.8610   
2.3861     11.4330   
18.0031    30.0342   
17.3871    33.3312   

# Frame24

# x        y
12.2383    17.8227   
4.7551     4.4579    
14.9181    33.3557   
2.3861     11.4330   
18.0031    30.0342   
17.3871    33.3312   

# Frame25

# x        y
12.2383    17.8227   
4.7551     4.4579    
15.4632    32.8540   
2.3861     11.4330   
18.0031    30.0342   
17.4163    33.3360   

# Frame26

# x        y
12.2383    17.8227   
4.7551     4.4579    
15.6983    32.3141   
2.3861     11.4330   
18.0031    30.0342   
17.7461    33.3874   

# Frame27

# x        y
12.2383    17.8227   
4.7551     4.4579    
15.9295    31.7832   
2.3861     11.4330   
18.0031    30.0342   
18.0704    33.4379   

# Frame28

# x        y
12.2383    17.8227   
4.7551     4.4579    
16.1567    31.2611   
2.3861     11.4330   
18.0031    30.0342   
18.3892    33.4875   

# Frame29

# x        y
12.2383    17.8227   
4.7551     4.4579    
16.2273    30.8222   
2.3861     11.4330   
18.1560    29.9597   
18.7028    33.5363   

# Frame30

# x        y
12.2383    17.8227   
4.7551     4.4579    
16.1510    30.4608   
2.3861     11.4330   
18.4521    29.8162   
18.9926    33.5838   

# Frame31

# x        y
12.2383    17.8227   
4.7551     4.4579    
16.0760    30.1055   
2.3861     11.4330   
18.7432    29.6751   
18.8410    33.6027   

# Frame32

# x        y
12.2383    17.8227   
4.7551     4.4579    
16.0023    29.7562   
2.3861     11.4330   
18.9834    29.5413   
18.6919    33.6214   

# Frame33

# x        y
12.2383    17.8227   
4.7551     4.4579    
15.9298    29.4126   
2.3861     11.4330   
18.8427    29.4619   
18.5453    33.6397   

# Frame34

# x        y
12.2383    17.8227   
4.7551     4.4579    
15.8584    29.0748   
2.3861     11.4330   
18.7043    29.3838   
18.4012    33.6577   

# Frame35

# x        y
12.2383    17.8227   
4.7551     4.4579    
15.7883    28.7426   
2.3861     11.4330   
18.5682    29.3070   
18.2595    33.6754   

# Frame36

# x        y
12.2383    17.8227   
4.7551     4.4579    
15.7194    28.4160   
2.3861     11.4330   
18.4343    29.2316   
18.1201    33.6929   

# Frame37

# x        y
12.2383    17.8227   
4.7551     4.4579    
15.6516    28.0947   
2.3861     11.4330   
18.3027    29.1573   
17.9830    33.7100   

# Frame38

# x        y
12.2383    17.8227   
4.7551     4.4579    
15.5849    27.7789   
2.3861     11.4330   
18.1733    29.0843   
17.8483    33.7268   

# Frame39

# x        y
12.2383    17.8227   
4.7551     4.4579    
15.5193    27.4683   
2.3861     11.4330   
18.0461    29.0125   
17.7157    33.7434   

# Frame40

# x        y
12.2383    17.8227   
4.7551     4.4579    
15.4548    27.1629   
2.3861     11.4330   
17.9210    28.9420   
17.5854    33.7597   

# Frame41

# x        y
12.2383    17.8227   
4.7551     4.4579    
15.3914    26.8625   
2.3861     11.4330   
17.7979    28.8725   
17.4573    33.7757   

# Frame42

# x        y
12.2383    17.8227   
4.7551     4.4579    
15.3291    26.5672   
2.3861     11.4330   
17.6769    28.8043   
17.3313    33.7915   

# Frame43

# x        y
12.2383    17.8227   
4.7551     4.4579    
15.2678    26.2768   
2.3861     11.4330   
17.5580    28.7372   
17.2074    33.8070   

# Frame44

# x        y
12.2383    17.8227   
4.7551     4.4579    
15.2075    25.9913   
2.3861     11.4330   
17.4410    28.6712   
17.0855    33.8222   

# Frame45

# x        y
12.2383    17.8227   
4.7551     4.4579    
15.1482    25.7105   
2.3861     11.4330   
17.3259    28.6063   
16.9657    33.8372   

# Frame46

# x        y
12.2383    17.8227   
4.7551     4.4579    
15.0900    25.4343   
2.3861     11.4330   
17.2128    28.5425   
16.8479    33.8519   

# Frame47

# x        y
12.2383    17.8227   
4.7551     4.4579    
15.0326    25.1628   
2.3861     11.4330   
17.1016    28.4797   
16.7321    33.8664   

# Frame48

# x        y
12.2383    17.8227   
4.7551     4.4579    
14.9763    24.8958   
2.3861     11.4330   
16.9922    28.4180   
16.6182    33.8806   

# Frame49

# x        y
12.2383    17.8227   
4.7551     4.4579    
14.9209    24.6333   
2.3861     11.4330   
16.8846    28.3574   
16.5061    33.8947   

# Frame50

# x        y
12.2383    17.8227   
4.7551     4.4579    
14.8664    24.3751   
2.3861     11.4330   
16.7789    28.2977   
16.3960    33.9084   

# Frame51

# x        y
12.2383    17.8227   
4.7551     4.4579    
14.8128    24.1213   
2.3861     11.4330   
16.6749    28.2390   
16.2877    33.9220   

# Frame52

# x        y
12.2383    17.8227   
4.7551     4.4579    
14.7601    23.8716   
2.3861     11.4330   
16.5726    28.1813   
16.1812    33.9353   

# Frame53

# x        y
12.2383    17.8227   
4.7551     4.4579    
14.7083    23.6262   
2.3861     11.4330   
16.4720    28.1246   
16.0764    33.9484   

# Frame54

# x        y
12.2383    17.8227   
4.7551     4.4579    
14.6573    23.3848   
2.3861     11.4330   
16.3731    28.0688   
15.9734    33.9613   

# Frame55

# x        y
12.2383    17.8227   
4.7551     4.4579    
14.6072    23.1474   
2.3861     11.4330   
16.2759    28.0140   
15.8722    33.9739   

# Frame56

# x        y
12.2383    17.8227   
4.7551     4.4579    
14.5579    22.9140   
2.3861     11.4330   
16.1803    27.9600   
15.7726    33.9864   

# Frame57

# x        y
12.2383    17.8227   
4.7551     4.4579    
14.5095    22.6845   
2.3861     11.4330   
16.0862    27.9070   
15.6747    33.9986   

# Frame58

# x        y
12.2383    17.8227   
4.7551     4.4579    
14.4618    22.4588   
2.3861     11.4330   
15.9938    27.8548   
15.5784    34.0107   

# Frame59

# x        y
12.2383    17.8227   
4.7551     4.4579    
14.4150    22.2369   
2.3861     11.4330   
15.9029    27.8035   
15.4837    34.0225   

# Frame60

# x        y
12.2383    17.8227   
4.7551     4.4579    
14.3689    22.0187   
2.3861     11.4330   
15.8135    27.7531   
15.3906    34.0341   

# Frame61

# x        y
12.2383    17.8227   
4.7551     4.4579    
14.3236    21.8041   
2.3861     11.4330   
15.7255    27.7035   
15.2990    34.0456   

# Frame62

# x        y
12.2383    17.8227   
4.7551     4.4579    
14.2791    21.5931   
2.3861     11.4330   
15.6391    27.6547   
15.2090    34.0568   

# Frame63

# x        y
12.2383    17.8227   
4.7551     4.4579    
14.2353    21.3856   
2.3861     11.4330   
15.5541    27.6068   
15.1204    34.0679   

# Frame64

# x        y
12.2383    17.8227   
4.7551     4.4579    
14.1922    21.1815   
2.3861     11.4330   
15.4705    27.5596   
15.0334    34.0788   

# Frame65

# x        y
12.2383    17.8227   
4.7551     4.4579    
14.1499    20.9809   
2.3861     11.4330   
15.3883    27.5133   
14.9478    34.0895   

# Frame66

# x        y
12.2383    17.8227   
4.7551     4.4579    
14.1082    20.7836   
2.3861     11.4330   
15.3075    27.4677   
14.8636    34.1000   

# Frame67

# x        y
12.2383    17.8227   
4.7551     4.4579    
14.0673    20.5896   
2.3861     11.4330   
15.2280    27.4228   
14.7808    34.1104   

# Frame68

# x        y
12.2383    17.8227   
4.7551     4.4579    
14.0270    20.3988   
2.3861     11.4330   
15.1498    27.3787   
14.6994    34.1206   

# Frame69

# x        y
12.2383    17.8227   
4.7551     4.4579    
13.9874    20.2112   
2.3861     11.4330   
15.0730    27.3354   
14.6194    34.1306   

# Frame70

# x        y
12.2383    17.8227   
4.7551     4.4579    
13.9484    20.0267   
2.3861     11.4330   
14.9974    27.2927   
14.5407    34.1404   

# Frame71

# x        y
12.2383    17.8227   
4.7551     4.4579    
13.9102    19.8454   
2.3861     11.4330   
14.9231    27.2508   
14.4633    34.1501   

# Frame72

# x        y
12.2383    17.8227   
4.7551     4.4579    
13.8725    19.6670   
2.3861     11.4330   
14.8500    27.2096   
14.3872    34.1596   

# Frame73

# x        y
12.2383    17.8227   
4.7551     4.4579    
13.8355    19.4916   
2.3861     11.4330   
14.7782    27.1691   
14.3124    34.1689   

# Frame74

# x        y
12.2383    17.8227   
4.7551     4.4579    
13.7991    19.3191   
2.3861     11.4330   
14.7075    27.1292   
14.2388    34.1782   

# Frame75

# x        y
12.2383    17.8227   
4.7551     4.4579    
13.7633    19.1495   
2.3861     11.4330   
14.6380    27.0900   
14.1664    34.1872   

# Frame76

# x        y
12.1933    17.7543   
4.7551     4.4579    
13.7731    19.0512   
2.3861     11.4330   
14.5697    27.0515   
14.0952    34.1961   

# Frame77

# x        y
12.1376    17.6664   
4.7551     4.4579    
13.7941    18.9751   
2.3861     11.4330   
14.5025    27.0136   
14.0253    34.2048   

# Frame78

# x        y
12.0829    17.5800   
4.7551     4.4579    
13.8148    18.9002   
2.3861     11.4330   
14.4364    26.9763   
13.9565    34.2134   

# Frame79

# x        y
12.0290    17.4950   
4.7551     4.4579    
13.8352    18.8266   
2.3861     11.4330   
14.3715    26.9397   
13.8888    34.2219   

# Frame80

# x        y
11.9761    17.4115   
4.7551     4.4579    
13.8552    18.7543   
2.3861     11.4330   
14.3076    26.9036   
13.8223    34.2302   

# Frame81

# x        y
11.9240    17.3293   
4.7551     4.4579    
13.8749    18.6831   
2.3861     11.4330   
14.2448    26.8682   
13.7569    34.2384   

# Frame82

# x        y
11.8729    17.2485   
4.7551     4.4579    
13.8943    18.6131   
2.3861     11.4330   
14.1830    26.8333   
13.6925    34.2464   

# Frame83

# x        y
11.8225    17.1691   
4.7551     4.4579    
13.9133    18.5443   
2.3861     11.4330   
14.1223    26.7991   
13.6293    34.2544   

# Frame84

# x        y
11.7730    17.0910   
4.7551     4.4579    
13.9320    18.4766   
2.3861     11.4330   
14.0625    26.7654   
13.5671    34.2621   

# Frame85

# x        y
11.7243    17.0142   
4.7551     4.4579    
13.9504    18.4101   
2.3861     11.4330   
14.0038    26.7323   
13.5059    34.2698   

# Frame86

# x        y
11.6765    16.9386   
4.7551     4.4579    
13.9686    18.3446   
2.3861     11.4330   
13.9461    26.6997   
13.4458    34.2773   

# Frame87

# x        y
11.6294    16.8643   
4.7551     4.4579    
13.9864    18.2803   
2.3861     11.4330   
13.8893    26.6676   
13.3866    34.2847   

# Frame88

# x        y
11.5831    16.7913   
4.7551     4.4579    
14.0039    18.2170   
2.3861     11.4330   
13.8334    26.6361   
13.3285    34.2920   

# Frame89

# x        y
11.5376    16.7195   
4.7551     4.4579    
14.0211    18.1548   
2.3861     11.4330   
13.7785    26.6052   
13.2713    34.2991   

# Frame90

# x        y
11.4929    16.6489   
4.7551     4.4579    
14.0380    18.0936   
2.3861     11.4330   
13.7245    26.5747   
13.2150    34.3062   

# Frame91

# x        y
11.4489    16.5794   
4.7551     4.4579    
14.0546    18.0335   
2.3861     11.4330   
13.6714    26.5448   
13.1597    34.3131   

# Frame92

# x        y
11.4056    16.5111   
4.7551     4.4579    
14.0710    17.9743   
2.3861     11.4330   
13.6192    26.5153   
13.1054    34.3199   

# Frame93

# x        y
11.3631    16.4440   
4.7551     4.4579    
14.0871    17.9161   
2.3861     11.4330   
13.5679    26.4863   
13.0519    34.3266   

# Frame94

# x        y
11.3212    16.3779   
4.7551     4.4579    
14.1029    17.8589   
2.3861     11.4330   
13.5174    26.4579   
12.9993    34.3331   

# Frame95

# x        y
11.2801    16.3130   
4.7551     4.4579    
14.1185    17.8027   
2.3861     11.4330   
13.4677    26.4298   
12.9476    34.3396   

# Frame96

# x        y
11.2396    16.2491   
4.7551     4.4579    
14.1338    17.7474   
2.3861     11.4330   
13.4189    26.4023   
12.8968    34.3459   

# Frame97

# x        y
11.1998    16.1864   
4.7551     4.4579    
14.1488    17.6930   
2.3861     11.4330   
13.3709    26.3752   
12.8468    34.3522   

# Frame98

# x        y
11.1607    16.1246   
4.7551     4.4579    
14.1636    17.6395   
2.3861     11.4330   
13.3237    26.3486   
12.7976    34.3583   

# Frame99

# x        y
11.1222    16.0639   
4.7551     4.4579    
14.1782    17.5869   
2.3861     11.4330   
13.2773    26.3224   
12.7493    34.3644   

# Frame100

# x        y
11.0844    16.0042   
4.7551     4.4579    
14.1925    17.5352   
2.3861     11.4330   
13.2316    26.2967   
12.7017    34.3703   

# Frame101

# x        y
11.0472    15.9455   
4.7551     4.4579    
14.2066    17.4844   
2.3861     11.4330   
13.1867    26.2713   
12.6550    34.3762   

# Frame102

# x        y
11.0106    15.8878   
4.7551     4.4579    
14.2204    17.4343   
2.3861     11.4330   
13.1426    26.2465   
12.6090    34.3819   

# Frame103

# x        y
10.9747    15.8310   
4.7551     4.4579    
14.2340    17.3852   
2.3861     11.4330   
13.0992    26.2220   
12.5638    34.3876   

# Frame104

# x        y
10.9393    15.7752   
4.7551     4.4579    
14.2474    17.3368   
2.3861     11.4330   
13.0565    26.1979   
12.5194    34.3931   

# Frame105

# x        y
10.9045    15.7203   
4.7551     4.4579    
14.2605    17.2893   
2.3861     11.4330   
13.0146    26.1742   
12.4757    34.3986   

# Frame106

# x        y
10.8703    15.6663   
4.7551     4.4579    
14.2735    17.2425   
2.3861     11.4330   
12.9733    26.1509   
12.4327    34.4040   

# Frame107

# x        y
10.8367    15.6133   
4.7551     4.4579    
14.2862    17.1965   
2.3861     11.4330   
12.9327    26.1280   
12.3904    34.4093   

# Frame108

# x        y
10.8036    15.5611   
4.7551     4.4579    
14.2987    17.1513   
2.3861     11.4330   
12.8928    26.1055   
12.3489    34.4145   

# Frame109

# x        y
10.7711    15.5098   
4.7551     4.4579    
14.3110    17.1069   
2.3861     11.4330   
12.8536    26.0834   
12.3080    34.4196   

# Frame110

# x        y
10.7391    15.4593   
4.7551     4.4579    
14.3231    17.0632   
2.3861     11.4330   
12.8150    26.0616   
12.2678    34.4246   

# Frame111

# x        y
10.7077    15.4097   
4.7551     4.4579    
14.3350    17.0202   
2.3861     11.4330   
12.7771    26.0402   
12.2283    34.4295   

# Frame112

# x        y
10.6768    15.3609   
4.7551     4.4579    
14.3467    16.9779   
2.3861     11.4330   
12.7398    26.0192   
12.1894    34.4344   

# Frame113

# x        y
10.6464    15.3129   
4.7551     4.4579    
14.3582    16.9363   
2.3861     11.4330   
12.7031    25.9985   
12.1512    34.4392   

# Frame114

# x        y
10.6165    15.2657   
4.7551     4.4579    
14.3695    16.8955   
2.3861     11.4330   
12.6670    25.9781   
12.1137    34.4439   

# Frame115

# x        y
10.5871    15.2193   
4.7551     4.4579    
14.3806    16.8553   
2.3861     11.4330   
12.6315    25.9581   
12.0767    34.4485   

# Frame116

# x        y
10.5582    15.1737   
4.7551     4.4579    
14.3915    16.8158   
2.3861     11.4330   
12.5966    25.9385   
12.0404    34.4530   

# Frame117

# x        y
10.5298    15.1288   
4.7551     4.4579    
14.4023    16.7769   
2.3861     11.4330   
12.5623    25.9191   
12.0047    34.4575   

# Frame118

# x        y
10.5018    15.0847   
4.7551     4.4579    
14.4129    16.7387   
2.3861     11.4330   
12.5286    25.9001   
11.9696    34.4619   

# Frame119

# x        y
10.4743    15.0413   
4.7551     4.4579    
14.4233    16.7011   
2.3861     11.4330   
12.4954    25.8814   
11.9350    34.4662   

# Frame120

# x        y
10.4473    14.9987   
4.7551     4.4579    
14.4335    16.6642   
2.3861     11.4330   
12.4628    25.8630   
11.9010    34.4704   

# Frame121

# x        y
10.4207    14.9567   
4.7551     4.4579    
14.4435    16.6278   
2.3861     11.4330   
12.4308    25.8449   
11.8676    34.4746   

# Frame122

# x        y
10.3946    14.9155   
4.7551     4.4579    
14.4534    16.5921   
2.3861     11.4330   
12.3992    25.8271   
11.8348    34.4787   

# Frame123

# x        y
10.3689    14.8749   
4.7551     4.4579    
14.4632    16.5570   
2.3861     11.4330   
12.3682    25.8096   
11.8025    34.4828   

# Frame124

# x        y
10.3436    14.8350   
4.7551     4.4579    
14.4727    16.5224   
2.3861     11.4330   
12.3377    25.7924   
11.7707    34.4867   

# Frame125

# x        y
10.3188    14.7958   
4.7551     4.4579    
14.4821    16.4884   
2.3861     11.4330   
12.3077    25.7755   
11.7395    34.4906   

# Frame126

# x        y
10.2943    14.7573   
4.7551     4.4579    
14.4914    16.4550   
2.3861     11.4330   
12.2782    25.7589   
11.7088    34.4945   

# Frame127

# x        y
10.2703    14.7193   
4.7551     4.4579    
14.5004    16.4222   
2.3861     11.4330   
12.2493    25.7425   
11.6786    34.4983   

# Frame128

# x        y
10.2467    14.6820   
4.7551     4.4579    
14.5094    16.3899   
2.3861     11.4330   
12.2207    25.7264   
11.6489    34.5020   

# Frame129

# x        y
10.2234    14.6454   
4.7551     4.4579    
14.5182    16.3581   
2.3861     11.4330   
12.1927    25.7106   
11.6197    34.5056   

# Frame130

# x        y
10.2006    14.6093   
4.7551     4.4579    
14.5268    16.3269   
2.3861     11.4330   
12.1651    25.6950   
11.5910    34.5092   

# Frame131

# x        y
10.1781    14.5739   
4.7551     4.4579    
14.5353    16.2962   
2.3861     11.4330   
12.1380    25.6798   
11.5628    34.5127   

# Frame132

# x        y
10.1560    14.5390   
4.7551     4.4579    
14.5437    16.2660   
2.3861     11.4330   
12.1114    25.6647   
11.5350    34.5162   

# Frame133

# x        y
10.1343    14.5047   
4.7551     4.4579    
14.5519    16.2363   
2.3861     11.4330   
12.0852    25.6499   
11.5077    34.5196   

# Frame134

# x        y
10.1129    14.4710   
4.7551     4.4579    
14.5600    16.2071   
2.3861     11.4330   
12.0594    25.6354   
11.4809    34.5230   

# Frame135

# x        y
10.0919    14.4379   
4.7551     4.4579    
14.5679    16.1783   
2.3861     11.4330   
12.0340    25.6211   
11.4545    34.5263   

# Frame136

# x        y
10.0713    14.4053   
4.7551     4.4579    
14.5757    16.1501   
2.3861     11.4330   
12.0091    25.6070   
11.4285    34.5295   

# Frame137

# x        y
10.0510    14.3732   
4.7551     4.4579    
14.5834    16.1223   
2.3861     11.4330   
11.9846    25.5932   
11.4030    34.5327   

# Frame138

# x        y
10.0310    14.3417   
4.7551     4.4579    
14.5910    16.0950   
2.3861     11.4330   
11.9605    25.5796   
11.3779    34.5359   

# Frame139

# x        y
10.0114    14.3107   
4.7551     4.4579    
14.5984    16.0682   
2.3861     11.4330   
11.9368    25.5662   
11.3532    34.5389   

# Frame140

# x        y
9.9921     14.2802   
4.7551     4.4579    
14.6057    16.0418   
2.3861     11.4330   
11.9135    25.5531   
11.3289    34.5420   

# Frame141

# x        y
9.9731     14.2502   
4.7551     4.4579    
14.6129    16.0158   
2.3861     11.4330   
11.8906    25.5402   
11.3051    34.5450   

# Frame142

# x        y
9.9544     14.2208   
4.7551     4.4579    
14.6199    15.9903   
2.3861     11.4330   
11.8680    25.5275   
11.2816    34.5479   

# Frame143

# x        y
9.9360     14.1918   
4.7551     4.4579    
14.6269    15.9652   
2.3861     11.4330   
11.8459    25.5150   
11.2585    34.5508   

# Frame144

# x        y
9.9180     14.1633   
4.7551     4.4579    
14.6337    15.9405   
2.3861     11.4330   
11.8241    25.5027   
11.2358    34.5536   

# Frame145

# x        y
9.9002     14.1353   
4.7551     4.4579    
14.6404    15.9162   
2.3861     11.4330   
11.8027    25.4906   
11.2135    34.5564   

# Frame146

# x        y
9.8828     14.1077   
4.7551     4.4579    
14.6470    15.8924   
2.3861     11.4330   
11.7816    25.4787   
11.1916    34.5592   

# Frame147

# x        y
9.8656     14.0806   
4.7551     4.4579    
14.6535    15.8689   
2.3861     11.4330   
11.7609    25.4670   
11.1700    34.5618   

# Frame148

# x        y
9.8487     14.0540   
4.7551     4.4579    
14.6599    15.8458   
2.3861     11.4330   
11.7405    25.4555   
11.1488    34.5645   

# Frame149

# x        y
9.8321     14.0278   
4.7551     4.4579    
14.6662    15.8231   
2.3861     11.4330   
11.7205    25.4442   
11.1279    34.5671   

# Frame150

# x        y
9.8158     14.0020   
4.7551     4.4579    
14.6724    15.8008   
2.3861     11.4330   
11.7008    25.4331   
11.1074    34.5697   

# Frame151

# x        y
9.7997     13.9767   
4.7551     4.4579    
14.6784    15.7788   
2.3861     11.4330   
11.6814    25.4222   
11.0873    34.5722   

# Frame152

# x        y
9.7839     13.9518   
4.7551     4.4579    
14.6844    15.7573   
2.3861     11.4330   
11.6624    25.4114   
11.0674    34.5747   

# Frame153

# x        y
9.7684     13.9273   
4.7551     4.4579    
14.6903    15.7360   
2.3861     11.4330   
11.6436    25.4009   
11.0479    34.5771   

# Frame154

# x        y
9.7532     13.9032   
4.7551     4.4579    
14.6960    15.7152   
2.3861     11.4330   
11.6252    25.3905   
11.0287    34.5795   

# Frame155

# x        y
9.7381     13.8795   
4.7551     4.4579    
14.7017    15.6947   
2.3861     11.4330   
11.6071    25.3803   
11.0099    34.5819   

# Frame156

# x        y
9.7234     13.8562   
4.7551     4.4579    
14.7073    15.6745   
2.3861     11.4330   
11.5893    25.3702   
10.9913    34.5842   

# Frame157

# x        y
9.7089     13.8333   
4.7551     4.4579    
14.7128    15.6546   
2.3861     11.4330   
11.5718    25.3603   
10.9731    34.5865   

# Frame158

# x        y
9.6946     13.8108   
4.7551     4.4579    
14.7182    15.6351   
2.3861     11.4330   
11.5546    25.3506   
10.9551    34.5887   

# Frame159

# x        y
9.6806     13.7886   
4.7551     4.4579    
14.7235    15.6159   
2.3861     11.4330   
11.5376    25.3411   
10.9375    34.5909   

# Frame160

# x        y
9.6668     13.7668   
4.7551     4.4579    
14.7287    15.5971   
2.3861     11.4330   
11.5210    25.3317   
10.9202    34.5931   

# Frame161

# x        y
9.6532     13.7454   
4.7551     4.4579    
14.7339    15.5785   
2.3861     11.4330   
11.5046    25.3224   
10.9031    34.5952   

# Frame162

# x        y
9.6399     13.7244   
4.7551     4.4579    
14.7389    15.5603   
2.3861     11.4330   
11.4885    25.3134   
10.8864    34.5973   

# Frame163

# x        y
9.6267     13.7037   
4.7551     4.4579    
14.7439    15.5423   
2.3861     11.4330   
11.4727    25.3044   
10.8699    34.5994   

# Frame164

# x        y
9.6138     13.6833   
4.7551     4.4579    
14.7487    15.5247   
2.3861     11.4330   
11.4571    25.2957   
10.8537    34.6014   

# Frame165

# x        y
9.6012     13.6633   
4.7551     4.4579    
14.7535    15.5074   
2.3861     11.4330   
11.4418    25.2870   
10.8377    34.6034   

# Frame166

# x        y
9.5887     13.6436   
4.7551     4.4579    
14.7583    15.4903   
2.3861     11.4330   
11.4268    25.2785   
10.8220    34.6054   

# Frame167

# x        y
9.5764     13.6242   
4.7551     4.4579    
14.7629    15.4735   
2.3861     11.4330   
11.4120    25.2702   
10.8066    34.6073   

# Frame168

# x        y
9.5643     13.6052   
4.7551     4.4579    
14.7675    15.4570   
2.3861     11.4330   
11.3974    25.2620   
10.7915    34.6092   

# Frame169

# x        y
9.5525     13.5865   
4.7551     4.4579    
14.7720    15.4408   
2.3861     11.4330   
11.3831    25.2539   
10.7765    34.6110   

# Frame170

# x        y
9.5408     13.5681   
4.7551     4.4579    
14.7764    15.4249   
2.3861     11.4330   
11.3690    25.2459   
10.7619    34.6129   

# Frame171

# x        y
9.5294     13.5500   
4.7551     4.4579    
14.7807    15.4092   
2.3861     11.4330   
11.3552    25.2381   
10.7475    34.6147   

# Frame172

# x        y
9.5181     13.5322   
4.7551     4.4579    
14.7850    15.3938   
2.3861     11.4330   
11.3416    25.2305   
10.7333    34.6164   

# Frame173

# x        y
9.5070     13.5146   
4.7551     4.4579    
14.7892    15.3786   
2.3861     11.4330   
11.3282    25.2229   
10.7194    34.6182   

# Frame174

# x        y
9.4961     13.4974   
4.7551     4.4579    
14.7933    15.3637   
2.3861     11.4330   
11.3150    25.2155   
10.7057    34.6199   

# Frame175

# x        y
9.4854     13.4805   
4.7551     4.4579    
14.7973    15.3490   
2.3861     11.4330   
11.3021    25.2082   
10.6922    34.6216   

# Frame176

# x        y
9.4748     13.4639   
4.7551     4.4579    
14.8013    15.3346   
2.3861     11.4330   
11.2893    25.2010   
10.6789    34.6232   

# Frame177

# x        y
9.4644     13.4475   
4.7551     4.4579    
14.8053    15.3205   
2.3861     11.4330   
11.2768    25.1940   
10.6659    34.6249   

# Frame178

# x        y
9.4542     13.4314   
4.7551     4.4579    
14.8091    15.3065   
2.3861     11.4330   
11.2645    25.1870   
10.6531    34.6265   

# Frame179

# x        y
9.4442     13.4156   
4.7551     4.4579    
14.8129    15.2928   
2.3861     11.4330   
11.2524    25.1802   
10.6405    34.6281   

# Frame180

# x        y
9.4344     13.4000   
4.7551     4.4579    
14.8166    15.2793   
2.3861     11.4330   
11.2405    25.1735   
10.6281    34.6296   

# Frame181

# x        y
9.4247     13.3847   
4.7551     4.4579    
14.8203    15.2661   
2.3861     11.4330   
11.2288    25.1669   
10.6159    34.6311   

# Frame182

# x        y
9.4151     13.3697   
4.7551     4.4579    
14.8239    15.2530   
2.3861     11.4330   
11.2173    25.1604   
10.6039    34.6326   

# Frame183

# x        y
9.4058     13.3549   
4.7551     4.4579    
14.8275    15.2402   
2.3861     11.4330   
11.2060    25.1540   
10.5921    34.6341   

# Frame184

# x        y
9.3965     13.3403   
4.7551     4.4579    
14.8309    15.2276   
2.3861     11.4330   
11.1949    25.1477   
10.5806    34.6355   

# Frame185

# x        y
9.3875     13.3260   
4.7551     4.4579    
14.8344    15.2152   
2.3861     11.4330   
11.1840    25.1416   
10.5692    34.6370   

# Frame186

# x        y
9.3786     13.3120   
4.7551     4.4579    
14.8377    15.2030   
2.3861     11.4330   
11.1732    25.1355   
10.5580    34.6384   

# Frame187

# x        y
9.3698     13.2981   
4.7551     4.4579    
14.8411    15.1911   
2.3861     11.4330   
11.1626    25.1295   
10.5470    34.6397   

# Frame188

# x        y
9.3612     13.2845   
4.7551     4.4579    
14.8443    15.1793   
2.3861     11.4330   
11.1522    25.1237   
10.5361    34.6411   

# Frame189

# x        y
9.3527     13.2711   
4.7551     4.4579    
14.8475    15.1677   
2.3861     11.4330   
11.1420    25.1179   
10.5255    34.6424   

# Frame190

# x        y
9.3444     13.2580   
4.7551     4.4579    
14.8507    15.1563   
2.3861     11.4330   
11.1319    25.1122   
10.5150    34.6437   

# Frame191

# x        y
9.3362     13.2451   
4.7551     4.4579    
14.8538    15.1451   
2.3861     11.4330   
11.1221    25.1066   
10.5047    34.6450   

# Frame192

# x        y
9.3281     13.2323   
4.7551     4.4579    
14.8568    15.1341   
2.3861     11.4330   
11.1123    25.1012   
10.4946    34.6463   

# Frame193

# x        y
9.3202     13.2198   
4.7551     4.4579    
14.8598    15.1232   
2.3861     11.4330   
11.1028    25.0958   
10.4846    34.6475   

# Frame194

# x        y
9.3124     13.2075   
4.7551     4.4579    
14.8628    15.1126   
2.3861     11.4330   
11.0934    25.0905   
10.4748    34.6488   

# Frame195

# x        y
9.3047     13.1954   
4.7551     4.4579    
14.8657    15.1021   
2.3861     11.4330   
11.0841    25.0852   
10.4652    34.6500   

# Frame196

# x        y
9.2972     13.1836   
4.7551     4.4579    
14.8685    15.0918   
2.3861     11.4330   
11.0750    25.0801   
10.4557    34.6511   

# Frame197

# x        y
9.2898     13.1719   
4.7551     4.4579    
14.8713    15.0817   
2.3861     11.4330   
11.0661    25.0751   
10.4464    34.6523   

# Frame198

# x        y
9.2825     13.1604   
4.7551     4.4579    
14.8741    15.0717   
2.3861     11.4330   
11.0573    25.0701   
10.4373    34.6535   

# Frame199

# x        y
9.2753     13.1491   
4.7551     4.4579    
14.8768    15.0619   
2.3861     11.4330   
11.0486    25.0652   
10.4283    34.6546   

# Frame200

# x        y
9.2683     13.1379   
4.7551     4.4579    
14.8794    15.0523   
2.3861     11.4330   
11.0401    25.0604   
10.4194    34.6557   

# Frame201

# x        y
9.2614     13.1270   
4.7551     4.4579    
14.8821    15.0428   
2.3861     11.4330   
11.0318    25.0557   
10.4107    34.6568   

# Frame202

# x        y
9.2545     13.1163   
4.7551     4.4579    
14.8846    15.0335   
2.3861     11.4330   
11.0236    25.0511   
10.4021    34.6578   

# Frame203

# x        y
9.2478     13.1057   
4.7551     4.4579    
14.8872    15.0243   
2.3861     11.4330   
11.0155    25.0465   
10.3937    34.6589   

# Frame204

# x        y
9.2413     13.0953   
4.7551     4.4579    
14.8897    15.0153   
2.3861     11.4330   
11.0075    25.0420   
10.3854    34.6599   

# Frame205

# x        y
9.2348     13.0851   
4.7551     4.4579    
14.8921    15.0065   
2.3861     11.4330   
10.9997    25.0376   
10.3773    34.6610   

# Frame206

# x        y
9.2284     13.0750   
4.7551     4.4579    
14.8945    14.9978   
2.3861     11.4330   
10.9920    25.0333   
10.3693    34.6620   

# Frame207

# x        y
9.2222     13.0651   
4.7551     4.4579    
14.8969    14.9892   
2.3861     11.4330   
10.9845    25.0290   
10.3614    34.6629   

# Frame208

# x        y
9.2160     13.0554   
4.7551     4.4579    
14.8992    14.9808   
2.3861     11.4330   
10.9770    25.0248   
10.3537    34.6639   

# Frame209

# x        y
9.2099     13.0458   
4.7551     4.4579    
14.9015    14.9725   
2.3861     11.4330   
10.9697    25.0207   
10.3461    34.6649   

# Frame210

# x        y
9.2040     13.0364   
4.7551     4.4579    
14.9038    14.9644   
2.3861     11.4330   
10.9626    25.0167   
10.3386    34.6658   

# Frame211

# x        y
9.1981     13.0272   
4.7551     4.4579    
14.9060    14.9564   
2.3861     11.4330   
10.9555    25.0127   
10.3312    34.6667   

# Frame212

# x        y
9.1924     13.0181   
4.7551     4.4579    
14.9082    14.9485   
2.3861     11.4330   
10.9485    25.0088   
10.3240    34.6676   

# Frame213

# x        y
9.1867     13.0092   
4.7551     4.4579    
14.9103    14.9408   
2.3861     11.4330   
10.9417    25.0049   
10.3169    34.6685   

# Frame214

# x        y
9.1811     13.0004   
4.7551     4.4579    
14.9124    14.9331   
2.3861     11.4330   
10.9350    25.0011   
10.3099    34.6694   

# Frame215

# x        y
9.1757     12.9918   
4.7551     4.4579    
14.9145    14.9257   
2.3861     11.4330   
10.9284    24.9974   
10.3030    34.6702   

# Frame216

# x        y
9.1703     12.9833   
4.7551     4.4579    
14.9165    14.9183   
2.3861     11.4330   
10.9219    24.9937   
10.2962    34.6711   

# Frame217

# x        y
9.1650     12.9749   
4.7551     4.4579    
14.9185    14.9111   
2.3861     11.4330   
10.9155    24.9901   
10.2896    34.6719   

# Frame218

# x        y
9.1598     12.9667   
4.7551     4.4579    
14.9205    14.9039   
2.3861     11.4330   
10.9092    24.9866   
10.2830    34.6727   

# Frame219

# x        y
9.1547     12.9586   
4.7551     4.4579    
14.9224    14.8969   
2.3861     11.4330   
10.9030    24.9831   
10.2766    34.6735   

# Frame220

# x        y
9.1496     12.9507   
4.7551     4.4579    
14.9243    14.8901   
2.3861     11.4330   
10.8970    24.9797   
10.2703    34.6743   

# Frame221

# x        y
9.1447     12.9429   
4.7551     4.4579    
14.9262    14.8833   
2.3861     11.4330   
10.8910    24.9763   
10.2641    34.6751   

# Frame222

# x        y
9.1398     12.9352   
4.7551     4.4579    
14.9280    14.8766   
2.3861     11.4330   
10.8851    24.9730   
10.2579    34.6759   

# Frame223

# x        y
9.1350     12.9276   
4.7551     4.4579    
14.9299    14.8701   
2.3861     11.4330   
10.8793    24.9697   
10.2519    34.6766   

# Frame224

# x        y
9.1303     12.9202   
4.7551     4.4579    
14.9316    14.8637   
2.3861     11.4330   
10.8737    24.9665   
10.2460    34.6774   

# Frame225

# x        y
9.1257     12.9129   
4.7551     4.4579    
14.9334    14.8573   
2.3861     11.4330   
10.8681    24.9634   
10.2402    34.6781   

# Frame226

# x        y
9.1211     12.9057   
4.7551     4.4579    
14.9351    14.8511   
2.3861     11.4330   
10.8626    24.9603   
10.2345    34.6788   

# Frame227

# x        y
9.1167     12.8986   
4.7551     4.4579    
14.9368    14.8450   
2.3861     11.4330   
10.8572    24.9572   
10.2289    34.6795   

# Frame228

# x        y
9.1123     12.8917   
4.7551     4.4579    
14.9385    14.8390   
2.3861     11.4330   
10.8519    24.9542   
10.2233    34.6802   

# Frame229

# x        y
9.1079     12.8849   
4.7551     4.4579    
14.9401    14.8331   
2.3861     11.4330   
10.8467    24.9513   
10.2179    34.6809   

# Frame230

# x        y
9.1037     12.8781   
4.7551     4.4579    
14.9417    14.8272   
2.3861     11.4330   
10.8415    24.9484   
10.2125    34.6815   

# Frame231

# x        y
9.0995     12.8715   
4.7551     4.4579    
14.9433    14.8215   
2.3861     11.4330   
10.8365    24.9455   
10.2073    34.6822   

# Frame232

# x        y
9.0954     12.8651   
4.7551     4.4579    
14.9448    14.8159   
2.3861     11.4330   
10.8315    24.9427   
10.2021    34.6828   

# Frame233

# x        y
9.0913     12.8587   
4.7551     4.4579    
14.9464    14.8104   
2.3861     11.4330   
10.8266    24.9400   
10.1970    34.6835   

# Frame234

# x        y
9.0874     12.8524   
4.7551     4.4579    
14.9479    14.8049   
2.3861     11.4330   
10.8218    24.9373   
10.1920    34.6841   

# Frame235

# x        y
9.0834     12.8462   
4.7551     4.4579    
14.9494    14.7996   
2.3861     11.4330   
10.8171    24.9346   
10.1871    34.6847   

# Frame236

# x        y
9.0796     12.8401   
4.7551     4.4579    
14.9508    14.7943   
2.3861     11.4330   
10.8125    24.9320   
10.1823    34.6853   

# Frame237

# x        y
9.0758     12.8342   
4.7551     4.4579    
14.9523    14.7892   
2.3861     11.4330   
10.8079    24.9294   
10.1775    34.6859   

# Frame238

# x        y
9.0721     12.8283   
4.7551     4.4579    
14.9537    14.7841   
2.3861     11.4330   
10.8034    24.9269   
10.1728    34.6865   

# Frame239

# x        y
9.0684     12.8225   
4.7551     4.4579    
14.9550    14.7791   
2.3861     11.4330   
10.7990    24.9244   
10.1682    34.6871   

# Frame240

# x        y
9.0648     12.8169   
4.7551     4.4579    
14.9564    14.7741   
2.3861     11.4330   
10.7947    24.9220   
10.1637    34.6876   

# Frame241

# x        y
9.0613     12.8113   
4.7551     4.4579    
14.9577    14.7693   
2.3861     11.4330   
10.7904    24.9195   
10.1593    34.6882   

# Frame242

# x        y
9.0578     12.8058   
4.7551     4.4579    
14.9591    14.7646   
2.3861     11.4330   
10.7862    24.9172   
10.1549    34.6887   

# Frame243

# x        y
9.0544     12.8004   
4.7551     4.4579    
14.9603    14.7599   
2.3861     11.4330   
10.7821    24.9149   
10.1506    34.6893   

# Frame244

# x        y
9.0510     12.7951   
4.7551     4.4579    
14.9616    14.7553   
2.3861     11.4330   
10.7780    24.9126   
10.1464    34.6898   

# Frame245

# x        y
9.0477     12.7899   
4.7551     4.4579    
14.9629    14.7508   
2.3861     11.4330   
10.7740    24.9103   
10.1422    34.6903   

# Frame246

# x        y
9.0445     12.7847   
4.7551     4.4579    
14.9641    14.7463   
2.3861     11.4330   
10.7701    24.9081   
10.1381    34.6908   

# Frame247

# x        y
9.0413     12.7797   
4.7551     4.4579    
14.9653    14.7419   
2.3861     11.4330   
10.7662    24.9059   
10.1341    34.6913   

# Frame248

# x        y
9.0381     12.7747   
4.7551     4.4579    
14.9665    14.7376   
2.3861     11.4330   
10.7624    24.9038   
10.1302    34.6918   

# Frame249

# x        y
9.0351     12.7698   
4.7551     4.4579    
14.9677    14.7334   
2.3861     11.4330   
10.7587    24.9017   
10.1263    34.6923   

# Frame250

# x        y
9.0320     12.7650   
4.7551     4.4579    
14.9688    14.7293   
2.3861     11.4330   
10.7550    24.8996   
10.1225    34.6928   

# Frame251

# x        y
9.0290     12.7603   
4.7551     4.4579    
14.9700    14.7252   
2.3861     11.4330   
10.7514    24.8976   
10.1187    34.6933   

# Frame252

# x        y
9.0261     12.7557   
4.7551     4.4579    
14.9711    14.7212   
2.3861     11.4330   
10.7479    24.8956   
10.1150    34.6937   

# Frame253

# x        y
9.0232     12.7511   
4.7551     4.4579    
14.9722    14.7172   
2.3861     11.4330   
10.7444    24.8936   
10.1114    34.6942   

# Frame254

# x        y
9.0204     12.7466   
4.7551     4.4579    
14.9732    14.7133   
2.3861     11.4330   
10.7410    24.8917   
10.1078    34.6946   

# Frame255

# x        y
9.0176     12.7422   
4.7551     4.4579    
14.9743    14.7095   
2.3861     11.4330   
10.7376    24.8898   
10.1043    34.6951   

# Frame256

# x        y
9.0148     12.7379   
4.7551     4.4579    
14.9753    14.7057   
2.3861     11.4330   
10.7343    24.8879   
10.1008    34.6955   

# Frame257

# x        y
9.0121     12.7336   
4.7551     4.4579    
14.9764    14.7020   
2.3861     11.4330   
10.7310    24.8861   
10.0975    34.6959   

# Frame258

# x        y
9.0094     12.7294   
4.7551     4.4579    
14.9774    14.6984   
2.3861     11.4330   
10.7278    24.8842   
10.0941    34.6963   

# Frame259

# x        y
9.0068     12.7253   
4.7551     4.4579    
14.9783    14.6948   
2.3861     11.4330   
10.7247    24.8825   
10.0908    34.6968   

# Frame260

# x        y
9.0043     12.7212   
4.7551     4.4579    
14.9793    14.6913   
2.3861     11.4330   
10.7216    24.8807   
10.0876    34.6972   

# Frame261

# x        y
9.0017     12.7173   
4.7551     4.4579    
14.9803    14.6879   
2.3861     11.4330   
10.7185    24.8790   
10.0844    34.6976   

# Frame262

# x        y
8.9993     12.7133   
4.7551     4.4579    
14.9812    14.6845   
2.3861     11.4330   
10.7155    24.8773   
10.0813    34.6979   

# Frame263

# x        y
8.9968     12.7095   
4.7551     4.4579    
14.9821    14.6811   
2.3861     11.4330   
10.7126    24.8756   
10.0782    34.6983   

# Frame264

# x        y
8.9944     12.7057   
4.7551     4.4579    
14.9830    14.6778   
2.3861     11.4330   
10.7097    24.8740   
10.0752    34.6987   

# Frame265

# x        y
8.9920     12.7020   
4.7551     4.4579    
14.9839    14.6746   
2.3861     11.4330   
10.7068    24.8724   
10.0722    34.6991   

# Frame266

# x        y
8.9897     12.6983   
4.7551     4.4579    
14.9848    14.6714   
2.3861     11.4330   
10.7040    24.8708   
10.0693    34.6994   

# Frame267

# x        y
8.9874     12.6947   
4.7551     4.4579    
14.9857    14.6683   
2.3861     11.4330   
10.7012    24.8693   
10.0664    34.6998   

# Frame268

# x        y
8.9852     12.6911   
4.7551     4.4579    
14.9865    14.6652   
2.3861     11.4330   
10.6985    24.8677   
10.0636    34.7002   

# Frame269

# x        y
8.9830     12.6877   
4.7551     4.4579    
14.9874    14.6622   
2.3861     11.4330   
10.6959    24.8662   
10.0608    34.7005   

# Frame270

# x        y
8.9808     12.6842   
4.7551     4.4579    
14.9882    14.6593   
2.3861     11.4330   
10.6932    24.8648   
10.0581    34.7008   

# Frame271

# x        y
8.9787     12.6809   
4.7551     4.4579    
14.9890    14.6563   
2.3861     11.4330   
10.6907    24.8633   
10.0554    34.7012   

# Frame272

# x        y
8.9766     12.6775   
4.7551     4.4579    
14.9898    14.6535   
2.3861     11.4330   
10.6881    24.8619   
10.0528    34.7015   

# Frame273

# x        y
8.9745     12.6743   
4.7551     4.4579    
14.9906    14.6506   
2.3861     11.4330   
10.6856    24.8605   
10.0502    34.7018   

# Frame274

# x        y
8.9725     12.6711   
4.7551     4.4579    
14.9913    14.6479   
2.3861     11.4330   
10.6832    24.8591   
10.0476    34.7022   

# Frame275

# x        y
8.9705     12.6679   
4.7551     4.4579    
14.9921    14.6451   
2.3861     11.4330   
10.6808    24.8577   
10.0451    34.7025   

# Frame276

# x        y
8.9685     12.6648   
4.7551     4.4579    
14.9928    14.6424   
2.3861     11.4330   
10.6784    24.8564   
10.0427    34.7028   

# Frame277

# x        y
8.9666     12.6618   
4.7551     4.4579    
14.9936    14.6398   
2.3861     11.4330   
10.6761    24.8551   
10.0402    34.7031   

# Frame278

# x        y
8.9647     12.6588   
4.7551     4.4579    
14.9943    14.6372   
2.3861     11.4330   
10.6738    24.8538   
10.0379    34.7034   

# Frame279

# x        y
8.9628     12.6558   
4.7551     4.4579    
14.9950    14.6347   
2.3861     11.4330   
10.6715    24.8525   
10.0355    34.7037   

# Frame280

# x        y
8.9610     12.6529   
4.7551     4.4579    
14.9957    14.6321   
2.3861     11.4330   
10.6693    24.8513   
10.0332    34.7040   

# Frame281

# x        y
8.9592     12.6501   
4.7551     4.4579    
14.9964    14.6297   
2.3861     11.4330   
10.6671    24.8500   
10.0309    34.7042   

# Frame282

# x        y
8.9574     12.6473   
4.7551     4.4579    
14.9970    14.6273   
2.3861     11.4330   
10.6650    24.8488   
10.0287    34.7045   

# Frame283

# x        y
8.9557     12.6445   
4.7551     4.4579    
14.9977    14.6249   
2.3861     11.4330   
10.6629    24.8476   
10.0265    34.7048   

# Frame284

# x        y
8.9539     12.6418   
4.7551     4.4579    
14.9984    14.6225   
2.3861     11.4330   
10.6608    24.8465   
10.0243    34.7051   

# Frame285

# x        y
8.9522     12.6391   
4.7551     4.4579    
14.9990    14.6202   
2.3861     11.4330   
10.6588    24.8453   
10.0222    34.7053   

# Frame286

# x        y
8.9506     12.6365   
4.7551     4.4579    
14.9996    14.6179   
2.3861     11.4330   
10.6568    24.8442   
10.0201    34.7056   

# Frame287

# x        y
8.9490     12.6340   
4.7551     4.4579    
15.0002    14.6157   
2.3861     11.4330   
10.6548    24.8431   
10.0181    34.7059   

# Frame288

# x        y
8.9473     12.6314   
4.7551     4.4579    
15.0008    14.6135   
2.3861     11.4330   
10.6529    24.8420   
10.0161    34.7061   

# Frame289

# x        y
8.9458     12.6289   
4.7551     4.4579    
15.0014    14.6114   
2.3861     11.4330   
10.6510    24.8409   
10.0141    34.7064   

# Frame290

# x        y
8.9442     12.6265   
4.7551     4.4579    
15.0020    14.6092   
2.3861     11.4330   
10.6491    24.8398   
10.0121    34.7066   

# Frame291

# x        y
8.9427     12.6241   
4.7551     4.4579    
15.0026    14.6071   
2.3861     11.4330   
10.6473    24.8388   
10.0102    34.7068   

# Frame292

# x        y
8.9412     12.6217   
4.7551     4.4579    
15.0032    14.6051   
2.3861     11.4330   
10.6454    24.8378   
10.0083    34.7071   

# Frame293

# x        y
8.9397     12.6194   
4.7551     4.4579    
15.0037    14.6031   
2.3861     11.4330   
10.6437    24.8368   
10.0065    34.7073   

# Frame294

# x        y
8.9383     12.6171   
4.7551     4.4579    
15.0043    14.6011   
2.3861     11.4330   
10.6419    24.8358   
10.0047    34.7075   

# Frame295

# x        y
8.9368     12.6148   
4.7551     4.4579    
15.0048    14.5991   
2.3861     11.4330   
10.6402    24.8348   
10.0029    34.7078   

# Frame296

# x        y
8.9354     12.6126   
4.7551     4.4579    
15.0054    14.5972   
2.3861     11.4330   
10.6385    24.8339   
10.0011    34.7080   

# Frame297

# x        y
8.9341     12.6104   
4.7551     4.4579    
15.0059    14.5953   
2.3861     11.4330   
10.6368    24.8329   
9.9994     34.7082   

# Frame298

# x        y
8.9327     12.6083   
4.7551     4.4579    
15.0064    14.5935   
2.3861     11.4330   
10.6352    24.8320   
9.9977     34.7084   

# Frame299

# x        y
8.9314     12.6062   
4.7551     4.4579    
15.0069    14.5917   
2.3861     11.4330   
10.6336    24.8311   
9.9960     34.7086   

# Frame300

# x        y
8.9300     12.6041   
4.7551     4.4579    
15.0074    14.5899   
2.3861     11.4330   
10.6320    24.8302   
9.9943     34.7088   

# Frame301

# x        y
8.9288     12.6021   
4.7551     4.4579    
15.0079    14.5881   
2.3861     11.4330   
10.6304    24.8293   
9.9927     34.7090   

# Frame302

# x        y
8.9275     12.6001   
4.7551     4.4579    
15.0084    14.5864   
2.3861     11.4330   
10.6289    24.8285   
9.9911     34.7092   

# Frame303

# x        y
8.9262     12.5981   
4.7551     4.4579    
15.0088    14.5847   
2.3861     11.4330   
10.6274    24.8276   
9.9895     34.7094   

# Frame304

# x        y
8.9250     12.5962   
4.7551     4.4579    
15.0093    14.5830   
2.3861     11.4330   
10.6259    24.8268   
9.9880     34.7096   

# Frame305

# x        y
8.9238     12.5943   
4.7551     4.4579    
15.0097    14.5813   
2.3861     11.4330   
10.6245    24.8260   
9.9865     34.7098   

# Frame306

# x        y
8.9226     12.5924   
4.7551     4.4579    
15.0102    14.5797   
2.3861     11.4330   
10.6230    24.8251   
9.9850     34.7100   

# Frame307

# x        y
8.9215     12.5906   
4.7551     4.4579    
15.0106    14.5781   
2.3861     11.4330   
10.6216    24.8244   
9.9835     34.7102   

# Frame308

# x        y
8.9203     12.5887   
4.7551     4.4579    
15.0111    14.5766   
2.3861     11.4330   
10.6202    24.8236   
9.9821     34.7104   

# Frame309

# x        y
8.9192     12.5870   
4.7551     4.4579    
15.0115    14.5750   
2.3861     11.4330   
10.6189    24.8228   
9.9807     34.7105   

# Frame310

# x        y
8.9181     12.5852   
4.7551     4.4579    
15.0119    14.5735   
2.3861     11.4330   
10.6175    24.8221   
9.9793     34.7107   

# Frame311

# x        y
8.9170     12.5835   
4.7551     4.4579    
15.0123    14.5720   
2.3861     11.4330   
10.6162    24.8213   
9.9779     34.7109   

# Frame312

# x        y
8.9159     12.5818   
4.7551     4.4579    
15.0127    14.5705   
2.3861     11.4330   
10.6149    24.8206   
9.9766     34.7110   

# Frame313

# x        y
8.9149     12.5801   
4.7551     4.4579    
15.0131    14.5691   
2.3861     11.4330   
10.6137    24.8199   
9.9752     34.7112   

# Frame314

# x        y
8.9138     12.5785   
4.7551     4.4579    
15.0135    14.5677   
2.3861     11.4330   
10.6124    24.8192   
9.9739     34.7114   

# Frame315

# x        y
8.9128     12.5769   
4.7551     4.4579    
15.0139    14.5663   
2.3861     11.4330   
10.6112    24.8185   
9.9727     34.7115   

# Frame316

# x        y
8.9118     12.5753   
4.7551     4.4579    
15.0143    14.5649   
2.3861     11.4330   
10.6100    24.8178   
9.9714     34.7117   

# Frame317

# x        y
8.9108     12.5738   
4.7551     4.4579    
15.0147    14.5636   
2.3861     11.4330   
10.6088    24.8171   
9.9702     34.7118   

# Frame318

# x        y
8.9098     12.5722   
4.7551     4.4579    
15.0150    14.5622   
2.3861     11.4330   
10.6076    24.8164   
9.9689     34.7120   

# Frame319

# x        y
8.9089     12.5707   
4.7551     4.4579    
15.0154    14.5609   
2.3861     11.4330   
10.6065    24.8158   
9.9677     34.7122   

# Frame320

# x        y
8.9079     12.5692   
4.7551     4.4579    
15.0157    14.5597   
2.3861     11.4330   
10.6053    24.8152   
9.9666     34.7123   

# Frame321

# x        y
8.9070     12.5678   
4.7551     4.4579    
15.0161    14.5584   
2.3861     11.4330   
10.6042    24.8145   
9.9654     34.7124   

# Frame322

# x        y
8.9061     12.5664   
4.7551     4.4579    
15.0164    14.5572   
2.3861     11.4330   
10.6031    24.8139   
9.9643     34.7126   

# Frame323

# x        y
8.9052     12.5649   
4.7551     4.4579    
15.0168    14.5559   
2.3861     11.4330   
10.6020    24.8133   
9.9631     34.7127   

# Frame324

# x        y
8.9044     12.5636   
4.7551     4.4579    
15.0171    14.5547   
2.3861     11.4330   
10.6010    24.8127   
9.9620     34.7129   

# Frame325

# x        y
8.9035     12.5622   
4.7551     4.4579    
15.0174    14.5536   
2.3861     11.4330   
10.6000    24.8121   
9.9610     34.7130   

# Frame326

# x        y
8.9026     12.5609   
4.7551     4.4579    
15.0178    14.5524   
2.3861     11.4330   
10.5989    24.8115   
9.9599     34.7131   

# Frame327

# x        y
8.9018     12.5596   
4.7551     4.4579    
15.0181    14.5513   
2.3861     11.4330   
10.5979    24.8110   
9.9588     34.7133   

# Frame328

# x        y
8.9010     12.5583   
4.7551     4.4579    
15.0184    14.5501   
2.3861     11.4330   
10.5969    24.8104   
9.9578     34.7134   

# Frame329

# x        y
8.9002     12.5570   
4.7551     4.4579    
15.0187    14.5490   
2.3861     11.4330   
10.5960    24.8099   
9.9568     34.7135   

# Frame330

# x        y
8.8994     12.5557   
4.7551     4.4579    
15.0190    14.5480   
2.3861     11.4330   
10.5950    24.8093   
9.9558     34.7136   

# Frame331

# x        y
8.8986     12.5545   
4.7551     4.4579    
15.0193    14.5469   
2.3861     11.4330   
10.5941    24.8088   
9.9548     34.7138   

# Frame332

# x        y
8.8978     12.5533   
4.7551     4.4579    
15.0196    14.5458   
2.3861     11.4330   
10.5931    24.8083   
9.9539     34.7139   

# Frame333

# x        y
8.8971     12.5521   
4.7551     4.4579    
15.0199    14.5448   
2.3861     11.4330   
10.5922    24.8078   
9.9529     34.7140   

# Frame334

# x        y
8.8964     12.5509   
4.7551     4.4579    
15.0201    14.5438   
2.3861     11.4330   
10.5913    24.8073   
9.9520     34.7141   

# Frame335

# x        y
8.8956     12.5498   
4.7551     4.4579    
15.0204    14.5428   
2.3861     11.4330   
10.5905    24.8068   
9.9511     34.7142   

# Frame336

# x        y
8.8949     12.5487   
4.7551     4.4579    
15.0207    14.5418   
2.3861     11.4330   
10.5896    24.8063   
9.9502     34.7144   

# Frame337

# x        y
8.8942     12.5475   
4.7551     4.4579    
15.0209    14.5409   
2.3861     11.4330   
10.5887    24.8058   
9.9493     34.7145   

# Frame338

# x        y
8.8935     12.5465   
4.7551     4.4579    
15.0212    14.5399   
2.3861     11.4330   
10.5879    24.8053   
9.9484     34.7146   

# Frame339

# x        y
8.8928     12.5454   
4.7551     4.4579    
15.0215    14.5390   
2.3861     11.4330   
10.5871    24.8049   
9.9476     34.7147   

# Frame340

# x        y
8.8922     12.5443   
4.7551     4.4579    
15.0217    14.5381   
2.3861     11.4330   
10.5863    24.8044   
9.9467     34.7148   

# Frame341

# x        y
8.8915     12.5433   
4.7551     4.4579    
15.0220    14.5372   
2.3861     11.4330   
10.5855    24.8040   
9.9459     34.7149   

# Frame342

# x        y
8.8909     12.5423   
4.7551     4.4579    
15.0222    14.5363   
2.3861     11.4330   
10.5847    24.8035   
9.9451     34.7150   

# Frame343

# x        y
8.8902     12.5413   
4.7551     4.4579    
15.0225    14.5354   
2.3861     11.4330   
10.5839    24.8031   
9.9443     34.7151   

# Frame344

# x        y
8.8896     12.5403   
4.7551     4.4579    
15.0227    14.5346   
2.3861     11.4330   
10.5832    24.8027   
9.9435     34.7152   

# Frame345

# x        y
8.8890     12.5393   
4.7551     4.4579    
15.0229    14.5337   
2.3861     11.4330   
10.5824    24.8022   
9.9427     34.7153   

# Frame346

# x        y
8.8884     12.5383   
4.7551     4.4579    
15.0232    14.5329   
2.3861     11.4330   
10.5817    24.8018   
9.9420     34.7154   

# Frame347

# x        y
8.8878     12.5374   
4.7551     4.4579    
15.0234    14.5321   
2.3861     11.4330   
10.5810    24.8014   
9.9412     34.7155   

# Frame348

# x        y
8.8872     12.5365   
4.7551     4.4579    
15.0236    14.5313   
2.3861     11.4330   
10.5803    24.8010   
9.9405     34.7156   

# Frame349

# x        y
8.8866     12.5356   
4.7551     4.4579    
15.0238    14.5305   
2.3861     11.4330   
10.5796    24.8006   
9.9397     34.7157   

# Frame350

# x        y
8.8860     12.5347   
4.7551     4.4579    
15.0240    14.5297   
2.3861     11.4330   
10.5789    24.8002   
9.9390     34.7158   

# Frame351

# x        y
8.8855     12.5338   
4.7551     4.4579    
15.0242    14.5289   
2.3861     11.4330   
10.5782    24.7999   
9.9383     34.7158   

# Frame352

# x        y
8.8849     12.5329   
4.7551     4.4579    
15.0245    14.5282   
2.3861     11.4330   
10.5776    24.7995   
9.9376     34.7159   

# Frame353

# x        y
8.8844     12.5321   
4.7551     4.4579    
15.0247    14.5275   
2.3861     11.4330   
10.5769    24.7991   
9.9370     34.7160   

# Frame354

# x        y
8.8839     12.5312   
4.7551     4.4579    
15.0249    14.5267   
2.3861     11.4330   
10.5763    24.7988   
9.9363     34.7161   

# Frame355

# x        y
8.8834     12.5304   
4.7551     4.4579    
15.0251    14.5260   
2.3861     11.4330   
10.5756    24.7984   
9.9356     34.7162   

# Frame356

# x        y
8.8828     12.5296   
4.7551     4.4579    
15.0252    14.5253   
2.3861     11.4330   
10.5750    24.7981   
9.9350     34.7163   

# Frame357

# x        y
8.8823     12.5288   
4.7551     4.4579    
15.0254    14.5246   
2.3861     11.4330   
10.5744    24.7977   
9.9344     34.7163   

# Frame358

# x        y
8.8818     12.5280   
4.7551     4.4579    
15.0256    14.5240   
2.3861     11.4330   
10.5738    24.7974   
9.9337     34.7164   

# Frame359

# x        y
8.8814     12.5273   
4.7551     4.4579    
15.0258    14.5233   
2.3861     11.4330   
10.5732    24.7971   
9.9331     34.7165   

# Frame360

# x        y
8.8809     12.5265   
4.7551     4.4579    
15.0260    14.5226   
2.3861     11.4330   
10.5727    24.7967   
9.9325     34.7166   

# Frame361

# x        y
8.8804     12.5258   
4.7551     4.4579    
15.0262    14.5220   
2.3861     11.4330   
10.5721    24.7964   
9.9319     34.7166   

# Frame362

# x        y
8.8799     12.5250   
4.7551     4.4579    
15.0263    14.5214   
2.3861     11.4330   
10.5715    24.7961   
9.9314     34.7167   

# Frame363

# x        y
8.8795     12.5243   
4.7551     4.4579    
15.0265    14.5207   
2.3861     11.4330   
10.5710    24.7958   
9.9308     34.7168   

# Frame364

# x        y
8.8790     12.5236   
4.7551     4.4579    
15.0267    14.5201   
2.3861     11.4330   
10.5704    24.7955   
9.9302     34.7169   

# Frame365

# x        y
8.8786     12.5229   
4.7551     4.4579    
15.0268    14.5195   
2.3861     11.4330   
10.5699    24.7952   
9.9297     34.7169   

# Frame366

# x        y
8.8782     12.5222   
4.7551     4.4579    
15.0270    14.5189   
2.3861     11.4330   
10.5694    24.7949   
9.9291     34.7170   

# Frame367

# x        y
8.8777     12.5216   
4.7551     4.4579    
15.0272    14.5184   
2.3861     11.4330   
10.5689    24.7946   
9.9286     34.7171   

# Frame368

# x        y
8.8773     12.5209   
4.7551     4.4579    
15.0273    14.5178   
2.3861     11.4330   
10.5684    24.7943   
9.9281     34.7171   

# Frame369

# x        y
8.8769     12.5203   
4.7551     4.4579    
15.0275    14.5172   
2.3861     11.4330   
10.5679    24.7940   
9.9276     34.7172   

# Frame370

# x        y
8.8765     12.5196   
4.7551     4.4579    
15.0276    14.5167   
2.3861     11.4330   
10.5674    24.7938   
9.9270     34.7173   

# Frame371

# x        y
8.8761     12.5190   
4.7551     4.4579    
15.0278    14.5161   
2.3861     11.4330   
10.5669    24.7935   
9.9265     34.7173   

# Frame372

# x        y
8.8757     12.5184   
4.7551     4.4579    
15.0279    14.5156   
2.3861     11.4330   
10.5664    24.7932   
9.9261     34.7174   

# Frame373

# x        y
8.8753     12.5178   
4.7551     4.4579    
15.0281    14.5151   
2.3861     11.4330   
10.5660    24.7930   
9.9256     34.7174   

# Frame374

# x        y
8.8750     12.5172   
4.7551     4.4579    
15.0282    14.5145   
2.3861     11.4330   
10.5655    24.7927   
9.9251     34.7175   

# Frame375

# x        y
8.8746     12.5166   
4.7551     4.4579    
15.0284    14.5140   
2.3861     11.4330   
10.5651    24.7924   
9.9246     34.7176   

# Frame376

# x        y
8.8742     12.5160   
4.7551     4.4579    
15.0285    14.5135   
2.3861     11.4330   
10.5646    24.7922   
9.9242     34.7176   

# Frame377

# x        y
8.8739     12.5154   
4.7551     4.4579    
15.0286    14.5130   
2.3861     11.4330   
10.5642    24.7920   
9.9237     34.7177   

# Frame378

# x        y
8.8735     12.5149   
4.7551     4.4579    
15.0288    14.5126   
2.3861     11.4330   
10.5638    24.7917   
9.9233     34.7177   

# Frame379

# x        y
8.8732     12.5143   
4.7551     4.4579    
15.0289    14.5121   
2.3861     11.4330   
10.5633    24.7915   
9.9228     34.7178   

# Frame380

# x        y
8.8728     12.5138   
4.7551     4.4579    
15.0290    14.5116   
2.3861     11.4330   
10.5629    24.7912   
9.9224     34.7178   

# Frame381

# x        y
8.8725     12.5133   
4.7551     4.4579    
15.0292    14.5112   
2.3861     11.4330   
10.5625    24.7910   
9.9220     34.7179   

# Frame382

# x        y
8.8721     12.5127   
4.7551     4.4579    
15.0293    14.5107   
2.3861     11.4330   
10.5621    24.7908   
9.9216     34.7179   

# Frame383

# x        y
8.8718     12.5122   
4.7551     4.4579    
15.0294    14.5103   
2.3861     11.4330   
10.5617    24.7906   
9.9212     34.7180   

# Frame384

# x        y
8.8715     12.5117   
4.7551     4.4579    
15.0295    14.5098   
2.3861     11.4330   
10.5613    24.7903   
9.9208     34.7180   

# Frame385

# x        y
8.8712     12.5112   
4.7551     4.4579    
15.0297    14.5094   
2.3861     11.4330   
10.5610    24.7901   
9.9204     34.7181   

# Frame386

# x        y
8.8709     12.5107   
4.7551     4.4579    
15.0298    14.5090   
2.3861     11.4330   
10.5606    24.7899   
9.9200     34.7181   

# Frame387

# x        y
8.8706     12.5103   
4.7551     4.4579    
15.0299    14.5086   
2.3861     11.4330   
10.5602    24.7897   
9.9196     34.7182   

# Frame388

# x        y
8.8703     12.5098   
4.7551     4.4579    
15.0300    14.5081   
2.3861     11.4330   
10.5599    24.7895   
9.9192     34.7182   

# Frame389

# x        y
8.8700     12.5093   
4.7551     4.4579    
15.0301    14.5077   
2.3861     11.4330   
10.5595    24.7893   
9.9188     34.7183   

# Frame390

# x        y
8.8697     12.5089   
4.7551     4.4579    
15.0302    14.5074   
2.3861     11.4330   
10.5592    24.7891   
9.9185     34.7183   

# Frame391

# x        y
8.8694     12.5084   
4.7551     4.4579    
15.0303    14.5070   
2.3861     11.4330   
10.5588    24.7889   
9.9181     34.7184   

# Frame392

# x        y
8.8691     12.5080   
4.7551     4.4579    
15.0304    14.5066   
2.3861     11.4330   
10.5585    24.7887   
9.9178     34.7184   

# Frame393

# x        y
8.8689     12.5075   
4.7551     4.4579    
15.0305    14.5062   
2.3861     11.4330   
10.5582    24.7885   
9.9174     34.7185   

# Frame394

# x        y
8.8686     12.5071   
4.7551     4.4579    
15.0306    14.5058   
2.3861     11.4330   
10.5578    24.7884   
9.9171     34.7185   

# Frame395

# x        y
8.8683     12.5067   
4.7551     4.4579    
15.0307    14.5055   
2.3861     11.4330   
10.5575    24.7882   
9.9168     34.7185   

# Frame396

# x        y
8.8681     12.5063   
4.7551     4.4579    
15.0308    14.5051   
2.3861     11.4330   
10.5572    24.7880   
9.9164     34.7186   

# Frame397

# x        y
8.8678     12.5059   
4.7551     4.4579    
15.0309    14.5048   
2.3861     11.4330   
10.5569    24.7878   
9.9161     34.7186   

# Frame398

# x        y
8.8675     12.5055   
4.7551     4.4579    
15.0310    14.5044   
2.3861     11.4330   
10.5566    24.7877   
9.9158     34.7187   

# Frame399

# x        y
8.8673     12.5051   
4.7551     4.4579    
15.0311    14.5041   
2.3861     11.4330   
10.5563    24.7875   
9.9155     34.7187   

# Frame400

# x        y
8.8671     12.5047   
4.7551     4.4579    
15.0312    14.5037   
2.3861     11.4330   
10.5560    24.7873   
9.9152     34.7187   

# Frame401

# x        y
8.8668     12.5043   
4.7551     4.4579    
15.0313    14.5034   
2.3861     11.4330   
10.5557    24.7872   
9.9149     34.7188   

# Frame402

# x        y
8.8666     12.5039   
4.7551     4.4579    
15.0314    14.5031   
2.3861     11.4330   
10.5554    24.7870   
9.9146     34.7188   

# Frame403

# x        y
8.8663     12.5036   
4.7551     4.4579    
15.0315    14.5028   
2.3861     11.4330   
10.5551    24.7868   
9.9143     34.7189   

# Frame404

# x        y
8.8661     12.5032   
4.7551     4.4579    
15.0316    14.5025   
2.3861     11.4330   
10.5548    24.7867   
9.9140     34.7189   

# Frame405

# x        y
8.8659     12.5029   
4.7551     4.4579    
15.0317    14.5022   
2.3861     11.4330   
10.5546    24.7865   
9.9137     34.7189   

# Frame406

# x        y
8.8657     12.5025   
4.7551     4.4579    
15.0317    14.5019   
2.3861     11.4330   
10.5543    24.7864   
9.9134     34.7190   

# Frame407

# x        y
8.8655     12.5022   
4.7551     4.4579    
15.0318    14.5016   
2.3861     11.4330   
10.5540    24.7862   
9.9132     34.7190   

# Frame408

# x        y
8.8652     12.5018   
4.7551     4.4579    
15.0319    14.5013   
2.3861     11.4330   
10.5538    24.7861   
9.9129     34.7190   

# Frame409

# x        y
8.8650     12.5015   
4.7551     4.4579    
15.0320    14.5010   
2.3861     11.4330   
10.5535    24.7859   
9.9126     34.7191   

# Frame410

# x        y
8.8648     12.5012   
4.7551     4.4579    
15.0321    14.5007   
2.3861     11.4330   
10.5533    24.7858   
9.9124     34.7191   

# Frame411

# x        y
8.8646     12.5009   
4.7551     4.4579    
15.0321    14.5004   
2.3861     11.4330   
10.5530    24.7857   
9.9121     34.7191   

# Frame412

# x        y
8.8644     12.5005   
4.7551     4.4579    
15.0322    14.5001   
2.3861     11.4330   
10.5528    24.7855   
9.9119     34.7192   

# Frame413

# x        y
8.8642     12.5002   
4.7551     4.4579    
15.0323    14.4999   
2.3861     11.4330   
10.5526    24.7854   
9.9116     34.7192   

# Frame414

# x        y
8.8640     12.4999   
4.7551     4.4579    
15.0324    14.4996   
2.3861     11.4330   
10.5523    24.7853   
9.9114     34.7192   

# Frame415

# x        y
8.8638     12.4996   
4.7551     4.4579    
15.0324    14.4994   
2.3861     11.4330   
10.5521    24.7851   
9.9111     34.7192   

# Frame416

# x        y
8.8637     12.4993   
4.7551     4.4579    
15.0325    14.4991   
2.3861     11.4330   
10.5519    24.7850   
9.9109     34.7193   

# Frame417

# x        y
8.8635     12.4990   
4.7551     4.4579    
15.0326    14.4988   
2.3861     11.4330   
10.5517    24.7849   
9.9107     34.7193   

# Frame418

# x        y
8.8633     12.4988   
4.7551     4.4579    
15.0326    14.4986   
2.3861     11.4330   
10.5514    24.7848   
9.9104     34.7193   

# Frame419

# x        y
8.8631     12.4985   
4.7551     4.4579    
15.0327    14.4984   
2.3861     11.4330   
10.5512    24.7846   
9.9102     34.7194   

# Frame420

# x        y
8.8629     12.4982   
4.7551     4.4579    
15.0328    14.4981   
2.3861     11.4330   
10.5510    24.7845   
9.9100     34.7194   

# Frame421

# x        y
8.8628     12.4979   
4.7551     4.4579    
15.0328    14.4979   
2.3861     11.4330   
10.5508    24.7844   
9.9098     34.7194   

# Frame422

# x        y
8.8626     12.4977   
4.7551     4.4579    
15.0329    14.4977   
2.3861     11.4330   
10.5506    24.7843   
9.9096     34.7194   

# Frame423

# x        y
8.8624     12.4974   
4.7551     4.4579    
15.0330    14.4974   
2.3861     11.4330   
10.5504    24.7842   
9.9094     34.7195   

# Frame424

# x        y
8.8623     12.4971   
4.7551     4.4579    
15.0330    14.4972   
2.3861     11.4330   
10.5502    24.7841   
9.9092     34.7195   

# Frame425

# x        y
8.8621     12.4969   
4.7551     4.4579    
15.0331    14.4970   
2.3861     11.4330   
10.5500    24.7840   
9.9090     34.7195   

# Frame426

# x        y
8.8619     12.4966   
4.7551     4.4579    
15.0332    14.4968   
2.3861     11.4330   
10.5498    24.7839   
9.9088     34.7195   

# Frame427

# x        y
8.8618     12.4964   
4.7551     4.4579    
15.0332    14.4966   
2.3861     11.4330   
10.5496    24.7837   
9.9086     34.7196   

# Frame428

# x        y
8.8616     12.4962   
4.7551     4.4579    
15.0333    14.4963   
2.3861     11.4330   
10.5494    24.7836   
9.9084     34.7196   

# Frame429

# x        y
8.8615     12.4959   
4.7551     4.4579    
15.0333    14.4961   
2.3861     11.4330   
10.5493    24.7835   
9.9082     34.7196   

# Frame430

# x        y
8.8613     12.4957   
4.7551     4.4579    
15.0334    14.4959   
2.3861     11.4330   
10.5491    24.7834   
9.9080     34.7196   

# Frame431

# x        y
8.8612     12.4955   
4.7551     4.4579    
15.0334    14.4957   
2.3861     11.4330   
10.5489    24.7833   
9.9078     34.7197   

# Frame432

# x        y
8.8611     12.4952   
4.7551     4.4579    
15.0335    14.4955   
2.3861     11.4330   
10.5487    24.7832   
9.9076     34.7197   

# Frame433

# x        y
8.8609     12.4950   
4.7551     4.4579    
15.0335    14.4954   
2.3861     11.4330   
10.5486    24.7831   
9.9075     34.7197   

# Frame434

# x        y
8.8608     12.4948   
4.7551     4.4579    
15.0336    14.4952   
2.3861     11.4330   
10.5484    24.7831   
9.9073     34.7197   

# Frame435

# x        y
8.8606     12.4946   
4.7551     4.4579    
15.0337    14.4950   
2.3861     11.4330   
10.5482    24.7830   
9.9071     34.7198   

# Frame436

# x        y
8.8605     12.4944   
4.7551     4.4579    
15.0337    14.4948   
2.3861     11.4330   
10.5481    24.7829   
9.9069     34.7198   

# Frame437

# x        y
8.8604     12.4942   
4.7551     4.4579    
15.0338    14.4946   
2.3861     11.4330   
10.5479    24.7828   
9.9068     34.7198   

# Frame438

# x        y
8.8602     12.4940   
4.7551     4.4579    
15.0338    14.4944   
2.3861     11.4330   
10.5478    24.7827   
9.9066     34.7198   

# Frame439

# x        y
8.8601     12.4938   
4.7551     4.4579    
15.0338    14.4943   
2.3861     11.4330   
10.5476    24.7826   
9.9065     34.7198   

# Frame440

# x        y
8.8600     12.4936   
4.7551     4.4579    
15.0339    14.4941   
2.3861     11.4330   
10.5475    24.7825   
9.9063     34.7198   

# Frame441

# x        y
8.8599     12.4934   
4.7551     4.4579    
15.0339    14.4939   
2.3861     11.4330   
10.5473    24.7824   
9.9061     34.7199   

# Frame442

# x        y
8.8598     12.4932   
4.7551     4.4579    
15.0340    14.4938   
2.3861     11.4330   
10.5472    24.7824   
9.9060     34.7199   

# Frame443

# x        y
8.8596     12.4930   
4.7551     4.4579    
15.0340    14.4936   
2.3861     11.4330   
10.5470    24.7823   
9.9058     34.7199   

# Frame444

# x        y
8.8595     12.4928   
4.7551     4.4579    
15.0341    14.4934   
2.3861     11.4330   
10.5469    24.7822   
9.9057     34.7199   

# Frame445

# x        y
8.8594     12.4926   
4.7551     4.4579    
15.0341    14.4933   
2.3861     11.4330   
10.5467    24.7821   
9.9056     34.7199   

# Frame446

# x        y
8.8593     12.4924   
4.7551     4.4579    
15.0342    14.4931   
2.3861     11.4330   
10.5466    24.7820   
9.9054     34.7200   

# Frame447

# x        y
8.8592     12.4923   
4.7551     4.4579    
15.0342    14.4930   
2.3861     11.4330   
10.5465    24.7820   
9.9053     34.7200   

# Frame448

# x        y
8.8591     12.4921   
4.7551     4.4579    
15.0342    14.4928   
2.3861     11.4330   
10.5463    24.7819   
9.9051     34.7200   

# Frame449

# x        y
8.8590     12.4919   
4.7551     4.4579    
15.0343    14.4927   
2.3861     11.4330   
10.5462    24.7818   
9.9050     34.7200   

# Frame450

# x        y
8.8589     12.4918   
4.7551     4.4579    
15.0343    14.4925   
2.3861     11.4330   
10.5461    24.7817   
9.9049     34.7200   

# Frame451

# x        y
8.8588     12.4916   
4.7551     4.4579    
15.0344    14.4924   
2.3861     11.4330   
10.5460    24.7817   
9.9047     34.7200   

# Frame452

# x        y
8.8587     12.4914   
4.7551     4.4579    
15.0344    14.4923   
2.3861     11.4330   
10.5458    24.7816   
9.9046     34.7201   

# Frame453

# x        y
8.8586     12.4913   
4.7551     4.4579    
15.0344    14.4921   
2.3861     11.4330   
10.5457    24.7815   
9.9045     34.7201   

# Frame454

# x        y
8.8585     12.4911   
4.7551     4.4579    
15.0345    14.4920   
2.3861     11.4330   
10.5456    24.7815   
9.9044     34.7201   

# Frame455

# x        y
8.8584     12.4910   
4.7551     4.4579    
15.0345    14.4919   
2.3861     11.4330   
10.5455    24.7814   
9.9042     34.7201   

# Frame456

# x        y
8.8583     12.4908   
4.7551     4.4579    
15.0345    14.4917   
2.3861     11.4330   
10.5454    24.7813   
9.9041     34.7201   

# Frame457

# x        y
8.8582     12.4907   
4.7551     4.4579    
15.0346    14.4916   
2.3861     11.4330   
10.5453    24.7813   
9.9040     34.7201   

# Frame458

# x        y
8.8581     12.4905   
4.7551     4.4579    
15.0346    14.4915   
2.3861     11.4330   
10.5451    24.7812   
9.9039     34.7201   

# Frame459

# x        y
8.8580     12.4904   
4.7551     4.4579    
15.0347    14.4913   
2.3861     11.4330   
10.5450    24.7812   
9.9038     34.7202   

# Frame460

# x        y
8.8579     12.4902   
4.7551     4.4579    
15.0347    14.4912   
2.3861     11.4330   
10.5449    24.7811   
9.9037     34.7202   

# Frame461

# x        y
8.8578     12.4901   
4.7551     4.4579    
15.0347    14.4911   
2.3861     11.4330   
10.5448    24.7810   
9.9036     34.7202   

# Frame462

# x        y
8.8577     12.4900   
4.7551     4.4579    
15.0348    14.4910   
2.3861     11.4330   
10.5447    24.7810   
9.9034     34.7202   

# Frame463

# x        y
8.8576     12.4898   
4.7551     4.4579    
15.0348    14.4909   
2.3861     11.4330   
10.5446    24.7809   
9.9033     34.7202   

# Frame464

# x        y
8.8576     12.4897   
4.7551     4.4579    
15.0348    14.4908   
2.3861     11.4330   
10.5445    24.7809   
9.9032     34.7202   

# Frame465

# x        y
8.8575     12.4896   
4.7551     4.4579    
15.0348    14.4906   
2.3861     11.4330   
10.5444    24.7808   
9.9031     34.7202   

# Frame466

# x        y
8.8574     12.4894   
4.7551     4.4579    
15.0349    14.4905   
2.3861     11.4330   
10.5443    24.7807   
9.9030     34.7203   

# Frame467

# x        y
8.8573     12.4893   
4.7551     4.4579    
15.0349    14.4904   
2.3861     11.4330   
10.5442    24.7807   
9.9030     34.7203   

# Frame468

# x        y
8.8572     12.4892   
4.7551     4.4579    
15.0349    14.4903   
2.3861     11.4330   
10.5441    24.7806   
9.9030     34.7203   

# Frame469

# x        y
8.8572     12.4891   
4.7551     4.4579    
15.0350    14.4902   
2.3861     11.4330   
10.5440    24.7806   
9.9030     34.7203   

# Frame470

# x        y
8.8571     12.4890   
4.7551     4.4579    
15.0350    14.4901   
2.3861     11.4330   
10.5439    24.7805   
9.9030     34.7203   

# Frame471

# x        y
8.8570     12.4888   
4.7551     4.4579    
15.0350    14.4900   
2.3861     11.4330   
10.5439    24.7805   
9.9030     34.7203   

# Frame472

# x        y
8.8569     12.4887   
4.7551     4.4579    
15.0351    14.4899   
2.3861     11.4330   
10.5438    24.7804   
9.9030     34.7203   

# Frame473

# x        y
8.8569     12.4886   
4.7551     4.4579    
15.0351    14.4898   
2.3861     11.4330   
10.5438    24.7804   
9.9030     34.7203   

# Frame474

# x        y
8.8568     12.4885   
4.7551     4.4579    
15.0351    14.4898   
2.3861     11.4330   
10.5438    24.7804   
9.9030     34.7203   

# Frame475

# x        y
8.8567     12.4884   
4.7551     4.4579    
15.0351    14.4898   
2.3861     11.4330   
10.5438    24.7804   
9.9030     34.7203   

# Frame476

# x        y
8.8567     12.4883   
4.7551     4.4579    
15.0351    14.4898   
2.3861     11.4330   
10.5438    24.7804   
9.9030     34.7203   

# Frame477

# x        y
8.8566     12.4882   
4.7551     4.4579    
15.0351    14.4898   
2.3861     11.4330   
10.5438    24.7804   
9.9030     34.7203   

# Frame478

# x        y
8.8565     12.4881   
4.7551     4.4579    
15.0351    14.4898   
2.3861     11.4330   
10.5438    24.7804   
9.9030     34.7203   

# Frame479

# x        y
8.8565     12.4880   
4.7551     4.4579    
15.0351    14.4898   
2.3861     11.4330   
10.5438    24.7804   
9.9030     34.7203   

# Frame480

# x        y
8.8564     12.4879   
4.7551     4.4579    
15.0351    14.4898   
2.3861     11.4330   
10.5438    24.7804   
9.9030     34.7203   

# Frame481

# x        y
8.8563     12.4878   
4.7551     4.4579    
15.0351    14.4898   
2.3861     11.4330   
10.5438    24.7804   
9.9030     34.7203   

# Frame482

# x        y
8.8563     12.4877   
4.7551     4.4579    
15.0351    14.4898   
2.3861     11.4330   
10.5438    24.7804   
9.9030     34.7203   

# Frame483

# x        y
8.8562     12.4876   
4.7551     4.4579    
15.0351    14.4898   
2.3861     11.4330   
10.5438    24.7804   
9.9030     34.7203   

# Frame484

# x        y
8.8562     12.4875   
4.7551     4.4579    
15.0351    14.4898   
2.3861     11.4330   
10.5438    24.7804   
9.9030     34.7203   

# Frame485

# x        y
8.8561     12.4874   
4.7551     4.4579    
15.0351    14.4898   
2.3861     11.4330   
10.5438    24.7804   
9.9030     34.7203   

# Frame486

# x        y
8.8560     12.4873   
4.7551     4.4579    
15.0351    14.4898   
2.3861     11.4330   
10.5438    24.7804   
9.9030     34.7203   

# Frame487

# x        y
8.8560     12.4872   
4.7551     4.4579    
15.0351    14.4898   
2.3861     11.4330   
10.5438    24.7804   
9.9030     34.7203   

# Frame488

# x        y
8.8559     12.4871   
4.7551     4.4579    
15.0351    14.4898   
2.3861     11.4330   
10.5438    24.7804   
9.9030     34.7203   

# Frame489

# x        y
8.8559     12.4870   
4.7551     4.4579    
15.0351    14.4898   
2.3861     11.4330   
10.5438    24.7804   
9.9030     34.7203   

# Frame490

