# x        y
3.0668     25.1507   
1.0045     18.4568   
18.5136    10.1866   
8.2145     26.5795   
18.1136    1.0028    
18.9951    2.7919    

# Frame1

# x        y
3.0668     25.1507   
1.0046     18.4568   
18.7797    11.5168   
8.2145     26.5795   
18.1136    1.0032    
18.9951    2.7920    

# Frame2

# x        y
3.0668     25.1507   
1.0047     18.4568   
18.9775    12.8345   
8.2145     26.5795   
18.1136    1.0035    
18.9951    2.7920    

# Frame3

# x        y
3.0668     25.1507   
1.0048     18.4568   
18.8489    14.1886   
8.2145     26.5795   
18.1135    1.0037    
18.9951    2.7921    

# Frame4

# x        y
3.0668     25.1507   
1.0048     18.4568   
18.7224    15.5201   
8.2145     26.5795   
18.1135    1.0039    
18.9951    2.7922    

# Frame5

# x        y
3.0668     25.1507   
1.0049     18.4568   
18.5980    16.8295   
8.2145     26.5795   
18.1134    1.0040    
18.9951    2.7923    

# Frame6

# x        y
3.0668     25.1507   
1.0049     18.4568   
18.4757    18.1170   
8.2145     26.5795   
18.1134    1.0042    
18.9952    2.7924    

# Frame7

# x        y
3.0668     25.1507   
1.0049     18.4568   
18.3554    19.3830   
8.2145     26.5795   
18.1133    1.0042    
18.9952    2.7925    

# Frame8

# x        y
3.0668     25.1507   
1.0049     18.4568   
18.2372    20.6280   
8.2145     26.5795   
18.1133    1.0043    
18.9952    2.7926    

# Frame9

# x        y
3.0668     25.1507   
1.0049     18.4568   
18.1209    21.8522   
8.2145     26.5795   
18.1132    1.0044    
18.9952    2.7927    

# Frame10

# x        y
3.0668     25.1507   
1.0050     18.4568   
18.0065    23.0560   
8.2145     26.5795   
18.1132    1.0044    
18.9952    2.7928    

# Frame11

# x        y
3.0668     25.1507   
1.0050     18.4568   
17.8941    24.2397   
8.2145     26.5795   
18.1131    1.0045    
18.9952    2.7929    

# Frame12

# x        y
3.0668     25.1507   
1.0050     18.4568   
17.7835    25.4037   
8.2145     26.5795   
18.1131    1.0045    
18.9952    2.7930    

# Frame13

# x        y
3.0668     25.1507   
1.0050     18.4568   
17.6748    26.5483   
8.2145     26.5795   
18.1131    1.0046    
18.9952    2.7931    

# Frame14

# x        y
3.0668     25.1507   
1.0050     18.4568   
17.5678    27.6739   
8.2145     26.5795   
18.1130    1.0046    
18.9952    2.7931    

# Frame15

# x        y
3.0668     25.1507   
1.0050     18.4568   
17.4627    28.7806   
8.2145     26.5795   
18.1130    1.0046    
18.9952    2.7932    

# Frame16

# x        y
3.0668     25.1507   
1.0050     18.4568   
17.3593    29.8690   
8.2145     26.5795   
18.1130    1.0046    
18.9951    2.7933    

# Frame17

# x        y
3.0668     25.1507   
1.0050     18.4568   
17.2577    30.9392   
8.2145     26.5795   
18.1129    1.0047    
18.9951    2.7933    

# Frame18

# x        y
3.0668     25.1507   
1.0050     18.4568   
17.1577    31.9915   
8.2145     26.5795   
18.1129    1.0047    
18.9951    2.7934    

# Frame19

# x        y
3.0668     25.1507   
1.0050     18.4568   
17.0594    33.0263   
8.2145     26.5795   
18.1129    1.0047    
18.9951    2.7934    

# Frame20

# x        y
3.0668     25.1507   
1.0050     18.4568   
16.9627    34.0439   
8.2145     26.5795   
18.1129    1.0047    
18.9951    2.7935    

# Frame21

# x        y
3.0668     25.1507   
1.0050     18.4568   
16.8677    35.0445   
8.2145     26.5795   
18.1128    1.0047    
18.9951    2.7935    

# Frame22

# x        y
3.0668     25.1507   
1.0050     18.4568   
16.7742    36.0284   
8.2145     26.5795   
18.1128    1.0048    
18.9951    2.7936    

# Frame23

# x        y
3.0668     25.1507   
1.0050     18.4568   
16.6823    36.9960   
8.2145     26.5795   
18.1128    1.0048    
18.9951    2.7936    

# Frame24

# x        y
3.0668     25.1507   
1.0050     18.4568   
16.5919    37.9474   
8.2145     26.5795   
18.1128    1.0048    
18.9951    2.7936    

# Frame25

# x        y
3.0668     25.1507   
1.0050     18.4568   
16.5031    38.8829   
8.2145     26.5795   
18.1128    1.0048    
18.9951    2.7937    

# Frame26

# x        y
3.0668     25.1507   
1.0050     18.4568   
16.2639    38.5967   
8.2145     26.5795   
18.1127    1.0048    
18.9951    2.7937    

# Frame27

# x        y
3.0668     25.1507   
1.0050     18.4568   
16.0059    38.1444   
8.2145     26.5795   
18.1127    1.0048    
18.9951    2.7937    

# Frame28

# x        y
3.0668     25.1507   
1.0050     18.4568   
15.7522    37.6996   
8.2145     26.5795   
18.1127    1.0048    
18.9951    2.7938    

# Frame29

# x        y
3.0668     25.1507   
1.0050     18.4568   
15.5028    37.2622   
8.2145     26.5795   
18.1127    1.0049    
18.9951    2.7938    

# Frame30

# x        y
3.0668     25.1507   
1.0050     18.4568   
15.2574    36.8322   
8.2145     26.5795   
18.1127    1.0049    
18.9951    2.7938    

# Frame31

# x        y
3.0668     25.1507   
1.0050     18.4568   
15.0162    36.4093   
8.2145     26.5795   
18.1127    1.0049    
18.9951    2.7938    

# Frame32

# x        y
3.0668     25.1507   
1.0050     18.4568   
14.7790    35.9934   
8.2145     26.5795   
18.1127    1.0049    
18.9951    2.7938    

# Frame33

# x        y
3.0668     25.1507   
1.0050     18.4568   
14.5458    35.5845   
8.2145     26.5795   
18.1127    1.0049    
18.9951    2.7938    

# Frame34

# x        y
3.0668     25.1507   
1.0050     18.4568   
14.3164    35.1824   
8.2145     26.5795   
18.1127    1.0049    
18.9951    2.7938    

# Frame35

# x        y
3.0668     25.1507   
1.0050     18.4568   
14.0909    34.7870   
8.2145     26.5795   
18.1127    1.0049    
18.9951    2.7938    

# Frame36

# x        y
3.0668     25.1507   
1.0050     18.4568   
13.8691    34.3982   
8.2145     26.5795   
18.1127    1.0049    
18.9951    2.7938    

# Frame37

# x        y
3.0668     25.1507   
1.0050     18.4568   
13.6510    34.0158   
8.2145     26.5795   
18.1127    1.0049    
18.9951    2.7938    

# Frame38

# x        y
3.0668     25.1507   
1.0050     18.4568   
13.4366    33.6399   
8.2145     26.5795   
18.1127    1.0049    
18.9951    2.7938    

# Frame39

# x        y
3.0668     25.1507   
1.0050     18.4568   
13.2257    33.2702   
8.2145     26.5795   
18.1127    1.0049    
18.9951    2.7938    

# Frame40

# x        y
3.0668     25.1507   
1.0050     18.4568   
13.0183    32.9066   
8.2145     26.5795   
18.1127    1.0049    
18.9951    2.7938    

# Frame41

# x        y
3.0668     25.1507   
1.0050     18.4568   
12.8144    32.5491   
8.2145     26.5795   
18.1127    1.0049    
18.9951    2.7938    

# Frame42

# x        y
3.0668     25.1507   
1.0050     18.4568   
12.6139    32.1976   
8.2145     26.5795   
18.1127    1.0049    
18.9951    2.7938    

# Frame43

# x        y
3.0668     25.1507   
1.0050     18.4568   
12.4167    31.8520   
8.2145     26.5795   
18.1127    1.0049    
18.9951    2.7938    

# Frame44

# x        y
3.0668     25.1507   
1.0050     18.4568   
12.2229    31.5121   
8.2145     26.5795   
18.1127    1.0049    
18.9951    2.7938    

# Frame45

# x        y
3.0668     25.1507   
1.0050     18.4568   
12.0322    31.1778   
8.2145     26.5795   
18.1127    1.0049    
18.9951    2.7938    

# Frame46

# x        y
3.0668     25.1507   
1.0050     18.4568   
11.8448    30.8492   
8.2145     26.5795   
18.1127    1.0049    
18.9951    2.7938    

# Frame47

# x        y
3.0668     25.1507   
1.0050     18.4568   
11.6604    30.5260   
8.2145     26.5795   
18.1127    1.0049    
18.9951    2.7938    

# Frame48

# x        y
3.0668     25.1507   
1.0050     18.4568   
11.4791    30.2082   
8.2145     26.5795   
18.1127    1.0049    
18.9951    2.7938    

# Frame49

# x        y
3.0668     25.1507   
1.0050     18.4568   
11.3009    29.8957   
8.2145     26.5795   
18.1127    1.0049    
18.9951    2.7938    

# Frame50

# x        y
3.0668     25.1507   
1.0050     18.4568   
11.1256    29.5884   
8.2145     26.5795   
18.1127    1.0049    
18.9951    2.7938    

# Frame51

# x        y
3.0668     25.1507   
1.0050     18.4568   
10.9533    29.2862   
8.2145     26.5795   
18.1127    1.0049    
18.9951    2.7938    

# Frame52

# x        y
3.0668     25.1507   
1.0050     18.4568   
10.7838    28.9891   
8.2145     26.5795   
18.1127    1.0049    
18.9951    2.7938    

# Frame53

# x        y
3.0668     25.1507   
1.0050     18.4568   
10.6171    28.6969   
8.2145     26.5795   
18.1127    1.0049    
18.9951    2.7938    

# Frame54

# x        y
3.0668     25.1507   
1.0050     18.4568   
10.4532    28.4096   
8.2145     26.5795   
18.1127    1.0049    
18.9951    2.7938    

# Frame55

# x        y
3.0668     25.1507   
1.0050     18.4568   
10.2921    28.1270   
8.2145     26.5795   
18.1127    1.0049    
18.9951    2.7938    

# Frame56

# x        y
3.0668     25.1507   
1.0050     18.4568   
10.1336    27.8492   
8.2145     26.5795   
18.1127    1.0049    
18.9951    2.7938    

# Frame57

# x        y
3.0668     25.1507   
1.0050     18.4568   
9.9778     27.5760   
8.2145     26.5795   
18.1127    1.0049    
18.9951    2.7938    

# Frame58

# x        y
3.0668     25.1507   
1.0050     18.4568   
9.9705     27.3994   
8.0685     26.4875   
18.1127    1.0049    
18.9951    2.7938    

# Frame59

# x        y
3.0668     25.1507   
1.0050     18.4568   
9.9845     27.2394   
7.9039     26.3834   
18.1127    1.0049    
18.9951    2.7938    

# Frame60

# x        y
3.0668     25.1507   
1.0050     18.4568   
9.9982     27.0820   
7.7420     26.2810   
18.1127    1.0049    
18.9951    2.7938    

# Frame61

# x        y
3.0668     25.1507   
1.0050     18.4568   
10.0117    26.9272   
7.5828     26.1803   
18.1127    1.0049    
18.9951    2.7938    

# Frame62

# x        y
3.0668     25.1507   
1.0050     18.4568   
10.0250    26.7751   
7.4262     26.0813   
18.1127    1.0049    
18.9951    2.7938    

# Frame63

# x        y
3.0668     25.1507   
1.0050     18.4568   
10.0380    26.6255   
7.2723     25.9839   
18.1127    1.0049    
18.9951    2.7938    

# Frame64

# x        y
3.0668     25.1507   
1.0050     18.4568   
10.0508    26.4783   
7.1210     25.8882   
18.1127    1.0049    
18.9951    2.7938    

# Frame65

# x        y
3.0668     25.1507   
1.0050     18.4568   
10.0634    26.3336   
6.9721     25.7941   
18.1127    1.0049    
18.9951    2.7938    

# Frame66

# x        y
3.0668     25.1507   
1.0050     18.4568   
10.0759    26.1914   
6.8258     25.7015   
18.1127    1.0049    
18.9951    2.7938    

# Frame67

# x        y
3.0668     25.1507   
1.0050     18.4568   
10.0881    26.0515   
6.6819     25.6105   
18.1127    1.0049    
18.9951    2.7938    

# Frame68

# x        y
3.0668     25.1507   
1.0050     18.4568   
10.1001    25.9139   
6.5403     25.5210   
18.1127    1.0049    
18.9951    2.7938    

# Frame69

# x        y
3.0668     25.1507   
1.0050     18.4568   
10.1118    25.7786   
6.4012     25.4330   
18.1127    1.0049    
18.9951    2.7938    

# Frame70

# x        y
3.0668     25.1507   
1.0050     18.4568   
10.1234    25.6456   
6.2643     25.3464   
18.1127    1.0049    
18.9951    2.7938    

# Frame71

# x        y
3.0668     25.1507   
1.0050     18.4568   
10.1349    25.5148   
6.1298     25.2613   
18.1127    1.0049    
18.9951    2.7938    

# Frame72

# x        y
3.0668     25.1507   
1.0050     18.4568   
10.1461    25.3862   
5.9975     25.1776   
18.1127    1.0049    
18.9951    2.7938    

# Frame73

# x        y
3.0668     25.1507   
1.0050     18.4568   
10.1571    25.2597   
5.8673     25.0953   
18.1127    1.0049    
18.9951    2.7938    

# Frame74

# x        y
3.0668     25.1507   
1.0050     18.4568   
10.1679    25.1353   
5.7394     25.0144   
18.1127    1.0049    
18.9951    2.7938    

# Frame75

# x        y
3.0668     25.1507   
1.0050     18.4568   
10.1786    25.0130   
5.6136     24.9348   
18.1127    1.0049    
18.9951    2.7938    

# Frame76

# x        y
3.0668     25.1507   
1.0050     18.4568   
10.1891    24.8928   
5.4899     24.8566   
18.1127    1.0049    
18.9951    2.7938    

# Frame77

# x        y
3.0668     25.1507   
1.0050     18.4568   
10.1994    24.7745   
5.3682     24.7796   
18.1127    1.0049    
18.9951    2.7938    

# Frame78

# x        y
3.0668     25.1507   
1.0050     18.4568   
10.2095    24.6582   
5.2486     24.7040   
18.1127    1.0049    
18.9951    2.7938    

# Frame79

# x        y
3.0668     25.1507   
1.0050     18.4568   
10.2195    24.5439   
5.1310     24.6296   
18.1127    1.0049    
18.9951    2.7938    

# Frame80

# x        y
3.0668     25.1507   
1.0050     18.4568   
10.2293    24.4314   
5.0153     24.5564   
18.1127    1.0049    
18.9951    2.7938    

# Frame81

# x        y
3.0363     25.1543   
1.0050     18.4568   
10.2390    24.3209   
4.9321     24.4809   
18.1127    1.0049    
18.9951    2.7938    

# Frame82

# x        y
2.9722     25.1598   
1.0050     18.4568   
10.2484    24.2122   
4.8843     24.4047   
18.1127    1.0049    
18.9951    2.7938    

# Frame83

# x        y
2.9092     25.1651   
1.0050     18.4568   
10.2578    24.1052   
4.8373     24.3297   
18.1127    1.0049    
18.9951    2.7938    

# Frame84

# x        y
2.8472     25.1704   
1.0050     18.4568   
10.2669    24.0001   
4.7911     24.2560   
18.1127    1.0049    
18.9951    2.7938    

# Frame85

# x        y
2.7863     25.1756   
1.0050     18.4568   
10.2760    23.8967   
4.7457     24.1836   
18.1127    1.0049    
18.9951    2.7938    

# Frame86

# x        y
2.7264     25.1807   
1.0050     18.4568   
10.2848    23.7951   
4.7010     24.1123   
18.1127    1.0049    
18.9951    2.7938    

# Frame87

# x        y
2.6675     25.1857   
1.0050     18.4568   
10.2935    23.6951   
4.6571     24.0423   
18.1127    1.0049    
18.9951    2.7938    

# Frame88

# x        y
2.6096     25.1907   
1.0050     18.4568   
10.3021    23.5968   
4.6139     23.9734   
18.1127    1.0049    
18.9951    2.7938    

# Frame89

# x        y
2.5526     25.1955   
1.0050     18.4568   
10.3105    23.5002   
4.5715     23.9056   
18.1127    1.0049    
18.9951    2.7938    

# Frame90

# x        y
2.4966     25.2003   
1.0050     18.4568   
10.3188    23.4051   
4.5297     23.8390   
18.1127    1.0049    
18.9951    2.7938    

# Frame91

# x        y
2.4415     25.2050   
1.0050     18.4568   
10.3270    23.3117   
4.4886     23.7735   
18.1127    1.0049    
18.9951    2.7938    

# Frame92

# x        y
2.3874     25.2096   
1.0050     18.4568   
10.3350    23.2198   
4.4482     23.7091   
18.1127    1.0049    
18.9951    2.7938    

# Frame93

# x        y
2.3341     25.2141   
1.0050     18.4568   
10.3429    23.1294   
4.4085     23.6458   
18.1127    1.0049    
18.9951    2.7938    

# Frame94

# x        y
2.2818     25.2186   
1.0050     18.4568   
10.3506    23.0405   
4.3695     23.5835   
18.1127    1.0049    
18.9951    2.7938    

# Frame95

# x        y
2.2303     25.2230   
1.0050     18.4568   
10.3582    22.9531   
4.3311     23.5222   
18.1127    1.0049    
18.9951    2.7938    

# Frame96

# x        y
2.1796     25.2273   
1.0050     18.4568   
10.3657    22.8672   
4.2933     23.4620   
18.1127    1.0049    
18.9951    2.7938    

# Frame97

# x        y
2.1298     25.2316   
1.0050     18.4568   
10.3731    22.7827   
4.2562     23.4028   
18.1127    1.0049    
18.9951    2.7938    

# Frame98

# x        y
2.0809     25.2357   
1.0050     18.4568   
10.3803    22.6996   
4.2197     23.3446   
18.1127    1.0049    
18.9951    2.7938    

# Frame99

# x        y
2.0327     25.2398   
1.0050     18.4568   
10.3875    22.6179   
4.1838     23.2873   
18.1127    1.0049    
18.9951    2.7938    

# Frame100

# x        y
1.9854     25.2439   
1.0050     18.4568   
10.3945    22.5376   
4.1485     23.2310   
18.1127    1.0049    
18.9951    2.7938    

# Frame101

# x        y
1.9388     25.2478   
1.0050     18.4568   
10.4014    22.4586   
4.1138     23.1756   
18.1127    1.0049    
18.9951    2.7938    

# Frame102

# x        y
1.8930     25.2517   
1.0050     18.4568   
10.4081    22.3809   
4.0796     23.1212   
18.1127    1.0049    
18.9951    2.7938    

# Frame103

# x        y
1.8480     25.2556   
1.0050     18.4568   
10.4148    22.3045   
4.0461     23.0676   
18.1127    1.0049    
18.9951    2.7938    

# Frame104

# x        y
1.8038     25.2593   
1.0050     18.4568   
10.4213    22.2294   
4.0130     23.0150   
18.1127    1.0049    
18.9951    2.7938    

# Frame105

# x        y
1.7602     25.2631   
1.0050     18.4568   
10.4278    22.1555   
3.9806     22.9632   
18.1127    1.0049    
18.9951    2.7938    

# Frame106

# x        y
1.7174     25.2667   
1.0050     18.4568   
10.4341    22.0829   
3.9487     22.9123   
18.1127    1.0049    
18.9951    2.7938    

# Frame107

# x        y
1.6753     25.2703   
1.0050     18.4568   
10.4403    22.0114   
3.9173     22.8623   
18.1127    1.0049    
18.9951    2.7938    

# Frame108

# x        y
1.6339     25.2738   
1.0050     18.4568   
10.4465    21.9412   
3.8864     22.8130   
18.1127    1.0049    
18.9951    2.7938    

# Frame109

# x        y
1.5932     25.2773   
1.0050     18.4568   
10.4525    21.8722   
3.8561     22.7646   
18.1127    1.0049    
18.9951    2.7938    

# Frame110

# x        y
1.5532     25.2807   
1.0050     18.4568   
10.4584    21.8042   
3.8262     22.7170   
18.1127    1.0049    
18.9951    2.7938    

# Frame111

# x        y
1.5139     25.2840   
1.0050     18.4568   
10.4642    21.7375   
3.7969     22.6702   
18.1127    1.0049    
18.9951    2.7938    

# Frame112

# x        y
1.4752     25.2873   
1.0050     18.4568   
10.4700    21.6718   
3.7680     22.6242   
18.1127    1.0049    
18.9951    2.7938    

# Frame113

# x        y
1.4371     25.2906   
1.0050     18.4568   
10.4756    21.6072   
3.7397     22.5789   
18.1127    1.0049    
18.9951    2.7938    

# Frame114

# x        y
1.3997     25.2938   
1.0050     18.4568   
10.4811    21.5437   
3.7118     22.5344   
18.1127    1.0049    
18.9951    2.7938    

# Frame115

# x        y
1.3629     25.2969   
1.0050     18.4568   
10.4866    21.4813   
3.6843     22.4907   
18.1127    1.0049    
18.9951    2.7938    

# Frame116

# x        y
1.3267     25.3000   
1.0050     18.4568   
10.4919    21.4199   
3.6573     22.4476   
18.1127    1.0049    
18.9951    2.7938    

# Frame117

# x        y
1.2911     25.3030   
1.0050     18.4568   
10.4972    21.3595   
3.6308     22.4053   
18.1127    1.0049    
18.9951    2.7938    

# Frame118

# x        y
1.2562     25.3060   
1.0050     18.4568   
10.5024    21.3001   
3.6047     22.3637   
18.1127    1.0049    
18.9951    2.7938    

# Frame119

# x        y
1.2218     25.3089   
1.0050     18.4568   
10.5075    21.2418   
3.5791     22.3228   
18.1127    1.0049    
18.9951    2.7938    

# Frame120

# x        y
1.1879     25.3118   
1.0050     18.4568   
10.5125    21.1844   
3.5538     22.2826   
18.1127    1.0049    
18.9951    2.7938    

# Frame121

# x        y
1.1547     25.3147   
1.0050     18.4568   
10.5174    21.1279   
3.5290     22.2430   
18.1127    1.0049    
18.9951    2.7938    

# Frame122

# x        y
1.1219     25.3174   
1.0050     18.4568   
10.5222    21.0724   
3.5046     22.2041   
18.1127    1.0049    
18.9951    2.7938    

# Frame123

# x        y
1.0898     25.3202   
1.0050     18.4568   
10.5270    21.0178   
3.4807     22.1659   
18.1127    1.0049    
18.9951    2.7938    

# Frame124

# x        y
1.0581     25.3229   
1.0050     18.4568   
10.5317    20.9641   
3.4571     22.1282   
18.1127    1.0049    
18.9951    2.7938    

# Frame125

# x        y
1.0270     25.3255   
1.0050     18.4568   
10.5363    20.9114   
3.4339     22.0912   
18.1127    1.0049    
18.9951    2.7938    

# Frame126

# x        y
0.9965     25.3281   
1.0050     18.4568   
10.5408    20.8595   
3.4111     22.0549   
18.1127    1.0049    
18.9951    2.7938    

# Frame127

# x        y
1.0115     25.3277   
1.0050     18.4568   
10.5453    20.8084   
3.3887     22.0191   
18.1127    1.0049    
18.9951    2.7938    

# Frame128

# x        y
1.0263     25.3272   
1.0050     18.4568   
10.5496    20.7582   
3.3666     21.9839   
18.1127    1.0049    
18.9951    2.7938    

# Frame129

# x        y
1.0408     25.3267   
1.0050     18.4568   
10.5539    20.7089   
3.3449     21.9493   
18.1127    1.0049    
18.9951    2.7938    

# Frame130

# x        y
1.0551     25.3262   
1.0050     18.4568   
10.5582    20.6604   
3.3236     21.9153   
18.1127    1.0049    
18.9951    2.7938    

# Frame131

# x        y
1.0692     25.3258   
1.0050     18.4568   
10.5623    20.6127   
3.3026     21.8819   
18.1127    1.0049    
18.9951    2.7938    

# Frame132

# x        y
1.0830     25.3253   
1.0050     18.4568   
10.5664    20.5657   
3.2820     21.8490   
18.1127    1.0049    
18.9951    2.7938    

# Frame133

# x        y
1.0966     25.3249   
1.0050     18.4568   
10.5704    20.5196   
3.2617     21.8167   
18.1127    1.0049    
18.9951    2.7938    

# Frame134

# x        y
1.1100     25.3244   
1.0050     18.4568   
10.5744    20.4742   
3.2418     21.7849   
18.1127    1.0049    
18.9951    2.7938    

# Frame135

# x        y
1.1231     25.3240   
1.0050     18.4568   
10.5783    20.4296   
3.2222     21.7536   
18.1127    1.0049    
18.9951    2.7938    

# Frame136

# x        y
1.1360     25.3236   
1.0050     18.4568   
10.5821    20.3857   
3.2029     21.7229   
18.1127    1.0049    
18.9951    2.7938    

# Frame137

# x        y
1.1488     25.3232   
1.0050     18.4568   
10.5859    20.3426   
3.1840     21.6926   
18.1127    1.0049    
18.9951    2.7938    

# Frame138

# x        y
1.1613     25.3228   
1.0050     18.4568   
10.5896    20.3002   
3.1653     21.6629   
18.1127    1.0049    
18.9951    2.7938    

# Frame139

# x        y
1.1735     25.3224   
1.0050     18.4568   
10.5932    20.2585   
3.1470     21.6337   
18.1127    1.0049    
18.9951    2.7938    

# Frame140

# x        y
1.1856     25.3220   
1.0050     18.4568   
10.5968    20.2175   
3.1290     21.6049   
18.1127    1.0049    
18.9951    2.7938    

# Frame141

# x        y
1.1975     25.3216   
1.0050     18.4568   
10.6003    20.1771   
3.1112     21.5766   
18.1127    1.0049    
18.9951    2.7938    

# Frame142

# x        y
1.2092     25.3212   
1.0050     18.4568   
10.6038    20.1375   
3.0938     21.5488   
18.1127    1.0049    
18.9951    2.7938    

# Frame143

# x        y
1.2207     25.3208   
1.0050     18.4568   
10.6072    20.0985   
3.0767     21.5215   
18.1127    1.0049    
18.9951    2.7938    

# Frame144

# x        y
1.2320     25.3205   
1.0050     18.4568   
10.6105    20.0601   
3.0598     21.4946   
18.1127    1.0049    
18.9951    2.7938    

# Frame145

# x        y
1.2431     25.3201   
1.0050     18.4568   
10.6138    20.0224   
3.0433     21.4682   
18.1127    1.0049    
18.9951    2.7938    

# Frame146

# x        y
1.2540     25.3198   
1.0050     18.4568   
10.6170    19.9853   
3.0270     21.4422   
18.1127    1.0049    
18.9951    2.7938    

# Frame147

# x        y
1.2648     25.3194   
1.0050     18.4568   
10.6202    19.9488   
3.0109     21.4166   
18.1127    1.0049    
18.9951    2.7938    

# Frame148

# x        y
1.2753     25.3191   
1.0050     18.4568   
10.6233    19.9130   
2.9952     21.3915   
18.1127    1.0049    
18.9951    2.7938    

# Frame149

# x        y
1.2857     25.3187   
1.0050     18.4568   
10.6264    19.8777   
2.9797     21.3668   
18.1127    1.0049    
18.9951    2.7938    

# Frame150

# x        y
1.2959     25.3184   
1.0050     18.4568   
10.6294    19.8431   
2.9645     21.3425   
18.1127    1.0049    
18.9951    2.7938    

# Frame151

# x        y
1.3060     25.3181   
1.0050     18.4568   
10.6324    19.8090   
2.9495     21.3186   
18.1127    1.0049    
18.9951    2.7938    

# Frame152

# x        y
1.3159     25.3177   
1.0050     18.4568   
10.6353    19.7754   
2.9347     21.2951   
18.1127    1.0049    
18.9951    2.7938    

# Frame153

# x        y
1.3256     25.3174   
1.0050     18.4568   
10.6382    19.7425   
2.9203     21.2720   
18.1127    1.0049    
18.9951    2.7938    

# Frame154

# x        y
1.3351     25.3171   
1.0050     18.4568   
10.6410    19.7101   
2.9060     21.2493   
18.1127    1.0049    
18.9951    2.7938    

# Frame155

# x        y
1.3445     25.3168   
1.0050     18.4568   
10.6438    19.6782   
2.8920     21.2269   
18.1127    1.0049    
18.9951    2.7938    

# Frame156

# x        y
1.3538     25.3165   
1.0050     18.4568   
10.6465    19.6468   
2.8782     21.2050   
18.1127    1.0049    
18.9951    2.7938    

# Frame157

# x        y
1.3628     25.3162   
1.0050     18.4568   
10.6492    19.6160   
2.8647     21.1834   
18.1127    1.0049    
18.9951    2.7938    

# Frame158

# x        y
1.3718     25.3159   
1.0050     18.4568   
10.6519    19.5857   
2.8514     21.1621   
18.1127    1.0049    
18.9951    2.7938    

# Frame159

# x        y
1.3806     25.3156   
1.0050     18.4568   
10.6545    19.5559   
2.8383     21.1412   
18.1127    1.0049    
18.9951    2.7938    

# Frame160

# x        y
1.3892     25.3154   
1.0050     18.4568   
10.6570    19.5266   
2.8254     21.1207   
18.1127    1.0049    
18.9951    2.7938    

# Frame161

# x        y
1.3977     25.3151   
1.0050     18.4568   
10.6595    19.4978   
2.8127     21.1005   
18.1127    1.0049    
18.9951    2.7938    

# Frame162

# x        y
1.4060     25.3148   
1.0050     18.4568   
10.6620    19.4694   
2.8003     21.0806   
18.1127    1.0049    
18.9951    2.7938    

# Frame163

# x        y
1.4142     25.3145   
1.0050     18.4568   
10.6644    19.4416   
2.7880     21.0611   
18.1127    1.0049    
18.9951    2.7938    

# Frame164

# x        y
1.4223     25.3143   
1.0050     18.4568   
10.6668    19.4142   
2.7760     21.0419   
18.1127    1.0049    
18.9951    2.7938    

# Frame165

# x        y
1.4303     25.3140   
1.0050     18.4568   
10.6692    19.3872   
2.7641     21.0230   
18.1127    1.0049    
18.9951    2.7938    

# Frame166

# x        y
1.4381     25.3138   
1.0050     18.4568   
10.6715    19.3607   
2.7525     21.0044   
18.1127    1.0049    
18.9951    2.7938    

# Frame167

# x        y
1.4457     25.3135   
1.0050     18.4568   
10.6738    19.3347   
2.7411     20.9862   
18.1127    1.0049    
18.9951    2.7938    

# Frame168

# x        y
1.4533     25.3133   
1.0050     18.4568   
10.6760    19.3090   
2.7298     20.9682   
18.1127    1.0049    
18.9951    2.7938    

# Frame169

# x        y
1.4607     25.3130   
1.0050     18.4568   
10.6782    19.2838   
2.7187     20.9506   
18.1127    1.0049    
18.9951    2.7938    

# Frame170

# x        y
1.4680     25.3128   
1.0050     18.4568   
10.6804    19.2591   
2.7078     20.9332   
18.1127    1.0049    
18.9951    2.7938    

# Frame171

# x        y
1.4752     25.3126   
1.0050     18.4568   
10.6825    19.2347   
2.6971     20.9161   
18.1127    1.0049    
18.9951    2.7938    

# Frame172

# x        y
1.4823     25.3123   
1.0050     18.4568   
10.6846    19.2108   
2.6866     20.8993   
18.1127    1.0049    
18.9951    2.7938    

# Frame173

# x        y
1.4892     25.3121   
1.0050     18.4568   
10.6866    19.1872   
2.6763     20.8828   
18.1127    1.0049    
18.9951    2.7938    

# Frame174

# x        y
1.4960     25.3119   
1.0050     18.4568   
10.6886    19.1640   
2.6661     20.8666   
18.1127    1.0049    
18.9951    2.7938    

# Frame175

# x        y
1.5027     25.3117   
1.0050     18.4568   
10.6906    19.1413   
2.6561     20.8506   
18.1127    1.0049    
18.9951    2.7938    

# Frame176

# x        y
1.5093     25.3114   
1.0050     18.4568   
10.6926    19.1189   
2.6462     20.8349   
18.1127    1.0049    
18.9951    2.7938    

# Frame177

# x        y
1.5158     25.3112   
1.0050     18.4568   
10.6945    19.0968   
2.6365     20.8195   
18.1127    1.0049    
18.9951    2.7938    

# Frame178

# x        y
1.5222     25.3110   
1.0050     18.4568   
10.6964    19.0752   
2.6270     20.8043   
18.1127    1.0049    
18.9951    2.7938    

# Frame179

# x        y
1.5285     25.3108   
1.0050     18.4568   
10.6982    19.0539   
2.6177     20.7894   
18.1127    1.0049    
18.9951    2.7938    

# Frame180

# x        y
1.5346     25.3106   
1.0050     18.4568   
10.7001    19.0329   
2.6085     20.7747   
18.1127    1.0049    
18.9951    2.7938    

# Frame181

# x        y
1.5407     25.3104   
1.0050     18.4568   
10.7019    19.0124   
2.5994     20.7603   
18.1127    1.0049    
18.9951    2.7938    

# Frame182

# x        y
1.5467     25.3102   
1.0050     18.4568   
10.7036    18.9921   
2.5905     20.7461   
18.1127    1.0049    
18.9951    2.7938    

# Frame183

# x        y
1.5525     25.3100   
1.0050     18.4568   
10.7054    18.9722   
2.5818     20.7321   
18.1127    1.0049    
18.9951    2.7938    

# Frame184

# x        y
1.5583     25.3098   
1.0050     18.4568   
10.7071    18.9526   
2.5732     20.7184   
18.1127    1.0049    
18.9951    2.7938    

# Frame185

# x        y
1.5640     25.3097   
1.0050     18.4568   
10.7088    18.9334   
2.5647     20.7049   
18.1127    1.0049    
18.9951    2.7938    

# Frame186

# x        y
1.5696     25.3095   
1.0050     18.4568   
10.7104    18.9144   
2.5564     20.6917   
18.1127    1.0049    
18.9951    2.7938    

# Frame187

# x        y
1.5751     25.3093   
1.0050     18.4568   
10.7120    18.8958   
2.5482     20.6786   
18.1127    1.0049    
18.9951    2.7938    

# Frame188

# x        y
1.5805     25.3091   
1.0050     18.4568   
10.7136    18.8775   
2.5402     20.6658   
18.1127    1.0049    
18.9951    2.7938    

# Frame189

# x        y
1.5858     25.3089   
1.0050     18.4568   
10.7152    18.8595   
2.5323     20.6532   
18.1127    1.0049    
18.9951    2.7938    

# Frame190

# x        y
1.5910     25.3088   
1.0050     18.4568   
10.7167    18.8418   
2.5245     20.6408   
18.1127    1.0049    
18.9951    2.7938    

# Frame191

# x        y
1.5961     25.3086   
1.0050     18.4568   
10.7183    18.8244   
2.5168     20.6286   
18.1127    1.0049    
18.9951    2.7938    

# Frame192

# x        y
1.6011     25.3084   
1.0050     18.4568   
10.7198    18.8073   
2.5093     20.6166   
18.1127    1.0049    
18.9951    2.7938    

# Frame193

# x        y
1.6061     25.3083   
1.0050     18.4568   
10.7212    18.7904   
2.5019     20.6048   
18.1127    1.0049    
18.9951    2.7938    

# Frame194

# x        y
1.6110     25.3081   
1.0050     18.4568   
10.7227    18.7739   
2.4946     20.5932   
18.1127    1.0049    
18.9951    2.7938    

# Frame195

# x        y
1.6158     25.3080   
1.0050     18.4568   
10.7241    18.7576   
2.4875     20.5818   
18.1127    1.0049    
18.9951    2.7938    

# Frame196

# x        y
1.6205     25.3078   
1.0050     18.4568   
10.7255    18.7416   
2.4805     20.5705   
18.1127    1.0049    
18.9951    2.7938    

# Frame197

# x        y
1.6251     25.3077   
1.0050     18.4568   
10.7268    18.7259   
2.4735     20.5595   
18.1127    1.0049    
18.9951    2.7938    

# Frame198

# x        y
1.6297     25.3075   
1.0050     18.4568   
10.7282    18.7104   
2.4667     20.5487   
18.1127    1.0049    
18.9951    2.7938    

# Frame199

# x        y
1.6342     25.3074   
1.0050     18.4568   
10.7295    18.6952   
2.4601     20.5380   
18.1127    1.0049    
18.9951    2.7938    

# Frame200

# x        y
1.6386     25.3072   
1.0050     18.4568   
10.7308    18.6802   
2.4535     20.5275   
18.1127    1.0049    
18.9951    2.7938    

# Frame201

# x        y
1.6429     25.3071   
1.0050     18.4568   
10.7321    18.6655   
2.4470     20.5172   
18.1127    1.0049    
18.9951    2.7938    

# Frame202

# x        y
1.6472     25.3069   
1.0050     18.4568   
10.7334    18.6510   
2.4407     20.5071   
18.1127    1.0049    
18.9951    2.7938    

# Frame203

# x        y
1.6514     25.3068   
1.0050     18.4568   
10.7346    18.6368   
2.4344     20.4971   
18.1127    1.0049    
18.9951    2.7938    

# Frame204

# x        y
1.6555     25.3067   
1.0050     18.4568   
10.7358    18.6228   
2.4283     20.4873   
18.1127    1.0049    
18.9951    2.7938    

# Frame205

# x        y
1.6595     25.3065   
1.0050     18.4568   
10.7370    18.6091   
2.4222     20.4776   
18.1127    1.0049    
18.9951    2.7938    

# Frame206

# x        y
1.6635     25.3064   
1.0050     18.4568   
10.7382    18.5955   
2.4163     20.4682   
18.1127    1.0049    
18.9951    2.7938    

# Frame207

# x        y
1.6674     25.3063   
1.0050     18.4568   
10.7394    18.5822   
2.4104     20.4588   
18.1127    1.0049    
18.9951    2.7938    

# Frame208

# x        y
1.6713     25.3062   
1.0050     18.4568   
10.7405    18.5692   
2.4047     20.4497   
18.1127    1.0049    
18.9951    2.7938    

# Frame209

# x        y
1.6751     25.3060   
1.0050     18.4568   
10.7416    18.5563   
2.3990     20.4407   
18.1127    1.0049    
18.9951    2.7938    

# Frame210

# x        y
1.6788     25.3059   
1.0050     18.4568   
10.7427    18.5437   
2.3935     20.4318   
18.1127    1.0049    
18.9951    2.7938    

# Frame211

# x        y
1.6825     25.3058   
1.0050     18.4568   
10.7438    18.5312   
2.3880     20.4231   
18.1127    1.0049    
18.9951    2.7938    

# Frame212

# x        y
1.6861     25.3057   
1.0050     18.4568   
10.7449    18.5190   
2.3826     20.4145   
18.1127    1.0049    
18.9951    2.7938    

# Frame213

# x        y
1.6896     25.3056   
1.0050     18.4568   
10.7459    18.5070   
2.3773     20.4061   
18.1127    1.0049    
18.9951    2.7938    

# Frame214

# x        y
1.6931     25.3054   
1.0050     18.4568   
10.7470    18.4951   
2.3721     20.3978   
18.1127    1.0049    
18.9951    2.7938    

# Frame215

# x        y
1.6965     25.3053   
1.0050     18.4568   
10.7480    18.4835   
2.3670     20.3896   
18.1127    1.0049    
18.9951    2.7938    

# Frame216

# x        y
1.6999     25.3052   
1.0050     18.4568   
10.7490    18.4721   
2.3620     20.3816   
18.1127    1.0049    
18.9951    2.7938    

# Frame217

# x        y
1.7032     25.3051   
1.0050     18.4568   
10.7500    18.4608   
2.3571     20.3737   
18.1127    1.0049    
18.9951    2.7938    

# Frame218

# x        y
1.7065     25.3050   
1.0050     18.4568   
10.7509    18.4498   
2.3522     20.3660   
18.1127    1.0049    
18.9951    2.7938    

# Frame219

# x        y
1.7097     25.3049   
1.0050     18.4568   
10.7519    18.4389   
2.3474     20.3584   
18.1127    1.0049    
18.9951    2.7938    

# Frame220

# x        y
1.7128     25.3048   
1.0050     18.4568   
10.7528    18.4282   
2.3427     20.3509   
18.1127    1.0049    
18.9951    2.7938    

# Frame221

# x        y
1.7159     25.3047   
1.0050     18.4568   
10.7537    18.4177   
2.3381     20.3435   
18.1127    1.0049    
18.9951    2.7938    

# Frame222

# x        y
1.7190     25.3046   
1.0050     18.4568   
10.7546    18.4074   
2.3336     20.3363   
18.1127    1.0049    
18.9951    2.7938    

# Frame223

# x        y
1.7220     25.3045   
1.0050     18.4568   
10.7555    18.3972   
2.3291     20.3291   
18.1127    1.0049    
18.9951    2.7938    

# Frame224

# x        y
1.7249     25.3044   
1.0050     18.4568   
10.7564    18.3872   
2.3247     20.3221   
18.1127    1.0049    
18.9951    2.7938    

# Frame225

# x        y
1.7278     25.3043   
1.0050     18.4568   
10.7572    18.3774   
2.3204     20.3152   
18.1127    1.0049    
18.9951    2.7938    

# Frame226

# x        y
1.7307     25.3042   
1.0050     18.4568   
10.7581    18.3677   
2.3161     20.3085   
18.1127    1.0049    
18.9951    2.7938    

# Frame227

# x        y
1.7335     25.3041   
1.0050     18.4568   
10.7589    18.3582   
2.3120     20.3018   
18.1127    1.0049    
18.9951    2.7938    

# Frame228

# x        y
1.7362     25.3040   
1.0050     18.4568   
10.7597    18.3488   
2.3079     20.2953   
18.1127    1.0049    
18.9951    2.7938    

# Frame229

# x        y
1.7389     25.3040   
1.0050     18.4568   
10.7605    18.3397   
2.3038     20.2888   
18.1127    1.0049    
18.9951    2.7938    

# Frame230

# x        y
1.7416     25.3039   
1.0050     18.4568   
10.7613    18.3306   
2.2999     20.2825   
18.1127    1.0049    
18.9951    2.7938    

# Frame231

# x        y
1.7442     25.3038   
1.0050     18.4568   
10.7621    18.3217   
2.2959     20.2763   
18.1127    1.0049    
18.9951    2.7938    

# Frame232

# x        y
1.7468     25.3037   
1.0050     18.4568   
10.7629    18.3130   
2.2921     20.2701   
18.1127    1.0049    
18.9951    2.7938    

# Frame233

# x        y
1.7493     25.3036   
1.0050     18.4568   
10.7636    18.3044   
2.2883     20.2641   
18.1127    1.0049    
18.9951    2.7938    

# Frame234

# x        y
1.7518     25.3035   
1.0050     18.4568   
10.7643    18.2959   
2.2846     20.2582   
18.1127    1.0049    
18.9951    2.7938    

# Frame235

# x        y
1.7543     25.3035   
1.0050     18.4568   
10.7651    18.2876   
2.2810     20.2524   
18.1127    1.0049    
18.9951    2.7938    

# Frame236

# x        y
1.7567     25.3034   
1.0050     18.4568   
10.7658    18.2795   
2.2774     20.2466   
18.1127    1.0049    
18.9951    2.7938    

# Frame237

# x        y
1.7590     25.3033   
1.0050     18.4568   
10.7665    18.2714   
2.2738     20.2410   
18.1127    1.0049    
18.9951    2.7938    

# Frame238

# x        y
1.7614     25.3032   
1.0050     18.4568   
10.7672    18.2635   
2.2704     20.2355   
18.1127    1.0049    
18.9951    2.7938    

# Frame239

# x        y
1.7636     25.3031   
1.0050     18.4568   
10.7678    18.2558   
2.2670     20.2300   
18.1127    1.0049    
18.9951    2.7938    

# Frame240

# x        y
1.7659     25.3031   
1.0050     18.4568   
10.7685    18.2481   
2.2636     20.2247   
18.1127    1.0049    
18.9951    2.7938    

# Frame241

# x        y
1.7681     25.3030   
1.0050     18.4568   
10.7692    18.2406   
2.2603     20.2194   
18.1127    1.0049    
18.9951    2.7938    

# Frame242

# x        y
1.7703     25.3029   
1.0050     18.4568   
10.7698    18.2332   
2.2571     20.2142   
18.1127    1.0049    
18.9951    2.7938    

# Frame243

# x        y
1.7724     25.3029   
1.0050     18.4568   
10.7704    18.2260   
2.2539     20.2091   
18.1127    1.0049    
18.9951    2.7938    

# Frame244

# x        y
1.7745     25.3028   
1.0050     18.4568   
10.7711    18.2188   
2.2507     20.2041   
18.1127    1.0049    
18.9951    2.7938    

# Frame245

# x        y
1.7766     25.3027   
1.0050     18.4568   
10.7717    18.2118   
2.2476     20.1992   
18.1127    1.0049    
18.9951    2.7938    

# Frame246

# x        y
1.7786     25.3027   
1.0050     18.4568   
10.7723    18.2049   
2.2446     20.1944   
18.1127    1.0049    
18.9951    2.7938    

# Frame247

# x        y
1.7806     25.3026   
1.0050     18.4568   
10.7729    18.1981   
2.2416     20.1896   
18.1127    1.0049    
18.9951    2.7938    

# Frame248

# x        y
1.7826     25.3025   
1.0050     18.4568   
10.7735    18.1914   
2.2387     20.1849   
18.1127    1.0049    
18.9951    2.7938    

# Frame249

# x        y
1.7845     25.3025   
1.0050     18.4568   
10.7740    18.1849   
2.2358     20.1803   
18.1127    1.0049    
18.9951    2.7938    

# Frame250

# x        y
1.7864     25.3024   
1.0050     18.4568   
10.7746    18.1784   
2.2330     20.1758   
18.1127    1.0049    
18.9951    2.7938    

# Frame251

# x        y
1.7883     25.3023   
1.0050     18.4568   
10.7751    18.1721   
2.2302     20.1713   
18.1127    1.0049    
18.9951    2.7938    

# Frame252

# x        y
1.7902     25.3023   
1.0050     18.4568   
10.7757    18.1658   
2.2274     20.1670   
18.1127    1.0049    
18.9951    2.7938    

# Frame253

# x        y
1.7920     25.3022   
1.0050     18.4568   
10.7762    18.1597   
2.2247     20.1627   
18.1127    1.0049    
18.9951    2.7938    

# Frame254

# x        y
1.7937     25.3022   
1.0050     18.4568   
10.7767    18.1536   
2.2221     20.1584   
18.1127    1.0049    
18.9951    2.7938    

# Frame255

# x        y
1.7955     25.3021   
1.0050     18.4568   
10.7773    18.1477   
2.2195     20.1543   
18.1127    1.0049    
18.9951    2.7938    

# Frame256

# x        y
1.7972     25.3021   
1.0050     18.4568   
10.7778    18.1419   
2.2169     20.1502   
18.1127    1.0049    
18.9951    2.7938    

# Frame257

# x        y
1.7989     25.3020   
1.0050     18.4568   
10.7783    18.1361   
2.2144     20.1462   
18.1127    1.0049    
18.9951    2.7938    

# Frame258

# x        y
1.8006     25.3019   
1.0050     18.4568   
10.7788    18.1305   
2.2119     20.1422   
18.1127    1.0049    
18.9951    2.7938    

# Frame259

# x        y
1.8022     25.3019   
1.0050     18.4568   
10.7793    18.1249   
2.2095     20.1383   
18.1127    1.0049    
18.9951    2.7938    

# Frame260

# x        y
1.8038     25.3018   
1.0050     18.4568   
10.7797    18.1195   
2.2071     20.1345   
18.1127    1.0049    
18.9951    2.7938    

# Frame261

# x        y
1.8054     25.3018   
1.0050     18.4568   
10.7802    18.1141   
2.2047     20.1307   
18.1127    1.0049    
18.9951    2.7938    

# Frame262

# x        y
1.8069     25.3017   
1.0050     18.4568   
10.7807    18.1088   
2.2024     20.1270   
18.1127    1.0049    
18.9951    2.7938    

# Frame263

# x        y
1.8085     25.3017   
1.0050     18.4568   
10.7811    18.1036   
2.2001     20.1234   
18.1127    1.0049    
18.9951    2.7938    

# Frame264

# x        y
1.8100     25.3016   
1.0050     18.4568   
10.7816    18.0985   
2.1979     20.1198   
18.1127    1.0049    
18.9951    2.7938    

# Frame265

# x        y
1.8115     25.3016   
1.0050     18.4568   
10.7820    18.0935   
2.1957     20.1163   
18.1127    1.0049    
18.9951    2.7938    

# Frame266

# x        y
1.8129     25.3015   
1.0050     18.4568   
10.7824    18.0886   
2.1935     20.1128   
18.1127    1.0049    
18.9951    2.7938    

# Frame267

# x        y
1.8143     25.3015   
1.0050     18.4568   
10.7828    18.0837   
2.1914     20.1094   
18.1127    1.0049    
18.9951    2.7938    

# Frame268

# x        y
1.8157     25.3015   
1.0050     18.4568   
10.7833    18.0789   
2.1893     20.1061   
18.1127    1.0049    
18.9951    2.7938    

# Frame269

# x        y
1.8171     25.3014   
1.0050     18.4568   
10.7837    18.0742   
2.1872     20.1028   
18.1127    1.0049    
18.9951    2.7938    

# Frame270

# x        y
1.8185     25.3014   
1.0050     18.4568   
10.7841    18.0696   
2.1852     20.0996   
18.1127    1.0049    
18.9951    2.7938    

# Frame271

# x        y
1.8198     25.3013   
1.0050     18.4568   
10.7845    18.0651   
2.1832     20.0964   
18.1127    1.0049    
18.9951    2.7938    

# Frame272

# x        y
1.8211     25.3013   
1.0050     18.4568   
10.7849    18.0606   
2.1812     20.0933   
18.1127    1.0049    
18.9951    2.7938    

# Frame273

# x        y
1.8224     25.3012   
1.0050     18.4568   
10.7852    18.0562   
2.1793     20.0902   
18.1127    1.0049    
18.9951    2.7938    

# Frame274

# x        y
1.8237     25.3012   
1.0050     18.4568   
10.7856    18.0519   
2.1774     20.0872   
18.1127    1.0049    
18.9951    2.7938    

# Frame275

# x        y
1.8250     25.3012   
1.0050     18.4568   
10.7860    18.0477   
2.1755     20.0842   
18.1127    1.0049    
18.9951    2.7938    

# Frame276

# x        y
1.8262     25.3011   
1.0050     18.4568   
10.7863    18.0435   
2.1737     20.0813   
18.1127    1.0049    
18.9951    2.7938    

# Frame277

# x        y
1.8274     25.3011   
1.0050     18.4568   
10.7867    18.0394   
2.1719     20.0784   
18.1127    1.0049    
18.9951    2.7938    

# Frame278

# x        y
1.8286     25.3010   
1.0050     18.4559   
10.7871    18.0354   
2.1720     20.0774   
18.1127    1.0049    
18.9951    2.7938    

# Frame279

# x        y
1.8297     25.3010   
1.0050     18.4550   
10.7874    18.0314   
2.1721     20.0764   
18.1127    1.0049    
18.9951    2.7938    

# Frame280

# x        y
1.8309     25.3010   
1.0050     18.4541   
10.7877    18.0275   
2.1722     20.0755   
18.1127    1.0049    
18.9951    2.7938    

# Frame281

# x        y
1.8320     25.3009   
1.0050     18.4532   
10.7881    18.0237   
2.1723     20.0745   
18.1127    1.0049    
18.9951    2.7938    

# Frame282

# x        y
1.8331     25.3009   
1.0050     18.4524   
10.7884    18.0199   
2.1724     20.0736   
18.1127    1.0049    
18.9951    2.7938    

# Frame283

# x        y
1.8342     25.3008   
1.0050     18.4515   
10.7887    18.0162   
2.1724     20.0727   
18.1127    1.0049    
18.9951    2.7938    

# Frame284

# x        y
1.8353     25.3008   
1.0050     18.4507   
10.7891    18.0126   
2.1725     20.0718   
18.1127    1.0049    
18.9951    2.7938    

# Frame285

# x        y
1.8364     25.3008   
1.0050     18.4499   
10.7894    18.0090   
2.1726     20.0709   
18.1127    1.0049    
18.9951    2.7938    

# Frame286

# x        y
1.8374     25.3007   
1.0050     18.4490   
10.7897    18.0054   
2.1727     20.0701   
18.1127    1.0049    
18.9951    2.7938    

# Frame287

# x        y
1.8384     25.3007   
1.0050     18.4482   
10.7900    18.0020   
2.1728     20.0692   
18.1127    1.0049    
18.9951    2.7938    

# Frame288

# x        y
1.8394     25.3007   
1.0050     18.4475   
10.7903    17.9986   
2.1729     20.0684   
18.1127    1.0049    
18.9951    2.7938    

# Frame289

# x        y
1.8404     25.3006   
1.0050     18.4467   
10.7906    17.9952   
2.1730     20.0676   
18.1127    1.0049    
18.9951    2.7938    

# Frame290

# x        y
1.8414     25.3006   
1.0050     18.4459   
10.7908    17.9919   
2.1730     20.0668   
18.1127    1.0049    
18.9951    2.7938    

# Frame291

# x        y
1.8423     25.3006   
1.0050     18.4452   
10.7911    17.9887   
2.1731     20.0660   
18.1127    1.0049    
18.9951    2.7938    

# Frame292

# x        y
1.8433     25.3006   
1.0050     18.4445   
10.7914    17.9855   
2.1732     20.0652   
18.1127    1.0049    
18.9951    2.7938    

# Frame293

# x        y
1.8442     25.3005   
1.0050     18.4438   
10.7917    17.9824   
2.1733     20.0644   
18.1127    1.0049    
18.9951    2.7938    

# Frame294

# x        y
1.8451     25.3005   
1.0050     18.4431   
10.7920    17.9793   
2.1734     20.0637   
18.1127    1.0049    
18.9951    2.7938    

# Frame295

# x        y
1.8460     25.3005   
1.0050     18.4424   
10.7922    17.9762   
2.1734     20.0629   
18.1127    1.0049    
18.9951    2.7938    

# Frame296

# x        y
1.8469     25.3004   
1.0050     18.4417   
10.7925    17.9733   
2.1735     20.0622   
18.1127    1.0049    
18.9951    2.7938    

# Frame297

# x        y
1.8477     25.3004   
1.0050     18.4410   
10.7927    17.9703   
2.1736     20.0615   
18.1127    1.0049    
18.9951    2.7938    

# Frame298

# x        y
1.8486     25.3004   
1.0050     18.4403   
10.7930    17.9674   
2.1736     20.0608   
18.1127    1.0049    
18.9951    2.7938    

# Frame299

# x        y
1.8494     25.3004   
1.0050     18.4397   
10.7932    17.9646   
2.1737     20.0601   
18.1127    1.0049    
18.9951    2.7938    

# Frame300

# x        y
1.8503     25.3003   
1.0050     18.4391   
10.7935    17.9618   
2.1738     20.0594   
18.1127    1.0049    
18.9951    2.7938    

# Frame301

# x        y
1.8511     25.3003   
1.0050     18.4384   
10.7937    17.9591   
2.1738     20.0587   
18.1127    1.0049    
18.9951    2.7938    

# Frame302

# x        y
1.8519     25.3003   
1.0050     18.4378   
10.7939    17.9564   
2.1739     20.0581   
18.1127    1.0049    
18.9951    2.7938    

# Frame303

# x        y
1.8526     25.3003   
1.0050     18.4372   
10.7942    17.9537   
2.1740     20.0574   
18.1127    1.0049    
18.9951    2.7938    

# Frame304

# x        y
1.8534     25.3002   
1.0050     18.4366   
10.7944    17.9511   
2.1740     20.0568   
18.1127    1.0049    
18.9951    2.7938    

# Frame305

# x        y
1.8542     25.3002   
1.0050     18.4360   
10.7946    17.9486   
2.1741     20.0562   
18.1127    1.0049    
18.9951    2.7938    

# Frame306

# x        y
1.8549     25.3002   
1.0050     18.4354   
10.7948    17.9461   
2.1742     20.0555   
18.1127    1.0049    
18.9951    2.7938    

# Frame307

# x        y
1.8556     25.3002   
1.0050     18.4349   
10.7951    17.9436   
2.1742     20.0549   
18.1127    1.0049    
18.9951    2.7938    

# Frame308

# x        y
1.8563     25.3001   
1.0050     18.4343   
10.7953    17.9411   
2.1743     20.0543   
18.1127    1.0049    
18.9951    2.7938    

# Frame309

# x        y
1.8571     25.3001   
1.0050     18.4338   
10.7955    17.9387   
2.1743     20.0538   
18.1127    1.0049    
18.9951    2.7938    

# Frame310

# x        y
1.8577     25.3001   
1.0050     18.4332   
10.7957    17.9364   
2.1744     20.0532   
18.1127    1.0049    
18.9951    2.7938    

# Frame311

# x        y
1.8584     25.3001   
1.0050     18.4327   
10.7959    17.9341   
2.1745     20.0526   
18.1127    1.0049    
18.9951    2.7938    

# Frame312

# x        y
1.8591     25.3000   
1.0050     18.4322   
10.7961    17.9318   
2.1745     20.0521   
18.1127    1.0049    
18.9951    2.7938    

# Frame313

# x        y
1.8598     25.3000   
1.0050     18.4317   
10.7963    17.9296   
2.1746     20.0515   
18.1127    1.0049    
18.9951    2.7938    

# Frame314

# x        y
1.8604     25.3000   
1.0050     18.4312   
10.7965    17.9274   
2.1746     20.0510   
18.1127    1.0049    
18.9951    2.7938    

# Frame315

# x        y
1.8610     25.3000   
1.0050     18.4307   
10.7967    17.9252   
2.1747     20.0504   
18.1127    1.0049    
18.9951    2.7938    

# Frame316

# x        y
1.8617     25.3000   
1.0050     18.4302   
10.7969    17.9231   
2.1747     20.0499   
18.1127    1.0049    
18.9951    2.7938    

# Frame317

# x        y
1.8623     25.2999   
1.0050     18.4297   
10.7970    17.9210   
2.1748     20.0494   
18.1127    1.0049    
18.9951    2.7938    

# Frame318

# x        y
1.8629     25.2999   
1.0050     18.4292   
10.7972    17.9189   
2.1748     20.0489   
18.1127    1.0049    
18.9951    2.7938    

# Frame319

# x        y
1.8635     25.2999   
1.0050     18.4288   
10.7974    17.9169   
2.1749     20.0484   
18.1127    1.0049    
18.9951    2.7938    

# Frame320

# x        y
1.8641     25.2999   
1.0050     18.4283   
10.7976    17.9149   
2.1749     20.0479   
18.1127    1.0049    
18.9951    2.7938    

# Frame321

# x        y
1.8647     25.2999   
1.0050     18.4279   
10.7977    17.9129   
2.1750     20.0475   
18.1127    1.0049    
18.9951    2.7938    

# Frame322

# x        y
1.8652     25.2998   
1.0050     18.4274   
10.7979    17.9110   
2.1750     20.0470   
18.1127    1.0049    
18.9951    2.7938    

# Frame323

# x        y
1.8658     25.2998   
1.0050     18.4270   
10.7981    17.9091   
2.1751     20.0465   
18.1127    1.0049    
18.9951    2.7938    

# Frame324

# x        y
1.8663     25.2998   
1.0050     18.4266   
10.7982    17.9072   
2.1751     20.0461   
18.1127    1.0049    
18.9951    2.7938    

# Frame325

# x        y
1.8669     25.2998   
1.0050     18.4261   
10.7984    17.9054   
2.1752     20.0456   
18.1127    1.0049    
18.9951    2.7938    

# Frame326

# x        y
1.8674     25.2998   
1.0050     18.4257   
10.7985    17.9036   
2.1752     20.0452   
18.1127    1.0049    
18.9951    2.7938    

# Frame327

# x        y
1.8679     25.2998   
1.0050     18.4253   
10.7987    17.9018   
2.1753     20.0447   
18.1127    1.0049    
18.9951    2.7938    

# Frame328

# x        y
1.8684     25.2997   
1.0050     18.4249   
10.7989    17.9001   
2.1753     20.0443   
18.1127    1.0049    
18.9951    2.7938    

# Frame329

# x        y
1.8689     25.2997   
1.0050     18.4245   
10.7990    17.8984   
2.1753     20.0439   
18.1127    1.0049    
18.9951    2.7938    

# Frame330

# x        y
1.8694     25.2997   
1.0050     18.4241   
10.7992    17.8967   
2.1754     20.0435   
18.1127    1.0049    
18.9951    2.7938    

# Frame331

# x        y
1.8699     25.2997   
1.0050     18.4238   
10.7993    17.8951   
2.1754     20.0431   
18.1127    1.0049    
18.9951    2.7938    

# Frame332

# x        y
1.8704     25.2997   
1.0050     18.4234   
10.7994    17.8934   
2.1755     20.0427   
18.1127    1.0049    
18.9951    2.7938    

# Frame333

# x        y
1.8709     25.2997   
1.0050     18.4230   
10.7996    17.8918   
2.1755     20.0423   
18.1127    1.0049    
18.9951    2.7938    

# Frame334

# x        y
1.8713     25.2996   
1.0050     18.4227   
10.7997    17.8903   
2.1755     20.0419   
18.1127    1.0049    
18.9951    2.7938    

# Frame335

# x        y
1.8718     25.2996   
1.0050     18.4223   
10.7998    17.8887   
2.1756     20.0415   
18.1127    1.0049    
18.9951    2.7938    

# Frame336

# x        y
1.8722     25.2996   
1.0050     18.4220   
10.8000    17.8872   
2.1756     20.0412   
18.1127    1.0049    
18.9951    2.7938    

# Frame337

# x        y
1.8727     25.2996   
1.0050     18.4216   
10.8001    17.8857   
2.1757     20.0408   
18.1127    1.0049    
18.9951    2.7938    

# Frame338

# x        y
1.8731     25.2996   
1.0050     18.4213   
10.8002    17.8842   
2.1757     20.0404   
18.1127    1.0049    
18.9951    2.7938    

# Frame339

# x        y
1.8735     25.2996   
1.0050     18.4209   
10.8004    17.8828   
2.1757     20.0401   
18.1127    1.0049    
18.9951    2.7938    

# Frame340

# x        y
1.8740     25.2996   
1.0050     18.4206   
10.8005    17.8814   
2.1758     20.0397   
18.1127    1.0049    
18.9951    2.7938    

# Frame341

# x        y
1.8744     25.2995   
1.0050     18.4203   
10.8006    17.8800   
2.1758     20.0394   
18.1127    1.0049    
18.9951    2.7938    

# Frame342

# x        y
1.8748     25.2995   
1.0050     18.4200   
10.8007    17.8786   
2.1758     20.0390   
18.1127    1.0049    
18.9951    2.7938    

# Frame343

# x        y
1.8752     25.2995   
1.0050     18.4197   
10.8008    17.8772   
2.1759     20.0387   
18.1127    1.0049    
18.9951    2.7938    

# Frame344

# x        y
1.8756     25.2995   
1.0050     18.4194   
10.8010    17.8759   
2.1759     20.0384   
18.1127    1.0049    
18.9951    2.7938    

# Frame345

# x        y
1.8760     25.2995   
1.0050     18.4191   
10.8011    17.8746   
2.1759     20.0381   
18.1127    1.0049    
18.9951    2.7938    

# Frame346

# x        y
1.8763     25.2995   
1.0050     18.4188   
10.8012    17.8733   
2.1760     20.0378   
18.1127    1.0049    
18.9951    2.7938    

# Frame347

# x        y
1.8767     25.2995   
1.0050     18.4185   
10.8013    17.8720   
2.1760     20.0374   
18.1127    1.0049    
18.9951    2.7938    

# Frame348

# x        y
1.8771     25.2995   
1.0050     18.4182   
10.8014    17.8708   
2.1760     20.0371   
18.1127    1.0049    
18.9951    2.7938    

# Frame349

# x        y
1.8774     25.2994   
1.0050     18.4179   
10.8015    17.8696   
2.1760     20.0368   
18.1127    1.0049    
18.9951    2.7938    

# Frame350

# x        y
1.8778     25.2994   
1.0050     18.4176   
10.8016    17.8684   
2.1761     20.0366   
18.1127    1.0049    
18.9951    2.7938    

# Frame351

# x        y
1.8781     25.2994   
1.0050     18.4174   
10.8017    17.8672   
2.1761     20.0363   
18.1127    1.0049    
18.9951    2.7938    

# Frame352

# x        y
1.8785     25.2994   
1.0050     18.4171   
10.8018    17.8660   
2.1761     20.0360   
18.1127    1.0049    
18.9951    2.7938    

# Frame353

# x        y
1.8788     25.2994   
1.0050     18.4168   
10.8019    17.8649   
2.1762     20.0357   
18.1127    1.0049    
18.9951    2.7938    

# Frame354

# x        y
1.8792     25.2994   
1.0050     18.4166   
10.8020    17.8638   
2.1762     20.0354   
18.1127    1.0049    
18.9951    2.7938    

# Frame355

# x        y
1.8795     25.2994   
1.0050     18.4163   
10.8021    17.8626   
2.1762     20.0352   
18.1127    1.0049    
18.9951    2.7938    

# Frame356

# x        y
1.8798     25.2994   
1.0050     18.4161   
10.8022    17.8616   
2.1762     20.0349   
18.1127    1.0049    
18.9951    2.7938    

# Frame357

# x        y
1.8801     25.2994   
1.0050     18.4158   
10.8023    17.8605   
2.1763     20.0346   
18.1127    1.0049    
18.9951    2.7938    

# Frame358

# x        y
1.8804     25.2993   
1.0050     18.4156   
10.8024    17.8594   
2.1763     20.0344   
18.1127    1.0049    
18.9951    2.7938    

# Frame359

# x        y
1.8807     25.2993   
1.0050     18.4154   
10.8025    17.8584   
2.1763     20.0341   
18.1127    1.0049    
18.9951    2.7938    

# Frame360

# x        y
1.8810     25.2993   
1.0050     18.4151   
10.8026    17.8574   
2.1763     20.0339   
18.1127    1.0049    
18.9951    2.7938    

# Frame361

# x        y
1.8813     25.2993   
1.0050     18.4149   
10.8027    17.8564   
2.1764     20.0336   
18.1127    1.0049    
18.9951    2.7938    

# Frame362

# x        y
1.8816     25.2993   
1.0050     18.4147   
10.8028    17.8554   
2.1764     20.0334   
18.1127    1.0049    
18.9951    2.7938    

# Frame363

# x        y
1.8819     25.2993   
1.0050     18.4145   
10.8028    17.8544   
2.1764     20.0331   
18.1127    1.0049    
18.9951    2.7938    

# Frame364

# x        y
1.8822     25.2993   
1.0050     18.4142   
10.8029    17.8535   
2.1764     20.0329   
18.1127    1.0049    
18.9951    2.7938    

# Frame365

# x        y
1.8825     25.2993   
1.0050     18.4140   
10.8030    17.8526   
2.1765     20.0327   
18.1127    1.0049    
18.9951    2.7938    

# Frame366

# x        y
1.8827     25.2993   
1.0050     18.4138   
10.8031    17.8516   
2.1765     20.0325   
18.1127    1.0049    
18.9951    2.7938    

# Frame367

# x        y
1.8830     25.2993   
1.0050     18.4136   
10.8032    17.8507   
2.1765     20.0322   
18.1127    1.0049    
18.9951    2.7938    

# Frame368

# x        y
1.8833     25.2993   
1.0050     18.4134   
10.8032    17.8498   
2.1765     20.0320   
18.1127    1.0049    
18.9951    2.7938    

# Frame369

# x        y
1.8835     25.2992   
1.0050     18.4132   
10.8033    17.8490   
2.1766     20.0318   
18.1127    1.0049    
18.9951    2.7938    

# Frame370

# x        y
1.8838     25.2992   
1.0050     18.4130   
10.8034    17.8481   
2.1766     20.0316   
18.1127    1.0049    
18.9951    2.7938    

# Frame371

# x        y
1.8840     25.2992   
1.0050     18.4128   
10.8035    17.8473   
2.1766     20.0314   
18.1127    1.0049    
18.9951    2.7938    

# Frame372

# x        y
1.8843     25.2992   
1.0050     18.4126   
10.8035    17.8464   
2.1766     20.0312   
18.1127    1.0049    
18.9951    2.7938    

# Frame373

# x        y
1.8845     25.2992   
1.0050     18.4124   
10.8036    17.8456   
2.1766     20.0310   
18.1127    1.0049    
18.9951    2.7938    

# Frame374

# x        y
1.8847     25.2992   
1.0050     18.4123   
10.8037    17.8448   
2.1767     20.0308   
18.1127    1.0049    
18.9951    2.7938    

# Frame375

# x        y
1.8850     25.2992   
1.0050     18.4121   
10.8037    17.8440   
2.1767     20.0306   
18.1127    1.0049    
18.9951    2.7938    

# Frame376

# x        y
1.8852     25.2992   
1.0050     18.4119   
10.8038    17.8432   
2.1767     20.0304   
18.1127    1.0049    
18.9951    2.7938    

# Frame377

# x        y
1.8854     25.2992   
1.0050     18.4117   
10.8039    17.8425   
2.1767     20.0302   
18.1127    1.0049    
18.9951    2.7938    

# Frame378

# x        y
1.8856     25.2992   
1.0050     18.4115   
10.8039    17.8417   
2.1767     20.0300   
18.1127    1.0049    
18.9951    2.7938    

# Frame379

# x        y
1.8859     25.2992   
1.0050     18.4114   
10.8040    17.8410   
2.1767     20.0299   
18.1127    1.0049    
18.9951    2.7938    

# Frame380

# x        y
1.8861     25.2992   
1.0050     18.4112   
10.8041    17.8403   
2.1768     20.0297   
18.1127    1.0049    
18.9951    2.7938    

# Frame381

# x        y
1.8863     25.2992   
1.0050     18.4110   
10.8041    17.8396   
2.1768     20.0295   
18.1127    1.0049    
18.9951    2.7938    

# Frame382

# x        y
1.8865     25.2991   
1.0050     18.4109   
10.8042    17.8389   
2.1768     20.0293   
18.1127    1.0049    
18.9951    2.7938    

# Frame383

# x        y
1.8867     25.2991   
1.0050     18.4107   
10.8043    17.8382   
2.1768     20.0292   
18.1127    1.0049    
18.9951    2.7938    

# Frame384

# x        y
1.8869     25.2991   
1.0050     18.4106   
10.8043    17.8375   
2.1768     20.0290   
18.1127    1.0049    
18.9951    2.7938    

# Frame385

# x        y
1.8871     25.2991   
1.0050     18.4104   
10.8044    17.8368   
2.1769     20.0288   
18.1127    1.0049    
18.9951    2.7938    

# Frame386

# x        y
1.8873     25.2991   
1.0050     18.4103   
10.8044    17.8362   
2.1769     20.0287   
18.1127    1.0049    
18.9951    2.7938    

# Frame387

# x        y
1.8875     25.2991   
1.0050     18.4101   
10.8045    17.8355   
2.1769     20.0285   
18.1127    1.0049    
18.9951    2.7938    

# Frame388

# x        y
1.8877     25.2991   
1.0050     18.4100   
10.8045    17.8349   
2.1769     20.0284   
18.1127    1.0049    
18.9951    2.7938    

# Frame389

# x        y
1.8878     25.2991   
1.0050     18.4098   
10.8046    17.8343   
2.1769     20.0282   
18.1127    1.0049    
18.9951    2.7938    

# Frame390

# x        y
1.8880     25.2991   
1.0050     18.4097   
10.8047    17.8336   
2.1769     20.0281   
18.1127    1.0049    
18.9951    2.7938    

# Frame391

# x        y
1.8882     25.2991   
1.0050     18.4096   
10.8047    17.8330   
2.1769     20.0279   
18.1127    1.0049    
18.9951    2.7938    

# Frame392

# x        y
1.8884     25.2991   
1.0050     18.4094   
10.8048    17.8324   
2.1770     20.0278   
18.1127    1.0049    
18.9951    2.7938    

# Frame393

# x        y
1.8886     25.2991   
1.0050     18.4093   
10.8048    17.8319   
2.1770     20.0276   
18.1127    1.0049    
18.9951    2.7938    

# Frame394

# x        y
1.8887     25.2991   
1.0050     18.4092   
10.8049    17.8313   
2.1770     20.0275   
18.1127    1.0049    
18.9951    2.7938    

# Frame395

# x        y
1.8889     25.2991   
1.0050     18.4090   
10.8049    17.8307   
2.1770     20.0273   
18.1127    1.0049    
18.9951    2.7938    

# Frame396

# x        y
1.8890     25.2991   
1.0050     18.4089   
10.8050    17.8302   
2.1770     20.0272   
18.1127    1.0049    
18.9951    2.7938    

# Frame397

# x        y
1.8892     25.2991   
1.0050     18.4088   
10.8050    17.8296   
2.1770     20.0271   
18.1127    1.0049    
18.9951    2.7938    

# Frame398

# x        y
1.8894     25.2991   
1.0050     18.4086   
10.8050    17.8291   
2.1770     20.0269   
18.1127    1.0049    
18.9951    2.7938    

# Frame399

# x        y
1.8895     25.2990   
1.0050     18.4085   
10.8051    17.8286   
2.1771     20.0268   
18.1127    1.0049    
18.9951    2.7938    

# Frame400

# x        y
1.8897     25.2990   
1.0050     18.4084   
10.8051    17.8280   
2.1771     20.0267   
18.1127    1.0049    
18.9951    2.7938    

# Frame401

# x        y
1.8898     25.2990   
1.0050     18.4083   
10.8052    17.8275   
2.1771     20.0266   
18.1127    1.0049    
18.9951    2.7938    

# Frame402

# x        y
1.8900     25.2990   
1.0050     18.4082   
10.8052    17.8270   
2.1771     20.0264   
18.1127    1.0049    
18.9951    2.7938    

# Frame403

# x        y
1.8901     25.2990   
1.0050     18.4081   
10.8053    17.8265   
2.1771     20.0263   
18.1127    1.0049    
18.9951    2.7938    

# Frame404

# x        y
1.8903     25.2990   
1.0050     18.4080   
10.8053    17.8260   
2.1771     20.0262   
18.1127    1.0049    
18.9951    2.7938    

# Frame405

# x        y
1.8904     25.2990   
1.0050     18.4078   
10.8054    17.8256   
2.1771     20.0261   
18.1127    1.0049    
18.9951    2.7938    

# Frame406

# x        y
1.8905     25.2990   
1.0050     18.4077   
10.8054    17.8251   
2.1771     20.0260   
18.1127    1.0049    
18.9951    2.7938    

# Frame407

# x        y
1.8907     25.2990   
1.0050     18.4076   
10.8054    17.8246   
2.1772     20.0259   
18.1127    1.0049    
18.9951    2.7938    

# Frame408

# x        y
1.8908     25.2990   
1.0050     18.4075   
10.8055    17.8242   
2.1772     20.0257   
18.1127    1.0049    
18.9951    2.7938    

# Frame409

# x        y
1.8909     25.2990   
1.0050     18.4074   
10.8055    17.8237   
2.1772     20.0256   
18.1127    1.0049    
18.9951    2.7938    

# Frame410

# x        y
1.8911     25.2990   
1.0050     18.4073   
10.8056    17.8233   
2.1772     20.0255   
18.1127    1.0049    
18.9951    2.7938    

# Frame411

# x        y
1.8912     25.2990   
1.0050     18.4072   
10.8056    17.8229   
2.1772     20.0254   
18.1127    1.0049    
18.9951    2.7938    

# Frame412

# x        y
1.8913     25.2990   
1.0050     18.4071   
10.8056    17.8224   
2.1772     20.0253   
18.1127    1.0049    
18.9951    2.7938    

# Frame413

# x        y
1.8914     25.2990   
1.0050     18.4070   
10.8057    17.8220   
2.1772     20.0252   
18.1127    1.0049    
18.9951    2.7938    

# Frame414

# x        y
1.8916     25.2990   
1.0050     18.4069   
10.8057    17.8216   
2.1772     20.0251   
18.1127    1.0049    
18.9951    2.7938    

# Frame415

# x        y
1.8917     25.2990   
1.0050     18.4069   
10.8057    17.8212   
2.1772     20.0251   
18.1127    1.0049    
18.9951    2.7938    

# Frame416

# x        y
1.8918     25.2990   
1.0050     18.4069   
10.8058    17.8208   
2.1772     20.0251   
18.1127    1.0049    
18.9951    2.7938    

# Frame417

# x        y
1.8919     25.2990   
1.0050     18.4069   
10.8058    17.8204   
2.1772     20.0251   
18.1127    1.0049    
18.9951    2.7938    

# Frame418

# x        y
1.8920     25.2990   
1.0050     18.4069   
10.8058    17.8200   
2.1772     20.0251   
18.1127    1.0049    
18.9951    2.7938    

# Frame419

# x        y
1.8921     25.2990   
1.0050     18.4069   
10.8059    17.8197   
2.1772     20.0251   
18.1127    1.0049    
18.9951    2.7938    

# Frame420

# x        y
1.8923     25.2990   
1.0050     18.4069   
10.8059    17.8193   
2.1772     20.0251   
18.1127    1.0049    
18.9951    2.7938    

# Frame421

# x        y
1.8924     25.2990   
1.0050     18.4069   
10.8059    17.8189   
2.1772     20.0251   
18.1127    1.0049    
18.9951    2.7938    

# Frame422

# x        y
1.8925     25.2990   
1.0050     18.4069   
10.8060    17.8186   
2.1772     20.0251   
18.1127    1.0049    
18.9951    2.7938    

# Frame423

# x        y
1.8926     25.2990   
1.0050     18.4069   
10.8060    17.8182   
2.1772     20.0251   
18.1127    1.0049    
18.9951    2.7938    

# Frame424

# x        y
1.8927     25.2989   
1.0050     18.4069   
10.8060    17.8179   
2.1772     20.0251   
18.1127    1.0049    
18.9951    2.7938    

# Frame425

# x        y
1.8927     25.2989   
1.0050     18.4069   
10.8061    17.8175   
2.1772     20.0251   
18.1127    1.0049    
18.9951    2.7938    

# Frame426

# x        y
1.8927     25.2989   
1.0050     18.4069   
10.8061    17.8172   
2.1772     20.0251   
18.1127    1.0049    
18.9951    2.7938    

# Frame427

# x        y
1.8927     25.2989   
1.0050     18.4069   
10.8061    17.8169   
2.1772     20.0251   
18.1127    1.0049    
18.9951    2.7938    

# Frame428

# x        y
1.8927     25.2989   
1.0050     18.4069   
10.8061    17.8165   
2.1772     20.0251   
18.1127    1.0049    
18.9951    2.7938    

# Frame429

# x        y
1.8927     25.2989   
1.0050     18.4069   
10.8062    17.8162   
2.1772     20.0251   
18.1127    1.0049    
18.9951    2.7938    

# Frame430

# x        y
1.8927     25.2989   
1.0050     18.4069   
10.8062    17.8159   
2.1772     20.0251   
18.1127    1.0049    
18.9951    2.7938    

# Frame431

# x        y
1.8927     25.2989   
1.0050     18.4069   
10.8062    17.8156   
2.1772     20.0251   
18.1127    1.0049    
18.9951    2.7938    

# Frame432

# x        y
1.8927     25.2989   
1.0050     18.4069   
10.8062    17.8153   
2.1772     20.0251   
18.1127    1.0049    
18.9951    2.7938    

# Frame433

# x        y
1.8927     25.2989   
1.0050     18.4069   
10.8063    17.8150   
2.1772     20.0251   
18.1127    1.0049    
18.9951    2.7938    

# Frame434

# x        y
1.8927     25.2989   
1.0050     18.4069   
10.8063    17.8147   
2.1772     20.0251   
18.1127    1.0049    
18.9951    2.7938    

# Frame435

# x        y
1.8927     25.2989   
1.0050     18.4069   
10.8063    17.8144   
2.1772     20.0251   
18.1127    1.0049    
18.9951    2.7938    

# Frame436

# x        y
1.8927     25.2989   
1.0050     18.4069   
10.8064    17.8141   
2.1772     20.0251   
18.1127    1.0049    
18.9951    2.7938    

# Frame437

# x        y
1.8927     25.2989   
1.0050     18.4069   
10.8064    17.8139   
2.1772     20.0251   
18.1127    1.0049    
18.9951    2.7938    

# Frame438

# x        y
1.8927     25.2989   
1.0050     18.4069   
10.8064    17.8136   
2.1772     20.0251   
18.1127    1.0049    
18.9951    2.7938    

# Frame439

# x        y
1.8927     25.2989   
1.0050     18.4069   
10.8064    17.8133   
2.1772     20.0251   
18.1127    1.0049    
18.9951    2.7938    

# Frame440

# x        y
1.8927     25.2989   
1.0050     18.4069   
10.8064    17.8130   
2.1772     20.0251   
18.1127    1.0049    
18.9951    2.7938    

# Frame441

# x        y
1.8927     25.2989   
1.0050     18.4069   
10.8065    17.8128   
2.1772     20.0251   
18.1127    1.0049    
18.9951    2.7938    

# Frame442

# x        y
1.8927     25.2989   
1.0050     18.4069   
10.8065    17.8125   
2.1772     20.0251   
18.1127    1.0049    
18.9951    2.7938    

# Frame443

# x        y
1.8927     25.2989   
1.0050     18.4069   
10.8065    17.8123   
2.1772     20.0251   
18.1127    1.0049    
18.9951    2.7938    

# Frame444

# x        y
1.8927     25.2989   
1.0050     18.4069   
10.8065    17.8120   
2.1772     20.0251   
18.1127    1.0049    
18.9951    2.7938    

# Frame445

# x        y
1.8927     25.2989   
1.0050     18.4069   
10.8066    17.8118   
2.1772     20.0251   
18.1127    1.0049    
18.9951    2.7938    

# Frame446

# x        y
1.8927     25.2989   
1.0050     18.4069   
10.8066    17.8115   
2.1772     20.0251   
18.1127    1.0049    
18.9951    2.7938    

# Frame447

# x        y
1.8927     25.2989   
1.0050     18.4069   
10.8066    17.8113   
2.1772     20.0251   
18.1127    1.0049    
18.9951    2.7938    

# Frame448

# x        y
1.8927     25.2989   
1.0050     18.4069   
10.8066    17.8111   
2.1772     20.0251   
18.1127    1.0049    
18.9951    2.7938    

# Frame449

# x        y
1.8927     25.2989   
1.0050     18.4069   
10.8066    17.8109   
2.1772     20.0251   
18.1127    1.0049    
18.9951    2.7938    

# Frame450

# x        y
1.8927     25.2989   
1.0050     18.4069   
10.8067    17.8106   
2.1772     20.0251   
18.1127    1.0049    
18.9951    2.7938    

# Frame451

# x        y
1.8927     25.2989   
1.0050     18.4069   
10.8067    17.8104   
2.1772     20.0251   
18.1127    1.0049    
18.9951    2.7938    

# Frame452

# x        y
1.8927     25.2989   
1.0050     18.4069   
10.8067    17.8102   
2.1772     20.0251   
18.1127    1.0049    
18.9951    2.7938    

# Frame453

# x        y
1.8927     25.2989   
1.0050     18.4069   
10.8067    17.8100   
2.1772     20.0251   
18.1127    1.0049    
18.9951    2.7938    

# Frame454

# x        y
1.8927     25.2989   
1.0050     18.4069   
10.8067    17.8098   
2.1772     20.0251   
18.1127    1.0049    
18.9951    2.7938    

# Frame455

# x        y
1.8927     25.2989   
1.0050     18.4069   
10.8067    17.8096   
2.1772     20.0251   
18.1127    1.0049    
18.9951    2.7938    

# Frame456

# x        y
1.8927     25.2989   
1.0050     18.4069   
10.8068    17.8094   
2.1772     20.0251   
18.1127    1.0049    
18.9951    2.7938    

# Frame457

# x        y
1.8927     25.2989   
1.0050     18.4069   
10.8068    17.8092   
2.1772     20.0251   
18.1127    1.0049    
18.9951    2.7938    

# Frame458

# x        y
1.8927     25.2989   
1.0050     18.4069   
10.8068    17.8090   
2.1772     20.0251   
18.1127    1.0049    
18.9951    2.7938    

# Frame459

# x        y
1.8927     25.2989   
1.0050     18.4069   
10.8068    17.8088   
2.1772     20.0251   
18.1127    1.0049    
18.9951    2.7938    

# Frame460

# x        y
1.8927     25.2989   
1.0050     18.4069   
10.8068    17.8086   
2.1772     20.0251   
18.1127    1.0049    
18.9951    2.7938    

# Frame461

# x        y
1.8927     25.2989   
1.0050     18.4069   
10.8069    17.8084   
2.1772     20.0251   
18.1127    1.0049    
18.9951    2.7938    

# Frame462

# x        y
1.8927     25.2989   
1.0050     18.4069   
10.8069    17.8082   
2.1772     20.0251   
18.1127    1.0049    
18.9951    2.7938    

# Frame463

# x        y
1.8927     25.2989   
1.0050     18.4069   
10.8069    17.8080   
2.1772     20.0251   
18.1127    1.0049    
18.9951    2.7938    

# Frame464

# x        y
1.8927     25.2989   
1.0050     18.4069   
10.8069    17.8079   
2.1772     20.0251   
18.1127    1.0049    
18.9951    2.7938    

# Frame465

# x        y
1.8927     25.2989   
1.0050     18.4069   
10.8069    17.8077   
2.1772     20.0251   
18.1127    1.0049    
18.9951    2.7938    

# Frame466

# x        y
1.8927     25.2989   
1.0050     18.4069   
10.8069    17.8075   
2.1772     20.0251   
18.1127    1.0049    
18.9951    2.7938    

# Frame467

# x        y
1.8927     25.2989   
1.0050     18.4069   
10.8069    17.8073   
2.1772     20.0251   
18.1127    1.0049    
18.9951    2.7938    

# Frame468

# x        y
1.8927     25.2989   
1.0050     18.4069   
10.8070    17.8072   
2.1772     20.0251   
18.1127    1.0049    
18.9951    2.7938    

# Frame469

# x        y
1.8927     25.2989   
1.0050     18.4069   
10.8070    17.8070   
2.1772     20.0251   
18.1127    1.0049    
18.9951    2.7938    

# Frame470

# x        y
1.8927     25.2989   
1.0050     18.4069   
10.8070    17.8069   
2.1772     20.0251   
18.1127    1.0049    
18.9951    2.7938    

# Frame471

# x        y
1.8927     25.2989   
1.0050     18.4069   
10.8070    17.8067   
2.1772     20.0251   
18.1127    1.0049    
18.9951    2.7938    

# Frame472

# x        y
1.8927     25.2989   
1.0050     18.4069   
10.8070    17.8065   
2.1772     20.0251   
18.1127    1.0049    
18.9951    2.7938    

# Frame473

# x        y
1.8927     25.2989   
1.0050     18.4069   
10.8070    17.8064   
2.1772     20.0251   
18.1127    1.0049    
18.9951    2.7938    

# Frame474

# x        y
1.8927     25.2989   
1.0050     18.4069   
10.8070    17.8062   
2.1772     20.0251   
18.1127    1.0049    
18.9951    2.7938    

# Frame475

# x        y
1.8927     25.2989   
1.0050     18.4069   
10.8071    17.8061   
2.1772     20.0251   
18.1127    1.0049    
18.9951    2.7938    

# Frame476

# x        y
1.8927     25.2989   
1.0050     18.4069   
10.8071    17.8059   
2.1772     20.0251   
18.1127    1.0049    
18.9951    2.7938    

# Frame477

# x        y
1.8927     25.2989   
1.0050     18.4069   
10.8071    17.8058   
2.1772     20.0251   
18.1127    1.0049    
18.9951    2.7938    

# Frame478

# x        y
1.8927     25.2989   
1.0050     18.4069   
10.8071    17.8057   
2.1772     20.0251   
18.1127    1.0049    
18.9951    2.7938    

# Frame479

# x        y
1.8927     25.2989   
1.0050     18.4069   
10.8071    17.8055   
2.1772     20.0251   
18.1127    1.0049    
18.9951    2.7938    

# Frame480

# x        y
1.8927     25.2989   
1.0050     18.4069   
10.8071    17.8054   
2.1772     20.0251   
18.1127    1.0049    
18.9951    2.7938    

# Frame481

# x        y
1.8927     25.2989   
1.0050     18.4069   
10.8071    17.8053   
2.1772     20.0251   
18.1127    1.0049    
18.9951    2.7938    

# Frame482

# x        y
1.8927     25.2989   
1.0050     18.4069   
10.8071    17.8051   
2.1772     20.0251   
18.1127    1.0049    
18.9951    2.7938    

# Frame483

# x        y
1.8927     25.2989   
1.0050     18.4069   
10.8071    17.8050   
2.1772     20.0251   
18.1127    1.0049    
18.9951    2.7938    

# Frame484

# x        y
1.8927     25.2989   
1.0050     18.4069   
10.8072    17.8049   
2.1772     20.0251   
18.1127    1.0049    
18.9951    2.7938    

# Frame485

# x        y
1.8927     25.2989   
1.0050     18.4069   
10.8072    17.8048   
2.1772     20.0251   
18.1127    1.0049    
18.9951    2.7938    

# Frame486

# x        y
1.8927     25.2989   
1.0050     18.4069   
10.8072    17.8046   
2.1772     20.0251   
18.1127    1.0049    
18.9951    2.7938    

# Frame487

# x        y
1.8927     25.2989   
1.0050     18.4069   
10.8072    17.8045   
2.1772     20.0251   
18.1127    1.0049    
18.9951    2.7938    

# Frame488

# x        y
1.8927     25.2989   
1.0050     18.4069   
10.8072    17.8044   
2.1772     20.0251   
18.1127    1.0049    
18.9951    2.7938    

# Frame489

# x        y
1.8927     25.2989   
1.0050     18.4069   
10.8072    17.8043   
2.1772     20.0251   
18.1127    1.0049    
18.9951    2.7938    

# Frame490

# x        y
1.8927     25.2989   
1.0050     18.4069   
10.8072    17.8042   
2.1772     20.0251   
18.1127    1.0049    
18.9951    2.7938    

# Frame491

# x        y
1.8927     25.2989   
1.0050     18.4069   
10.8072    17.8040   
2.1772     20.0251   
18.1127    1.0049    
18.9951    2.7938    

# Frame492

# x        y
1.8927     25.2989   
1.0050     18.4069   
10.8072    17.8039   
2.1772     20.0251   
18.1127    1.0049    
18.9951    2.7938    

# Frame493

# x        y
1.8927     25.2989   
1.0050     18.4069   
10.8072    17.8038   
2.1772     20.0251   
18.1127    1.0049    
18.9951    2.7938    

# Frame494

# x        y
1.8927     25.2989   
1.0050     18.4069   
10.8073    17.8037   
2.1772     20.0251   
18.1127    1.0049    
18.9951    2.7938    

# Frame495

# x        y
1.8927     25.2989   
1.0050     18.4069   
10.8073    17.8036   
2.1772     20.0251   
18.1127    1.0049    
18.9951    2.7938    

# Frame496

# x        y
1.8927     25.2989   
1.0050     18.4069   
10.8073    17.8035   
2.1772     20.0251   
18.1127    1.0049    
18.9951    2.7938    

# Frame497

# x        y
1.8927     25.2989   
1.0050     18.4069   
10.8073    17.8034   
2.1772     20.0251   
18.1127    1.0049    
18.9951    2.7938    

# Frame498

