# x        y
4.1262     29.3783   
1.3757     16.2996   
16.6983    18.5036   
10.6273    14.5288   
10.3816    30.6438   
1.0046     13.1004   

# Frame1

# x        y
4.1262     29.3783   
1.3757     16.2996   
15.6569    20.2111   
10.6273    14.5288   
10.3816    30.6438   
1.0047     13.1004   

# Frame2

# x        y
4.1262     29.3783   
1.3757     16.2996   
14.6328    21.8901   
10.6273    14.5288   
10.3816    30.6438   
1.0048     13.1004   

# Frame3

# x        y
4.1262     29.3783   
1.3757     16.2996   
13.6258    23.5411   
10.6273    14.5288   
10.3816    30.6438   
1.0048     13.1004   

# Frame4

# x        y
4.1262     29.3783   
1.3757     16.2996   
12.6356    25.1646   
10.6273    14.5288   
10.3816    30.6438   
1.0049     13.1004   

# Frame5

# x        y
4.1262     29.3783   
1.3757     16.2996   
11.6619    26.7610   
10.6273    14.5288   
10.3816    30.6438   
1.0049     13.1004   

# Frame6

# x        y
4.1262     29.3783   
1.3757     16.2996   
10.7044    28.3309   
10.6273    14.5288   
10.3816    30.6438   
1.0049     13.1004   

# Frame7

# x        y
4.1262     29.3783   
1.3757     16.2996   
9.7636     28.9271   
10.6273    14.5288   
10.3808    31.5912   
1.0049     13.1004   

# Frame8

# x        y
4.1262     29.3783   
1.3757     16.2996   
8.8384     29.2644   
10.6273    14.5288   
10.3802    32.7719   
1.0049     13.1004   

# Frame9

# x        y
4.1262     29.3783   
1.3757     16.2996   
7.9286     29.5960   
10.6273    14.5288   
10.3795    33.9329   
1.0050     13.1004   

# Frame10

# x        y
4.1262     29.3783   
1.3757     16.2996   
7.0340     29.9222   
10.6273    14.5288   
10.3789    35.0745   
1.0050     13.1004   

# Frame11

# x        y
4.1262     29.3783   
1.3757     16.2996   
6.1543     30.2428   
10.6273    14.5288   
10.3783    36.1971   
1.0050     13.1004   

# Frame12

# x        y
3.7763     29.3899   
1.3757     16.2996   
5.6392     30.5466   
10.6273    14.5288   
10.3777    37.3011   
1.0050     13.1004   

# Frame13

# x        y
3.2574     29.4106   
1.3757     16.2996   
5.3074     30.8359   
10.6273    14.5288   
10.3772    38.3866   
1.0050     13.1004   

# Frame14

# x        y
2.7472     29.4311   
1.3757     16.2996   
4.9812     31.1204   
10.6273    14.5288   
10.3926    38.7711   
1.0050     13.1004   

# Frame15

# x        y
2.2455     29.4512   
1.3757     16.2996   
4.6604     31.4002   
10.6273    14.5288   
10.4296    38.2463   
1.0050     13.1004   

# Frame16

# x        y
1.7522     29.4710   
1.3757     16.2996   
4.3449     31.6752   
10.6273    14.5288   
10.4659    37.7303   
1.0050     13.1004   

# Frame17

# x        y
1.2671     29.4904   
1.3757     16.2996   
4.0347     31.9457   
10.6273    14.5288   
10.5016    37.2228   
1.0050     13.1004   

# Frame18

# x        y
1.1073     29.5714   
1.3757     16.2996   
3.7296     32.2117   
10.6273    14.5288   
10.5367    36.7238   
1.0050     13.1004   

# Frame19

# x        y
1.3419     29.7318   
1.3757     16.2996   
3.4297     32.4733   
10.6273    14.5288   
10.5712    36.2331   
1.0050     13.1004   

# Frame20

# x        y
1.5725     29.8896   
1.3757     16.2996   
3.1347     32.7305   
10.6273    14.5288   
10.6052    35.7506   
1.0050     13.1004   

# Frame21

# x        y
1.7993     30.0447   
1.3757     16.2996   
2.8447     32.9834   
10.6273    14.5288   
10.6385    35.2761   
1.0050     13.1004   

# Frame22

# x        y
2.0223     30.1973   
1.3757     16.2996   
2.5595     33.2321   
10.6273    14.5288   
10.6714    34.8096   
1.0050     13.1004   

# Frame23

# x        y
2.2416     30.3473   
1.3757     16.2996   
2.2790     33.4766   
10.6273    14.5288   
10.7037    34.3508   
1.0050     13.1004   

# Frame24

# x        y
2.4572     30.4948   
1.3757     16.2996   
2.0032     33.7171   
10.6273    14.5288   
10.7354    33.8996   
1.0050     13.1004   

# Frame25

# x        y
2.6693     30.6399   
1.3757     16.2996   
1.7320     33.9535   
10.6273    14.5288   
10.7666    33.4560   
1.0050     13.1004   

# Frame26

# x        y
2.8778     30.7825   
1.3757     16.2996   
1.4654     34.1861   
10.6273    14.5288   
10.7973    33.0198   
1.0050     13.1004   

# Frame27

# x        y
3.0828     30.9228   
1.3757     16.2996   
1.2031     34.4147   
10.6273    14.5288   
10.8275    32.5908   
1.0050     13.1004   

# Frame28

# x        y
3.2844     31.0607   
1.3757     16.2996   
1.0297     34.6098   
10.6273    14.5288   
10.8572    32.1690   
1.0050     13.1004   

# Frame29

# x        y
3.4827     31.1963   
1.3757     16.2996   
1.1565     34.6792   
10.6273    14.5288   
10.8864    31.7543   
1.0050     13.1004   

# Frame30

# x        y
3.6776     31.3297   
1.3757     16.2996   
1.2811     34.7475   
10.6273    14.5288   
10.9151    31.3464   
1.0050     13.1004   

# Frame31

# x        y
3.8693     31.4608   
1.3757     16.2996   
1.4037     34.8146   
10.6273    14.5288   
10.9433    30.9453   
1.0050     13.1004   

# Frame32

# x        y
4.0578     31.5898   
1.3757     16.2996   
1.5243     34.8806   
10.6273    14.5288   
10.9710    30.5510   
1.0050     13.1004   

# Frame33

# x        y
4.2432     31.7166   
1.3757     16.2996   
1.6428     34.9455   
10.6273    14.5288   
10.9983    30.1631   
1.0050     13.1004   

# Frame34

# x        y
4.4255     31.8412   
1.3757     16.2996   
1.7594     35.0093   
10.6273    14.5288   
11.0251    29.7818   
1.0050     13.1004   

# Frame35

# x        y
4.6047     31.9639   
1.3757     16.2996   
1.8740     35.0721   
10.6273    14.5288   
11.0515    29.4068   
1.0050     13.1004   

# Frame36

# x        y
4.7809     32.0844   
1.3757     16.2996   
1.9867     35.1338   
10.6273    14.5288   
11.0775    29.0381   
1.0050     13.1004   

# Frame37

# x        y
4.9543     32.2030   
1.3757     16.2996   
2.0975     35.1945   
10.6273    14.5288   
11.1030    28.6755   
1.0050     13.1004   

# Frame38

# x        y
5.1247     32.3196   
1.3757     16.2996   
2.2065     35.2542   
10.6273    14.5288   
11.1281    28.3189   
1.0050     13.1004   

# Frame39

# x        y
5.2923     32.4342   
1.3757     16.2996   
2.3137     35.3129   
10.6273    14.5288   
11.1527    27.9683   
1.0050     13.1004   

# Frame40

# x        y
5.4571     32.5469   
1.3757     16.2996   
2.4190     35.3706   
10.6273    14.5288   
11.1770    27.6236   
1.0050     13.1004   

# Frame41

# x        y
5.6191     32.6578   
1.3757     16.2996   
2.5226     35.4273   
10.6273    14.5288   
11.2009    27.2845   
1.0050     13.1004   

# Frame42

# x        y
5.7784     32.7668   
1.3757     16.2996   
2.6245     35.4831   
10.6273    14.5288   
11.2243    26.9512   
1.0050     13.1004   

# Frame43

# x        y
5.9351     32.8740   
1.3757     16.2996   
2.7247     35.5380   
10.6273    14.5288   
11.2474    26.6234   
1.0050     13.1004   

# Frame44

# x        y
6.0892     32.9794   
1.3757     16.2996   
2.8233     35.5919   
10.6273    14.5288   
11.2701    26.3010   
1.0050     13.1004   

# Frame45

# x        y
6.2407     33.0830   
1.3757     16.2996   
2.9202     35.6450   
10.6273    14.5288   
11.2924    25.9840   
1.0050     13.1004   

# Frame46

# x        y
6.3897     33.1849   
1.3757     16.2996   
3.0154     35.6971   
10.6273    14.5288   
11.3143    25.6723   
1.0050     13.1004   

# Frame47

# x        y
6.5362     33.2851   
1.3757     16.2996   
3.1091     35.7484   
10.6273    14.5288   
11.3359    25.3658   
1.0050     13.1004   

# Frame48

# x        y
6.6803     33.3837   
1.3757     16.2996   
3.2012     35.7989   
10.6273    14.5288   
11.3571    25.0644   
1.0050     13.1004   

# Frame49

# x        y
6.8219     33.4806   
1.3757     16.2996   
3.2918     35.8485   
10.6273    14.5288   
11.3779    24.7681   
1.0050     13.1004   

# Frame50

# x        y
6.9612     33.5759   
1.3757     16.2996   
3.3809     35.8973   
10.6273    14.5288   
11.3984    24.4767   
1.0050     13.1004   

# Frame51

# x        y
7.0982     33.6696   
1.3757     16.2996   
3.4685     35.9452   
10.6273    14.5288   
11.4186    24.1901   
1.0050     13.1004   

# Frame52

# x        y
7.2329     33.7617   
1.3757     16.2996   
3.5546     35.9924   
10.6273    14.5288   
11.4384    23.9083   
1.0050     13.1004   

# Frame53

# x        y
7.3653     33.8523   
1.3757     16.2996   
3.6393     36.0388   
10.6273    14.5288   
11.4579    23.6312   
1.0050     13.1004   

# Frame54

# x        y
7.4956     33.9414   
1.3757     16.2996   
3.7226     36.0844   
10.6273    14.5288   
11.4771    23.3587   
1.0050     13.1004   

# Frame55

# x        y
7.6236     34.0290   
1.3757     16.2996   
3.8045     36.1292   
10.6273    14.5288   
11.4959    23.0908   
1.0050     13.1004   

# Frame56

# x        y
7.7496     34.1152   
1.3757     16.2996   
3.8850     36.1733   
10.6273    14.5288   
11.5145    22.8273   
1.0050     13.1004   

# Frame57

# x        y
7.8734     34.1999   
1.3757     16.2996   
3.9642     36.2167   
10.6273    14.5288   
11.5327    22.5682   
1.0050     13.1004   

# Frame58

# x        y
7.9952     34.2832   
1.3757     16.2996   
4.0421     36.2593   
10.6273    14.5288   
11.5506    22.3135   
1.0050     13.1004   

# Frame59

# x        y
8.1149     34.3651   
1.3757     16.2996   
4.1186     36.3012   
10.6273    14.5288   
11.5683    22.0629   
1.0050     13.1004   

# Frame60

# x        y
8.2327     34.4456   
1.3757     16.2996   
4.1939     36.3425   
10.6273    14.5288   
11.5856    21.8166   
1.0050     13.1004   

# Frame61

# x        y
8.3484     34.5248   
1.3757     16.2996   
4.2680     36.3830   
10.6273    14.5288   
11.6026    21.5744   
1.0050     13.1004   

# Frame62

# x        y
8.4623     34.6027   
1.3757     16.2996   
4.3408     36.4229   
10.6273    14.5288   
11.6194    21.3362   
1.0050     13.1004   

# Frame63

# x        y
8.5743     34.6793   
1.3757     16.2996   
4.4124     36.4621   
10.6273    14.5288   
11.6359    21.1019   
1.0050     13.1004   

# Frame64

# x        y
8.6843     34.7546   
1.3757     16.2996   
4.4828     36.5006   
10.6273    14.5288   
11.6521    20.8716   
1.0050     13.1004   

# Frame65

# x        y
8.7926     34.8287   
1.3757     16.2996   
4.5520     36.5385   
10.6273    14.5288   
11.6680    20.6451   
1.0050     13.1004   

# Frame66

# x        y
8.8991     34.9015   
1.3757     16.2996   
4.6201     36.5758   
10.6273    14.5288   
11.6837    20.4224   
1.0050     13.1004   

# Frame67

# x        y
9.0037     34.9731   
1.3757     16.2996   
4.6870     36.6125   
10.6273    14.5288   
11.6991    20.2034   
1.0050     13.1004   

# Frame68

# x        y
9.1067     35.0435   
1.3757     16.2996   
4.7528     36.6485   
10.6273    14.5288   
11.7143    19.9881   
1.0050     13.1004   

# Frame69

# x        y
9.2079     35.1128   
1.3757     16.2996   
4.8175     36.6839   
10.6273    14.5288   
11.7292    19.7763   
1.0050     13.1004   

# Frame70

# x        y
9.3074     35.1808   
1.3757     16.2996   
4.8812     36.7188   
10.6273    14.5288   
11.7438    19.5681   
1.0050     13.1004   

# Frame71

# x        y
9.4053     35.2478   
1.3757     16.2996   
4.9438     36.7531   
10.6273    14.5288   
11.7582    19.3633   
1.0050     13.1004   

# Frame72

# x        y
9.5015     35.3136   
1.3757     16.2996   
5.0053     36.7868   
10.6273    14.5288   
11.7724    19.1620   
1.0050     13.1004   

# Frame73

# x        y
9.5962     35.3784   
1.3757     16.2996   
5.0658     36.8199   
10.6273    14.5288   
11.7863    18.9640   
1.0050     13.1004   

# Frame74

# x        y
9.6892     35.4420   
1.3757     16.2996   
5.1253     36.8525   
10.6273    14.5288   
11.8000    18.7693   
1.0050     13.1004   

# Frame75

# x        y
9.7807     35.5046   
1.3757     16.2996   
5.1839     36.8845   
10.6273    14.5288   
11.8135    18.5778   
1.0050     13.1004   

# Frame76

# x        y
9.8707     35.5662   
1.3757     16.2996   
5.2414     36.9160   
10.6273    14.5288   
11.8267    18.3896   
1.0050     13.1004   

# Frame77

# x        y
9.9592     35.6267   
1.3757     16.2996   
5.2980     36.9470   
10.6273    14.5288   
11.8398    18.2045   
1.0050     13.1004   

# Frame78

# x        y
10.0462    35.6862   
1.3757     16.2996   
5.3536     36.9775   
10.6273    14.5288   
11.8526    18.0224   
1.0050     13.1004   

# Frame79

# x        y
10.1318    35.7448   
1.3757     16.2996   
5.4083     37.0074   
10.6273    14.5288   
11.8652    17.8434   
1.0050     13.1004   

# Frame80

# x        y
10.2159    35.8023   
1.3757     16.2996   
5.4621     37.0369   
10.6273    14.5288   
11.8776    17.6674   
1.0050     13.1004   

# Frame81

# x        y
10.2986    35.8589   
1.3757     16.2996   
5.5150     37.0659   
10.6273    14.5288   
11.8897    17.4943   
1.0050     13.1004   

# Frame82

# x        y
10.3800    35.9146   
1.3757     16.2996   
5.5671     37.0944   
10.6273    14.5288   
11.9017    17.3241   
1.0050     13.1004   

# Frame83

# x        y
10.4600    35.9693   
1.3757     16.2996   
5.6182     37.1224   
10.6273    14.5288   
11.9135    17.1568   
1.0050     13.1004   

# Frame84

# x        y
10.5386    36.0231   
1.3757     16.2996   
5.6685     37.1499   
10.6273    14.5288   
11.9251    16.9922   
1.0050     13.1004   

# Frame85

# x        y
10.6160    36.0760   
1.3757     16.2996   
5.7180     37.1770   
10.6273    14.5288   
11.9365    16.8304   
1.0050     13.1004   

# Frame86

# x        y
10.6920    36.1280   
1.3757     16.2996   
5.7666     37.2036   
10.6273    14.5288   
11.9476    16.6712   
1.0050     13.1004   

# Frame87

# x        y
10.7668    36.1792   
1.3757     16.2996   
5.8144     37.2298   
10.6273    14.5288   
11.9587    16.5147   
1.0050     13.1004   

# Frame88

# x        y
10.8404    36.2295   
1.3757     16.2996   
5.8615     37.2556   
10.6273    14.5288   
11.9695    16.3609   
1.0050     13.1004   

# Frame89

# x        y
10.9127    36.2790   
1.3757     16.2996   
5.9077     37.2809   
10.6273    14.5288   
11.9801    16.2096   
1.0050     13.1004   

# Frame90

# x        y
10.9838    36.3276   
1.3757     16.2996   
5.9532     37.3058   
10.6273    14.5288   
11.9906    16.0608   
1.0050     13.1004   

# Frame91

# x        y
11.0538    36.3755   
1.3757     16.2996   
5.9979     37.3303   
10.6109    14.5020   
12.0172    15.9413   
1.0050     13.1004   

# Frame92

# x        y
11.1225    36.4225   
1.3757     16.2996   
6.0419     37.3544   
10.5739    14.4366   
12.0644    15.8628   
1.0050     13.1004   

# Frame93

# x        y
11.1901    36.4688   
1.3757     16.2996   
6.0851     37.3780   
10.5375    14.3723   
12.1108    15.7856   
1.0050     13.1004   

# Frame94

# x        y
11.2566    36.5143   
1.3757     16.2996   
6.1276     37.4013   
10.5016    14.3091   
12.1564    15.7097   
1.0050     13.1004   

# Frame95

# x        y
11.3220    36.5590   
1.3757     16.2996   
6.1695     37.4242   
10.4664    14.2469   
12.2012    15.6351   
1.0050     13.1004   

# Frame96

# x        y
11.3863    36.6030   
1.3757     16.2996   
6.2106     37.4467   
10.4318    14.1858   
12.2453    15.5617   
1.0050     13.1004   

# Frame97

# x        y
11.4495    36.6462   
1.3757     16.2996   
6.2510     37.4689   
10.3977    14.1257   
12.2887    15.4896   
1.0050     13.1004   

# Frame98

# x        y
11.5117    36.6887   
1.3757     16.2996   
6.2908     37.4906   
10.3643    14.0666   
12.3313    15.4186   
1.0050     13.1004   

# Frame99

# x        y
11.5728    36.7306   
1.3757     16.2996   
6.3299     37.5121   
10.3313    14.0084   
12.3732    15.3488   
1.0050     13.1004   

# Frame100

# x        y
11.6329    36.7717   
1.3757     16.2996   
6.3683     37.5331   
10.2989    13.9513   
12.4145    15.2802   
1.0050     13.1004   

# Frame101

# x        y
11.6921    36.8121   
1.3757     16.2996   
6.4061     37.5538   
10.2671    13.8951   
12.4550    15.2127   
1.0050     13.1004   

# Frame102

# x        y
11.7502    36.8519   
1.3757     16.2996   
6.4433     37.5742   
10.2358    13.8398   
12.4949    15.1464   
1.0050     13.1004   

# Frame103

# x        y
11.8073    36.8910   
1.3757     16.2996   
6.4798     37.5942   
10.2050    13.7855   
12.5341    15.0812   
1.0050     13.1004   

# Frame104

# x        y
11.8636    36.9294   
1.3757     16.2996   
6.5158     37.6139   
10.1747    13.7320   
12.5726    15.0170   
1.0050     13.1004   

# Frame105

# x        y
11.9188    36.9672   
1.3757     16.2996   
6.5511     37.6332   
10.1450    13.6795   
12.6105    14.9539   
1.0050     13.1004   

# Frame106

# x        y
11.9732    37.0044   
1.3757     16.2996   
6.5859     37.6522   
10.1157    13.6278   
12.6478    14.8919   
1.0050     13.1004   

# Frame107

# x        y
12.0266    37.0410   
1.3757     16.2996   
6.6200     37.6710   
10.0869    13.5770   
12.6845    14.8309   
1.0050     13.1004   

# Frame108

# x        y
12.0792    37.0769   
1.3757     16.2996   
6.6536     37.6894   
10.0586    13.5270   
12.7205    14.7709   
1.0050     13.1004   

# Frame109

# x        y
12.1308    37.1123   
1.3757     16.2996   
6.6867     37.7074   
10.0308    13.4779   
12.7559    14.7120   
1.0050     13.1004   

# Frame110

# x        y
12.1817    37.1470   
1.3757     16.2996   
6.7192     37.7252   
10.0034    13.4296   
12.7908    14.6540   
1.0050     13.1004   

# Frame111

# x        y
12.2316    37.1812   
1.3757     16.2996   
6.7511     37.7427   
9.9765     13.3821   
12.8251    14.5969   
1.0050     13.1004   

# Frame112

# x        y
12.2808    37.2148   
1.3757     16.2996   
6.7825     37.7599   
9.9500     13.3353   
12.8588    14.5409   
1.0050     13.1004   

# Frame113

# x        y
12.3291    37.2479   
1.3757     16.2996   
6.8134     37.7769   
9.9240     13.2894   
12.8919    14.4857   
1.0050     13.1004   

# Frame114

# x        y
12.3766    37.2804   
1.3757     16.2996   
6.8438     37.7935   
9.8984     13.2442   
12.9245    14.4315   
1.0050     13.1004   

# Frame115

# x        y
12.4233    37.3123   
1.3757     16.2996   
6.8737     37.8099   
9.8732     13.1998   
12.9565    14.3782   
1.0050     13.1004   

# Frame116

# x        y
12.4692    37.3438   
1.3757     16.2996   
6.9031     37.8259   
9.8485     13.1561   
12.9880    14.3257   
1.0050     13.1004   

# Frame117

# x        y
12.5144    37.3747   
1.3757     16.2996   
6.9320     37.8418   
9.8242     13.1132   
13.0190    14.2742   
1.0050     13.1004   

# Frame118

# x        y
12.5588    37.4051   
1.3757     16.2996   
6.9604     37.8573   
9.8002     13.0709   
13.0495    14.2235   
1.0050     13.1004   

# Frame119

# x        y
12.6025    37.4349   
1.3757     16.2996   
6.9883     37.8726   
9.7767     13.0294   
13.0794    14.1736   
1.0050     13.1004   

# Frame120

# x        y
12.6455    37.4643   
1.3757     16.2996   
7.0158     37.8877   
9.7536     12.9886   
13.1089    14.1246   
1.0050     13.1004   

# Frame121

# x        y
12.6877    37.4932   
1.3757     16.2996   
7.0428     37.9024   
9.7308     12.9484   
13.1379    14.0764   
1.0050     13.1004   

# Frame122

# x        y
12.7292    37.5216   
1.3757     16.2996   
7.0693     37.9170   
9.7085     12.9089   
13.1663    14.0290   
1.0050     13.1004   

# Frame123

# x        y
12.7701    37.5496   
1.3757     16.2996   
7.0954     37.9313   
9.6865     12.8701   
13.1944    13.9824   
1.0050     13.1004   

# Frame124

# x        y
12.8102    37.5770   
1.3757     16.2996   
7.1211     37.9453   
9.6648     12.8319   
13.2219    13.9365   
1.0050     13.1004   

# Frame125

# x        y
12.8497    37.6041   
1.3757     16.2996   
7.1464     37.9592   
9.6436     12.7944   
13.2490    13.8915   
1.0050     13.1004   

# Frame126

# x        y
12.8886    37.6306   
1.3757     16.2996   
7.1712     37.9728   
9.6226     12.7574   
13.2756    13.8471   
1.0050     13.1004   

# Frame127

# x        y
12.9268    37.6567   
1.3757     16.2996   
7.1956     37.9861   
9.6021     12.7211   
13.3018    13.8036   
1.0050     13.1004   

# Frame128

# x        y
12.9643    37.6824   
1.3757     16.2996   
7.2196     37.9993   
9.5818     12.6854   
13.3276    13.7607   
1.0050     13.1004   

# Frame129

# x        y
13.0012    37.7077   
1.3757     16.2996   
7.2433     38.0122   
9.5620     12.6503   
13.3529    13.7186   
1.0050     13.1004   

# Frame130

# x        y
13.0375    37.7325   
1.3757     16.2996   
7.2665     38.0249   
9.5424     12.6158   
13.3778    13.6771   
1.0050     13.1004   

# Frame131

# x        y
13.0732    37.7570   
1.3757     16.2996   
7.2893     38.0374   
9.5232     12.5819   
13.4023    13.6364   
1.0050     13.1004   

# Frame132

# x        y
13.1083    37.7810   
1.3757     16.2996   
7.3118     38.0497   
9.5043     12.5485   
13.4263    13.5963   
1.0050     13.1004   

# Frame133

# x        y
13.1429    37.8046   
1.3757     16.2996   
7.3338     38.0618   
9.4857     12.5156   
13.4500    13.5569   
1.0050     13.1004   

# Frame134

# x        y
13.1768    37.8278   
1.3757     16.2996   
7.3555     38.0737   
9.4674     12.4834   
13.4733    13.5182   
1.0050     13.1004   

# Frame135

# x        y
13.2102    37.8506   
1.3757     16.2996   
7.3769     38.0854   
9.4494     12.4516   
13.4962    13.4801   
1.0050     13.1004   

# Frame136

# x        y
13.2430    37.8731   
1.3757     16.2996   
7.3979     38.0969   
9.4317     12.4204   
13.5187    13.4426   
1.0050     13.1004   

# Frame137

# x        y
13.2753    37.8952   
1.3757     16.2996   
7.4185     38.1082   
9.4143     12.3897   
13.5408    13.4057   
1.0050     13.1004   

# Frame138

# x        y
13.3070    37.9169   
1.3757     16.2996   
7.4388     38.1193   
9.3972     12.3596   
13.5626    13.3695   
1.0050     13.1004   

# Frame139

# x        y
13.3382    37.9382   
1.3757     16.2996   
7.4588     38.1302   
9.3804     12.3299   
13.5840    13.3339   
1.0050     13.1004   

# Frame140

# x        y
13.3689    37.9592   
1.3757     16.2996   
7.4784     38.1410   
9.3639     12.3007   
13.6051    13.2989   
1.0050     13.1004   

# Frame141

# x        y
13.3991    37.9799   
1.3757     16.2996   
7.4977     38.1515   
9.3476     12.2720   
13.6258    13.2644   
1.0050     13.1004   

# Frame142

# x        y
13.4288    38.0002   
1.3757     16.2996   
7.5167     38.1619   
9.3317     12.2438   
13.6461    13.2306   
1.0050     13.1004   

# Frame143

# x        y
13.4580    38.0201   
1.3757     16.2996   
7.5353     38.1722   
9.3159     12.2160   
13.6661    13.1972   
1.0050     13.1004   

# Frame144

# x        y
13.4867    38.0398   
1.3757     16.2996   
7.5537     38.1822   
9.3005     12.1888   
13.6858    13.1645   
1.0050     13.1004   

# Frame145

# x        y
13.5149    38.0591   
1.3757     16.2996   
7.5717     38.1921   
9.2853     12.1619   
13.7052    13.1323   
1.0050     13.1004   

# Frame146

# x        y
13.5426    38.0781   
1.3757     16.2996   
7.5895     38.2018   
9.2703     12.1355   
13.7242    13.1006   
1.0050     13.1004   

# Frame147

# x        y
13.5699    38.0967   
1.3757     16.2996   
7.6069     38.2114   
9.2556     12.1096   
13.7429    13.0695   
1.0050     13.1004   

# Frame148

# x        y
13.5968    38.1151   
1.3757     16.2996   
7.6241     38.2207   
9.2412     12.0841   
13.7613    13.0389   
1.0050     13.1004   

# Frame149

# x        y
13.6231    38.1331   
1.3757     16.2996   
7.6409     38.2300   
9.2270     12.0590   
13.7794    13.0088   
1.0050     13.1004   

# Frame150

# x        y
13.6491    38.1509   
1.3757     16.2996   
7.6575     38.2391   
9.2130     12.0343   
13.7972    12.9791   
1.0050     13.1004   

# Frame151

# x        y
13.6746    38.1683   
1.3757     16.2996   
7.6738     38.2480   
9.1993     12.0101   
13.8147    12.9500   
1.0050     13.1004   

# Frame152

# x        y
13.6997    38.1855   
1.3757     16.2996   
7.6899     38.2568   
9.1858     11.9862   
13.8319    12.9214   
1.0050     13.1004   

# Frame153

# x        y
13.7243    38.2024   
1.3757     16.2996   
7.7057     38.2654   
9.1725     11.9628   
13.8488    12.8932   
1.0050     13.1004   

# Frame154

# x        y
13.7486    38.2190   
1.3757     16.2996   
7.7212     38.2739   
9.1594     11.9397   
13.8655    12.8656   
1.0050     13.1004   

# Frame155

# x        y
13.7724    38.2353   
1.3757     16.2996   
7.7364     38.2823   
9.1466     11.9170   
13.8818    12.8383   
1.0050     13.1004   

# Frame156

# x        y
13.7959    38.2513   
1.3757     16.2996   
7.7514     38.2905   
9.1339     11.8947   
13.8979    12.8116   
1.0050     13.1004   

# Frame157

# x        y
13.8190    38.2671   
1.3757     16.2996   
7.7662     38.2986   
9.1215     11.8728   
13.9137    12.7852   
1.0050     13.1004   

# Frame158

# x        y
13.8416    38.2826   
1.3757     16.2996   
7.7807     38.3065   
9.1093     11.8512   
13.9293    12.7594   
1.0050     13.1004   

# Frame159

# x        y
13.8639    38.2979   
1.3757     16.2996   
7.7949     38.3143   
9.0973     11.8300   
13.9446    12.7339   
1.0050     13.1004   

# Frame160

# x        y
13.8859    38.3129   
1.3757     16.2996   
7.8090     38.3220   
9.0855     11.8092   
13.9596    12.7089   
1.0050     13.1004   

# Frame161

# x        y
13.9074    38.3276   
1.3757     16.2996   
7.8227     38.3295   
9.0739     11.7887   
13.9744    12.6843   
1.0050     13.1004   

# Frame162

# x        y
13.9286    38.3421   
1.3757     16.2996   
7.8363     38.3370   
9.0624     11.7685   
13.9889    12.6601   
1.0050     13.1004   

# Frame163

# x        y
13.9495    38.3564   
1.3757     16.2996   
7.8496     38.3443   
9.0512     11.7487   
14.0032    12.6363   
1.0050     13.1004   

# Frame164

# x        y
13.9700    38.3704   
1.3757     16.2996   
7.8627     38.3514   
9.0402     11.7292   
14.0173    12.6129   
1.0050     13.1004   

# Frame165

# x        y
13.9902    38.3842   
1.3757     16.2996   
7.8756     38.3585   
9.0293     11.7100   
14.0311    12.5899   
1.0050     13.1004   

# Frame166

# x        y
14.0100    38.3978   
1.3757     16.2996   
7.8883     38.3654   
9.0186     11.6912   
14.0447    12.5672   
1.0050     13.1004   

# Frame167

# x        y
14.0295    38.4111   
1.3757     16.2996   
7.9008     38.3723   
9.0081     11.6727   
14.0581    12.5450   
1.0050     13.1004   

# Frame168

# x        y
14.0486    38.4242   
1.3757     16.2996   
7.9130     38.3790   
8.9978     11.6544   
14.0712    12.5231   
1.0050     13.1004   

# Frame169

# x        y
14.0675    38.4371   
1.3757     16.2996   
7.9251     38.3856   
8.9876     11.6365   
14.0842    12.5016   
1.0050     13.1004   

# Frame170

# x        y
14.0860    38.4498   
1.3757     16.2996   
7.9370     38.3921   
8.9777     11.6189   
14.0969    12.4804   
1.0050     13.1004   

# Frame171

# x        y
14.1043    38.4623   
1.3757     16.2996   
7.9486     38.3985   
8.9678     11.6015   
14.1094    12.4596   
1.0050     13.1004   

# Frame172

# x        y
14.1222    38.4745   
1.3757     16.2996   
7.9601     38.4047   
8.9582     11.5845   
14.1217    12.4392   
1.0050     13.1004   

# Frame173

# x        y
14.1398    38.4866   
1.3757     16.2996   
7.9713     38.4109   
8.9487     11.5677   
14.1338    12.4190   
1.0050     13.1004   

# Frame174

# x        y
14.1571    38.4984   
1.3757     16.2996   
7.9824     38.4170   
8.9394     11.5513   
14.1457    12.3993   
1.0050     13.1004   

# Frame175

# x        y
14.1742    38.5101   
1.3757     16.2996   
7.9933     38.4229   
8.9302     11.5351   
14.1573    12.3798   
1.0050     13.1004   

# Frame176

# x        y
14.1909    38.5215   
1.3757     16.2996   
8.0040     38.4288   
8.9211     11.5191   
14.1688    12.3607   
1.0050     13.1004   

# Frame177

# x        y
14.2074    38.5328   
1.3757     16.2996   
8.0146     38.4346   
8.9123     11.5035   
14.1801    12.3419   
1.0050     13.1004   

# Frame178

# x        y
14.2236    38.5439   
1.3757     16.2996   
8.0249     38.4403   
8.9035     11.4881   
14.1912    12.3234   
1.0050     13.1004   

# Frame179

# x        y
14.2396    38.5548   
1.3757     16.2996   
8.0351     38.4458   
8.8950     11.4729   
14.2022    12.3052   
1.0050     13.1004   

# Frame180

# x        y
14.2552    38.5655   
1.3757     16.2996   
8.0451     38.4513   
8.8865     11.4580   
14.2129    12.2873   
1.0050     13.1004   

# Frame181

# x        y
14.2706    38.5761   
1.3757     16.2996   
8.0550     38.4567   
8.8782     11.4434   
14.2235    12.2697   
1.0050     13.1004   

# Frame182

# x        y
14.2858    38.5864   
1.3757     16.2996   
8.0647     38.4620   
8.8701     11.4289   
14.2339    12.2524   
1.0050     13.1004   

# Frame183

# x        y
14.3007    38.5966   
1.3757     16.2996   
8.0742     38.4672   
8.8620     11.4148   
14.2441    12.2354   
1.0050     13.1004   

# Frame184

# x        y
14.3153    38.6066   
1.3757     16.2996   
8.0836     38.4724   
8.8541     11.4009   
14.2541    12.2187   
1.0050     13.1004   

# Frame185

# x        y
14.3297    38.6165   
1.3757     16.2996   
8.0928     38.4774   
8.8464     11.3872   
14.2640    12.2023   
1.0050     13.1004   

# Frame186

# x        y
14.3439    38.6262   
1.3757     16.2996   
8.1019     38.4824   
8.8388     11.3737   
14.2737    12.1861   
1.0050     13.1004   

# Frame187

# x        y
14.3578    38.6357   
1.3757     16.2996   
8.1108     38.4873   
8.8313     11.3604   
14.2833    12.1702   
1.0050     13.1004   

# Frame188

# x        y
14.3715    38.6451   
1.3757     16.2996   
8.1195     38.4920   
8.8239     11.3474   
14.2927    12.1546   
1.0050     13.1004   

# Frame189

# x        y
14.3850    38.6543   
1.3757     16.2996   
8.1281     38.4968   
8.8166     11.3346   
14.3019    12.1392   
1.0050     13.1004   

# Frame190

# x        y
14.3983    38.6634   
1.3757     16.2996   
8.1366     38.5014   
8.8095     11.3220   
14.3110    12.1241   
1.0050     13.1004   

# Frame191

# x        y
14.4113    38.6723   
1.3757     16.2996   
8.1449     38.5060   
8.8025     11.3096   
14.3199    12.1092   
1.0050     13.1004   

# Frame192

# x        y
14.4241    38.6810   
1.3757     16.2996   
8.1531     38.5104   
8.7956     11.2975   
14.3287    12.0946   
1.0050     13.1004   

# Frame193

# x        y
14.4367    38.6896   
1.3757     16.2996   
8.1612     38.5149   
8.7888     11.2855   
14.3374    12.0802   
1.0050     13.1004   

# Frame194

# x        y
14.4491    38.6981   
1.3757     16.2996   
8.1691     38.5192   
8.7821     11.2737   
14.3459    12.0661   
1.0050     13.1004   

# Frame195

# x        y
14.4612    38.7064   
1.3757     16.2996   
8.1769     38.5235   
8.7756     11.2621   
14.3542    12.0522   
1.0050     13.1004   

# Frame196

# x        y
14.4732    38.7146   
1.3757     16.2996   
8.1845     38.5277   
8.7691     11.2507   
14.3624    12.0385   
1.0050     13.1004   

# Frame197

# x        y
14.4850    38.7227   
1.3757     16.2996   
8.1921     38.5318   
8.7628     11.2396   
14.3705    12.0251   
1.0050     13.1004   

# Frame198

# x        y
14.4966    38.7306   
1.3757     16.2996   
8.1995     38.5358   
8.7565     11.2285   
14.3784    12.0119   
1.0050     13.1004   

# Frame199

# x        y
14.5080    38.7384   
1.3757     16.2996   
8.2068     38.5398   
8.7504     11.2177   
14.3862    11.9989   
1.0050     13.1004   

# Frame200

# x        y
14.5191    38.7461   
1.3757     16.2996   
8.2139     38.5437   
8.7444     11.2071   
14.3939    11.9861   
1.0050     13.1004   

# Frame201

# x        y
14.5302    38.7536   
1.3757     16.2996   
8.2210     38.5476   
8.7384     11.1966   
14.4015    11.9735   
1.0050     13.1004   

# Frame202

# x        y
14.5410    38.7610   
1.3757     16.2996   
8.2279     38.5514   
8.7326     11.1863   
14.4089    11.9612   
1.0050     13.1004   

# Frame203

# x        y
14.5516    38.7683   
1.3757     16.2996   
8.2347     38.5551   
8.7269     11.1762   
14.4162    11.9490   
1.0050     13.1004   

# Frame204

# x        y
14.5621    38.7754   
1.3757     16.2996   
8.2414     38.5588   
8.7212     11.1662   
14.4234    11.9371   
1.0050     13.1004   

# Frame205

# x        y
14.5724    38.7825   
1.3757     16.2996   
8.2480     38.5624   
8.7157     11.1565   
14.4304    11.9253   
1.0050     13.1004   

# Frame206

# x        y
14.5825    38.7894   
1.3757     16.2996   
8.2544     38.5659   
8.7102     11.1468   
14.4374    11.9138   
1.0050     13.1004   

# Frame207

# x        y
14.5925    38.7962   
1.3757     16.2996   
8.2608     38.5694   
8.7049     11.1374   
14.4442    11.9024   
1.0050     13.1004   

# Frame208

# x        y
14.6023    38.8029   
1.3757     16.2996   
8.2671     38.5728   
8.6996     11.1281   
14.4509    11.8912   
1.0050     13.1004   

# Frame209

# x        y
14.6119    38.8095   
1.3757     16.2996   
8.2732     38.5762   
8.6944     11.1189   
14.4575    11.8803   
1.0050     13.1004   

# Frame210

# x        y
14.6213    38.8160   
1.3757     16.2996   
8.2793     38.5795   
8.6893     11.1099   
14.4640    11.8695   
1.0050     13.1004   

# Frame211

# x        y
14.6306    38.8223   
1.3757     16.2996   
8.2852     38.5828   
8.6843     11.1011   
14.4704    11.8588   
1.0050     13.1004   

# Frame212

# x        y
14.6398    38.8286   
1.3757     16.2996   
8.2911     38.5860   
8.6794     11.0924   
14.4767    11.8484   
1.0050     13.1004   

# Frame213

# x        y
14.6488    38.8348   
1.3757     16.2996   
8.2968     38.5891   
8.6745     11.0838   
14.4828    11.8381   
1.0050     13.1004   

# Frame214

# x        y
14.6576    38.8408   
1.3757     16.2996   
8.3025     38.5922   
8.6698     11.0754   
14.4889    11.8280   
1.0050     13.1004   

# Frame215

# x        y
14.6663    38.8468   
1.3757     16.2996   
8.3080     38.5953   
8.6651     11.0671   
14.4949    11.8181   
1.0050     13.1004   

# Frame216

# x        y
14.6749    38.8526   
1.3757     16.2996   
8.3135     38.5983   
8.6605     11.0590   
14.5007    11.8083   
1.0050     13.1004   

# Frame217

# x        y
14.6833    38.8584   
1.3757     16.2996   
8.3189     38.6012   
8.6559     11.0510   
14.5065    11.7987   
1.0050     13.1004   

# Frame218

# x        y
14.6916    38.8640   
1.3757     16.2996   
8.3242     38.6041   
8.6515     11.0431   
14.5122    11.7893   
1.0050     13.1004   

# Frame219

# x        y
14.6997    38.8696   
1.3757     16.2996   
8.3294     38.6070   
8.6471     11.0354   
14.5178    11.7800   
1.0050     13.1004   

# Frame220

# x        y
14.7077    38.8751   
1.3757     16.2996   
8.3345     38.6098   
8.6428     11.0278   
14.5233    11.7709   
1.0050     13.1004   

# Frame221

# x        y
14.7156    38.8804   
1.3757     16.2996   
8.3395     38.6125   
8.6386     11.0203   
14.5287    11.7619   
1.0050     13.1004   

# Frame222

# x        y
14.7233    38.8857   
1.3757     16.2996   
8.3445     38.6152   
8.6344     11.0129   
14.5340    11.7531   
1.0050     13.1004   

# Frame223

# x        y
14.7309    38.8909   
1.3757     16.2996   
8.3493     38.6179   
8.6303     11.0057   
14.5392    11.7444   
1.0050     13.1004   

# Frame224

# x        y
14.7384    38.8961   
1.3757     16.2996   
8.3541     38.6205   
8.6263     10.9986   
14.5443    11.7358   
1.0050     13.1004   

# Frame225

# x        y
14.7458    38.9011   
1.3757     16.2996   
8.3588     38.6231   
8.6223     10.9916   
14.5493    11.7275   
1.0050     13.1004   

# Frame226

# x        y
14.7530    38.9060   
1.3757     16.2996   
8.3635     38.6256   
8.6184     10.9847   
14.5543    11.7192   
1.0050     13.1004   

# Frame227

# x        y
14.7601    38.9109   
1.3757     16.2996   
8.3680     38.6281   
8.6146     10.9780   
14.5592    11.7111   
1.0050     13.1004   

# Frame228

# x        y
14.7671    38.9157   
1.3757     16.2996   
8.3725     38.6306   
8.6108     10.9713   
14.5640    11.7031   
1.0050     13.1004   

# Frame229

# x        y
14.7740    38.9204   
1.3757     16.2996   
8.3769     38.6330   
8.6071     10.9648   
14.5687    11.6952   
1.0050     13.1004   

# Frame230

# x        y
14.7807    38.9250   
1.3757     16.2996   
8.3812     38.6353   
8.6035     10.9584   
14.5733    11.6875   
1.0050     13.1004   

# Frame231

# x        y
14.7874    38.9296   
1.3757     16.2996   
8.3854     38.6377   
8.5999     10.9520   
14.5779    11.6799   
1.0050     13.1004   

# Frame232

# x        y
14.7939    38.9340   
1.3757     16.2996   
8.3896     38.6400   
8.5964     10.9458   
14.5824    11.6725   
1.0050     13.1004   

# Frame233

# x        y
14.8004    38.9384   
1.3757     16.2996   
8.3937     38.6422   
8.5929     10.9397   
14.5868    11.6651   
1.0050     13.1004   

# Frame234

# x        y
14.8067    38.9428   
1.3757     16.2996   
8.3978     38.6444   
8.5895     10.9337   
14.5911    11.6579   
1.0050     13.1004   

# Frame235

# x        y
14.8129    38.9470   
1.3757     16.2996   
8.4018     38.6466   
8.5862     10.9278   
14.5954    11.6508   
1.0050     13.1004   

# Frame236

# x        y
14.8190    38.9512   
1.3757     16.2996   
8.4057     38.6487   
8.5829     10.9220   
14.5996    11.6439   
1.0050     13.1004   

# Frame237

# x        y
14.8250    38.9553   
1.3757     16.2996   
8.4095     38.6508   
8.5796     10.9162   
14.6037    11.6370   
1.0050     13.1004   

# Frame238

# x        y
14.8309    38.9594   
1.3757     16.2996   
8.4133     38.6529   
8.5764     10.9106   
14.6078    11.6302   
1.0050     13.1004   

# Frame239

# x        y
14.8367    38.9633   
1.3757     16.2996   
8.4170     38.6549   
8.5733     10.9051   
14.6117    11.6236   
1.0050     13.1004   

# Frame240

# x        y
14.8425    38.9672   
1.3757     16.2996   
8.4207     38.6570   
8.5702     10.8997   
14.6157    11.6171   
1.0050     13.1004   

# Frame241

# x        y
14.8481    38.9711   
1.3757     16.2996   
8.4243     38.6589   
8.5672     10.8943   
14.6195    11.6107   
1.0050     13.1004   

# Frame242

# x        y
14.8536    38.9749   
1.3757     16.2996   
8.4278     38.6609   
8.5642     10.8891   
14.6233    11.6044   
1.0050     13.1004   

# Frame243

# x        y
14.8590    38.9786   
1.3757     16.2996   
8.4313     38.6628   
8.5613     10.8839   
14.6270    11.5982   
1.0050     13.1004   

# Frame244

# x        y
14.8644    38.9822   
1.3757     16.2996   
8.4347     38.6646   
8.5584     10.8788   
14.6307    11.5921   
1.0050     13.1004   

# Frame245

# x        y
14.8696    38.9858   
1.3757     16.2996   
8.4380     38.6665   
8.5556     10.8738   
14.6343    11.5861   
1.0050     13.1004   

# Frame246

# x        y
14.8748    38.9894   
1.3757     16.2996   
8.4413     38.6683   
8.5528     10.8689   
14.6378    11.5802   
1.0050     13.1004   

# Frame247

# x        y
14.8799    38.9928   
1.3757     16.2996   
8.4446     38.6701   
8.5501     10.8641   
14.6413    11.5744   
1.0050     13.1004   

# Frame248

# x        y
14.8832    38.9928   
1.3757     16.2996   
8.4478     38.6718   
8.5474     10.8593   
14.6448    11.5687   
1.0050     13.1004   

# Frame249

# x        y
14.8865    38.9928   
1.3757     16.2996   
8.4509     38.6735   
8.5447     10.8547   
14.6481    11.5631   
1.0050     13.1004   

# Frame250

# x        y
14.8898    38.9928   
1.3757     16.2996   
8.4540     38.6752   
8.5421     10.8501   
14.6514    11.5575   
1.0050     13.1004   

# Frame251

# x        y
14.8930    38.9928   
1.3757     16.2996   
8.4571     38.6769   
8.5396     10.8455   
14.6547    11.5521   
1.0050     13.1004   

# Frame252

# x        y
14.8961    38.9928   
1.3757     16.2996   
8.4600     38.6785   
8.5370     10.8411   
14.6579    11.5468   
1.0050     13.1004   

# Frame253

# x        y
14.8992    38.9928   
1.3757     16.2996   
8.4630     38.6801   
8.5346     10.8367   
14.6611    11.5415   
1.0050     13.1004   

# Frame254

# x        y
14.9022    38.9928   
1.3757     16.2996   
8.4659     38.6817   
8.5321     10.8324   
14.6642    11.5364   
1.0050     13.1004   

# Frame255

# x        y
14.9052    38.9928   
1.3757     16.2996   
8.4687     38.6833   
8.5297     10.8282   
14.6672    11.5313   
1.0050     13.1004   

# Frame256

# x        y
14.9081    38.9928   
1.3757     16.2996   
8.4715     38.6848   
8.5274     10.8241   
14.6702    11.5263   
1.0050     13.1004   

# Frame257

# x        y
14.9110    38.9928   
1.3757     16.2996   
8.4743     38.6863   
8.5251     10.8200   
14.6731    11.5214   
1.0050     13.1004   

# Frame258

# x        y
14.9138    38.9928   
1.3757     16.2996   
8.4770     38.6878   
8.5228     10.8160   
14.6760    11.5166   
1.0050     13.1004   

# Frame259

# x        y
14.9166    38.9928   
1.3757     16.2996   
8.4796     38.6892   
8.5206     10.8120   
14.6789    11.5119   
1.0050     13.1004   

# Frame260

# x        y
14.9193    38.9928   
1.3757     16.2996   
8.4822     38.6907   
8.5184     10.8081   
14.6817    11.5072   
1.0050     13.1004   

# Frame261

# x        y
14.9220    38.9928   
1.3757     16.2996   
8.4848     38.6921   
8.5162     10.8043   
14.6844    11.5026   
1.0050     13.1004   

# Frame262

# x        y
14.9247    38.9928   
1.3757     16.2996   
8.4873     38.6935   
8.5141     10.8006   
14.6872    11.4981   
1.0050     13.1004   

# Frame263

# x        y
14.9273    38.9928   
1.3757     16.2996   
8.4898     38.6948   
8.5120     10.7969   
14.6898    11.4937   
1.0050     13.1004   

# Frame264

# x        y
14.9299    38.9928   
1.3757     16.2996   
8.4922     38.6962   
8.5099     10.7932   
14.6924    11.4893   
1.0050     13.1004   

# Frame265

# x        y
14.9324    38.9928   
1.3757     16.2996   
8.4946     38.6975   
8.5079     10.7897   
14.6950    11.4850   
1.0050     13.1004   

# Frame266

# x        y
14.9348    38.9928   
1.3757     16.2996   
8.4970     38.6988   
8.5059     10.7862   
14.6975    11.4808   
1.0050     13.1004   

# Frame267

# x        y
14.9373    38.9928   
1.3757     16.2996   
8.4993     38.7000   
8.5040     10.7827   
14.7000    11.4767   
1.0050     13.1004   

# Frame268

# x        y
14.9397    38.9928   
1.3757     16.2996   
8.5016     38.7013   
8.5020     10.7793   
14.7025    11.4726   
1.0050     13.1004   

# Frame269

# x        y
14.9420    38.9928   
1.3757     16.2996   
8.5039     38.7025   
8.5002     10.7760   
14.7049    11.4686   
1.0050     13.1004   

# Frame270

# x        y
14.9443    38.9928   
1.3757     16.2996   
8.5061     38.7037   
8.4983     10.7727   
14.7073    11.4647   
1.0050     13.1004   

# Frame271

# x        y
14.9466    38.9928   
1.3757     16.2996   
8.5082     38.7049   
8.4965     10.7695   
14.7096    11.4608   
1.0050     13.1004   

# Frame272

# x        y
14.9489    38.9928   
1.3757     16.2996   
8.5104     38.7061   
8.4947     10.7663   
14.7119    11.4570   
1.0050     13.1004   

# Frame273

# x        y
14.9511    38.9928   
1.3757     16.2996   
8.5125     38.7072   
8.4929     10.7632   
14.7141    11.4532   
1.0050     13.1004   

# Frame274

# x        y
14.9532    38.9928   
1.3757     16.2996   
8.5145     38.7084   
8.4912     10.7601   
14.7163    11.4495   
1.0050     13.1004   

# Frame275

# x        y
14.9554    38.9928   
1.3757     16.2996   
8.5166     38.7095   
8.4894     10.7571   
14.7185    11.4459   
1.0050     13.1004   

# Frame276

# x        y
14.9574    38.9928   
1.3757     16.2996   
8.5186     38.7106   
8.4878     10.7541   
14.7207    11.4424   
1.0050     13.1004   

# Frame277

# x        y
14.9595    38.9928   
1.3757     16.2996   
8.5205     38.7116   
8.4861     10.7512   
14.7228    11.4389   
1.0050     13.1004   

# Frame278

# x        y
14.9615    38.9928   
1.3757     16.2996   
8.5225     38.7127   
8.4845     10.7483   
14.7248    11.4354   
1.0050     13.1004   

# Frame279

# x        y
14.9635    38.9928   
1.3757     16.2996   
8.5243     38.7137   
8.4829     10.7455   
14.7269    11.4320   
1.0050     13.1004   

# Frame280

# x        y
14.9655    38.9928   
1.3757     16.2996   
8.5262     38.7147   
8.4813     10.7427   
14.7289    11.4287   
1.0050     13.1004   

# Frame281

# x        y
14.9674    38.9928   
1.3757     16.2996   
8.5280     38.7158   
8.4798     10.7400   
14.7308    11.4254   
1.0050     13.1004   

# Frame282

# x        y
14.9693    38.9928   
1.3757     16.2996   
8.5299     38.7167   
8.4783     10.7373   
14.7328    11.4222   
1.0050     13.1004   

# Frame283

# x        y
14.9712    38.9928   
1.3757     16.2996   
8.5316     38.7177   
8.4768     10.7347   
14.7347    11.4190   
1.0050     13.1004   

# Frame284

# x        y
14.9730    38.9928   
1.3757     16.2996   
8.5334     38.7187   
8.4753     10.7321   
14.7365    11.4159   
1.0050     13.1004   

# Frame285

# x        y
14.9748    38.9928   
1.3757     16.2996   
8.5351     38.7196   
8.4738     10.7295   
14.7384    11.4129   
1.0050     13.1004   

# Frame286

# x        y
14.9765    38.9928   
1.3757     16.2996   
8.5368     38.7205   
8.4724     10.7270   
14.7402    11.4098   
1.0050     13.1004   

# Frame287

# x        y
14.9783    38.9928   
1.3757     16.2996   
8.5384     38.7214   
8.4710     10.7246   
14.7420    11.4069   
1.0050     13.1004   

# Frame288

# x        y
14.9800    38.9928   
1.3757     16.2996   
8.5401     38.7223   
8.4697     10.7221   
14.7437    11.4040   
1.0050     13.1004   

# Frame289

# x        y
14.9817    38.9928   
1.3757     16.2996   
8.5417     38.7232   
8.4683     10.7197   
14.7454    11.4011   
1.0050     13.1004   

# Frame290

# x        y
14.9833    38.9928   
1.3757     16.2996   
8.5432     38.7241   
8.4670     10.7174   
14.7471    11.3983   
1.0050     13.1004   

# Frame291

# x        y
14.9850    38.9928   
1.3757     16.2996   
8.5448     38.7249   
8.4657     10.7151   
14.7488    11.3955   
1.0050     13.1004   

# Frame292

# x        y
14.9866    38.9928   
1.3757     16.2996   
8.5463     38.7258   
8.4644     10.7128   
14.7504    11.3928   
1.0050     13.1004   

# Frame293

# x        y
14.9881    38.9928   
1.3757     16.2996   
8.5478     38.7266   
8.4631     10.7106   
14.7520    11.3901   
1.0050     13.1004   

# Frame294

# x        y
14.9897    38.9928   
1.3757     16.2996   
8.5493     38.7274   
8.4619     10.7084   
14.7536    11.3875   
1.0050     13.1004   

# Frame295

# x        y
14.9912    38.9928   
1.3757     16.2996   
8.5507     38.7282   
8.4607     10.7062   
14.7552    11.3849   
1.0050     13.1004   

# Frame296

# x        y
14.9927    38.9928   
1.3757     16.2996   
8.5522     38.7290   
8.4595     10.7041   
14.7567    11.3824   
1.0050     13.1004   

# Frame297

# x        y
14.9942    38.9928   
1.3757     16.2996   
8.5536     38.7297   
8.4583     10.7020   
14.7582    11.3799   
1.0050     13.1004   

# Frame298

# x        y
14.9956    38.9928   
1.3757     16.2996   
8.5550     38.7305   
8.4571     10.7000   
14.7597    11.3774   
1.0050     13.1004   

# Frame299

# x        y
14.9970    38.9928   
1.3757     16.2996   
8.5563     38.7312   
8.4560     10.6980   
14.7612    11.3750   
1.0050     13.1004   

# Frame300

# x        y
14.9984    38.9928   
1.3757     16.2996   
8.5576     38.7320   
8.4548     10.6960   
14.7626    11.3726   
1.0050     13.1004   

# Frame301

# x        y
14.9998    38.9928   
1.3757     16.2996   
8.5590     38.7327   
8.4537     10.6940   
14.7640    11.3703   
1.0050     13.1004   

# Frame302

# x        y
15.0012    38.9928   
1.3757     16.2996   
8.5602     38.7334   
8.4527     10.6921   
14.7654    11.3680   
1.0050     13.1004   

# Frame303

# x        y
15.0025    38.9928   
1.3757     16.2996   
8.5615     38.7341   
8.4516     10.6902   
14.7667    11.3657   
1.0050     13.1004   

# Frame304

# x        y
15.0038    38.9928   
1.3757     16.2996   
8.5628     38.7348   
8.4505     10.6884   
14.7681    11.3635   
1.0050     13.1004   

# Frame305

# x        y
15.0051    38.9928   
1.3757     16.2996   
8.5640     38.7354   
8.4495     10.6866   
14.7694    11.3613   
1.0050     13.1004   

# Frame306

# x        y
15.0063    38.9928   
1.3757     16.2996   
8.5652     38.7361   
8.4485     10.6848   
14.7707    11.3591   
1.0050     13.1004   

# Frame307

# x        y
15.0076    38.9928   
1.3757     16.2996   
8.5664     38.7367   
8.4475     10.6830   
14.7719    11.3570   
1.0050     13.1004   

# Frame308

# x        y
15.0088    38.9928   
1.3757     16.2996   
8.5675     38.7374   
8.4465     10.6813   
14.7732    11.3549   
1.0050     13.1004   

# Frame309

# x        y
15.0100    38.9928   
1.3757     16.2996   
8.5687     38.7380   
8.4455     10.6796   
14.7744    11.3529   
1.0050     13.1004   

# Frame310

# x        y
15.0112    38.9928   
1.3757     16.2996   
8.5698     38.7386   
8.4446     10.6779   
14.7756    11.3509   
1.0050     13.1004   

# Frame311

# x        y
15.0124    38.9928   
1.3757     16.2996   
8.5709     38.7392   
8.4437     10.6762   
14.7768    11.3489   
1.0050     13.1004   

# Frame312

# x        y
15.0135    38.9928   
1.3757     16.2996   
8.5720     38.7398   
8.4427     10.6746   
14.7780    11.3470   
1.0050     13.1004   

# Frame313

# x        y
15.0146    38.9928   
1.3757     16.2996   
8.5731     38.7404   
8.4418     10.6730   
14.7791    11.3450   
1.0050     13.1004   

# Frame314

# x        y
15.0157    38.9928   
1.3757     16.2996   
8.5741     38.7410   
8.4409     10.6715   
14.7803    11.3432   
1.0050     13.1004   

# Frame315

# x        y
15.0168    38.9928   
1.3757     16.2996   
8.5752     38.7416   
8.4401     10.6699   
14.7814    11.3413   
1.0050     13.1004   

# Frame316

# x        y
15.0179    38.9928   
1.3757     16.2996   
8.5762     38.7421   
8.4392     10.6684   
14.7825    11.3395   
1.0050     13.1004   

# Frame317

# x        y
15.0189    38.9928   
1.3757     16.2996   
8.5772     38.7427   
8.4384     10.6669   
14.7836    11.3377   
1.0050     13.1004   

# Frame318

# x        y
15.0200    38.9928   
1.3757     16.2996   
8.5782     38.7432   
8.4375     10.6655   
14.7846    11.3359   
1.0050     13.1004   

# Frame319

# x        y
15.0210    38.9928   
1.3757     16.2996   
8.5792     38.7437   
8.4367     10.6640   
14.7856    11.3342   
1.0050     13.1004   

# Frame320

# x        y
15.0220    38.9928   
1.3757     16.2996   
8.5801     38.7442   
8.4359     10.6626   
14.7867    11.3325   
1.0050     13.1004   

# Frame321

# x        y
15.0230    38.9928   
1.3757     16.2996   
8.5810     38.7448   
8.4351     10.6612   
14.7877    11.3308   
1.0050     13.1004   

# Frame322

# x        y
15.0239    38.9928   
1.3757     16.2996   
8.5820     38.7453   
8.4344     10.6598   
14.7887    11.3292   
1.0050     13.1004   

# Frame323

# x        y
15.0249    38.9928   
1.3757     16.2996   
8.5829     38.7458   
8.4336     10.6585   
14.7896    11.3276   
1.0050     13.1004   

# Frame324

# x        y
15.0258    38.9928   
1.3757     16.2996   
8.5838     38.7462   
8.4328     10.6572   
14.7906    11.3260   
1.0050     13.1004   

# Frame325

# x        y
15.0267    38.9928   
1.3757     16.2996   
8.5846     38.7467   
8.4321     10.6559   
14.7915    11.3244   
1.0050     13.1004   

# Frame326

# x        y
15.0276    38.9928   
1.3757     16.2996   
8.5855     38.7472   
8.4314     10.6546   
14.7925    11.3229   
1.0050     13.1004   

# Frame327

# x        y
15.0285    38.9928   
1.3757     16.2996   
8.5863     38.7477   
8.4307     10.6533   
14.7934    11.3214   
1.0050     13.1004   

# Frame328

# x        y
15.0294    38.9928   
1.3757     16.2996   
8.5872     38.7481   
8.4300     10.6521   
14.7943    11.3199   
1.0050     13.1004   

# Frame329

# x        y
15.0303    38.9928   
1.3757     16.2996   
8.5880     38.7486   
8.4293     10.6509   
14.7951    11.3184   
1.0050     13.1004   

# Frame330

# x        y
15.0311    38.9928   
1.3757     16.2996   
8.5888     38.7490   
8.4286     10.6497   
14.7960    11.3170   
1.0050     13.1004   

# Frame331

# x        y
15.0319    38.9928   
1.3757     16.2996   
8.5896     38.7495   
8.4279     10.6485   
14.7968    11.3156   
1.0050     13.1004   

# Frame332

# x        y
15.0327    38.9928   
1.3757     16.2996   
8.5904     38.7499   
8.4273     10.6473   
14.7977    11.3142   
1.0050     13.1004   

# Frame333

# x        y
15.0335    38.9928   
1.3757     16.2996   
8.5911     38.7503   
8.4266     10.6462   
14.7985    11.3128   
1.0050     13.1004   

# Frame334

# x        y
15.0343    38.9928   
1.3757     16.2996   
8.5919     38.7507   
8.4260     10.6451   
14.7993    11.3115   
1.0050     13.1004   

# Frame335

# x        y
15.0351    38.9928   
1.3757     16.2996   
8.5926     38.7511   
8.4254     10.6440   
14.8001    11.3102   
1.0050     13.1004   

# Frame336

# x        y
15.0359    38.9928   
1.3757     16.2996   
8.5934     38.7515   
8.4248     10.6429   
14.8009    11.3089   
1.0050     13.1004   

# Frame337

# x        y
15.0366    38.9928   
1.3757     16.2996   
8.5941     38.7519   
8.4242     10.6418   
14.8017    11.3076   
1.0050     13.1004   

# Frame338

# x        y
15.0374    38.9928   
1.3757     16.2996   
8.5948     38.7523   
8.4236     10.6408   
14.8024    11.3063   
1.0050     13.1004   

# Frame339

# x        y
15.0381    38.9928   
1.3757     16.2996   
8.5955     38.7527   
8.4230     10.6397   
14.8032    11.3051   
1.0050     13.1004   

# Frame340

# x        y
15.0388    38.9928   
1.3757     16.2996   
8.5961     38.7530   
8.4224     10.6387   
14.8039    11.3039   
1.0050     13.1004   

# Frame341

# x        y
15.0395    38.9928   
1.3757     16.2996   
8.5968     38.7534   
8.4218     10.6377   
14.8046    11.3027   
1.0050     13.1004   

# Frame342

# x        y
15.0402    38.9928   
1.3757     16.2996   
8.5975     38.7538   
8.4213     10.6368   
14.8053    11.3015   
1.0050     13.1004   

# Frame343

# x        y
15.0409    38.9928   
1.3757     16.2996   
8.5981     38.7541   
8.4207     10.6358   
14.8060    11.3003   
1.0050     13.1004   

# Frame344

# x        y
15.0415    38.9928   
1.3757     16.2996   
8.5988     38.7545   
8.4202     10.6349   
14.8067    11.2992   
1.0050     13.1004   

# Frame345

# x        y
15.0422    38.9928   
1.3757     16.2996   
8.5994     38.7548   
8.4197     10.6339   
14.8074    11.2981   
1.0050     13.1004   

# Frame346

# x        y
15.0428    38.9928   
1.3757     16.2996   
8.6000     38.7551   
8.4192     10.6330   
14.8080    11.2970   
1.0050     13.1004   

# Frame347

# x        y
15.0435    38.9928   
1.3757     16.2996   
8.6006     38.7555   
8.4187     10.6321   
14.8087    11.2959   
1.0050     13.1004   

# Frame348

# x        y
15.0441    38.9928   
1.3757     16.2996   
8.6012     38.7558   
8.4182     10.6312   
14.8093    11.2949   
1.0050     13.1004   

# Frame349

# x        y
15.0447    38.9928   
1.3757     16.2996   
8.6018     38.7561   
8.4177     10.6304   
14.8099    11.2938   
1.0050     13.1004   

# Frame350

# x        y
15.0453    38.9928   
1.3757     16.2996   
8.6024     38.7564   
8.4172     10.6295   
14.8105    11.2928   
1.0050     13.1004   

# Frame351

# x        y
15.0459    38.9928   
1.3757     16.2996   
8.6029     38.7568   
8.4167     10.6287   
14.8112    11.2918   
1.0050     13.1004   

# Frame352

# x        y
15.0465    38.9928   
1.3757     16.2996   
8.6035     38.7571   
8.4162     10.6278   
14.8118    11.2908   
1.0050     13.1004   

# Frame353

# x        y
15.0471    38.9928   
1.3757     16.2996   
8.6040     38.7574   
8.4158     10.6270   
14.8123    11.2898   
1.0050     13.1004   

# Frame354

# x        y
15.0476    38.9928   
1.3757     16.2996   
8.6046     38.7577   
8.4153     10.6262   
14.8129    11.2888   
1.0050     13.1004   

# Frame355

# x        y
15.0482    38.9928   
1.3757     16.2996   
8.6051     38.7579   
8.4149     10.6254   
14.8135    11.2879   
1.0050     13.1004   

# Frame356

# x        y
15.0487    38.9928   
1.3757     16.2996   
8.6056     38.7582   
8.4144     10.6247   
14.8140    11.2870   
1.0050     13.1004   

# Frame357

# x        y
15.0493    38.9928   
1.3757     16.2996   
8.6061     38.7585   
8.4140     10.6239   
14.8146    11.2861   
1.0050     13.1004   

# Frame358

# x        y
15.0498    38.9928   
1.3757     16.2996   
8.6066     38.7588   
8.4136     10.6231   
14.8151    11.2852   
1.0050     13.1004   

# Frame359

# x        y
15.0503    38.9928   
1.3757     16.2996   
8.6071     38.7591   
8.4132     10.6224   
14.8157    11.2843   
1.0050     13.1004   

# Frame360

# x        y
15.0508    38.9928   
1.3757     16.2996   
8.6076     38.7593   
8.4128     10.6217   
14.8162    11.2834   
1.0050     13.1004   

# Frame361

# x        y
15.0513    38.9928   
1.3757     16.2996   
8.6081     38.7596   
8.4123     10.6210   
14.8167    11.2826   
1.0050     13.1004   

# Frame362

# x        y
15.0518    38.9928   
1.3757     16.2996   
8.6086     38.7598   
8.4120     10.6203   
14.8172    11.2817   
1.0050     13.1004   

# Frame363

# x        y
15.0523    38.9928   
1.3757     16.2996   
8.6090     38.7601   
8.4116     10.6196   
14.8177    11.2809   
1.0050     13.1004   

# Frame364

# x        y
15.0528    38.9928   
1.3757     16.2996   
8.6095     38.7603   
8.4112     10.6189   
14.8182    11.2801   
1.0050     13.1004   

# Frame365

# x        y
15.0533    38.9928   
1.3757     16.2996   
8.6099     38.7606   
8.4108     10.6183   
14.8187    11.2793   
1.0050     13.1004   

# Frame366

# x        y
15.0537    38.9928   
1.3757     16.2996   
8.6104     38.7608   
8.4104     10.6176   
14.8191    11.2785   
1.0050     13.1004   

# Frame367

# x        y
15.0542    38.9928   
1.3757     16.2996   
8.6108     38.7611   
8.4101     10.6170   
14.8196    11.2777   
1.0050     13.1004   

# Frame368

# x        y
15.0546    38.9928   
1.3757     16.2996   
8.6112     38.7613   
8.4097     10.6163   
14.8201    11.2770   
1.0050     13.1004   

# Frame369

# x        y
15.0551    38.9928   
1.3757     16.2996   
8.6116     38.7615   
8.4094     10.6157   
14.8205    11.2762   
1.0050     13.1004   

# Frame370

# x        y
15.0555    38.9928   
1.3757     16.2996   
8.6121     38.7617   
8.4090     10.6151   
14.8209    11.2755   
1.0050     13.1004   

# Frame371

# x        y
15.0559    38.9928   
1.3757     16.2996   
8.6125     38.7620   
8.4087     10.6145   
14.8214    11.2748   
1.0050     13.1004   

# Frame372

# x        y
15.0563    38.9928   
1.3757     16.2996   
8.6129     38.7622   
8.4083     10.6139   
14.8218    11.2741   
1.0050     13.1004   

# Frame373

# x        y
15.0567    38.9928   
1.3757     16.2996   
8.6132     38.7624   
8.4080     10.6133   
14.8222    11.2734   
1.0050     13.1004   

# Frame374

# x        y
15.0571    38.9928   
1.3757     16.2996   
8.6136     38.7626   
8.4077     10.6127   
14.8226    11.2727   
1.0050     13.1004   

# Frame375

# x        y
15.0575    38.9928   
1.3757     16.2996   
8.6140     38.7628   
8.4074     10.6122   
14.8230    11.2720   
1.0050     13.1004   

# Frame376

# x        y
15.0579    38.9928   
1.3757     16.2996   
8.6144     38.7630   
8.4071     10.6116   
14.8234    11.2713   
1.0050     13.1004   

# Frame377

# x        y
15.0583    38.9928   
1.3757     16.2996   
8.6147     38.7632   
8.4067     10.6111   
14.8238    11.2707   
1.0050     13.1004   

# Frame378

# x        y
15.0587    38.9928   
1.3757     16.2996   
8.6151     38.7634   
8.4064     10.6106   
14.8242    11.2700   
1.0050     13.1004   

# Frame379

# x        y
15.0591    38.9928   
1.3757     16.2996   
8.6155     38.7636   
8.4061     10.6100   
14.8246    11.2694   
1.0050     13.1004   

# Frame380

# x        y
15.0594    38.9928   
1.3757     16.2996   
8.6158     38.7638   
8.4059     10.6095   
14.8250    11.2688   
1.0050     13.1004   

# Frame381

# x        y
15.0598    38.9928   
1.3757     16.2996   
8.6161     38.7640   
8.4056     10.6090   
14.8253    11.2682   
1.0050     13.1004   

# Frame382

# x        y
15.0601    38.9928   
1.3757     16.2996   
8.6165     38.7642   
8.4053     10.6085   
14.8257    11.2676   
1.0050     13.1004   

# Frame383

# x        y
15.0605    38.9928   
1.3757     16.2996   
8.6168     38.7644   
8.4050     10.6080   
14.8260    11.2670   
1.0050     13.1004   

# Frame384

# x        y
15.0608    38.9928   
1.3757     16.2996   
8.6171     38.7645   
8.4047     10.6075   
14.8264    11.2664   
1.0050     13.1004   

# Frame385

# x        y
15.0612    38.9928   
1.3757     16.2996   
8.6175     38.7647   
8.4045     10.6071   
14.8267    11.2658   
1.0050     13.1004   

# Frame386

# x        y
15.0615    38.9928   
1.3757     16.2996   
8.6178     38.7649   
8.4042     10.6066   
14.8271    11.2653   
1.0050     13.1004   

# Frame387

# x        y
15.0618    38.9928   
1.3757     16.2996   
8.6181     38.7650   
8.4039     10.6061   
14.8274    11.2647   
1.0050     13.1004   

# Frame388

# x        y
15.0621    38.9928   
1.3757     16.2996   
8.6184     38.7652   
8.4037     10.6057   
14.8277    11.2642   
1.0050     13.1004   

# Frame389

# x        y
15.0624    38.9928   
1.3757     16.2996   
8.6187     38.7654   
8.4034     10.6052   
14.8281    11.2636   
1.0050     13.1004   

# Frame390

# x        y
15.0627    38.9928   
1.3757     16.2996   
8.6190     38.7655   
8.4032     10.6048   
14.8284    11.2631   
1.0050     13.1004   

# Frame391

# x        y
15.0631    38.9928   
1.3757     16.2996   
8.6193     38.7657   
8.4029     10.6044   
14.8287    11.2626   
1.0050     13.1004   

# Frame392

# x        y
15.0633    38.9928   
1.3757     16.2996   
8.6196     38.7659   
8.4027     10.6039   
14.8290    11.2621   
1.0050     13.1004   

# Frame393

# x        y
15.0636    38.9928   
1.3757     16.2996   
8.6198     38.7660   
8.4025     10.6035   
14.8293    11.2616   
1.0050     13.1004   

# Frame394

# x        y
15.0639    38.9928   
1.3757     16.2996   
8.6201     38.7662   
8.4022     10.6031   
14.8296    11.2611   
1.0050     13.1004   

# Frame395

# x        y
15.0642    38.9928   
1.3757     16.2996   
8.6204     38.7663   
8.4020     10.6027   
14.8299    11.2606   
1.0050     13.1004   

# Frame396

# x        y
15.0645    38.9928   
1.3757     16.2996   
8.6206     38.7664   
8.4018     10.6023   
14.8302    11.2602   
1.0050     13.1004   

# Frame397

# x        y
15.0648    38.9928   
1.3757     16.2996   
8.6209     38.7666   
8.4016     10.6019   
14.8304    11.2597   
1.0050     13.1004   

# Frame398

# x        y
15.0650    38.9928   
1.3757     16.2996   
8.6212     38.7667   
8.4013     10.6015   
14.8307    11.2592   
1.0050     13.1004   

# Frame399

# x        y
15.0653    38.9928   
1.3757     16.2996   
8.6214     38.7669   
8.4011     10.6012   
14.8310    11.2588   
1.0050     13.1004   

# Frame400

# x        y
15.0656    38.9928   
1.3757     16.2996   
8.6217     38.7670   
8.4009     10.6008   
14.8312    11.2583   
1.0050     13.1004   

# Frame401

# x        y
15.0658    38.9928   
1.3757     16.2996   
8.6219     38.7671   
8.4007     10.6004   
14.8315    11.2579   
1.0050     13.1004   

# Frame402

# x        y
15.0661    38.9928   
1.3757     16.2996   
8.6221     38.7673   
8.4005     10.6001   
14.8318    11.2575   
1.0050     13.1004   

# Frame403

# x        y
15.0663    38.9928   
1.3757     16.2996   
8.6224     38.7674   
8.4003     10.5997   
14.8320    11.2571   
1.0050     13.1004   

# Frame404

# x        y
15.0666    38.9928   
1.3757     16.2996   
8.6226     38.7675   
8.4001     10.5994   
14.8323    11.2566   
1.0050     13.1004   

# Frame405

# x        y
15.0668    38.9928   
1.3757     16.2996   
8.6228     38.7676   
8.3999     10.5990   
14.8325    11.2562   
1.0050     13.1004   

# Frame406

# x        y
15.0670    38.9928   
1.3757     16.2996   
8.6231     38.7678   
8.3997     10.5987   
14.8328    11.2558   
1.0050     13.1004   

# Frame407

# x        y
15.0673    38.9928   
1.3757     16.2996   
8.6233     38.7679   
8.3995     10.5984   
14.8330    11.2554   
1.0050     13.1004   

# Frame408

# x        y
15.0675    38.9928   
1.3757     16.2996   
8.6235     38.7680   
8.3994     10.5981   
14.8332    11.2550   
1.0050     13.1004   

# Frame409

# x        y
15.0677    38.9928   
1.3757     16.2996   
8.6237     38.7681   
8.3992     10.5977   
14.8334    11.2547   
1.0050     13.1004   

# Frame410

# x        y
15.0679    38.9928   
1.3757     16.2996   
8.6239     38.7682   
8.3990     10.5974   
14.8337    11.2543   
1.0050     13.1004   

# Frame411

# x        y
15.0682    38.9928   
1.3757     16.2996   
8.6241     38.7684   
8.3988     10.5971   
14.8339    11.2539   
1.0050     13.1004   

# Frame412

# x        y
15.0684    38.9928   
1.3757     16.2996   
8.6243     38.7685   
8.3987     10.5968   
14.8341    11.2536   
1.0050     13.1004   

# Frame413

# x        y
15.0686    38.9928   
1.3757     16.2996   
8.6245     38.7686   
8.3985     10.5965   
14.8343    11.2532   
1.0050     13.1004   

# Frame414

# x        y
15.0688    38.9928   
1.3757     16.2996   
8.6247     38.7687   
8.3983     10.5962   
14.8345    11.2529   
1.0050     13.1004   

# Frame415

# x        y
15.0690    38.9928   
1.3757     16.2996   
8.6249     38.7688   
8.3982     10.5960   
14.8347    11.2525   
1.0050     13.1004   

# Frame416

# x        y
15.0692    38.9928   
1.3757     16.2996   
8.6251     38.7689   
8.3980     10.5957   
14.8349    11.2522   
1.0050     13.1004   

# Frame417

# x        y
15.0694    38.9928   
1.3757     16.2996   
8.6253     38.7690   
8.3979     10.5954   
14.8351    11.2518   
1.0050     13.1004   

# Frame418

# x        y
15.0696    38.9928   
1.3757     16.2996   
8.6255     38.7691   
8.3977     10.5951   
14.8353    11.2515   
1.0050     13.1004   

# Frame419

# x        y
15.0698    38.9928   
1.3757     16.2996   
8.6257     38.7692   
8.3975     10.5949   
14.8355    11.2512   
1.0050     13.1004   

# Frame420

# x        y
15.0699    38.9928   
1.3757     16.2996   
8.6258     38.7693   
8.3974     10.5946   
14.8357    11.2509   
1.0050     13.1004   

# Frame421

# x        y
15.0701    38.9928   
1.3757     16.2996   
8.6260     38.7694   
8.3973     10.5943   
14.8359    11.2506   
1.0050     13.1004   

# Frame422

# x        y
15.0703    38.9928   
1.3757     16.2996   
8.6262     38.7695   
8.3971     10.5941   
14.8361    11.2503   
1.0050     13.1004   

# Frame423

# x        y
15.0705    38.9928   
1.3757     16.2996   
8.6264     38.7696   
8.3970     10.5938   
14.8363    11.2500   
1.0050     13.1004   

# Frame424

# x        y
15.0707    38.9928   
1.3757     16.2996   
8.6265     38.7697   
8.3968     10.5936   
14.8365    11.2497   
1.0050     13.1004   

# Frame425

# x        y
15.0708    38.9928   
1.3757     16.2996   
8.6267     38.7698   
8.3967     10.5933   
14.8366    11.2494   
1.0050     13.1004   

# Frame426

# x        y
15.0710    38.9928   
1.3757     16.2996   
8.6268     38.7698   
8.3966     10.5931   
14.8368    11.2491   
1.0050     13.1004   

# Frame427

# x        y
15.0712    38.9928   
1.3757     16.2996   
8.6270     38.7699   
8.3964     10.5929   
14.8370    11.2488   
1.0050     13.1004   

# Frame428

# x        y
15.0713    38.9928   
1.3757     16.2996   
8.6272     38.7700   
8.3963     10.5926   
14.8371    11.2485   
1.0050     13.1004   

# Frame429

# x        y
15.0715    38.9928   
1.3757     16.2996   
8.6273     38.7701   
8.3962     10.5924   
14.8373    11.2483   
1.0050     13.1004   

# Frame430

# x        y
15.0716    38.9928   
1.3757     16.2996   
8.6275     38.7702   
8.3960     10.5922   
14.8375    11.2480   
1.0050     13.1004   

# Frame431

# x        y
15.0718    38.9928   
1.3757     16.2996   
8.6276     38.7703   
8.3959     10.5920   
14.8376    11.2477   
1.0050     13.1004   

# Frame432

# x        y
15.0719    38.9928   
1.3757     16.2996   
8.6278     38.7703   
8.3958     10.5917   
14.8378    11.2475   
1.0050     13.1004   

# Frame433

# x        y
15.0721    38.9928   
1.3757     16.2996   
8.6279     38.7704   
8.3957     10.5915   
14.8379    11.2472   
1.0050     13.1004   

# Frame434

# x        y
15.0722    38.9928   
1.3757     16.2996   
8.6280     38.7705   
8.3955     10.5913   
14.8381    11.2470   
1.0050     13.1004   

# Frame435

# x        y
15.0724    38.9928   
1.3757     16.2996   
8.6282     38.7706   
8.3954     10.5911   
14.8382    11.2467   
1.0050     13.1004   

# Frame436

# x        y
15.0725    38.9928   
1.3757     16.2996   
8.6283     38.7706   
8.3953     10.5909   
14.8384    11.2465   
1.0050     13.1004   

# Frame437

# x        y
15.0727    38.9928   
1.3757     16.2996   
8.6284     38.7707   
8.3952     10.5907   
14.8385    11.2462   
1.0050     13.1004   

# Frame438

# x        y
15.0728    38.9928   
1.3757     16.2996   
8.6286     38.7708   
8.3951     10.5905   
14.8387    11.2460   
1.0050     13.1004   

# Frame439

# x        y
15.0729    38.9928   
1.3757     16.2996   
8.6287     38.7709   
8.3950     10.5903   
14.8388    11.2458   
1.0050     13.1004   

# Frame440

# x        y
15.0731    38.9928   
1.3757     16.2996   
8.6288     38.7709   
8.3949     10.5901   
14.8389    11.2455   
1.0050     13.1004   

# Frame441

# x        y
15.0732    38.9928   
1.3757     16.2996   
8.6290     38.7710   
8.3948     10.5900   
14.8391    11.2453   
1.0050     13.1004   

# Frame442

# x        y
15.0733    38.9928   
1.3757     16.2996   
8.6291     38.7711   
8.3947     10.5898   
14.8392    11.2451   
1.0050     13.1004   

# Frame443

# x        y
15.0735    38.9928   
1.3757     16.2996   
8.6292     38.7711   
8.3946     10.5896   
14.8393    11.2449   
1.0050     13.1004   

# Frame444

# x        y
15.0736    38.9928   
1.3757     16.2996   
8.6293     38.7712   
8.3945     10.5894   
14.8395    11.2447   
1.0050     13.1004   

# Frame445

# x        y
15.0737    38.9928   
1.3757     16.2996   
8.6294     38.7713   
8.3944     10.5892   
14.8396    11.2445   
1.0050     13.1004   

# Frame446

# x        y
15.0738    38.9928   
1.3757     16.2996   
8.6295     38.7713   
8.3943     10.5891   
14.8397    11.2443   
1.0050     13.1004   

# Frame447

# x        y
15.0739    38.9928   
1.3757     16.2996   
8.6297     38.7714   
8.3942     10.5889   
14.8398    11.2441   
1.0050     13.1004   

# Frame448

# x        y
15.0741    38.9928   
1.3757     16.2996   
8.6298     38.7714   
8.3941     10.5887   
14.8399    11.2439   
1.0050     13.1004   

# Frame449

# x        y
15.0742    38.9928   
1.3757     16.2996   
8.6299     38.7715   
8.3940     10.5886   
14.8401    11.2437   
1.0050     13.1004   

# Frame450

# x        y
15.0743    38.9928   
1.3757     16.2996   
8.6300     38.7716   
8.3939     10.5884   
14.8402    11.2435   
1.0050     13.1004   

# Frame451

# x        y
15.0744    38.9928   
1.3757     16.2996   
8.6301     38.7716   
8.3938     10.5883   
14.8403    11.2433   
1.0050     13.1004   

# Frame452

# x        y
15.0745    38.9928   
1.3757     16.2996   
8.6302     38.7717   
8.3937     10.5881   
14.8404    11.2431   
1.0050     13.1004   

# Frame453

# x        y
15.0746    38.9928   
1.3757     16.2996   
8.6303     38.7717   
8.3936     10.5880   
14.8405    11.2429   
1.0050     13.1004   

# Frame454

# x        y
15.0747    38.9928   
1.3757     16.2996   
8.6304     38.7718   
8.3936     10.5878   
14.8406    11.2427   
1.0050     13.1004   

# Frame455

# x        y
15.0748    38.9928   
1.3757     16.2996   
8.6305     38.7718   
8.3935     10.5877   
14.8407    11.2426   
1.0050     13.1004   

# Frame456

# x        y
15.0749    38.9928   
1.3757     16.2996   
8.6306     38.7719   
8.3934     10.5875   
14.8408    11.2424   
1.0050     13.1004   

# Frame457

# x        y
15.0749    38.9928   
1.3757     16.2996   
8.6307     38.7719   
8.3933     10.5874   
14.8409    11.2422   
1.0050     13.1004   

# Frame458

# x        y
15.0749    38.9928   
1.3757     16.2996   
8.6308     38.7720   
8.3932     10.5872   
14.8410    11.2421   
1.0050     13.1004   

# Frame459

# x        y
15.0749    38.9928   
1.3757     16.2996   
8.6309     38.7720   
8.3932     10.5871   
14.8411    11.2419   
1.0050     13.1004   

# Frame460

# x        y
15.0749    38.9928   
1.3757     16.2996   
8.6310     38.7721   
8.3931     10.5870   
14.8412    11.2417   
1.0050     13.1004   

# Frame461

# x        y
15.0749    38.9928   
1.3757     16.2996   
8.6311     38.7721   
8.3930     10.5868   
14.8413    11.2416   
1.0050     13.1004   

# Frame462

# x        y
15.0749    38.9928   
1.3757     16.2996   
8.6311     38.7721   
8.3929     10.5867   
14.8414    11.2414   
1.0050     13.1004   

# Frame463

# x        y
15.0749    38.9928   
1.3757     16.2996   
8.6311     38.7721   
8.3929     10.5866   
14.8415    11.2413   
1.0050     13.1004   

# Frame464

# x        y
15.0749    38.9928   
1.3757     16.2996   
8.6311     38.7721   
8.3928     10.5864   
14.8416    11.2411   
1.0050     13.1004   

# Frame465

# x        y
15.0749    38.9928   
1.3757     16.2996   
8.6311     38.7721   
8.3927     10.5863   
14.8417    11.2410   
1.0050     13.1004   

# Frame466

# x        y
15.0749    38.9928   
1.3757     16.2996   
8.6311     38.7721   
8.3926     10.5862   
14.8418    11.2408   
1.0050     13.1004   

# Frame467

# x        y
15.0749    38.9928   
1.3757     16.2996   
8.6311     38.7721   
8.3926     10.5861   
14.8419    11.2407   
1.0050     13.1004   

# Frame468

# x        y
15.0749    38.9928   
1.3757     16.2996   
8.6311     38.7721   
8.3925     10.5860   
14.8419    11.2405   
1.0050     13.1004   

# Frame469

# x        y
15.0749    38.9928   
1.3757     16.2996   
8.6311     38.7721   
8.3924     10.5859   
14.8420    11.2404   
1.0050     13.1004   

# Frame470

# x        y
15.0749    38.9928   
1.3757     16.2996   
8.6311     38.7721   
8.3924     10.5857   
14.8421    11.2403   
1.0050     13.1004   

# Frame471

# x        y
15.0749    38.9928   
1.3757     16.2996   
8.6311     38.7721   
8.3923     10.5856   
14.8422    11.2401   
1.0050     13.1004   

# Frame472

# x        y
15.0749    38.9928   
1.3757     16.2996   
8.6311     38.7721   
8.3923     10.5855   
14.8423    11.2400   
1.0050     13.1004   

# Frame473

# x        y
15.0749    38.9928   
1.3757     16.2996   
8.6311     38.7721   
8.3922     10.5854   
14.8424    11.2399   
1.0050     13.1004   

# Frame474

# x        y
15.0749    38.9928   
1.3757     16.2996   
8.6311     38.7721   
8.3921     10.5853   
14.8424    11.2397   
1.0050     13.1004   

# Frame475

# x        y
15.0749    38.9928   
1.3757     16.2996   
8.6311     38.7721   
8.3921     10.5852   
14.8425    11.2396   
1.0050     13.1004   

# Frame476

# x        y
15.0749    38.9928   
1.3757     16.2996   
8.6311     38.7721   
8.3920     10.5851   
14.8426    11.2395   
1.0050     13.1004   

# Frame477

# x        y
15.0749    38.9928   
1.3757     16.2996   
8.6311     38.7721   
8.3920     10.5850   
14.8427    11.2394   
1.0050     13.1004   

# Frame478

# x        y
15.0749    38.9928   
1.3757     16.2996   
8.6311     38.7721   
8.3919     10.5849   
14.8427    11.2392   
1.0050     13.1004   

# Frame479

# x        y
15.0749    38.9928   
1.3757     16.2996   
8.6311     38.7721   
8.3918     10.5848   
14.8428    11.2391   
1.0050     13.1004   

# Frame480

# x        y
15.0749    38.9928   
1.3757     16.2996   
8.6311     38.7721   
8.3918     10.5847   
14.8429    11.2390   
1.0050     13.1004   

# Frame481

# x        y
15.0749    38.9928   
1.3757     16.2996   
8.6311     38.7721   
8.3917     10.5846   
14.8429    11.2389   
1.0050     13.1004   

# Frame482

# x        y
15.0749    38.9928   
1.3757     16.2996   
8.6311     38.7721   
8.3917     10.5845   
14.8430    11.2388   
1.0050     13.1004   

# Frame483

# x        y
15.0749    38.9928   
1.3757     16.2996   
8.6311     38.7721   
8.3916     10.5844   
14.8431    11.2387   
1.0050     13.1004   

# Frame484

# x        y
15.0749    38.9928   
1.3757     16.2996   
8.6311     38.7721   
8.3916     10.5843   
14.8431    11.2386   
1.0050     13.1004   

# Frame485

# x        y
15.0749    38.9928   
1.3757     16.2996   
8.6311     38.7721   
8.3915     10.5842   
14.8432    11.2385   
1.0050     13.1004   

# Frame486

# x        y
15.0749    38.9928   
1.3757     16.2996   
8.6311     38.7721   
8.3915     10.5842   
14.8433    11.2384   
1.0050     13.1004   

# Frame487

# x        y
15.0749    38.9928   
1.3757     16.2996   
8.6311     38.7721   
8.3915     10.5842   
14.8433    11.2383   
1.0050     13.1004   

# Frame488

# x        y
15.0749    38.9928   
1.3757     16.2996   
8.6311     38.7721   
8.3915     10.5842   
14.8434    11.2381   
1.0050     13.1004   

# Frame489

# x        y
15.0749    38.9928   
1.3757     16.2996   
8.6311     38.7721   
8.3915     10.5842   
14.8434    11.2381   
1.0050     13.1004   

# Frame490

# x        y
15.0749    38.9928   
1.3757     16.2996   
8.6311     38.7721   
8.3915     10.5842   
14.8435    11.2380   
1.0050     13.1004   

# Frame491

# x        y
15.0749    38.9928   
1.3757     16.2996   
8.6311     38.7721   
8.3915     10.5842   
14.8436    11.2379   
1.0050     13.1004   

# Frame492

# x        y
15.0749    38.9928   
1.3757     16.2996   
8.6311     38.7721   
8.3915     10.5842   
14.8436    11.2378   
1.0050     13.1004   

# Frame493

# x        y
15.0749    38.9928   
1.3757     16.2996   
8.6311     38.7721   
8.3915     10.5842   
14.8437    11.2377   
1.0050     13.1004   

# Frame494

# x        y
15.0749    38.9928   
1.3757     16.2996   
8.6311     38.7721   
8.3915     10.5842   
14.8437    11.2376   
1.0050     13.1004   

# Frame495

# x        y
15.0749    38.9928   
1.3757     16.2996   
8.6311     38.7721   
8.3915     10.5842   
14.8438    11.2375   
1.0050     13.1004   

# Frame496

# x        y
15.0749    38.9928   
1.3757     16.2996   
8.6311     38.7721   
8.3915     10.5842   
14.8438    11.2374   
1.0050     13.1004   

# Frame497

# x        y
15.0749    38.9928   
1.3757     16.2996   
8.6311     38.7721   
8.3915     10.5842   
14.8439    11.2373   
1.0050     13.1004   

# Frame498

