# x        y
4.2277     37.9852   
14.9068    34.3226   
11.4572    17.9730   
14.0439    1.3362    
8.0723     25.9967   
14.6157    27.0428   

# Frame1

# x        y
4.2277     37.9852   
14.9068    34.3226   
11.4572    17.9730   
14.0439    1.3362    
8.0723     25.9967   
12.6309    26.7970   

# Frame2

# x        y
4.2277     37.9852   
14.9068    34.3226   
11.4572    17.9730   
14.0439    1.3362    
8.0723     25.9967   
10.6792    26.5552   

# Frame3

# x        y
4.2277     37.9852   
14.9068    34.3226   
11.4572    17.9730   
14.0439    1.3362    
7.1959     25.6434   
9.6364     26.6708   

# Frame4

# x        y
4.2277     37.9852   
14.9068    34.3226   
11.4572    17.9730   
14.0439    1.3362    
5.8692     25.1076   
9.0759     26.9728   

# Frame5

# x        y
4.2277     37.9852   
14.9068    34.3226   
11.4572    17.9730   
14.0439    1.3362    
4.5646     24.5807   
8.5247     27.2699   

# Frame6

# x        y
4.2277     37.9852   
14.9068    34.3226   
11.4572    17.9730   
14.0439    1.3362    
3.2817     24.0626   
7.9827     27.5619   

# Frame7

# x        y
4.2277     37.9852   
14.9068    34.3226   
11.4572    17.9730   
14.0439    1.3362    
2.0202     23.5531   
7.4498     27.8491   

# Frame8

# x        y
4.2277     37.9852   
14.9068    34.3226   
11.4572    17.9730   
14.0439    1.3362    
1.1125     23.0610   
6.9257     28.1316   

# Frame9

# x        y
4.2277     37.9852   
14.9068    34.3226   
11.4572    17.9730   
14.0439    1.3362    
1.7224     22.6190   
6.4104     28.4093   

# Frame10

# x        y
4.2277     37.9852   
14.9068    34.3226   
11.4572    17.9730   
14.0439    1.3362    
2.3221     22.1843   
5.9036     28.6824   

# Frame11

# x        y
4.2277     37.9852   
14.9068    34.3226   
11.4572    17.9730   
14.0439    1.3362    
2.9118     21.7569   
5.4053     28.9509   

# Frame12

# x        y
4.2277     37.9852   
14.9068    34.3226   
11.4572    17.9730   
14.0439    1.3362    
3.4917     21.3365   
4.9154     29.2149   

# Frame13

# x        y
4.2277     37.9852   
14.9068    34.3226   
11.4572    17.9730   
14.0439    1.3362    
4.0620     20.9232   
4.4335     29.4746   

# Frame14

# x        y
4.2277     37.9852   
14.9068    34.3226   
11.4572    17.9730   
14.0439    1.3362    
4.6227     20.5168   
3.9597     29.7299   

# Frame15

# x        y
4.2277     37.9852   
14.9068    34.3226   
11.4572    17.9730   
14.0439    1.3362    
5.1741     20.1172   
3.4938     29.9810   

# Frame16

# x        y
4.2277     37.9852   
14.9068    34.3226   
11.4572    17.9730   
14.0439    1.3362    
5.7163     19.7242   
3.0357     30.2279   

# Frame17

# x        y
4.2277     37.9852   
14.9068    34.3226   
11.4572    17.9730   
14.0439    1.3362    
6.2495     19.3377   
2.5852     30.4707   

# Frame18

# x        y
4.2277     37.9852   
14.9068    34.3226   
11.4572    17.9730   
14.0439    1.3362    
6.7738     18.9577   
2.1422     30.7094   

# Frame19

# x        y
4.2277     37.9852   
14.9068    34.3226   
11.4572    17.9730   
14.0439    1.3362    
7.2893     18.5841   
1.7066     30.9441   

# Frame20

# x        y
4.2277     37.9852   
14.9068    34.3226   
11.4572    17.9730   
14.0439    1.3362    
7.7963     18.2166   
1.2783     31.1750   

# Frame21

# x        y
4.2277     37.9852   
14.9068    34.3226   
11.4572    17.9730   
14.0439    1.3362    
8.2948     17.8553   
1.0738     31.4397   

# Frame22

# x        y
4.2277     37.9852   
14.9068    34.3226   
11.4572    17.9730   
14.0439    1.3362    
8.7849     17.5000   
1.2809     31.7764   

# Frame23

# x        y
4.2277     37.9852   
14.9068    34.3226   
11.4572    17.9730   
14.0439    1.3362    
9.2670     17.1507   
1.4845     32.1074   

# Frame24

# x        y
4.2277     37.9852   
14.9068    34.3226   
11.4572    17.9730   
14.0439    1.3362    
9.7410     16.8071   
1.6848     32.4329   

# Frame25

# x        y
4.2277     37.9852   
14.9068    34.3226   
11.5242    17.9573   
14.0439    1.3362    
10.1401    16.4850   
1.8817     32.7530   

# Frame26

# x        y
4.2277     37.9852   
14.9068    34.3226   
11.6742    17.9137   
14.0439    1.3362    
10.4484    16.1964   
2.0753     33.0677   

# Frame27

# x        y
4.2277     37.9852   
14.9068    34.3226   
11.8217    17.8709   
14.0439    1.3362    
10.7515    15.9126   
2.2657     33.3772   

# Frame28

# x        y
4.2277     37.9852   
14.9068    34.3226   
11.9668    17.8288   
14.0439    1.3362    
11.0496    15.6334   
2.4529     33.6816   

# Frame29

# x        y
4.2277     37.9852   
14.9068    34.3226   
12.1094    17.7874   
14.0439    1.3362    
11.3428    15.3590   
2.6371     33.9808   

# Frame30

# x        y
4.2277     37.9852   
14.9068    34.3226   
12.2497    17.7467   
14.0439    1.3362    
11.6310    15.0891   
2.8181     34.2751   

# Frame31

# x        y
4.2277     37.9852   
14.9068    34.3226   
12.3876    17.7067   
14.0439    1.3362    
11.9145    14.8237   
2.9961     34.5645   

# Frame32

# x        y
4.2277     37.9852   
14.9068    34.3226   
12.5232    17.6673   
14.0439    1.3362    
12.1932    14.5628   
3.1712     34.8490   

# Frame33

# x        y
4.2277     37.9852   
14.9068    34.3226   
12.6566    17.6286   
14.0439    1.3362    
12.4673    14.3062   
3.3433     35.1289   

# Frame34

# x        y
4.2277     37.9852   
14.9068    34.3226   
12.7878    17.5905   
14.0439    1.3362    
12.7368    14.0538   
3.5126     35.4040   

# Frame35

# x        y
4.2277     37.9852   
14.9068    34.3226   
12.9167    17.5531   
14.0439    1.3362    
13.0018    13.8057   
3.6790     35.6746   

# Frame36

# x        y
4.2277     37.9852   
14.9068    34.3226   
13.0435    17.5163   
14.0439    1.3362    
13.2624    13.5617   
3.8427     35.9406   

# Frame37

# x        y
4.2430     38.1317   
14.9068    34.3226   
13.1682    17.4801   
14.0439    1.3362    
13.5187    13.3218   
3.9883     36.0557   

# Frame38

# x        y
4.2645     38.3411   
14.9068    34.3226   
13.2908    17.4445   
14.0439    1.3362    
13.7707    13.0859   
4.1251     36.1035   

# Frame39

# x        y
4.2856     38.5470   
14.9068    34.3226   
13.4114    17.4095   
14.0439    1.3362    
14.0185    12.8539   
4.2597     36.1506   

# Frame40

# x        y
4.3063     38.7495   
14.9068    34.3226   
13.5300    17.3751   
14.0439    1.3362    
14.2621    12.6257   
4.3919     36.1968   

# Frame41

# x        y
4.3267     38.9486   
14.9068    34.3226   
13.6466    17.3413   
14.0439    1.3362    
14.5017    12.4014   
4.5220     36.2423   

# Frame42

# x        y
4.3364     38.9254   
14.9068    34.3226   
13.7612    17.3080   
14.0439    1.3362    
14.7373    12.1808   
4.6499     36.2871   

# Frame43

# x        y
4.3417     38.8292   
14.9068    34.3226   
13.8740    17.2753   
14.0439    1.3362    
14.9690    11.9639   
4.7757     36.3311   

# Frame44

# x        y
4.3470     38.7345   
14.9068    34.3226   
13.9848    17.2431   
14.0439    1.3362    
15.1968    11.7506   
4.8994     36.3743   

# Frame45

# x        y
4.3522     38.6414   
14.9068    34.3226   
14.0938    17.2114   
14.0439    1.3362    
15.4208    11.5409   
5.0210     36.4169   

# Frame46

# x        y
4.3573     38.5499   
14.9068    34.3226   
14.2010    17.1803   
14.0439    1.3362    
15.6411    11.3346   
5.1406     36.4587   

# Frame47

# x        y
4.3623     38.4599   
14.9068    34.3226   
14.3064    17.1497   
14.0439    1.3362    
15.8577    11.1318   
5.2582     36.4998   

# Frame48

# x        y
4.3673     38.3714   
14.9068    34.3226   
14.4101    17.1196   
14.0439    1.3362    
16.0707    10.9324   
5.3739     36.5403   

# Frame49

# x        y
4.3721     38.2843   
14.9068    34.3226   
14.5120    17.0901   
14.0439    1.3362    
16.2802    10.7363   
5.4876     36.5800   

# Frame50

# x        y
4.3769     38.1988   
14.9068    34.3226   
14.6122    17.0610   
14.0439    1.3362    
16.4862    10.5435   
5.5994     36.6192   

# Frame51

# x        y
4.3729     38.1388   
14.9068    34.3226   
14.7108    17.0324   
14.0439    1.3362    
16.6887    10.3538   
5.7180     36.6334   

# Frame52

# x        y
4.3691     38.0798   
14.9068    34.3226   
14.8077    17.0042   
14.0439    1.3362    
16.8879    10.1674   
5.8347     36.6475   

# Frame53

# x        y
4.3652     38.0218   
14.9068    34.3226   
14.9030    16.9766   
14.0439    1.3362    
17.0837    9.9840    
5.9493     36.6613   

# Frame54

# x        y
4.3615     37.9648   
14.9068    34.3226   
14.9967    16.9494   
14.0439    1.3362    
17.2763    9.8037    
6.0621     36.6749   

# Frame55

# x        y
4.3578     37.9087   
14.9068    34.3226   
15.0888    16.9226   
14.0439    1.3362    
17.4656    9.6264    
6.1730     36.6882   

# Frame56

# x        y
4.3542     37.8535   
14.9068    34.3226   
15.1794    16.8963   
14.0439    1.3362    
17.6518    9.4521    
6.2820     36.7014   

# Frame57

# x        y
4.3506     37.7993   
14.9068    34.3226   
15.2685    16.8705   
14.0439    1.3362    
17.8349    9.2807    
6.3892     36.7143   

# Frame58

# x        y
4.3471     37.7460   
14.9068    34.3226   
15.3562    16.8450   
14.0439    1.3362    
18.0150    9.1121    
6.4947     36.7270   

# Frame59

# x        y
4.3437     37.6935   
14.9068    34.3226   
15.4423    16.8200   
14.0439    1.3362    
18.1920    8.9463    
6.5983     36.7395   

# Frame60

# x        y
4.3403     37.6420   
14.9068    34.3226   
15.5270    16.7955   
14.0439    1.3362    
18.3661    8.7833    
6.7003     36.7518   

# Frame61

# x        y
4.3369     37.5913   
14.9068    34.3226   
15.6103    16.7713   
14.0439    1.3362    
18.5373    8.6230    
6.8005     36.7638   

# Frame62

# x        y
4.3337     37.5414   
14.9068    34.3226   
15.6923    16.7475   
14.0439    1.3362    
18.7057    8.4654    
6.8991     36.7757   

# Frame63

# x        y
4.3304     37.4924   
14.9068    34.3226   
15.7728    16.7241   
14.0439    1.3362    
18.8712    8.3104    
6.9961     36.7874   

# Frame64

# x        y
4.3273     37.4442   
14.9068    34.3226   
15.8520    16.7011   
14.0439    1.3362    
18.9811    8.1668    
7.0914     36.7989   

# Frame65

# x        y
4.3241     37.3968   
14.9068    34.3226   
15.9299    16.6785   
14.0439    1.3362    
18.9011    8.0654    
7.1851     36.8102   

# Frame66

# x        y
4.3211     37.3501   
14.9068    34.3226   
16.0065    16.6563   
14.0439    1.3362    
18.8224    7.9656    
7.2773     36.8213   

# Frame67

# x        y
4.3181     37.3043   
14.9068    34.3226   
16.0818    16.6344   
14.0439    1.3362    
18.7450    7.8675    
7.3679     36.8322   

# Frame68

# x        y
4.3151     37.2592   
14.9068    34.3226   
16.1559    16.6129   
14.0439    1.3362    
18.6689    7.7711    
7.4570     36.8429   

# Frame69

# x        y
4.3122     37.2149   
14.9068    34.3226   
16.2287    16.5918   
14.0439    1.3362    
18.5941    7.6762    
7.5447     36.8535   

# Frame70

# x        y
4.3093     37.1713   
14.9068    34.3226   
16.3003    16.5710   
14.0439    1.3362    
18.5205    7.5830    
7.6308     36.8639   

# Frame71

# x        y
4.3065     37.1284   
14.9068    34.3226   
16.3707    16.5506   
14.0439    1.3362    
18.4481    7.4913    
7.7156     36.8741   

# Frame72

# x        y
4.3037     37.0863   
14.9068    34.3226   
16.4400    16.5305   
14.0439    1.3362    
18.3770    7.4011    
7.7989     36.8841   

# Frame73

# x        y
4.3010     37.0448   
14.9068    34.3226   
16.5081    16.5107   
14.0439    1.3362    
18.3070    7.3124    
7.8808     36.8940   

# Frame74

# x        y
4.2983     37.0041   
14.9068    34.3226   
16.5750    16.4913   
14.0439    1.3362    
18.2382    7.2252    
7.9614     36.9037   

# Frame75

# x        y
4.2957     36.9640   
14.9068    34.3226   
16.6409    16.4722   
14.0439    1.3362    
18.1706    7.1395    
8.0406     36.9132   

# Frame76

# x        y
4.2931     36.9246   
14.9068    34.3226   
16.7056    16.4534   
14.0439    1.3362    
18.1040    7.0551    
8.1186     36.9226   

# Frame77

# x        y
4.2905     36.8859   
14.9068    34.3226   
16.7693    16.4349   
14.0439    1.3362    
18.0386    6.9722    
8.1952     36.9318   

# Frame78

# x        y
4.2880     36.8478   
14.9068    34.3226   
16.8319    16.4167   
14.0439    1.3362    
17.9743    6.8907    
8.2705     36.9409   

# Frame79

# x        y
4.2856     36.8103   
14.9068    34.3226   
16.8934    16.3989   
14.0439    1.3362    
17.9110    6.8105    
8.3446     36.9498   

# Frame80

# x        y
4.2832     36.7735   
14.9068    34.3226   
16.9540    16.3813   
14.0439    1.3362    
17.8488    6.7317    
8.4174     36.9586   

# Frame81

# x        y
4.2808     36.7372   
14.9068    34.3226   
17.0135    16.3640   
14.0439    1.3362    
17.7877    6.6542    
8.4891     36.9672   

# Frame82

# x        y
4.2784     36.7016   
14.9068    34.3226   
17.0720    16.3470   
14.0439    1.3362    
17.7275    6.5779    
8.5595     36.9757   

# Frame83

# x        y
4.2761     36.6666   
14.9068    34.3226   
17.1296    16.3303   
14.0439    1.3362    
17.6684    6.5030    
8.6288     36.9841   

# Frame84

# x        y
4.2739     36.6321   
14.9068    34.3226   
17.1862    16.3139   
14.0439    1.3362    
17.6102    6.4293    
8.6969     36.9923   

# Frame85

# x        y
4.2716     36.5982   
14.9068    34.3226   
17.2418    16.2977   
14.0439    1.3362    
17.5531    6.3568    
8.7638     37.0003   

# Frame86

# x        y
4.2694     36.5649   
14.9068    34.3226   
17.2965    16.2818   
14.0439    1.3362    
17.4968    6.2855    
8.8297     37.0083   

# Frame87

# x        y
4.2673     36.5322   
14.9068    34.3226   
17.3504    16.2662   
14.0439    1.3362    
17.4415    6.2154    
8.8944     37.0161   

# Frame88

# x        y
4.2652     36.5000   
14.9068    34.3226   
17.4033    16.2509   
14.0439    1.3362    
17.3872    6.1465    
8.9581     37.0238   

# Frame89

# x        y
4.2631     36.4683   
14.9068    34.3226   
17.4553    16.2358   
14.0439    1.3362    
17.3337    6.0787    
9.0207     37.0313   

# Frame90

# x        y
4.2610     36.4372   
14.9068    34.3226   
17.5065    16.2209   
14.0439    1.3362    
17.2811    6.0121    
9.0823     37.0387   

# Frame91

# x        y
4.2590     36.4065   
14.9068    34.3226   
17.5568    16.2063   
14.0439    1.3362    
17.2294    5.9466    
9.1429     37.0460   

# Frame92

# x        y
4.2570     36.3764   
14.9068    34.3226   
17.6063    16.1919   
14.0439    1.3362    
17.1786    5.8821    
9.2024     37.0532   

# Frame93

# x        y
4.2551     36.3468   
14.9068    34.3226   
17.6549    16.1778   
14.0439    1.3362    
17.1286    5.8188    
9.2610     37.0602   

# Frame94

# x        y
4.2532     36.3177   
14.9068    34.3226   
17.7028    16.1639   
14.0439    1.3362    
17.0794    5.7565    
9.3185     37.0672   

# Frame95

# x        y
4.2513     36.2891   
14.9068    34.3226   
17.7498    16.1503   
14.0439    1.3362    
17.0311    5.6952    
9.3751     37.0740   

# Frame96

# x        y
4.2495     36.2609   
14.9068    34.3226   
17.7961    16.1369   
14.0439    1.3362    
16.9836    5.6349    
9.4308     37.0807   

# Frame97

# x        y
4.2476     36.2332   
14.9068    34.3226   
17.8416    16.1237   
14.0439    1.3362    
16.9368    5.5757    
9.4855     37.0873   

# Frame98

# x        y
4.2458     36.2060   
14.9068    34.3226   
17.8863    16.1107   
14.0439    1.3362    
16.8909    5.5174    
9.5394     37.0938   

# Frame99

# x        y
4.2441     36.1792   
14.9068    34.3226   
17.9303    16.0979   
14.0439    1.3362    
16.8457    5.4602    
9.5923     37.1002   

# Frame100

# x        y
4.2423     36.1529   
14.9068    34.3226   
17.9735    16.0853   
14.0439    1.3362    
16.8012    5.4038    
9.6444     37.1064   

# Frame101

# x        y
4.2406     36.1270   
14.9068    34.3226   
18.0161    16.0730   
14.0439    1.3362    
16.7575    5.3484    
9.6955     37.1126   

# Frame102

# x        y
4.2390     36.1016   
14.9068    34.3226   
18.0579    16.0609   
14.0439    1.3362    
16.7145    5.2940    
9.7459     37.1186   

# Frame103

# x        y
4.2373     36.0765   
14.9068    34.3226   
18.0990    16.0489   
14.0439    1.3362    
16.6723    5.2404    
9.7954     37.1246   

# Frame104

# x        y
4.2357     36.0519   
14.9068    34.3226   
18.1395    16.0372   
14.0439    1.3362    
16.6307    5.1877    
9.8440     37.1305   

# Frame105

# x        y
4.2341     36.0277   
14.9068    34.3226   
18.1792    16.0257   
14.0439    1.3362    
16.5899    5.1359    
9.8919     37.1362   

# Frame106

# x        y
4.2325     36.0039   
14.9068    34.3226   
18.2183    16.0143   
14.0439    1.3362    
16.5497    5.0850    
9.9389     37.1419   

# Frame107

# x        y
4.2310     35.9805   
14.9068    34.3226   
18.2568    16.0031   
14.0439    1.3362    
16.5102    5.0349    
9.9852     37.1475   

# Frame108

# x        y
4.2295     35.9575   
14.9068    34.3226   
18.2946    15.9922   
14.0439    1.3362    
16.4713    4.9857    
10.0307    37.1530   

# Frame109

# x        y
4.2280     35.9349   
14.9068    34.3226   
18.3318    15.9814   
14.0439    1.3362    
16.4331    4.9373    
10.0754    37.1584   

# Frame110

# x        y
4.2265     35.9126   
14.9068    34.3226   
18.3683    15.9708   
14.0439    1.3362    
16.3955    4.8897    
10.1194    37.1637   

# Frame111

# x        y
4.2251     35.8907   
14.9068    34.3226   
18.4043    15.9603   
14.0439    1.3362    
16.3586    4.8428    
10.1627    37.1689   

# Frame112

# x        y
4.2237     35.8692   
14.9068    34.3226   
18.4396    15.9501   
14.0439    1.3362    
16.3223    4.7968    
10.2052    37.1740   

# Frame113

# x        y
4.2223     35.8480   
14.9068    34.3226   
18.4744    15.9400   
14.0439    1.3362    
16.2866    4.7515    
10.2471    37.1790   

# Frame114

# x        y
4.2209     35.8272   
14.9068    34.3226   
18.5086    15.9301   
14.0439    1.3362    
16.2514    4.7070    
10.2882    37.1840   

# Frame115

# x        y
4.2196     35.8068   
14.9068    34.3226   
18.5422    15.9203   
14.0439    1.3362    
16.2169    4.6632    
10.3287    37.1889   

# Frame116

# x        y
4.2183     35.7867   
14.9068    34.3226   
18.5752    15.9107   
14.0439    1.3362    
16.1829    4.6202    
10.3684    37.1936   

# Frame117

# x        y
4.2170     35.7669   
14.9068    34.3226   
18.6077    15.9013   
14.0439    1.3362    
16.1495    4.5778    
10.4076    37.1984   

# Frame118

# x        y
4.2157     35.7474   
14.9068    34.3226   
18.6397    15.8920   
14.0439    1.3362    
16.1167    4.5362    
10.4460    37.2030   

# Frame119

# x        y
4.2144     35.7283   
14.9068    34.3226   
18.6711    15.8829   
14.0439    1.3362    
16.0844    4.4953    
10.4838    37.2075   

# Frame120

# x        y
4.2132     35.7095   
14.9068    34.3226   
18.7020    15.8739   
14.0439    1.3362    
16.0526    4.4550    
10.5210    37.2120   

# Frame121

# x        y
4.2120     35.6910   
14.9068    34.3226   
18.7324    15.8651   
14.0439    1.3362    
16.0214    4.4155    
10.5576    37.2164   

# Frame122

# x        y
4.2108     35.6728   
14.9068    34.3226   
18.7623    15.8564   
14.0439    1.3362    
15.9907    4.3765    
10.5936    37.2208   

# Frame123

# x        y
4.2096     35.6549   
14.9068    34.3226   
18.7917    15.8479   
14.0439    1.3362    
15.9605    4.3383    
10.6289    37.2250   

# Frame124

# x        y
4.2084     35.6373   
14.9068    34.3226   
18.8206    15.8395   
14.0439    1.3362    
15.9308    4.3006    
10.6637    37.2292   

# Frame125

# x        y
4.2073     35.6200   
14.9068    34.3226   
18.8490    15.8312   
14.0439    1.3362    
15.9016    4.2636    
10.6979    37.2333   

# Frame126

# x        y
4.2062     35.6030   
14.9068    34.3226   
18.8770    15.8231   
14.0439    1.3362    
15.8729    4.2272    
10.7315    37.2374   

# Frame127

# x        y
4.2051     35.5863   
14.9068    34.3226   
18.9044    15.8152   
14.0439    1.3362    
15.8447    4.1915    
10.7646    37.2414   

# Frame128

# x        y
4.2040     35.5699   
14.9068    34.3226   
18.9314    15.8073   
14.0439    1.3362    
15.8169    4.1563    
10.7971    37.2453   

# Frame129

# x        y
4.2029     35.5537   
14.9068    34.3226   
18.9580    15.7996   
14.0439    1.3362    
15.7896    4.1217    
10.8290    37.2491   

# Frame130

# x        y
4.2019     35.5378   
14.9068    34.3226   
18.9841    15.7920   
14.0439    1.3362    
15.7628    4.0877    
10.8605    37.2529   

# Frame131

# x        y
4.2009     35.5221   
14.9068    34.3226   
18.9932    15.7846   
14.0439    1.3362    
15.7364    4.0542    
10.8914    37.2566   

# Frame132

# x        y
4.1999     35.5068   
14.9068    34.3226   
18.9806    15.7772   
14.0439    1.3362    
15.7104    4.0213    
10.9218    37.2603   

# Frame133

# x        y
4.1989     35.4917   
14.9068    34.3226   
18.9682    15.7700   
14.0439    1.3362    
15.6849    3.9890    
10.9517    37.2639   

# Frame134

# x        y
4.1979     35.4768   
14.9068    34.3226   
18.9560    15.7629   
14.0439    1.3362    
15.6598    3.9571    
10.9811    37.2674   

# Frame135

# x        y
4.1969     35.4622   
14.9068    34.3226   
18.9439    15.7559   
14.0439    1.3362    
15.6351    3.9259    
11.0100    37.2709   

# Frame136

# x        y
4.1960     35.4478   
14.9068    34.3226   
18.9321    15.7491   
14.0439    1.3362    
15.6109    3.8951    
11.0384    37.2744   

# Frame137

# x        y
4.1951     35.4337   
14.9068    34.3226   
18.9205    15.7423   
14.0439    1.3362    
15.5870    3.8649    
11.0663    37.2777   

# Frame138

# x        y
4.1941     35.4198   
14.9068    34.3226   
18.9091    15.7357   
14.0439    1.3362    
15.5636    3.8351    
11.0938    37.2810   

# Frame139

# x        y
4.1932     35.4061   
14.9068    34.3226   
18.8979    15.7292   
14.0439    1.3362    
15.5405    3.8059    
11.1208    37.2843   

# Frame140

# x        y
4.1924     35.3927   
14.9068    34.3226   
18.8868    15.7227   
14.0439    1.3362    
15.5178    3.7771    
11.1474    37.2875   

# Frame141

# x        y
4.1915     35.3794   
14.9068    34.3226   
18.8760    15.7164   
14.0439    1.3362    
15.4955    3.7488    
11.1735    37.2906   

# Frame142

# x        y
4.1906     35.3664   
14.9068    34.3226   
18.8653    15.7102   
14.0439    1.3362    
15.4735    3.7210    
11.1992    37.2937   

# Frame143

# x        y
4.1898     35.3537   
14.9068    34.3226   
18.8548    15.7041   
14.0439    1.3362    
15.4520    3.6937    
11.2245    37.2968   

# Frame144

# x        y
4.1890     35.3411   
14.9068    34.3226   
18.8445    15.6981   
14.0439    1.3362    
15.4308    3.6668    
11.2494    37.2998   

# Frame145

# x        y
4.1882     35.3287   
14.9068    34.3226   
18.8343    15.6922   
14.0439    1.3362    
15.4099    3.6403    
11.2738    37.3027   

# Frame146

# x        y
4.1874     35.3166   
14.9068    34.3226   
18.8244    15.6864   
14.0439    1.3362    
15.3894    3.6143    
11.2978    37.3056   

# Frame147

# x        y
4.1866     35.3046   
14.9068    34.3226   
18.8145    15.6807   
14.0439    1.3362    
15.3692    3.5888    
11.3214    37.3085   

# Frame148

# x        y
4.1858     35.2929   
14.9068    34.3226   
18.8049    15.6751   
14.0439    1.3362    
15.3494    3.5636    
11.3447    37.3113   

# Frame149

# x        y
4.1850     35.2813   
14.9068    34.3226   
18.7954    15.6696   
14.0439    1.3362    
15.3299    3.5389    
11.3675    37.3140   

# Frame150

# x        y
4.1843     35.2700   
14.9068    34.3226   
18.7861    15.6642   
14.0439    1.3362    
15.3107    3.5146    
11.3900    37.3167   

# Frame151

# x        y
4.1836     35.2588   
14.9068    34.3226   
18.7769    15.6588   
14.0439    1.3362    
15.2918    3.4907    
11.4121    37.3194   

# Frame152

# x        y
4.1828     35.2478   
14.9068    34.3226   
18.7679    15.6536   
14.0439    1.3362    
15.2733    3.4672    
11.4338    37.3220   

# Frame153

# x        y
4.1821     35.2370   
14.9068    34.3226   
18.7590    15.6484   
14.0439    1.3362    
15.2550    3.4441    
11.4551    37.3246   

# Frame154

# x        y
4.1814     35.2264   
14.9068    34.3226   
18.7503    15.6433   
14.0439    1.3362    
15.2371    3.4214    
11.4761    37.3271   

# Frame155

# x        y
4.1807     35.2159   
14.9068    34.3226   
18.7417    15.6384   
14.0439    1.3362    
15.2195    3.3990    
11.4968    37.3296   

# Frame156

# x        y
4.1801     35.2057   
14.9068    34.3226   
18.7332    15.6335   
14.0439    1.3362    
15.2021    3.3770    
11.5171    37.3320   

# Frame157

# x        y
4.1794     35.1956   
14.9068    34.3226   
18.7249    15.6286   
14.0439    1.3362    
15.1851    3.3554    
11.5371    37.3344   

# Frame158

# x        y
4.1787     35.1856   
14.9068    34.3226   
18.7168    15.6239   
14.0439    1.3362    
15.1683    3.3342    
11.5567    37.3368   

# Frame159

# x        y
4.1781     35.1759   
14.9068    34.3226   
18.7088    15.6192   
14.0439    1.3362    
15.1518    3.3133    
11.5760    37.3391   

# Frame160

# x        y
4.1775     35.1663   
14.9068    34.3226   
18.7009    15.6146   
14.0439    1.3362    
15.1356    3.2927    
11.5950    37.3414   

# Frame161

# x        y
4.1768     35.1568   
14.9068    34.3226   
18.6931    15.6101   
14.0439    1.3362    
15.1197    3.2725    
11.6137    37.3437   

# Frame162

# x        y
4.1762     35.1475   
14.9068    34.3226   
18.6855    15.6057   
14.0439    1.3362    
15.1040    3.2526    
11.6320    37.3459   

# Frame163

# x        y
4.1756     35.1384   
14.9068    34.3226   
18.6780    15.6013   
14.0439    1.3362    
15.0886    3.2331    
11.6501    37.3480   

# Frame164

# x        y
4.1750     35.1294   
14.9068    34.3226   
18.6706    15.5971   
14.0439    1.3362    
15.0734    3.2139    
11.6678    37.3502   

# Frame165

# x        y
4.1745     35.1206   
14.9068    34.3226   
18.6634    15.5928   
14.0439    1.3362    
15.0585    3.1950    
11.6853    37.3523   

# Frame166

# x        y
4.1739     35.1119   
14.9068    34.3226   
18.6562    15.5887   
14.0439    1.3362    
15.0439    3.1764    
11.7024    37.3544   

# Frame167

# x        y
4.1733     35.1034   
14.9068    34.3226   
18.6492    15.5846   
14.0439    1.3362    
15.0295    3.1582    
11.7193    37.3564   

# Frame168

# x        y
4.1728     35.0950   
14.9068    34.3226   
18.6423    15.5806   
14.0439    1.3362    
15.0153    3.1402    
11.7359    37.3584   

# Frame169

# x        y
4.1722     35.0867   
14.9068    34.3226   
18.6355    15.5767   
14.0439    1.3362    
15.0013    3.1225    
11.7522    37.3604   

# Frame170

# x        y
4.1717     35.0786   
14.9068    34.3226   
18.6289    15.5728   
14.0439    1.3362    
14.9876    3.1052    
11.7683    37.3623   

# Frame171

# x        y
4.1712     35.0706   
14.9068    34.3226   
18.6223    15.5690   
14.0412    1.3311    
14.9769    3.0932    
11.7841    37.3642   

# Frame172

# x        y
4.1707     35.0628   
14.9068    34.3226   
18.6159    15.5652   
14.0336    1.3172    
14.9712    3.0902    
11.7996    37.3661   

# Frame173

# x        y
4.1702     35.0551   
14.9068    34.3226   
18.6095    15.5615   
14.0262    1.3036    
14.9656    3.0873    
11.8149    37.3679   

# Frame174

# x        y
4.1697     35.0475   
14.9068    34.3226   
18.6033    15.5579   
14.0189    1.2902    
14.9601    3.0845    
11.8299    37.3697   

# Frame175

# x        y
4.1692     35.0400   
14.9068    34.3226   
18.5972    15.5544   
14.0117    1.2770    
14.9547    3.0817    
11.8446    37.3715   

# Frame176

# x        y
4.1687     35.0327   
14.9068    34.3226   
18.5911    15.5508   
14.0046    1.2641    
14.9494    3.0789    
11.8591    37.3732   

# Frame177

# x        y
4.1682     35.0254   
14.9068    34.3226   
18.5852    15.5474   
13.9976    1.2514    
14.9442    3.0762    
11.8734    37.3750   

# Frame178

# x        y
4.1677     35.0184   
14.9068    34.3226   
18.5794    15.5440   
13.9908    1.2388    
14.9391    3.0736    
11.8874    37.3766   

# Frame179

# x        y
4.1673     35.0114   
14.9068    34.3226   
18.5736    15.5407   
13.9840    1.2265    
14.9340    3.0709    
11.9012    37.3783   

# Frame180

# x        y
4.1668     35.0045   
14.9068    34.3226   
18.5680    15.5374   
13.9774    1.2144    
14.9290    3.0684    
11.9148    37.3799   

# Frame181

# x        y
4.1664     34.9978   
14.9068    34.3226   
18.5625    15.5342   
13.9709    1.2025    
14.9242    3.0658    
11.9281    37.3815   

# Frame182

# x        y
4.1660     34.9911   
14.9068    34.3226   
18.5570    15.5310   
13.9645    1.1908    
14.9194    3.0634    
11.9413    37.3831   

# Frame183

# x        y
4.1655     34.9846   
14.9068    34.3226   
18.5516    15.5279   
13.9582    1.1793    
14.9146    3.0609    
11.9542    37.3847   

# Frame184

# x        y
4.1651     34.9782   
14.9068    34.3226   
18.5464    15.5248   
13.9520    1.1679    
14.9100    3.0585    
11.9668    37.3862   

# Frame185

# x        y
4.1647     34.9719   
14.9068    34.3226   
18.5412    15.5218   
13.9459    1.1568    
14.9054    3.0561    
11.9793    37.3877   

# Frame186

# x        y
4.1643     34.9657   
14.9068    34.3226   
18.5361    15.5189   
13.9400    1.1459    
14.9009    3.0538    
11.9916    37.3892   

# Frame187

# x        y
4.1639     34.9596   
14.9068    34.3226   
18.5311    15.5160   
13.9341    1.1351    
14.8965    3.0515    
12.0036    37.3906   

# Frame188

# x        y
4.1635     34.9536   
14.9068    34.3226   
18.5262    15.5131   
13.9283    1.1245    
14.8922    3.0493    
12.0155    37.3921   

# Frame189

# x        y
4.1631     34.9477   
14.9068    34.3226   
18.5213    15.5103   
13.9226    1.1141    
14.8879    3.0471    
12.0272    37.3935   

# Frame190

# x        y
4.1627     34.9419   
14.9068    34.3226   
18.5165    15.5075   
13.9170    1.1039    
14.8837    3.0449    
12.0386    37.3949   

# Frame191

# x        y
4.1623     34.9362   
14.9068    34.3226   
18.5119    15.5048   
13.9115    1.0938    
14.8796    3.0428    
12.0499    37.3962   

# Frame192

# x        y
4.1620     34.9306   
14.9068    34.3226   
18.5073    15.5021   
13.9061    1.0839    
14.8755    3.0407    
12.0610    37.3975   

# Frame193

# x        y
4.1616     34.9251   
14.9068    34.3226   
18.5027    15.4995   
13.9008    1.0742    
14.8716    3.0386    
12.0719    37.3989   

# Frame194

# x        y
4.1612     34.9196   
14.9068    34.3226   
18.4983    15.4969   
13.8955    1.0646    
14.8676    3.0366    
12.0826    37.4002   

# Frame195

# x        y
4.1609     34.9143   
14.9068    34.3226   
18.4939    15.4943   
13.8904    1.0552    
14.8638    3.0346    
12.0932    37.4014   

# Frame196

# x        y
4.1606     34.9091   
14.9068    34.3226   
18.4896    15.4918   
13.8853    1.0459    
14.8600    3.0326    
12.1035    37.4027   

# Frame197

# x        y
4.1602     34.9039   
14.9068    34.3226   
18.4853    15.4894   
13.8804    1.0368    
14.8562    3.0307    
12.1137    37.4039   

# Frame198

# x        y
4.1599     34.8988   
14.9068    34.3226   
18.4812    15.4869   
13.8755    1.0279    
14.8526    3.0288    
12.1237    37.4051   

# Frame199

# x        y
4.1596     34.8938   
14.9068    34.3226   
18.4771    15.4846   
13.8707    1.0191    
14.8490    3.0269    
12.1336    37.4063   

# Frame200

# x        y
4.1592     34.8889   
14.9068    34.3226   
18.4731    15.4822   
13.8659    1.0104    
14.8454    3.0251    
12.1433    37.4075   

# Frame201

# x        y
4.1589     34.8841   
14.9068    34.3226   
18.4691    15.4799   
13.8613    1.0019    
14.8419    3.0233    
12.1528    37.4086   

# Frame202

# x        y
4.1586     34.8794   
14.9068    34.3226   
18.4652    15.4777   
13.8582    1.0025    
14.8385    3.0215    
12.1622    37.4097   

# Frame203

# x        y
4.1583     34.8747   
14.9068    34.3226   
18.4614    15.4754   
13.8552    1.0030    
14.8351    3.0197    
12.1714    37.4108   

# Frame204

# x        y
4.1580     34.8701   
14.9068    34.3226   
18.4576    15.4732   
13.8522    1.0034    
14.8318    3.0180    
12.1805    37.4119   

# Frame205

# x        y
4.1577     34.8656   
14.9068    34.3226   
18.4539    15.4711   
13.8492    1.0037    
14.8286    3.0163    
12.1894    37.4130   

# Frame206

# x        y
4.1574     34.8612   
14.9068    34.3226   
18.4503    15.4690   
13.8464    1.0040    
14.8253    3.0147    
12.1982    37.4141   

# Frame207

# x        y
4.1571     34.8568   
14.9068    34.3226   
18.4467    15.4669   
13.8435    1.0042    
14.8222    3.0130    
12.2068    37.4151   

# Frame208

# x        y
4.1568     34.8525   
14.9068    34.3226   
18.4432    15.4648   
13.8407    1.0044    
14.8191    3.0114    
12.2153    37.4161   

# Frame209

# x        y
4.1566     34.8483   
14.9068    34.3226   
18.4397    15.4628   
13.8380    1.0045    
14.8160    3.0098    
12.2236    37.4171   

# Frame210

# x        y
4.1563     34.8442   
14.9068    34.3226   
18.4363    15.4609   
13.8353    1.0046    
14.8130    3.0083    
12.2318    37.4181   

# Frame211

# x        y
4.1560     34.8401   
14.9068    34.3226   
18.4329    15.4589   
13.8326    1.0047    
14.8101    3.0068    
12.2398    37.4191   

# Frame212

# x        y
4.1558     34.8361   
14.9068    34.3226   
18.4297    15.4570   
13.8300    1.0047    
14.8072    3.0053    
12.2478    37.4200   

# Frame213

# x        y
4.1555     34.8322   
14.9068    34.3226   
18.4264    15.4551   
13.8275    1.0048    
14.8043    3.0038    
12.2556    37.4210   

# Frame214

# x        y
4.1552     34.8283   
14.9068    34.3226   
18.4232    15.4533   
13.8249    1.0048    
14.8015    3.0023    
12.2632    37.4219   

# Frame215

# x        y
4.1550     34.8245   
14.9068    34.3226   
18.4201    15.4514   
13.8225    1.0049    
14.7988    3.0009    
12.2707    37.4228   

# Frame216

# x        y
4.1547     34.8207   
14.9068    34.3226   
18.4170    15.4497   
13.8200    1.0049    
14.7961    2.9995    
12.2782    37.4237   

# Frame217

# x        y
4.1545     34.8170   
14.9068    34.3226   
18.4140    15.4479   
13.8176    1.0049    
14.7934    2.9981    
12.2854    37.4246   

# Frame218

# x        y
4.1543     34.8134   
14.9068    34.3226   
18.4110    15.4462   
13.8153    1.0049    
14.7908    2.9968    
12.2926    37.4254   

# Frame219

# x        y
4.1540     34.8099   
14.9068    34.3226   
18.4081    15.4445   
13.8129    1.0049    
14.7882    2.9954    
12.2996    37.4263   

# Frame220

# x        y
4.1538     34.8064   
14.9068    34.3226   
18.4052    15.4428   
13.8107    1.0050    
14.7857    2.9941    
12.3066    37.4271   

# Frame221

# x        y
4.1536     34.8029   
14.9068    34.3226   
18.4024    15.4411   
13.8084    1.0050    
14.7832    2.9928    
12.3134    37.4279   

# Frame222

# x        y
4.1534     34.7995   
14.9068    34.3226   
18.3996    15.4395   
13.8062    1.0050    
14.7807    2.9915    
12.3201    37.4287   

# Frame223

# x        y
4.1531     34.7962   
14.9068    34.3226   
18.3969    15.4379   
13.8041    1.0050    
14.7783    2.9903    
12.3267    37.4295   

# Frame224

# x        y
4.1529     34.7929   
14.9068    34.3226   
18.3942    15.4364   
13.8019    1.0050    
14.7760    2.9891    
12.3331    37.4303   

# Frame225

# x        y
4.1527     34.7897   
14.9068    34.3226   
18.3915    15.4348   
13.7998    1.0050    
14.7736    2.9879    
12.3395    37.4311   

# Frame226

# x        y
4.1525     34.7865   
14.9068    34.3226   
18.3889    15.4333   
13.7978    1.0050    
14.7713    2.9867    
12.3458    37.4318   

# Frame227

# x        y
4.1523     34.7834   
14.9068    34.3226   
18.3864    15.4318   
13.7957    1.0050    
14.7691    2.9855    
12.3519    37.4326   

# Frame228

# x        y
4.1521     34.7803   
14.9068    34.3226   
18.3839    15.4304   
13.7937    1.0050    
14.7669    2.9844    
12.3580    37.4333   

# Frame229

# x        y
4.1519     34.7773   
14.9068    34.3226   
18.3814    15.4289   
13.7918    1.0050    
14.7647    2.9832    
12.3639    37.4340   

# Frame230

# x        y
4.1517     34.7744   
14.9068    34.3226   
18.3790    15.4275   
13.7899    1.0050    
14.7625    2.9821    
12.3698    37.4347   

# Frame231

# x        y
4.1515     34.7715   
14.9068    34.3226   
18.3766    15.4261   
13.7880    1.0050    
14.7604    2.9810    
12.3756    37.4354   

# Frame232

# x        y
4.1513     34.7686   
14.9068    34.3226   
18.3742    15.4248   
13.7861    1.0050    
14.7584    2.9800    
12.3812    37.4361   

# Frame233

# x        y
4.1511     34.7658   
14.9068    34.3226   
18.3719    15.4234   
13.7843    1.0050    
14.7563    2.9789    
12.3868    37.4368   

# Frame234

# x        y
4.1510     34.7630   
14.9068    34.3226   
18.3696    15.4221   
13.7825    1.0050    
14.7543    2.9779    
12.3923    37.4374   

# Frame235

# x        y
4.1508     34.7603   
14.9068    34.3226   
18.3674    15.4208   
13.7807    1.0050    
14.7523    2.9768    
12.3976    37.4381   

# Frame236

# x        y
4.1506     34.7576   
14.9068    34.3226   
18.3652    15.4195   
13.7790    1.0050    
14.7504    2.9758    
12.4029    37.4387   

# Frame237

# x        y
4.1504     34.7550   
14.9068    34.3226   
18.3630    15.4183   
13.7772    1.0050    
14.7485    2.9749    
12.4081    37.4394   

# Frame238

# x        y
4.1503     34.7524   
14.9068    34.3226   
18.3609    15.4170   
13.7756    1.0050    
14.7466    2.9739    
12.4133    37.4400   

# Frame239

# x        y
4.1501     34.7499   
14.9068    34.3226   
18.3588    15.4158   
13.7739    1.0050    
14.7448    2.9729    
12.4183    37.4406   

# Frame240

# x        y
4.1499     34.7473   
14.9068    34.3226   
18.3567    15.4146   
13.7723    1.0050    
14.7430    2.9720    
12.4232    37.4412   

# Frame241

# x        y
4.1498     34.7449   
14.9068    34.3226   
18.3547    15.4134   
13.7707    1.0050    
14.7412    2.9711    
12.4281    37.4418   

# Frame242

# x        y
4.1496     34.7425   
14.9068    34.3226   
18.3527    15.4123   
13.7691    1.0050    
14.7395    2.9702    
12.4329    37.4423   

# Frame243

# x        y
4.1494     34.7401   
14.9068    34.3226   
18.3508    15.4111   
13.7675    1.0050    
14.7377    2.9693    
12.4376    37.4429   

# Frame244

# x        y
4.1493     34.7377   
14.9068    34.3226   
18.3489    15.4100   
13.7660    1.0050    
14.7360    2.9684    
12.4422    37.4435   

# Frame245

# x        y
4.1491     34.7354   
14.9068    34.3226   
18.3470    15.4089   
13.7645    1.0050    
14.7344    2.9675    
12.4468    37.4440   

# Frame246

# x        y
4.1490     34.7332   
14.9068    34.3226   
18.3451    15.4079   
13.7630    1.0050    
14.7327    2.9667    
12.4512    37.4446   

# Frame247

# x        y
4.1488     34.7310   
14.9068    34.3226   
18.3433    15.4068   
13.7616    1.0050    
14.7311    2.9658    
12.4556    37.4451   

# Frame248

# x        y
4.1487     34.7288   
14.9068    34.3226   
18.3415    15.4057   
13.7602    1.0050    
14.7295    2.9650    
12.4600    37.4456   

# Frame249

# x        y
4.1486     34.7266   
14.9068    34.3226   
18.3397    15.4047   
13.7588    1.0050    
14.7280    2.9642    
12.4642    37.4461   

# Frame250

# x        y
4.1484     34.7245   
14.9068    34.3226   
18.3380    15.4037   
13.7574    1.0050    
14.7265    2.9634    
12.4684    37.4466   

# Frame251

# x        y
4.1483     34.7224   
14.9068    34.3226   
18.3363    15.4027   
13.7560    1.0050    
14.7249    2.9626    
12.4725    37.4471   

# Frame252

# x        y
4.1481     34.7204   
14.9068    34.3226   
18.3346    15.4017   
13.7547    1.0050    
14.7235    2.9619    
12.4766    37.4476   

# Frame253

# x        y
4.1480     34.7184   
14.9068    34.3226   
18.3329    15.4008   
13.7534    1.0050    
14.7220    2.9611    
12.4805    37.4481   

# Frame254

# x        y
4.1479     34.7164   
14.9068    34.3226   
18.3313    15.3998   
13.7521    1.0050    
14.7206    2.9604    
12.4845    37.4486   

# Frame255

# x        y
4.1478     34.7144   
14.9068    34.3226   
18.3297    15.3989   
13.7508    1.0050    
14.7192    2.9597    
12.4883    37.4490   

# Frame256

# x        y
4.1476     34.7125   
14.9068    34.3226   
18.3281    15.3980   
13.7496    1.0050    
14.7178    2.9589    
12.4921    37.4495   

# Frame257

# x        y
4.1475     34.7107   
14.9068    34.3226   
18.3266    15.3971   
13.7484    1.0050    
14.7164    2.9582    
12.4958    37.4499   

# Frame258

# x        y
4.1474     34.7088   
14.9068    34.3226   
18.3251    15.3962   
13.7472    1.0050    
14.7151    2.9575    
12.4995    37.4504   

# Frame259

# x        y
4.1473     34.7070   
14.9068    34.3226   
18.3236    15.3953   
13.7460    1.0050    
14.7138    2.9569    
12.5031    37.4508   

# Frame260

# x        y
4.1471     34.7052   
14.9068    34.3226   
18.3221    15.3945   
13.7448    1.0050    
14.7125    2.9562    
12.5066    37.4512   

# Frame261

# x        y
4.1470     34.7034   
14.9068    34.3226   
18.3207    15.3936   
13.7437    1.0050    
14.7112    2.9555    
12.5101    37.4516   

# Frame262

# x        y
4.1469     34.7017   
14.9068    34.3226   
18.3193    15.3928   
13.7426    1.0050    
14.7100    2.9549    
12.5135    37.4521   

# Frame263

# x        y
4.1468     34.7000   
14.9068    34.3226   
18.3179    15.3920   
13.7415    1.0050    
14.7087    2.9542    
12.5169    37.4525   

# Frame264

# x        y
4.1467     34.6983   
14.9068    34.3226   
18.3165    15.3912   
13.7404    1.0050    
14.7075    2.9536    
12.5202    37.4529   

# Frame265

# x        y
4.1466     34.6967   
14.9068    34.3226   
18.3151    15.3904   
13.7393    1.0050    
14.7063    2.9530    
12.5234    37.4532   

# Frame266

# x        y
4.1465     34.6951   
14.9068    34.3226   
18.3138    15.3896   
13.7382    1.0050    
14.7052    2.9524    
12.5266    37.4536   

# Frame267

# x        y
4.1464     34.6935   
14.9068    34.3226   
18.3125    15.3889   
13.7372    1.0050    
14.7040    2.9518    
12.5297    37.4540   

# Frame268

# x        y
4.1463     34.6919   
14.9068    34.3226   
18.3112    15.3881   
13.7362    1.0050    
14.7029    2.9512    
12.5328    37.4544   

# Frame269

# x        y
4.1462     34.6904   
14.9068    34.3226   
18.3100    15.3874   
13.7352    1.0050    
14.7018    2.9506    
12.5359    37.4548   

# Frame270

# x        y
4.1461     34.6889   
14.9068    34.3226   
18.3087    15.3867   
13.7342    1.0050    
14.7007    2.9501    
12.5389    37.4551   

# Frame271

# x        y
4.1460     34.6874   
14.9068    34.3226   
18.3075    15.3860   
13.7332    1.0050    
14.6996    2.9495    
12.5418    37.4555   

# Frame272

# x        y
4.1459     34.6859   
14.9068    34.3226   
18.3063    15.3853   
13.7323    1.0050    
14.6985    2.9490    
12.5447    37.4558   

# Frame273

# x        y
4.1458     34.6845   
14.9068    34.3226   
18.3051    15.3846   
13.7313    1.0050    
14.6975    2.9484    
12.5475    37.4562   

# Frame274

# x        y
4.1457     34.6831   
14.9068    34.3226   
18.3039    15.3839   
13.7304    1.0050    
14.6965    2.9479    
12.5503    37.4565   

# Frame275

# x        y
4.1456     34.6817   
14.9068    34.3226   
18.3028    15.3833   
13.7295    1.0050    
14.6955    2.9474    
12.5531    37.4568   

# Frame276

# x        y
4.1455     34.6803   
14.9068    34.3226   
18.3017    15.3826   
13.7286    1.0050    
14.6945    2.9469    
12.5558    37.4571   

# Frame277

# x        y
4.1454     34.6790   
14.9068    34.3226   
18.3006    15.3820   
13.7278    1.0050    
14.6935    2.9464    
12.5584    37.4575   

# Frame278

# x        y
4.1453     34.6777   
14.9068    34.3226   
18.2995    15.3813   
13.7269    1.0050    
14.6925    2.9459    
12.5611    37.4578   

# Frame279

# x        y
4.1453     34.6763   
14.9068    34.3226   
18.2984    15.3807   
13.7261    1.0050    
14.6916    2.9454    
12.5636    37.4581   

# Frame280

# x        y
4.1452     34.6751   
14.9068    34.3226   
18.2974    15.3801   
13.7252    1.0050    
14.6907    2.9449    
12.5662    37.4584   

# Frame281

# x        y
4.1451     34.6738   
14.9068    34.3226   
18.2963    15.3795   
13.7244    1.0050    
14.6898    2.9444    
12.5686    37.4587   

# Frame282

# x        y
4.1450     34.6726   
14.9068    34.3226   
18.2953    15.3789   
13.7236    1.0050    
14.6889    2.9440    
12.5711    37.4590   

# Frame283

# x        y
4.1449     34.6714   
14.9068    34.3226   
18.2943    15.3783   
13.7228    1.0050    
14.6880    2.9435    
12.5735    37.4593   

# Frame284

# x        y
4.1448     34.6702   
14.9068    34.3226   
18.2933    15.3778   
13.7220    1.0050    
14.6871    2.9431    
12.5758    37.4596   

# Frame285

# x        y
4.1448     34.6690   
14.9068    34.3226   
18.2924    15.3772   
13.7213    1.0050    
14.6863    2.9426    
12.5782    37.4598   

# Frame286

# x        y
4.1447     34.6678   
14.9068    34.3226   
18.2914    15.3766   
13.7205    1.0050    
14.6855    2.9422    
12.5805    37.4601   

# Frame287

# x        y
4.1446     34.6667   
14.9068    34.3226   
18.2905    15.3761   
13.7198    1.0050    
14.6846    2.9418    
12.5827    37.4604   

# Frame288

# x        y
4.1445     34.6656   
14.9068    34.3226   
18.2896    15.3756   
13.7190    1.0050    
14.6838    2.9413    
12.5849    37.4607   

# Frame289

# x        y
4.1445     34.6645   
14.9068    34.3226   
18.2887    15.3750   
13.7183    1.0050    
14.6830    2.9409    
12.5871    37.4609   

# Frame290

# x        y
4.1444     34.6634   
14.9068    34.3226   
18.2878    15.3745   
13.7176    1.0050    
14.6822    2.9405    
12.5892    37.4612   

# Frame291

# x        y
4.1443     34.6623   
14.9068    34.3226   
18.2869    15.3740   
13.7169    1.0050    
14.6815    2.9401    
12.5913    37.4614   

# Frame292

# x        y
4.1443     34.6613   
14.9068    34.3226   
18.2861    15.3735   
13.7163    1.0050    
14.6807    2.9397    
12.5934    37.4617   

# Frame293

# x        y
4.1442     34.6603   
14.9068    34.3226   
18.2852    15.3730   
13.7156    1.0050    
14.6800    2.9393    
12.5954    37.4619   

# Frame294

# x        y
4.1441     34.6593   
14.9068    34.3226   
18.2844    15.3726   
13.7149    1.0050    
14.6792    2.9390    
12.5974    37.4622   

# Frame295

# x        y
4.1441     34.6583   
14.9068    34.3226   
18.2836    15.3721   
13.7143    1.0050    
14.6785    2.9386    
12.5994    37.4624   

# Frame296

# x        y
4.1440     34.6573   
14.9068    34.3226   
18.2828    15.3716   
13.7137    1.0050    
14.6778    2.9382    
12.6013    37.4626   

# Frame297

# x        y
4.1439     34.6563   
14.9068    34.3226   
18.2820    15.3712   
13.7130    1.0050    
14.6771    2.9379    
12.6032    37.4629   

# Frame298

# x        y
4.1439     34.6554   
14.9068    34.3226   
18.2812    15.3707   
13.7124    1.0050    
14.6764    2.9375    
12.6051    37.4631   

# Frame299

# x        y
4.1438     34.6545   
14.9068    34.3226   
18.2804    15.3703   
13.7118    1.0050    
14.6758    2.9372    
12.6069    37.4633   

# Frame300

# x        y
4.1438     34.6535   
14.9068    34.3226   
18.2797    15.3698   
13.7112    1.0050    
14.6751    2.9368    
12.6087    37.4635   

# Frame301

# x        y
4.1437     34.6527   
14.9068    34.3226   
18.2790    15.3694   
13.7106    1.0050    
14.6745    2.9365    
12.6105    37.4637   

# Frame302

# x        y
4.1436     34.6518   
14.9068    34.3226   
18.2782    15.3690   
13.7101    1.0050    
14.6738    2.9362    
12.6122    37.4639   

# Frame303

# x        y
4.1436     34.6509   
14.9068    34.3226   
18.2775    15.3686   
13.7095    1.0050    
14.6732    2.9358    
12.6139    37.4641   

# Frame304

# x        y
4.1435     34.6500   
14.9068    34.3226   
18.2768    15.3681   
13.7089    1.0050    
14.6726    2.9355    
12.6156    37.4644   

# Frame305

# x        y
4.1435     34.6492   
14.9068    34.3226   
18.2761    15.3677   
13.7084    1.0050    
14.6720    2.9352    
12.6173    37.4646   

# Frame306

# x        y
4.1434     34.6484   
14.9068    34.3226   
18.2754    15.3674   
13.7079    1.0050    
14.6714    2.9349    
12.6189    37.4647   

# Frame307

# x        y
4.1434     34.6476   
14.9068    34.3226   
18.2748    15.3670   
13.7073    1.0050    
14.6708    2.9346    
12.6205    37.4649   

# Frame308

# x        y
4.1433     34.6468   
14.9068    34.3226   
18.2741    15.3666   
13.7068    1.0050    
14.6702    2.9343    
12.6221    37.4651   

# Frame309

# x        y
4.1433     34.6460   
14.9068    34.3226   
18.2735    15.3662   
13.7063    1.0050    
14.6696    2.9340    
12.6237    37.4653   

# Frame310

# x        y
4.1432     34.6452   
14.9068    34.3226   
18.2728    15.3658   
13.7058    1.0050    
14.6691    2.9337    
12.6252    37.4655   

# Frame311

# x        y
4.1432     34.6445   
14.9068    34.3226   
18.2722    15.3655   
13.7053    1.0050    
14.6685    2.9334    
12.6267    37.4657   

# Frame312

# x        y
4.1431     34.6437   
14.9068    34.3226   
18.2716    15.3651   
13.7048    1.0050    
14.6680    2.9331    
12.6282    37.4659   

# Frame313

# x        y
4.1431     34.6430   
14.9068    34.3226   
18.2710    15.3648   
13.7043    1.0050    
14.6675    2.9329    
12.6296    37.4660   

# Frame314

# x        y
4.1430     34.6423   
14.9068    34.3226   
18.2704    15.3644   
13.7039    1.0050    
14.6669    2.9326    
12.6310    37.4662   

# Frame315

# x        y
4.1430     34.6415   
14.9068    34.3226   
18.2698    15.3641   
13.7034    1.0050    
14.6664    2.9323    
12.6324    37.4664   

# Frame316

# x        y
4.1429     34.6409   
14.9068    34.3226   
18.2693    15.3638   
13.7029    1.0050    
14.6659    2.9321    
12.6338    37.4665   

# Frame317

# x        y
4.1429     34.6402   
14.9068    34.3226   
18.2687    15.3634   
13.7025    1.0050    
14.6654    2.9318    
12.6352    37.4667   

# Frame318

# x        y
4.1428     34.6395   
14.9068    34.3226   
18.2681    15.3631   
13.7021    1.0050    
14.6649    2.9316    
12.6365    37.4669   

# Frame319

# x        y
4.1428     34.6388   
14.9068    34.3226   
18.2676    15.3628   
13.7016    1.0050    
14.6645    2.9313    
12.6378    37.4670   

# Frame320

# x        y
4.1427     34.6382   
14.9068    34.3226   
18.2670    15.3625   
13.7012    1.0050    
14.6640    2.9311    
12.6391    37.4672   

# Frame321

# x        y
4.1427     34.6375   
14.9068    34.3226   
18.2665    15.3622   
13.7008    1.0050    
14.6635    2.9308    
12.6404    37.4673   

# Frame322

# x        y
4.1427     34.6369   
14.9068    34.3226   
18.2660    15.3619   
13.7004    1.0050    
14.6631    2.9306    
12.6416    37.4675   

# Frame323

# x        y
4.1426     34.6363   
14.9068    34.3226   
18.2655    15.3616   
13.7000    1.0050    
14.6626    2.9304    
12.6429    37.4676   

# Frame324

# x        y
4.1426     34.6357   
14.9068    34.3226   
18.2650    15.3613   
13.6996    1.0050    
14.6622    2.9301    
12.6441    37.4678   

# Frame325

# x        y
4.1425     34.6351   
14.9068    34.3226   
18.2645    15.3610   
13.6992    1.0050    
14.6617    2.9299    
12.6453    37.4679   

# Frame326

# x        y
4.1425     34.6345   
14.9068    34.3226   
18.2640    15.3607   
13.6988    1.0050    
14.6613    2.9297    
12.6464    37.4681   

# Frame327

# x        y
4.1425     34.6339   
14.9068    34.3226   
18.2635    15.3604   
13.6984    1.0050    
14.6609    2.9295    
12.6476    37.4682   

# Frame328

# x        y
4.1424     34.6333   
14.9068    34.3226   
18.2631    15.3602   
13.6981    1.0050    
14.6605    2.9292    
12.6487    37.4683   

# Frame329

# x        y
4.1424     34.6328   
14.9068    34.3226   
18.2626    15.3599   
13.6977    1.0050    
14.6601    2.9290    
12.6498    37.4685   

# Frame330

# x        y
4.1423     34.6322   
14.9068    34.3226   
18.2622    15.3596   
13.6973    1.0050    
14.6597    2.9288    
12.6509    37.4686   

# Frame331

# x        y
4.1423     34.6317   
14.9068    34.3226   
18.2617    15.3594   
13.6970    1.0050    
14.6593    2.9286    
12.6520    37.4687   

# Frame332

# x        y
4.1423     34.6311   
14.9068    34.3226   
18.2613    15.3591   
13.6966    1.0050    
14.6589    2.9284    
12.6530    37.4689   

# Frame333

# x        y
4.1422     34.6306   
14.9068    34.3226   
18.2608    15.3589   
13.6963    1.0050    
14.6585    2.9282    
12.6541    37.4690   

# Frame334

# x        y
4.1422     34.6301   
14.9068    34.3226   
18.2604    15.3586   
13.6960    1.0050    
14.6581    2.9280    
12.6551    37.4691   

# Frame335

# x        y
4.1422     34.6296   
14.9068    34.3226   
18.2600    15.3584   
13.6956    1.0050    
14.6578    2.9278    
12.6561    37.4692   

# Frame336

# x        y
4.1421     34.6291   
14.9068    34.3226   
18.2596    15.3581   
13.6953    1.0050    
14.6574    2.9277    
12.6571    37.4693   

# Frame337

# x        y
4.1421     34.6286   
14.9068    34.3226   
18.2592    15.3579   
13.6950    1.0050    
14.6571    2.9275    
12.6580    37.4695   

# Frame338

# x        y
4.1421     34.6281   
14.9068    34.3226   
18.2588    15.3577   
13.6947    1.0050    
14.6567    2.9273    
12.6590    37.4696   

# Frame339

# x        y
4.1420     34.6276   
14.9068    34.3226   
18.2584    15.3575   
13.6944    1.0050    
14.6564    2.9271    
12.6599    37.4697   

# Frame340

# x        y
4.1420     34.6272   
14.9068    34.3226   
18.2580    15.3572   
13.6941    1.0050    
14.6560    2.9269    
12.6608    37.4698   

# Frame341

# x        y
4.1420     34.6267   
14.9068    34.3226   
18.2576    15.3570   
13.6938    1.0050    
14.6557    2.9268    
12.6617    37.4699   

# Frame342

# x        y
4.1420     34.6263   
14.9068    34.3226   
18.2573    15.3568   
13.6935    1.0050    
14.6554    2.9266    
12.6626    37.4700   

# Frame343

# x        y
4.1419     34.6258   
14.9068    34.3226   
18.2569    15.3566   
13.6932    1.0050    
14.6551    2.9264    
12.6635    37.4701   

# Frame344

# x        y
4.1419     34.6254   
14.9068    34.3226   
18.2565    15.3564   
13.6929    1.0050    
14.6547    2.9263    
12.6644    37.4702   

# Frame345

# x        y
4.1419     34.6250   
14.9068    34.3226   
18.2562    15.3562   
13.6926    1.0050    
14.6544    2.9261    
12.6652    37.4703   

# Frame346

# x        y
4.1418     34.6245   
14.9068    34.3226   
18.2558    15.3560   
13.6923    1.0050    
14.6541    2.9260    
12.6661    37.4704   

# Frame347

# x        y
4.1418     34.6241   
14.9068    34.3226   
18.2555    15.3558   
13.6921    1.0050    
14.6538    2.9258    
12.6669    37.4705   

# Frame348

# x        y
4.1418     34.6237   
14.9068    34.3226   
18.2552    15.3556   
13.6918    1.0050    
14.6535    2.9256    
12.6677    37.4706   

# Frame349

# x        y
4.1418     34.6233   
14.9068    34.3226   
18.2548    15.3554   
13.6915    1.0050    
14.6532    2.9255    
12.6685    37.4707   

# Frame350

# x        y
4.1417     34.6229   
14.9068    34.3226   
18.2545    15.3552   
13.6913    1.0050    
14.6530    2.9253    
12.6693    37.4708   

# Frame351

# x        y
4.1417     34.6225   
14.9068    34.3226   
18.2542    15.3550   
13.6910    1.0050    
14.6527    2.9252    
12.6700    37.4709   

# Frame352

# x        y
4.1417     34.6222   
14.9068    34.3226   
18.2539    15.3548   
13.6908    1.0050    
14.6524    2.9251    
12.6708    37.4710   

# Frame353

# x        y
4.1417     34.6218   
14.9068    34.3226   
18.2536    15.3547   
13.6905    1.0050    
14.6521    2.9249    
12.6715    37.4711   

# Frame354

# x        y
4.1416     34.6214   
14.9068    34.3226   
18.2533    15.3545   
13.6903    1.0050    
14.6519    2.9248    
12.6722    37.4712   

# Frame355

# x        y
4.1416     34.6211   
14.9068    34.3226   
18.2530    15.3543   
13.6901    1.0050    
14.6516    2.9246    
12.6730    37.4713   

# Frame356

# x        y
4.1416     34.6207   
14.9068    34.3226   
18.2527    15.3541   
13.6898    1.0050    
14.6513    2.9245    
12.6737    37.4713   

# Frame357

# x        y
4.1416     34.6203   
14.9068    34.3226   
18.2524    15.3540   
13.6896    1.0050    
14.6511    2.9244    
12.6744    37.4714   

# Frame358

# x        y
4.1415     34.6200   
14.9068    34.3226   
18.2521    15.3538   
13.6894    1.0050    
14.6508    2.9243    
12.6750    37.4715   

# Frame359

# x        y
4.1415     34.6197   
14.9068    34.3226   
18.2518    15.3536   
13.6892    1.0050    
14.6506    2.9241    
12.6757    37.4716   

# Frame360

# x        y
4.1415     34.6193   
14.9068    34.3226   
18.2516    15.3535   
13.6889    1.0050    
14.6503    2.9240    
12.6764    37.4717   

# Frame361

# x        y
4.1415     34.6190   
14.9068    34.3226   
18.2513    15.3533   
13.6887    1.0050    
14.6501    2.9239    
12.6770    37.4717   

# Frame362

# x        y
4.1415     34.6187   
14.9068    34.3226   
18.2510    15.3532   
13.6885    1.0050    
14.6499    2.9238    
12.6777    37.4718   

# Frame363

# x        y
4.1414     34.6184   
14.9068    34.3226   
18.2508    15.3530   
13.6883    1.0050    
14.6496    2.9236    
12.6783    37.4719   

# Frame364

# x        y
4.1414     34.6181   
14.9068    34.3226   
18.2505    15.3529   
13.6881    1.0050    
14.6494    2.9235    
12.6789    37.4720   

# Frame365

# x        y
4.1414     34.6178   
14.9068    34.3226   
18.2503    15.3527   
13.6879    1.0050    
14.6492    2.9234    
12.6795    37.4720   

# Frame366

# x        y
4.1414     34.6175   
14.9068    34.3226   
18.2500    15.3526   
13.6877    1.0050    
14.6490    2.9233    
12.6801    37.4721   

# Frame367

# x        y
4.1414     34.6172   
14.9068    34.3226   
18.2498    15.3524   
13.6875    1.0050    
14.6488    2.9232    
12.6807    37.4722   

# Frame368

# x        y
4.1413     34.6169   
14.9068    34.3226   
18.2495    15.3523   
13.6873    1.0050    
14.6486    2.9231    
12.6813    37.4723   

# Frame369

# x        y
4.1413     34.6166   
14.9068    34.3226   
18.2493    15.3522   
13.6871    1.0050    
14.6484    2.9230    
12.6818    37.4723   

# Frame370

# x        y
4.1413     34.6163   
14.9068    34.3226   
18.2491    15.3520   
13.6870    1.0050    
14.6481    2.9229    
12.6824    37.4724   

# Frame371

# x        y
4.1413     34.6160   
14.9068    34.3226   
18.2488    15.3519   
13.6868    1.0050    
14.6479    2.9228    
12.6829    37.4725   

# Frame372

# x        y
4.1413     34.6157   
14.9068    34.3226   
18.2486    15.3518   
13.6866    1.0050    
14.6478    2.9227    
12.6835    37.4725   

# Frame373

# x        y
4.1412     34.6155   
14.9068    34.3226   
18.2484    15.3516   
13.6864    1.0050    
14.6476    2.9226    
12.6840    37.4726   

# Frame374

# x        y
4.1412     34.6152   
14.9068    34.3226   
18.2482    15.3515   
13.6863    1.0050    
14.6474    2.9225    
12.6845    37.4726   

# Frame375

# x        y
4.1412     34.6150   
14.9068    34.3226   
18.2480    15.3514   
13.6861    1.0050    
14.6472    2.9224    
12.6850    37.4727   

# Frame376

# x        y
4.1412     34.6147   
14.9068    34.3226   
18.2478    15.3513   
13.6859    1.0050    
14.6470    2.9223    
12.6855    37.4728   

# Frame377

# x        y
4.1412     34.6144   
14.9068    34.3226   
18.2476    15.3512   
13.6858    1.0050    
14.6468    2.9222    
12.6860    37.4728   

# Frame378

# x        y
4.1412     34.6142   
14.9068    34.3226   
18.2474    15.3510   
13.6856    1.0050    
14.6466    2.9221    
12.6865    37.4729   

# Frame379

# x        y
4.1411     34.6140   
14.9068    34.3226   
18.2472    15.3509   
13.6854    1.0050    
14.6465    2.9220    
12.6870    37.4729   

# Frame380

# x        y
4.1411     34.6137   
14.9068    34.3226   
18.2470    15.3508   
13.6853    1.0050    
14.6463    2.9219    
12.6875    37.4730   

# Frame381

# x        y
4.1411     34.6135   
14.9068    34.3226   
18.2468    15.3507   
13.6851    1.0050    
14.6461    2.9218    
12.6879    37.4731   

# Frame382

# x        y
4.1411     34.6133   
14.9068    34.3226   
18.2466    15.3506   
13.6850    1.0050    
14.6460    2.9217    
12.6884    37.4731   

# Frame383

# x        y
4.1411     34.6130   
14.9068    34.3226   
18.2464    15.3505   
13.6848    1.0050    
14.6458    2.9216    
12.6888    37.4732   

# Frame384

# x        y
4.1411     34.6128   
14.9068    34.3226   
18.2462    15.3504   
13.6847    1.0050    
14.6456    2.9216    
12.6893    37.4732   

# Frame385

# x        y
4.1411     34.6126   
14.9068    34.3226   
18.2460    15.3503   
13.6846    1.0050    
14.6455    2.9215    
12.6897    37.4733   

# Frame386

# x        y
4.1410     34.6124   
14.9068    34.3226   
18.2459    15.3502   
13.6844    1.0050    
14.6453    2.9214    
12.6901    37.4733   

# Frame387

# x        y
4.1410     34.6122   
14.9068    34.3226   
18.2457    15.3501   
13.6843    1.0050    
14.6452    2.9213    
12.6905    37.4734   

# Frame388

# x        y
4.1410     34.6120   
14.9068    34.3226   
18.2455    15.3500   
13.6841    1.0050    
14.6450    2.9212    
12.6910    37.4734   

# Frame389

# x        y
4.1410     34.6118   
14.9068    34.3226   
18.2453    15.3499   
13.6840    1.0050    
14.6449    2.9212    
12.6914    37.4735   

# Frame390

# x        y
4.1410     34.6116   
14.9068    34.3226   
18.2452    15.3498   
13.6839    1.0050    
14.6447    2.9211    
12.6918    37.4735   

# Frame391

# x        y
4.1410     34.6114   
14.9068    34.3226   
18.2450    15.3497   
13.6838    1.0050    
14.6446    2.9210    
12.6921    37.4736   

# Frame392

# x        y
4.1410     34.6112   
14.9068    34.3226   
18.2449    15.3496   
13.6836    1.0050    
14.6444    2.9209    
12.6925    37.4736   

# Frame393

# x        y
4.1410     34.6110   
14.9068    34.3226   
18.2447    15.3495   
13.6835    1.0050    
14.6443    2.9209    
12.6929    37.4737   

# Frame394

# x        y
4.1409     34.6108   
14.9068    34.3226   
18.2445    15.3494   
13.6834    1.0050    
14.6442    2.9208    
12.6933    37.4737   

# Frame395

# x        y
4.1409     34.6106   
14.9068    34.3226   
18.2444    15.3493   
13.6833    1.0050    
14.6440    2.9207    
12.6936    37.4738   

# Frame396

# x        y
4.1409     34.6104   
14.9068    34.3226   
18.2442    15.3492   
13.6831    1.0050    
14.6439    2.9207    
12.6940    37.4738   

# Frame397

# x        y
4.1409     34.6102   
14.9068    34.3226   
18.2441    15.3491   
13.6830    1.0050    
14.6438    2.9206    
12.6944    37.4738   

# Frame398

# x        y
4.1409     34.6101   
14.9068    34.3226   
18.2439    15.3491   
13.6829    1.0050    
14.6436    2.9205    
12.6947    37.4739   

# Frame399

# x        y
4.1409     34.6099   
14.9068    34.3226   
18.2438    15.3490   
13.6828    1.0050    
14.6435    2.9205    
12.6951    37.4739   

# Frame400

# x        y
4.1409     34.6097   
14.9068    34.3226   
18.2437    15.3489   
13.6827    1.0050    
14.6434    2.9204    
12.6954    37.4740   

# Frame401

# x        y
4.1409     34.6096   
14.9068    34.3226   
18.2435    15.3488   
13.6826    1.0050    
14.6433    2.9203    
12.6957    37.4740   

# Frame402

# x        y
4.1408     34.6094   
14.9068    34.3226   
18.2434    15.3487   
13.6825    1.0050    
14.6431    2.9203    
12.6960    37.4740   

# Frame403

# x        y
4.1408     34.6092   
14.9068    34.3226   
18.2433    15.3487   
13.6824    1.0050    
14.6430    2.9202    
12.6964    37.4741   

# Frame404

# x        y
4.1408     34.6091   
14.9068    34.3226   
18.2431    15.3486   
13.6823    1.0050    
14.6429    2.9201    
12.6967    37.4741   

# Frame405

# x        y
4.1408     34.6089   
14.9068    34.3226   
18.2430    15.3485   
13.6822    1.0050    
14.6428    2.9201    
12.6970    37.4742   

# Frame406

# x        y
4.1408     34.6088   
14.9068    34.3226   
18.2429    15.3484   
13.6822    1.0050    
14.6427    2.9200    
12.6973    37.4742   

# Frame407

# x        y
4.1408     34.6086   
14.9068    34.3226   
18.2428    15.3484   
13.6822    1.0050    
14.6426    2.9200    
12.6976    37.4742   

# Frame408

# x        y
4.1408     34.6085   
14.9068    34.3226   
18.2426    15.3483   
13.6822    1.0050    
14.6425    2.9199    
12.6979    37.4743   

# Frame409

# x        y
4.1408     34.6083   
14.9068    34.3226   
18.2425    15.3482   
13.6822    1.0050    
14.6424    2.9199    
12.6982    37.4743   

# Frame410

# x        y
4.1408     34.6082   
14.9068    34.3226   
18.2424    15.3481   
13.6822    1.0050    
14.6423    2.9198    
12.6985    37.4743   

# Frame411

# x        y
4.1408     34.6080   
14.9068    34.3226   
18.2423    15.3481   
13.6822    1.0050    
14.6422    2.9198    
12.6987    37.4744   

# Frame412

# x        y
4.1407     34.6079   
14.9068    34.3226   
18.2422    15.3480   
13.6822    1.0050    
14.6421    2.9197    
12.6990    37.4744   

# Frame413

# x        y
4.1407     34.6078   
14.9068    34.3226   
18.2421    15.3479   
13.6822    1.0050    
14.6420    2.9197    
12.6993    37.4744   

# Frame414

# x        y
4.1407     34.6076   
14.9068    34.3226   
18.2419    15.3479   
13.6822    1.0050    
14.6419    2.9196    
12.6995    37.4745   

# Frame415

# x        y
4.1407     34.6075   
14.9068    34.3226   
18.2418    15.3478   
13.6822    1.0050    
14.6418    2.9196    
12.6998    37.4745   

# Frame416

# x        y
4.1407     34.6074   
14.9068    34.3226   
18.2417    15.3478   
13.6822    1.0050    
14.6417    2.9195    
12.7001    37.4745   

# Frame417

# x        y
4.1407     34.6072   
14.9068    34.3226   
18.2416    15.3477   
13.6822    1.0050    
14.6416    2.9195    
12.7003    37.4746   

# Frame418

# x        y
4.1407     34.6071   
14.9068    34.3226   
18.2415    15.3476   
13.6822    1.0050    
14.6415    2.9194    
12.7006    37.4746   

# Frame419

# x        y
4.1407     34.6070   
14.9068    34.3226   
18.2414    15.3476   
13.6822    1.0050    
14.6414    2.9194    
12.7008    37.4746   

# Frame420

# x        y
4.1407     34.6069   
14.9068    34.3226   
18.2413    15.3475   
13.6822    1.0050    
14.6414    2.9194    
12.7011    37.4746   

# Frame421

# x        y
4.1407     34.6067   
14.9068    34.3226   
18.2412    15.3475   
13.6822    1.0050    
14.6414    2.9194    
12.7013    37.4747   

# Frame422

# x        y
4.1407     34.6066   
14.9068    34.3226   
18.2411    15.3474   
13.6822    1.0050    
14.6414    2.9194    
12.7015    37.4747   

# Frame423

# x        y
4.1407     34.6065   
14.9068    34.3226   
18.2410    15.3474   
13.6822    1.0050    
14.6414    2.9194    
12.7017    37.4747   

# Frame424

# x        y
4.1406     34.6064   
14.9068    34.3226   
18.2409    15.3473   
13.6822    1.0050    
14.6414    2.9194    
12.7020    37.4748   

# Frame425

# x        y
4.1406     34.6063   
14.9068    34.3226   
18.2408    15.3472   
13.6822    1.0050    
14.6414    2.9194    
12.7022    37.4748   

# Frame426

# x        y
4.1406     34.6062   
14.9068    34.3226   
18.2408    15.3472   
13.6822    1.0050    
14.6414    2.9194    
12.7024    37.4748   

# Frame427

# x        y
4.1406     34.6061   
14.9068    34.3226   
18.2407    15.3471   
13.6822    1.0050    
14.6414    2.9194    
12.7026    37.4748   

# Frame428

# x        y
4.1406     34.6060   
14.9068    34.3226   
18.2406    15.3471   
13.6822    1.0050    
14.6414    2.9194    
12.7028    37.4749   

# Frame429

# x        y
4.1406     34.6059   
14.9068    34.3226   
18.2406    15.3471   
13.6822    1.0050    
14.6414    2.9194    
12.7030    37.4749   

# Frame430

# x        y
4.1406     34.6058   
14.9068    34.3226   
18.2406    15.3471   
13.6822    1.0050    
14.6414    2.9194    
12.7032    37.4749   

# Frame431

# x        y
4.1406     34.6057   
14.9068    34.3226   
18.2406    15.3471   
13.6822    1.0050    
14.6414    2.9194    
12.7034    37.4749   

# Frame432

# x        y
4.1406     34.6057   
14.9068    34.3226   
18.2406    15.3471   
13.6822    1.0050    
14.6414    2.9194    
12.7036    37.4750   

# Frame433

# x        y
4.1406     34.6057   
14.9068    34.3226   
18.2406    15.3471   
13.6822    1.0050    
14.6414    2.9194    
12.7038    37.4750   

# Frame434

# x        y
4.1406     34.6057   
14.9068    34.3226   
18.2406    15.3471   
13.6822    1.0050    
14.6414    2.9194    
12.7040    37.4750   

# Frame435

# x        y
4.1406     34.6057   
14.9068    34.3226   
18.2406    15.3471   
13.6822    1.0050    
14.6414    2.9194    
12.7042    37.4750   

# Frame436

# x        y
4.1406     34.6057   
14.9068    34.3226   
18.2406    15.3471   
13.6822    1.0050    
14.6414    2.9194    
12.7044    37.4750   

# Frame437

# x        y
4.1406     34.6057   
14.9068    34.3226   
18.2406    15.3471   
13.6822    1.0050    
14.6414    2.9194    
12.7046    37.4751   

# Frame438

# x        y
4.1406     34.6057   
14.9068    34.3226   
18.2406    15.3471   
13.6822    1.0050    
14.6414    2.9194    
12.7048    37.4751   

# Frame439

# x        y
4.1406     34.6057   
14.9068    34.3226   
18.2406    15.3471   
13.6822    1.0050    
14.6414    2.9194    
12.7049    37.4751   

# Frame440

# x        y
4.1406     34.6057   
14.9068    34.3226   
18.2406    15.3471   
13.6822    1.0050    
14.6414    2.9194    
12.7051    37.4751   

# Frame441

# x        y
4.1406     34.6057   
14.9068    34.3226   
18.2406    15.3471   
13.6822    1.0050    
14.6414    2.9194    
12.7053    37.4752   

# Frame442

# x        y
4.1406     34.6057   
14.9068    34.3226   
18.2406    15.3471   
13.6822    1.0050    
14.6414    2.9194    
12.7054    37.4752   

# Frame443

# x        y
4.1406     34.6057   
14.9068    34.3226   
18.2406    15.3471   
13.6822    1.0050    
14.6414    2.9194    
12.7056    37.4752   

# Frame444

# x        y
4.1406     34.6057   
14.9068    34.3226   
18.2406    15.3471   
13.6822    1.0050    
14.6414    2.9194    
12.7058    37.4752   

# Frame445

# x        y
4.1406     34.6057   
14.9068    34.3226   
18.2406    15.3471   
13.6822    1.0050    
14.6414    2.9194    
12.7059    37.4752   

# Frame446

# x        y
4.1406     34.6057   
14.9068    34.3226   
18.2406    15.3471   
13.6822    1.0050    
14.6414    2.9194    
12.7061    37.4752   

# Frame447

# x        y
4.1406     34.6057   
14.9068    34.3226   
18.2406    15.3471   
13.6822    1.0050    
14.6414    2.9194    
12.7062    37.4753   

# Frame448

# x        y
4.1406     34.6057   
14.9068    34.3226   
18.2406    15.3471   
13.6822    1.0050    
14.6414    2.9194    
12.7064    37.4753   

# Frame449

# x        y
4.1406     34.6057   
14.9068    34.3226   
18.2406    15.3471   
13.6822    1.0050    
14.6414    2.9194    
12.7065    37.4753   

# Frame450

# x        y
4.1406     34.6057   
14.9068    34.3226   
18.2406    15.3471   
13.6822    1.0050    
14.6414    2.9194    
12.7067    37.4753   

# Frame451

# x        y
4.1406     34.6057   
14.9068    34.3226   
18.2406    15.3471   
13.6822    1.0050    
14.6414    2.9194    
12.7068    37.4753   

# Frame452

# x        y
4.1406     34.6057   
14.9068    34.3226   
18.2406    15.3471   
13.6822    1.0050    
14.6414    2.9194    
12.7069    37.4754   

# Frame453

# x        y
4.1406     34.6057   
14.9068    34.3226   
18.2406    15.3471   
13.6822    1.0050    
14.6414    2.9194    
12.7071    37.4754   

# Frame454

# x        y
4.1406     34.6057   
14.9068    34.3226   
18.2406    15.3471   
13.6822    1.0050    
14.6414    2.9194    
12.7072    37.4754   

# Frame455

# x        y
4.1406     34.6057   
14.9068    34.3226   
18.2406    15.3471   
13.6822    1.0050    
14.6414    2.9194    
12.7074    37.4754   

# Frame456

# x        y
4.1406     34.6057   
14.9068    34.3226   
18.2406    15.3471   
13.6822    1.0050    
14.6414    2.9194    
12.7075    37.4754   

# Frame457

# x        y
4.1406     34.6057   
14.9068    34.3226   
18.2406    15.3471   
13.6822    1.0050    
14.6414    2.9194    
12.7076    37.4754   

# Frame458

# x        y
4.1406     34.6057   
14.9068    34.3226   
18.2406    15.3471   
13.6822    1.0050    
14.6414    2.9194    
12.7077    37.4754   

# Frame459

# x        y
4.1406     34.6057   
14.9068    34.3226   
18.2406    15.3471   
13.6822    1.0050    
14.6414    2.9194    
12.7079    37.4755   

# Frame460

# x        y
4.1406     34.6057   
14.9068    34.3226   
18.2406    15.3471   
13.6822    1.0050    
14.6414    2.9194    
12.7080    37.4755   

# Frame461

# x        y
4.1406     34.6057   
14.9068    34.3226   
18.2406    15.3471   
13.6822    1.0050    
14.6414    2.9194    
12.7081    37.4755   

# Frame462

# x        y
4.1406     34.6057   
14.9068    34.3226   
18.2406    15.3471   
13.6822    1.0050    
14.6414    2.9194    
12.7082    37.4755   

# Frame463

# x        y
4.1406     34.6057   
14.9068    34.3226   
18.2406    15.3471   
13.6822    1.0050    
14.6414    2.9194    
12.7083    37.4755   

# Frame464

# x        y
4.1406     34.6057   
14.9068    34.3226   
18.2406    15.3471   
13.6822    1.0050    
14.6414    2.9194    
12.7085    37.4755   

# Frame465

# x        y
4.1406     34.6057   
14.9068    34.3226   
18.2406    15.3471   
13.6822    1.0050    
14.6414    2.9194    
12.7086    37.4756   

# Frame466

# x        y
4.1406     34.6057   
14.9068    34.3226   
18.2406    15.3471   
13.6822    1.0050    
14.6414    2.9194    
12.7087    37.4756   

# Frame467

# x        y
4.1406     34.6057   
14.9068    34.3226   
18.2406    15.3471   
13.6822    1.0050    
14.6414    2.9194    
12.7088    37.4756   

# Frame468

# x        y
4.1406     34.6057   
14.9068    34.3226   
18.2406    15.3471   
13.6822    1.0050    
14.6414    2.9194    
12.7089    37.4756   

# Frame469

# x        y
4.1406     34.6057   
14.9068    34.3226   
18.2406    15.3471   
13.6822    1.0050    
14.6414    2.9194    
12.7090    37.4756   

# Frame470

# x        y
4.1406     34.6057   
14.9068    34.3226   
18.2406    15.3471   
13.6822    1.0050    
14.6414    2.9194    
12.7091    37.4756   

# Frame471

# x        y
4.1406     34.6057   
14.9068    34.3226   
18.2406    15.3471   
13.6822    1.0050    
14.6414    2.9194    
12.7092    37.4756   

# Frame472

# x        y
4.1406     34.6057   
14.9068    34.3226   
18.2406    15.3471   
13.6822    1.0050    
14.6414    2.9194    
12.7093    37.4756   

# Frame473

