# x        y
11.4629    29.1769   
9.9118     1.0048    
17.0618    15.5797   
14.1263    15.8794   
5.8979     34.2011   
5.4775     27.9699   

# Frame1

# x        y
11.4629    29.1769   
9.9118     1.0049    
17.0618    15.5797   
14.1263    15.8794   
6.0283     33.0274   
5.4775     27.9699   

# Frame2

# x        y
11.4629    29.1769   
9.9118     1.0049    
17.0618    15.5797   
14.1263    15.8794   
6.1566     31.8731   
5.4775     27.9699   

# Frame3

# x        y
11.4629    29.1769   
9.9118     1.0049    
17.0618    15.5797   
14.1263    15.8794   
6.2827     30.7382   
5.4775     27.9699   

# Frame4

# x        y
11.4629    29.1769   
9.9118     1.0049    
17.0618    15.5797   
14.1263    15.8794   
6.4515     29.6805   
5.4326     27.9115   

# Frame5

# x        y
11.4629    29.1769   
9.9118     1.0049    
17.0618    15.5797   
14.1263    15.8794   
7.0064     29.1330   
4.9997     27.3616   

# Frame6

# x        y
11.4629    29.1769   
9.9118     1.0050    
17.0618    15.5797   
14.1263    15.8794   
7.5520     28.5946   
4.5741     26.8208   

# Frame7

# x        y
11.4629    29.1769   
9.9118     1.0050    
17.0618    15.5797   
14.1263    15.8794   
8.0884     28.0652   
4.1555     26.2890   

# Frame8

# x        y
11.4629    29.1769   
9.9118     1.0050    
17.0618    15.5797   
14.1263    15.8794   
8.6160     27.5446   
3.7439     25.7661   

# Frame9

# x        y
11.4629    29.1769   
9.9118     1.0050    
17.0618    15.5797   
14.1263    15.8794   
9.1347     27.0327   
3.3391     25.2520   

# Frame10

# x        y
11.4629    29.1769   
9.9118     1.0050    
17.0618    15.5797   
14.1263    15.8794   
9.6448     26.5293   
2.9411     24.7463   

# Frame11

# x        y
11.4629    29.1769   
9.9118     1.0050    
17.0618    15.5797   
14.1263    15.8794   
10.1465    26.0343   
2.5498     24.2492   

# Frame12

# x        y
11.4629    29.1769   
9.9118     1.0050    
17.0618    15.5797   
14.1263    15.8794   
10.6397    25.5476   
2.1649     23.7603   

# Frame13

# x        y
11.4629    29.1769   
9.9118     1.0050    
17.0618    15.5797   
14.1263    15.8794   
11.1247    25.0689   
1.7865     23.2795   

# Frame14

# x        y
11.4629    29.1769   
9.9118     1.0050    
17.0618    15.5797   
14.1263    15.8794   
11.6017    24.5983   
1.4144     22.8068   

# Frame15

# x        y
11.4629    29.1769   
9.9118     1.0050    
17.0618    15.5797   
14.1263    15.8794   
12.0707    24.1355   
1.0485     22.3419   

# Frame16

# x        y
11.4629    29.1769   
9.9118     1.0050    
17.0618    15.5797   
14.1263    15.8794   
12.5318    23.6804   
1.1580     22.0648   

# Frame17

# x        y
11.4629    29.1769   
9.9118     1.0050    
17.0618    15.5797   
14.1263    15.8794   
12.9853    23.2329   
1.3349     21.8232   

# Frame18

# x        y
11.4629    29.1769   
9.9118     1.0050    
17.0618    15.5797   
14.1263    15.8794   
13.4313    22.7928   
1.5089     21.5856   

# Frame19

# x        y
11.4629    29.1769   
9.9118     1.0050    
17.0618    15.5797   
14.1263    15.8794   
13.8698    22.3601   
1.6800     21.3519   

# Frame20

# x        y
11.4629    29.1769   
9.9118     1.0050    
17.0618    15.5797   
14.1263    15.8794   
14.3009    21.9346   
1.8482     21.1222   

# Frame21

# x        y
11.4629    29.1769   
9.9118     1.0050    
17.0618    15.5797   
14.1263    15.8794   
14.7250    21.5162   
2.0136     20.8963   

# Frame22

# x        y
11.4629    29.1769   
9.9118     1.0050    
17.0618    15.5797   
14.1263    15.8794   
15.1419    21.1047   
2.1762     20.6741   

# Frame23

# x        y
11.4629    29.1769   
9.9118     1.0050    
17.0618    15.5797   
14.1263    15.8794   
15.5519    20.7001   
2.3362     20.4557   

# Frame24

# x        y
11.4629    29.1769   
9.9118     1.0050    
17.0618    15.5797   
14.1263    15.8794   
15.9550    20.3023   
2.4934     20.2408   

# Frame25

# x        y
11.4629    29.1769   
9.9118     1.0050    
17.0618    15.5797   
14.1263    15.8794   
16.3515    19.9111   
2.6481     20.0296   

# Frame26

# x        y
11.4629    29.1769   
9.9118     1.0050    
17.0618    15.5797   
14.1263    15.8794   
16.7413    19.5264   
2.8002     19.8219   

# Frame27

# x        y
11.4629    29.1769   
9.9118     1.0050    
17.0618    15.5797   
14.1263    15.8794   
17.1246    19.1481   
2.9497     19.6177   

# Frame28

# x        y
11.4629    29.1769   
9.9118     1.0050    
17.0618    15.5797   
14.1263    15.8794   
17.5016    18.7761   
3.0968     19.4168   

# Frame29

# x        y
11.4629    29.1769   
9.9118     1.0050    
17.0618    15.5797   
14.1263    15.8794   
17.8722    18.4104   
3.2414     19.2193   

# Frame30

# x        y
11.4629    29.1769   
9.9118     1.0050    
17.0618    15.5797   
14.1263    15.8794   
18.2367    18.0507   
3.3836     19.0251   

# Frame31

# x        y
11.4629    29.1769   
9.9118     1.0050    
17.0618    15.5797   
14.1263    15.8794   
18.5951    17.6970   
3.5234     18.8342   

# Frame32

# x        y
11.4629    29.1769   
9.9118     1.0050    
17.0618    15.5797   
14.1263    15.8794   
18.9476    17.3492   
3.6609     18.6464   

# Frame33

# x        y
11.4629    29.1769   
9.9118     1.0050    
17.0618    15.5797   
14.1263    15.8794   
18.8511    17.2230   
3.7961     18.4617   

# Frame34

# x        y
11.4629    29.1769   
9.9118     1.0050    
17.0618    15.5797   
14.1263    15.8794   
18.6807    17.1411   
3.9290     18.2801   

# Frame35

# x        y
11.4629    29.1769   
9.9118     1.0050    
17.0618    15.5797   
14.1263    15.8794   
18.5131    17.0605   
4.0597     18.1016   

# Frame36

# x        y
11.4629    29.1769   
9.9118     1.0050    
17.0165    15.5307   
14.1263    15.8794   
18.3937    17.0303   
4.1883     17.9260   

# Frame37

# x        y
11.4629    29.1769   
9.9118     1.0050    
16.9309    15.4381   
14.1263    15.8794   
18.3172    17.0450   
4.3147     17.7534   

# Frame38

# x        y
11.4629    29.1769   
9.9118     1.0050    
16.8468    15.3470   
14.1263    15.8794   
18.2420    17.0594   
4.4390     17.5836   

# Frame39

# x        y
11.4629    29.1769   
9.9118     1.0050    
16.7641    15.2575   
14.1263    15.8794   
18.1680    17.0736   
4.5612     17.4167   

# Frame40

# x        y
11.4629    29.1769   
9.9118     1.0050    
16.6828    15.1695   
14.1263    15.8794   
18.0953    17.0876   
4.6814     17.2525   

# Frame41

# x        y
11.4629    29.1769   
9.9118     1.0050    
16.6029    15.0829   
14.1263    15.8794   
18.0238    17.1013   
4.7996     17.0911   

# Frame42

# x        y
11.4629    29.1769   
9.9118     1.0050    
16.5242    14.9978   
14.1263    15.8794   
17.9535    17.1148   
4.9158     16.9323   

# Frame43

# x        y
11.4629    29.1769   
9.9118     1.0050    
16.4469    14.9141   
14.1263    15.8794   
17.8843    17.1281   
5.0301     16.7763   

# Frame44

# x        y
11.4629    29.1769   
9.9118     1.0050    
16.3709    14.8318   
14.1263    15.8794   
17.8163    17.1411   
5.1425     16.6228   

# Frame45

# x        y
11.4629    29.1769   
9.9118     1.0050    
16.2961    14.7509   
14.1263    15.8794   
17.7494    17.1539   
5.2530     16.4718   

# Frame46

# x        y
11.4629    29.1769   
9.9118     1.0050    
16.2226    14.6713   
14.1263    15.8794   
17.6837    17.1666   
5.3616     16.3234   

# Frame47

# x        y
11.4629    29.1769   
9.9118     1.0050    
16.1503    14.5930   
14.1263    15.8794   
17.6190    17.1790   
5.4685     16.1775   

# Frame48

# x        y
11.4629    29.1769   
9.9118     1.0050    
16.0793    14.5161   
14.1263    15.8794   
17.5554    17.1912   
5.5736     16.0340   

# Frame49

# x        y
11.4629    29.1769   
9.9118     1.0050    
16.0094    14.4404   
14.1263    15.8794   
17.4929    17.2032   
5.6769     15.8929   

# Frame50

# x        y
11.4629    29.1769   
9.9118     1.0050    
15.9406    14.3660   
14.1263    15.8794   
17.4314    17.2150   
5.7785     15.7541   

# Frame51

# x        y
11.4629    29.1769   
9.9118     1.0050    
15.8730    14.2928   
14.1263    15.8794   
17.3710    17.2265   
5.8784     15.6177   

# Frame52

# x        y
11.4629    29.1769   
9.9118     1.0050    
15.8066    14.2209   
14.1263    15.8794   
17.3115    17.2380   
5.9766     15.4835   

# Frame53

# x        y
11.4629    29.1769   
9.9118     1.0050    
15.7412    14.1501   
14.1263    15.8794   
17.2531    17.2492   
6.0732     15.3515   

# Frame54

# x        y
11.4629    29.1769   
9.9118     1.0050    
15.6769    14.0805   
14.1263    15.8794   
17.1956    17.2602   
6.1682     15.2218   

# Frame55

# x        y
11.4629    29.1769   
9.9118     1.0050    
15.6138    14.0121   
14.1263    15.8794   
17.1390    17.2710   
6.2616     15.0942   

# Frame56

# x        y
11.4629    29.1769   
9.9118     1.0050    
15.5516    13.9449   
14.1263    15.8794   
17.0835    17.2817   
6.3535     14.9688   

# Frame57

# x        y
11.4629    29.1769   
9.9118     1.0050    
15.4905    13.8787   
14.1263    15.8794   
17.0288    17.2922   
6.4438     14.8454   

# Frame58

# x        y
11.4629    29.1769   
9.9118     1.0050    
15.4304    13.8137   
14.1263    15.8794   
16.9751    17.3025   
6.5326     14.7241   

# Frame59

# x        y
11.4629    29.1769   
9.9118     1.0050    
15.3713    13.7497   
14.1263    15.8794   
16.9222    17.3126   
6.6200     14.6048   

# Frame60

# x        y
11.4629    29.1769   
9.9118     1.0050    
15.3132    13.6868   
14.1263    15.8794   
16.8702    17.3226   
6.7058     14.4875   

# Frame61

# x        y
11.4629    29.1769   
9.9118     1.0050    
15.2561    13.6249   
14.1263    15.8794   
16.8191    17.3324   
6.7903     14.3722   

# Frame62

# x        y
11.4629    29.1769   
9.9118     1.0050    
15.1999    13.5641   
14.1263    15.8794   
16.7689    17.3421   
6.8733     14.2588   

# Frame63

# x        y
11.4629    29.1769   
9.9118     1.0050    
15.1447    13.5043   
14.1263    15.8794   
16.7195    17.3515   
6.9550     14.1472   

# Frame64

# x        y
11.4629    29.1769   
9.9118     1.0050    
15.0903    13.4455   
14.1263    15.8794   
16.6709    17.3609   
7.0353     14.0376   

# Frame65

# x        y
11.4629    29.1769   
9.9118     1.0050    
15.0369    13.3877   
14.1263    15.8794   
16.6231    17.3700   
7.1142     13.9297   

# Frame66

# x        y
11.4629    29.1769   
9.9118     1.0050    
14.9844    13.3308   
14.1263    15.8794   
16.5761    17.3790   
7.1919     13.8237   

# Frame67

# x        y
11.4629    29.1769   
9.9118     1.0050    
14.9328    13.2749   
14.1263    15.8794   
16.5299    17.3879   
7.2682     13.7194   

# Frame68

# x        y
11.4629    29.1769   
9.9118     1.0050    
14.8820    13.2199   
14.1263    15.8794   
16.4845    17.3966   
7.3433     13.6169   

# Frame69

# x        y
11.4629    29.1769   
9.9118     1.0050    
14.8320    13.1658   
14.1263    15.8794   
16.4398    17.4052   
7.4171     13.5161   

# Frame70

# x        y
11.4629    29.1769   
9.9118     1.0050    
14.7829    13.1127   
14.1263    15.8794   
16.3959    17.4136   
7.4897     13.4169   

# Frame71

# x        y
11.4629    29.1769   
9.9118     1.0050    
14.7346    13.0604   
14.1263    15.8794   
16.3527    17.4219   
7.5611     13.3194   

# Frame72

# x        y
11.4629    29.1769   
9.9118     1.0050    
14.6871    13.0090   
14.1263    15.8794   
16.3102    17.4301   
7.6313     13.2235   

# Frame73

# x        y
11.4629    29.1769   
9.9118     1.0050    
14.6404    12.9584   
14.1263    15.8794   
16.2684    17.4381   
7.7003     13.1293   

# Frame74

# x        y
11.4629    29.1769   
9.9118     1.0050    
14.5945    12.9087   
14.1263    15.8794   
16.2274    17.4460   
7.7682     13.0366   

# Frame75

# x        y
11.4629    29.1769   
9.9118     1.0050    
14.5493    12.8598   
14.1263    15.8794   
16.1870    17.4537   
7.8349     12.9454   

# Frame76

# x        y
11.4629    29.1769   
9.9118     1.0050    
14.5049    12.8118   
14.1263    15.8794   
16.1473    17.4613   
7.9006     12.8558   

# Frame77

# x        y
11.4629    29.1769   
9.9118     1.0050    
14.4613    12.7645   
14.1263    15.8794   
16.1082    17.4688   
7.9651     12.7676   

# Frame78

# x        y
11.4629    29.1769   
9.9118     1.0050    
14.4184    12.7180   
14.1263    15.8794   
16.0698    17.4762   
8.0286     12.6809   

# Frame79

# x        y
11.4629    29.1769   
9.9118     1.0050    
14.3761    12.6723   
14.1263    15.8794   
16.0320    17.4834   
8.0910     12.5957   

# Frame80

# x        y
11.4629    29.1769   
9.9118     1.0050    
14.3346    12.6274   
14.1263    15.8794   
15.9949    17.4906   
8.1523     12.5119   

# Frame81

# x        y
11.4629    29.1769   
9.9118     1.0050    
14.2938    12.5832   
14.1263    15.8794   
15.9584    17.4976   
8.2127     12.4295   

# Frame82

# x        y
11.4629    29.1769   
9.9118     1.0050    
14.2537    12.5397   
14.1263    15.8794   
15.9225    17.5044   
8.2720     12.3485   

# Frame83

# x        y
11.4629    29.1769   
9.9118     1.0050    
14.2142    12.4970   
14.1263    15.8794   
15.8872    17.5112   
8.3303     12.2688   

# Frame84

# x        y
11.4629    29.1769   
9.9118     1.0050    
14.1754    12.4550   
14.1263    15.8794   
15.8525    17.5179   
8.3877     12.1904   

# Frame85

# x        y
11.4629    29.1769   
9.9118     1.0050    
14.1372    12.4137   
14.1263    15.8794   
15.8183    17.5244   
8.4441     12.1133   

# Frame86

# x        y
11.4629    29.1769   
9.9118     1.0050    
14.0997    12.3730   
14.1263    15.8794   
15.7848    17.5309   
8.4996     12.0376   

# Frame87

# x        y
11.4629    29.1769   
9.9118     1.0050    
14.0628    12.3331   
14.1263    15.8794   
15.7517    17.5372   
8.5542     11.9631   

# Frame88

# x        y
11.4629    29.1769   
9.9118     1.0050    
14.0265    12.2938   
14.1263    15.8794   
15.7193    17.5434   
8.6078     11.8898   

# Frame89

# x        y
11.4629    29.1769   
9.9118     1.0050    
13.9908    12.2552   
14.1263    15.8794   
15.6874    17.5496   
8.6605     11.8178   

# Frame90

# x        y
11.4629    29.1769   
9.9118     1.0050    
13.9557    12.2172   
14.1263    15.8794   
15.6560    17.5556   
8.7124     11.7469   

# Frame91

# x        y
11.4629    29.1769   
9.9118     1.0050    
13.9212    12.1798   
14.1263    15.8794   
15.6251    17.5615   
8.7634     11.6773   

# Frame92

# x        y
11.4629    29.1769   
9.9118     1.0050    
13.8873    12.1431   
14.1263    15.8794   
15.5948    17.5673   
8.8136     11.6088   

# Frame93

# x        y
11.4629    29.1769   
9.9118     1.0050    
13.8539    12.1070   
14.1263    15.8794   
15.5649    17.5731   
8.8629     11.5414   

# Frame94

# x        y
11.4629    29.1769   
9.9118     1.0050    
13.8211    12.0714   
14.1263    15.8794   
15.5356    17.5787   
8.9114     11.4752   

# Frame95

# x        y
11.4629    29.1769   
9.9118     1.0050    
13.7888    12.0365   
14.1263    15.8794   
15.5067    17.5842   
8.9591     11.4100   

# Frame96

# x        y
11.4629    29.1769   
9.9118     1.0050    
13.7571    12.0022   
14.1263    15.8794   
15.4783    17.5897   
9.0060     11.3460   

# Frame97

# x        y
11.4629    29.1769   
9.9118     1.0050    
13.7259    11.9684   
14.1263    15.8794   
15.4504    17.5950   
9.0521     11.2830   

# Frame98

# x        y
11.4629    29.1769   
9.9118     1.0050    
13.6952    11.9352   
14.1263    15.8794   
15.4230    17.6003   
9.0974     11.2211   

# Frame99

# x        y
11.4629    29.1769   
9.9118     1.0050    
13.6650    11.9025   
14.1263    15.8794   
15.3960    17.6055   
9.1420     11.1602   

# Frame100

# x        y
11.4629    29.1769   
9.9118     1.0050    
13.6354    11.8704   
14.1263    15.8794   
15.3695    17.6106   
9.1859     11.1003   

# Frame101

# x        y
11.4629    29.1769   
9.9118     1.0050    
13.6062    11.8388   
14.1263    15.8794   
15.3434    17.6156   
9.2290     11.0414   

# Frame102

# x        y
11.4629    29.1769   
9.9118     1.0050    
13.5775    11.8078   
14.1263    15.8794   
15.3177    17.6205   
9.2714     10.9835   

# Frame103

# x        y
11.4629    29.1769   
9.9118     1.0050    
13.5493    11.7772   
14.1263    15.8794   
15.2925    17.6253   
9.3131     10.9265   

# Frame104

# x        y
11.4629    29.1769   
9.9118     1.0050    
13.5216    11.7472   
14.1263    15.8794   
15.2677    17.6301   
9.3541     10.8706   

# Frame105

# x        y
11.4629    29.1769   
9.9118     1.0050    
13.4943    11.7177   
14.1263    15.8794   
15.2433    17.6348   
9.3944     10.8155   

# Frame106

# x        y
11.4629    29.1769   
9.9118     1.0050    
13.4675    11.6887   
14.1263    15.8794   
15.2193    17.6394   
9.4340     10.7614   

# Frame107

# x        y
11.4629    29.1769   
9.9118     1.0050    
13.4411    11.6601   
14.1263    15.8794   
15.1957    17.6439   
9.4730     10.7081   

# Frame108

# x        y
11.4629    29.1769   
9.9118     1.0050    
13.4152    11.6320   
14.1263    15.8794   
15.1725    17.6483   
9.5113     10.6558   

# Frame109

# x        y
11.4629    29.1769   
9.9118     1.0050    
13.3897    11.6044   
14.1263    15.8794   
15.1497    17.6527   
9.5490     10.6043   

# Frame110

# x        y
11.4629    29.1769   
9.9118     1.0050    
13.3646    11.5773   
14.1263    15.8794   
15.1273    17.6570   
9.5861     10.5537   

# Frame111

# x        y
11.4629    29.1769   
9.9118     1.0050    
13.3400    11.5506   
14.1263    15.8794   
15.1052    17.6612   
9.6225     10.5039   

# Frame112

# x        y
11.4629    29.1769   
9.9118     1.0050    
13.3157    11.5244   
14.1263    15.8794   
15.0835    17.6654   
9.6583     10.4550   

# Frame113

# x        y
11.4629    29.1769   
9.9118     1.0050    
13.2919    11.4986   
14.1263    15.8794   
15.0622    17.6695   
9.6936     10.4068   

# Frame114

# x        y
11.4629    29.1769   
9.9118     1.0050    
13.2684    11.4732   
14.1263    15.8794   
15.0413    17.6735   
9.7282     10.3595   

# Frame115

# x        y
11.4629    29.1769   
9.9118     1.0050    
13.2454    11.4482   
14.1263    15.8794   
15.0206    17.6775   
9.7623     10.3130   

# Frame116

# x        y
11.4629    29.1769   
9.9118     1.0050    
13.2227    11.4237   
14.1263    15.8794   
15.0004    17.6814   
9.7958     10.2672   

# Frame117

# x        y
11.4629    29.1769   
9.9118     1.0050    
13.2004    11.3995   
14.1263    15.8794   
14.9804    17.6852   
9.8288     10.2222   

# Frame118

# x        y
11.4629    29.1769   
9.9118     1.0050    
13.1785    11.3758   
14.1230    15.8782   
14.9641    17.6901   
9.8612     10.1779   

# Frame119

# x        y
11.4629    29.1769   
9.9118     1.0050    
13.1570    11.3525   
14.1197    15.8771   
14.9481    17.6950   
9.8930     10.1344   

# Frame120

# x        y
11.4629    29.1769   
9.9118     1.0050    
13.1358    11.3295   
14.1165    15.8759   
14.9323    17.6998   
9.9244     10.0916   

# Frame121

# x        y
11.4629    29.1769   
9.9118     1.0050    
13.1149    11.3070   
14.1134    15.8748   
14.9168    17.7045   
9.9552     10.0496   

# Frame122

# x        y
11.4629    29.1769   
9.9118     1.0050    
13.0944    11.2848   
14.1103    15.8737   
14.9016    17.7091   
9.9855     10.0082   

# Frame123

# x        y
11.4629    29.1769   
9.9118     1.0050    
13.0743    11.2630   
14.1073    15.8726   
14.8866    17.7137   
10.0152    9.9675    

# Frame124

# x        y
11.4629    29.1769   
9.9118     1.0050    
13.0545    11.2415   
14.1043    15.8715   
14.8719    17.7182   
10.0445    9.9275    

# Frame125

# x        y
11.4629    29.1769   
9.9118     1.0050    
13.0350    11.2204   
14.1013    15.8704   
14.8574    17.7226   
10.0733    9.8882    

# Frame126

# x        y
11.4629    29.1769   
9.9118     1.0050    
13.0158    11.1997   
14.0984    15.8694   
14.8432    17.7269   
10.1017    9.8495    

# Frame127

# x        y
11.4629    29.1769   
9.9118     1.0050    
12.9970    11.1793   
14.0956    15.8684   
14.8291    17.7312   
10.1295    9.8114    

# Frame128

# x        y
11.4629    29.1769   
9.9118     1.0050    
12.9784    11.1592   
14.0928    15.8674   
14.8154    17.7354   
10.1569    9.7740    

# Frame129

# x        y
11.4629    29.1769   
9.9118     1.0050    
12.9602    11.1395   
14.0900    15.8664   
14.8018    17.7395   
10.1838    9.7373    

# Frame130

# x        y
11.4629    29.1769   
9.9118     1.0050    
12.9423    11.1201   
14.0873    15.8654   
14.7885    17.7435   
10.2103    9.7011    

# Frame131

# x        y
11.4629    29.1769   
9.9118     1.0050    
12.9247    11.1010   
14.0847    15.8644   
14.7754    17.7475   
10.2363    9.6655    

# Frame132

# x        y
11.4629    29.1769   
9.9118     1.0050    
12.9074    11.0823   
14.0821    15.8635   
14.7625    17.7514   
10.2620    9.6305    

# Frame133

# x        y
11.4629    29.1769   
9.9118     1.0050    
12.8903    11.0638   
14.0795    15.8626   
14.7499    17.7553   
10.2871    9.5962    

# Frame134

# x        y
11.4629    29.1769   
9.9118     1.0050    
12.8736    11.0457   
14.0770    15.8617   
14.7374    17.7590   
10.3119    9.5623    

# Frame135

# x        y
11.4629    29.1769   
9.9118     1.0050    
12.8571    11.0279   
14.0745    15.8608   
14.7252    17.7628   
10.3362    9.5291    

# Frame136

# x        y
11.4629    29.1769   
9.9118     1.0050    
12.8409    11.0103   
14.0720    15.8599   
14.7131    17.7664   
10.3602    9.4964    

# Frame137

# x        y
11.4629    29.1769   
9.9118     1.0050    
12.8250    10.9931   
14.0696    15.8590   
14.7013    17.7700   
10.3837    9.4642    

# Frame138

# x        y
11.4629    29.1769   
9.9118     1.0050    
12.8093    10.9761   
14.0673    15.8582   
14.6896    17.7736   
10.4069    9.4326    

# Frame139

# x        y
11.4629    29.1769   
9.9118     1.0050    
12.7939    10.9595   
14.0649    15.8573   
14.6782    17.7770   
10.4296    9.4015    

# Frame140

# x        y
11.4629    29.1769   
9.9118     1.0050    
12.7788    10.9431   
14.0627    15.8565   
14.6669    17.7805   
10.4520    9.3709    

# Frame141

# x        y
11.4629    29.1769   
9.9118     1.0050    
12.7639    10.9269   
14.0604    15.8557   
14.6558    17.7838   
10.4740    9.3409    

# Frame142

# x        y
11.4629    29.1769   
9.9118     1.0050    
12.7492    10.9111   
14.0582    15.8549   
14.6450    17.7871   
10.4957    9.3113    

# Frame143

# x        y
11.4629    29.1769   
9.9118     1.0050    
12.7348    10.8955   
14.0560    15.8541   
14.6342    17.7904   
10.5170    9.2822    

# Frame144

# x        y
11.4629    29.1769   
9.9118     1.0050    
12.7207    10.8802   
14.0539    15.8534   
14.6237    17.7936   
10.5379    9.2537    

# Frame145

# x        y
11.4629    29.1769   
9.9118     1.0050    
12.7068    10.8651   
14.0518    15.8526   
14.6134    17.7967   
10.5585    9.2256    

# Frame146

# x        y
11.4629    29.1769   
9.9118     1.0050    
12.6931    10.8503   
14.0497    15.8519   
14.6032    17.7998   
10.5787    9.1979    

# Frame147

# x        y
11.4629    29.1769   
9.9118     1.0050    
12.6796    10.8357   
14.0477    15.8511   
14.5932    17.8029   
10.5986    9.1707    

# Frame148

# x        y
11.4629    29.1769   
9.9118     1.0050    
12.6664    10.8214   
14.0457    15.8504   
14.5833    17.8059   
10.6182    9.1440    

# Frame149

# x        y
11.4629    29.1769   
9.9118     1.0050    
12.6533    10.8073   
14.0437    15.8497   
14.5737    17.8088   
10.6374    9.1177    

# Frame150

# x        y
11.4629    29.1769   
9.9118     1.0050    
12.6405    10.7934   
14.0418    15.8490   
14.5641    17.8117   
10.6563    9.0919    

# Frame151

# x        y
11.4629    29.1769   
9.9118     1.0050    
12.6280    10.7798   
14.0399    15.8483   
14.5548    17.8145   
10.6749    9.0665    

# Frame152

# x        y
11.4629    29.1769   
9.9118     1.0050    
12.6156    10.7664   
14.0380    15.8476   
14.5456    17.8173   
10.6932    9.0415    

# Frame153

# x        y
11.4629    29.1769   
9.9118     1.0050    
12.6034    10.7532   
14.0362    15.8470   
14.5365    17.8201   
10.7112    9.0169    

# Frame154

# x        y
11.4629    29.1769   
9.9118     1.0050    
12.5914    10.7403   
14.0344    15.8463   
14.5276    17.8228   
10.7289    8.9927    

# Frame155

# x        y
11.4629    29.1769   
9.9118     1.0050    
12.5797    10.7275   
14.0326    15.8457   
14.5189    17.8254   
10.7463    8.9690    

# Frame156

# x        y
11.4629    29.1769   
9.9118     1.0050    
12.5681    10.7150   
14.0309    15.8451   
14.5103    17.8281   
10.7634    8.9456    

# Frame157

# x        y
11.4629    29.1769   
9.9118     1.0050    
12.5567    10.7027   
14.0291    15.8444   
14.5018    17.8306   
10.7803    8.9226    

# Frame158

# x        y
11.4629    29.1769   
9.9118     1.0050    
12.5455    10.6906   
14.0274    15.8438   
14.4935    17.8332   
10.7968    8.9001    

# Frame159

# x        y
11.4629    29.1769   
9.9118     1.0050    
12.5345    10.6786   
14.0258    15.8432   
14.4853    17.8356   
10.8131    8.8778    

# Frame160

# x        y
11.4629    29.1769   
9.9118     1.0050    
12.5237    10.6669   
14.0242    15.8427   
14.4773    17.8381   
10.8291    8.8560    

# Frame161

# x        y
11.4629    29.1769   
9.9118     1.0050    
12.5131    10.6554   
14.0225    15.8421   
14.4693    17.8405   
10.8448    8.8345    

# Frame162

# x        y
11.4629    29.1769   
9.9118     1.0050    
12.5026    10.6441   
14.0210    15.8415   
14.4616    17.8429   
10.8602    8.8134    

# Frame163

# x        y
11.4629    29.1769   
9.9118     1.0050    
12.4923    10.6329   
14.0194    15.8409   
14.4539    17.8452   
10.8755    8.7926    

# Frame164

# x        y
11.4629    29.1769   
9.9118     1.0050    
12.4822    10.6220   
14.0179    15.8404   
14.4464    17.8475   
10.8904    8.7722    

# Frame165

# x        y
11.4629    29.1769   
9.9118     1.0050    
12.4722    10.6112   
14.0164    15.8399   
14.4390    17.8497   
10.9051    8.7521    

# Frame166

# x        y
11.4629    29.1769   
9.9118     1.0050    
12.4625    10.6006   
14.0149    15.8393   
14.4317    17.8519   
10.9196    8.7324    

# Frame167

# x        y
11.4629    29.1769   
9.9118     1.0050    
12.4528    10.5902   
14.0135    15.8388   
14.4246    17.8541   
10.9338    8.7129    

# Frame168

# x        y
11.4629    29.1769   
9.9118     1.0050    
12.4434    10.5800   
14.0120    15.8383   
14.4175    17.8562   
10.9478    8.6938    

# Frame169

# x        y
11.4629    29.1769   
9.9118     1.0050    
12.4341    10.5699   
14.0106    15.8378   
14.4106    17.8583   
10.9615    8.6751    

# Frame170

# x        y
11.4629    29.1769   
9.9118     1.0050    
12.4249    10.5600   
14.0092    15.8373   
14.4038    17.8604   
10.9750    8.6566    

# Frame171

# x        y
11.4629    29.1769   
9.9118     1.0050    
12.4159    10.5503   
14.0079    15.8368   
14.3971    17.8624   
10.9883    8.6384    

# Frame172

# x        y
11.4629    29.1769   
9.9118     1.0050    
12.4071    10.5407   
14.0066    15.8363   
14.3906    17.8644   
11.0014    8.6206    

# Frame173

# x        y
11.4629    29.1769   
9.9118     1.0050    
12.3984    10.5313   
14.0052    15.8358   
14.3841    17.8664   
11.0143    8.6030    

# Frame174

# x        y
11.4629    29.1769   
9.9118     1.0050    
12.3898    10.5220   
14.0039    15.8354   
14.3777    17.8683   
11.0269    8.5858    

# Frame175

# x        y
11.4629    29.1769   
9.9118     1.0050    
12.3814    10.5129   
14.0027    15.8349   
14.3715    17.8702   
11.0393    8.5688    

# Frame176

# x        y
11.4629    29.1769   
9.9118     1.0050    
12.3732    10.5040   
14.0014    15.8345   
14.3653    17.8721   
11.0516    8.5521    

# Frame177

# x        y
11.4629    29.1769   
9.9118     1.0050    
12.3650    10.4952   
14.0002    15.8340   
14.3593    17.8739   
11.0636    8.5357    

# Frame178

# x        y
11.4629    29.1769   
9.9118     1.0050    
12.3570    10.4865   
13.9990    15.8336   
14.3533    17.8758   
11.0754    8.5195    

# Frame179

# x        y
11.4629    29.1769   
9.9118     1.0050    
12.3492    10.4780   
13.9978    15.8332   
14.3475    17.8775   
11.0870    8.5037    

# Frame180

# x        y
11.4629    29.1769   
9.9118     1.0050    
12.3414    10.4696   
13.9966    15.8328   
14.3418    17.8793   
11.0985    8.4880    

# Frame181

# x        y
11.4629    29.1769   
9.9118     1.0050    
12.3338    10.4614   
13.9955    15.8323   
14.3361    17.8810   
11.1097    8.4727    

# Frame182

# x        y
11.4629    29.1769   
9.9118     1.0050    
12.3264    10.4533   
13.9944    15.8319   
14.3305    17.8827   
11.1207    8.4576    

# Frame183

# x        y
11.4629    29.1769   
9.9118     1.0050    
12.3190    10.4453   
13.9933    15.8315   
14.3251    17.8843   
11.1316    8.4428    

# Frame184

# x        y
11.4629    29.1769   
9.9118     1.0050    
12.3118    10.4375   
13.9922    15.8311   
14.3197    17.8860   
11.1423    8.4282    

# Frame185

# x        y
11.4629    29.1769   
9.9118     1.0050    
12.3047    10.4298   
13.9911    15.8308   
14.3144    17.8876   
11.1528    8.4138    

# Frame186

# x        y
11.4629    29.1769   
9.9118     1.0050    
12.2977    10.4223   
13.9900    15.8304   
14.3092    17.8892   
11.1631    8.3997    

# Frame187

# x        y
11.4629    29.1769   
9.9118     1.0050    
12.2908    10.4148   
13.9890    15.8300   
14.3041    17.8907   
11.1733    8.3858    

# Frame188

# x        y
11.4629    29.1769   
9.9118     1.0050    
12.2840    10.4075   
13.9880    15.8296   
14.2991    17.8922   
11.1833    8.3722    

# Frame189

# x        y
11.4629    29.1769   
9.9118     1.0050    
12.2774    10.4003   
13.9870    15.8293   
14.2941    17.8937   
11.1931    8.3588    

# Frame190

# x        y
11.4629    29.1769   
9.9118     1.0050    
12.2709    10.3932   
13.9860    15.8289   
14.2893    17.8952   
11.2028    8.3456    

# Frame191

# x        y
11.4629    29.1769   
9.9118     1.0050    
12.2644    10.3863   
13.9850    15.8286   
14.2845    17.8967   
11.2123    8.3326    

# Frame192

# x        y
11.4629    29.1769   
9.9118     1.0050    
12.2581    10.3794   
13.9841    15.8282   
14.2798    17.8981   
11.2216    8.3198    

# Frame193

# x        y
11.4629    29.1769   
9.9118     1.0050    
12.2519    10.3727   
13.9831    15.8279   
14.2752    17.8995   
11.2308    8.3073    

# Frame194

# x        y
11.4629    29.1769   
9.9118     1.0050    
12.2458    10.3661   
13.9822    15.8276   
14.2706    17.9009   
11.2398    8.2950    

# Frame195

# x        y
11.4629    29.1769   
9.9118     1.0050    
12.2398    10.3596   
13.9813    15.8272   
14.2662    17.9022   
11.2487    8.2828    

# Frame196

# x        y
11.4629    29.1769   
9.9118     1.0050    
12.2339    10.3532   
13.9804    15.8269   
14.2618    17.9036   
11.2574    8.2709    

# Frame197

# x        y
11.4629    29.1769   
9.9118     1.0050    
12.2281    10.3469   
13.9795    15.8266   
14.2575    17.9049   
11.2660    8.2592    

# Frame198

# x        y
11.4629    29.1769   
9.9118     1.0050    
12.2224    10.3407   
13.9787    15.8263   
14.2532    17.9062   
11.2745    8.2476    

# Frame199

# x        y
11.4629    29.1769   
9.9118     1.0050    
12.2167    10.3346   
13.9778    15.8260   
14.2490    17.9075   
11.2828    8.2363    

# Frame200

# x        y
11.4629    29.1769   
9.9118     1.0050    
12.2112    10.3286   
13.9770    15.8257   
14.2449    17.9087   
11.2909    8.2251    

# Frame201

# x        y
11.4629    29.1769   
9.9118     1.0050    
12.2058    10.3228   
13.9762    15.8254   
14.2409    17.9099   
11.2990    8.2142    

# Frame202

# x        y
11.4629    29.1769   
9.9118     1.0050    
12.2004    10.3170   
13.9754    15.8251   
14.2369    17.9111   
11.3069    8.2034    

# Frame203

# x        y
11.4629    29.1769   
9.9118     1.0050    
12.1952    10.3113   
13.9746    15.8248   
14.2330    17.9123   
11.3146    8.1928    

# Frame204

# x        y
11.4629    29.1769   
9.9118     1.0050    
12.1900    10.3057   
13.9738    15.8245   
14.2292    17.9135   
11.3223    8.1824    

# Frame205

# x        y
11.4629    29.1769   
9.9118     1.0050    
12.1849    10.3002   
13.9730    15.8243   
14.2254    17.9146   
11.3298    8.1721    

# Frame206

# x        y
11.4629    29.1769   
9.9118     1.0050    
12.1799    10.2948   
13.9723    15.8240   
14.2217    17.9158   
11.3372    8.1620    

# Frame207

# x        y
11.4629    29.1769   
9.9118     1.0050    
12.1750    10.2895   
13.9715    15.8237   
14.2180    17.9169   
11.3444    8.1521    

# Frame208

# x        y
11.4629    29.1769   
9.9118     1.0050    
12.1702    10.2843   
13.9708    15.8235   
14.2144    17.9180   
11.3516    8.1424    

# Frame209

# x        y
11.4629    29.1769   
9.9118     1.0050    
12.1655    10.2791   
13.9701    15.8232   
14.2109    17.9190   
11.3586    8.1328    

# Frame210

# x        y
11.4629    29.1769   
9.9118     1.0050    
12.1608    10.2741   
13.9694    15.8229   
14.2074    17.9201   
11.3655    8.1233    

# Frame211

# x        y
11.4629    29.1769   
9.9118     1.0050    
12.1562    10.2691   
13.9687    15.8227   
14.2040    17.9211   
11.3723    8.1141    

# Frame212

# x        y
11.4629    29.1769   
9.9118     1.0050    
12.1517    10.2642   
13.9680    15.8224   
14.2007    17.9222   
11.3789    8.1050    

# Frame213

# x        y
11.4629    29.1769   
9.9118     1.0050    
12.1472    10.2594   
13.9673    15.8222   
14.1974    17.9232   
11.3855    8.0960    

# Frame214

# x        y
11.4629    29.1769   
9.9118     1.0050    
12.1429    10.2547   
13.9667    15.8220   
14.1941    17.9241   
11.3920    8.0872    

# Frame215

# x        y
11.4629    29.1769   
9.9118     1.0050    
12.1386    10.2500   
13.9660    15.8217   
14.1909    17.9251   
11.3983    8.0785    

# Frame216

# x        y
11.4629    29.1769   
9.9118     1.0050    
12.1344    10.2454   
13.9654    15.8215   
14.1878    17.9261   
11.4045    8.0700    

# Frame217

# x        y
11.4629    29.1769   
9.9118     1.0050    
12.1302    10.2409   
13.9648    15.8213   
14.1847    17.9270   
11.4107    8.0616    

# Frame218

# x        y
11.4629    29.1769   
9.9118     1.0050    
12.1261    10.2365   
13.9641    15.8211   
14.1817    17.9279   
11.4167    8.0534    

# Frame219

# x        y
11.4629    29.1769   
9.9118     1.0050    
12.1221    10.2322   
13.9635    15.8208   
14.1787    17.9288   
11.4226    8.0453    

# Frame220

# x        y
11.4629    29.1769   
9.9118     1.0050    
12.1182    10.2279   
13.9629    15.8206   
14.1757    17.9297   
11.4285    8.0373    

# Frame221

# x        y
11.4629    29.1769   
9.9118     1.0050    
12.1143    10.2237   
13.9624    15.8204   
14.1729    17.9306   
11.4342    8.0295    

# Frame222

# x        y
11.4629    29.1769   
9.9118     1.0050    
12.1105    10.2196   
13.9618    15.8202   
14.1700    17.9315   
11.4399    8.0217    

# Frame223

# x        y
11.4629    29.1769   
9.9118     1.0050    
12.1067    10.2155   
13.9612    15.8200   
14.1672    17.9323   
11.4454    8.0142    

# Frame224

# x        y
11.4629    29.1769   
9.9118     1.0050    
12.1030    10.2115   
13.9607    15.8198   
14.1645    17.9332   
11.4509    8.0067    

# Frame225

# x        y
11.4629    29.1769   
9.9118     1.0050    
12.0994    10.2076   
13.9601    15.8196   
14.1618    17.9340   
11.4562    7.9994    

# Frame226

# x        y
11.4629    29.1769   
9.9118     1.0050    
12.0958    10.2037   
13.9596    15.8194   
14.1591    17.9348   
11.4615    7.9922    

# Frame227

# x        y
11.4629    29.1769   
9.9118     1.0050    
12.0923    10.1999   
13.9590    15.8192   
14.1565    17.9356   
11.4667    7.9851    

# Frame228

# x        y
11.4629    29.1769   
9.9118     1.0050    
12.0889    10.1962   
13.9585    15.8190   
14.1540    17.9364   
11.4718    7.9781    

# Frame229

# x        y
11.4629    29.1769   
9.9118     1.0050    
12.0855    10.1925   
13.9580    15.8188   
14.1514    17.9371   
11.4768    7.9713    

# Frame230

# x        y
11.4629    29.1769   
9.9118     1.0050    
12.0821    10.1889   
13.9575    15.8187   
14.1490    17.9379   
11.4817    7.9646    

# Frame231

# x        y
11.4629    29.1769   
9.9118     1.0050    
12.0788    10.1854   
13.9570    15.8185   
14.1465    17.9386   
11.4866    7.9579    

# Frame232

# x        y
11.4629    29.1769   
9.9118     1.0050    
12.0756    10.1819   
13.9565    15.8183   
14.1441    17.9393   
11.4914    7.9514    

# Frame233

# x        y
11.4629    29.1769   
9.9118     1.0050    
12.0725    10.1784   
13.9560    15.8181   
14.1418    17.9401   
11.4960    7.9450    

# Frame234

# x        y
11.4629    29.1769   
9.9118     1.0050    
12.0693    10.1750   
13.9556    15.8180   
14.1394    17.9408   
11.5007    7.9387    

# Frame235

# x        y
11.4629    29.1769   
9.9118     1.0050    
12.0663    10.1717   
13.9551    15.8178   
14.1372    17.9415   
11.5052    7.9325    

# Frame236

# x        y
11.4629    29.1769   
9.9118     1.0050    
12.0632    10.1685   
13.9547    15.8176   
14.1349    17.9421   
11.5096    7.9264    

# Frame237

# x        y
11.4629    29.1769   
9.9118     1.0050    
12.0603    10.1652   
13.9542    15.8175   
14.1327    17.9428   
11.5140    7.9204    

# Frame238

# x        y
11.4629    29.1769   
9.9118     1.0050    
12.0574    10.1621   
13.9538    15.8173   
14.1305    17.9435   
11.5183    7.9146    

# Frame239

# x        y
11.4629    29.1769   
9.9118     1.0050    
12.0545    10.1590   
13.9533    15.8172   
14.1284    17.9441   
11.5226    7.9088    

# Frame240

# x        y
11.4629    29.1769   
9.9118     1.0050    
12.0517    10.1559   
13.9529    15.8170   
14.1263    17.9448   
11.5268    7.9031    

# Frame241

# x        y
11.4629    29.1769   
9.9118     1.0050    
12.0489    10.1529   
13.9525    15.8169   
14.1242    17.9454   
11.5309    7.8975    

# Frame242

# x        y
11.4629    29.1769   
9.9118     1.0050    
12.0462    10.1500   
13.9521    15.8167   
14.1222    17.9460   
11.5349    7.8920    

# Frame243

# x        y
11.4629    29.1769   
9.9118     1.0050    
12.0435    10.1471   
13.9517    15.8166   
14.1202    17.9466   
11.5388    7.8865    

# Frame244

# x        y
11.4629    29.1769   
9.9118     1.0050    
12.0409    10.1442   
13.9513    15.8164   
14.1183    17.9472   
11.5427    7.8812    

# Frame245

# x        y
11.4629    29.1769   
9.9118     1.0050    
12.0383    10.1414   
13.9509    15.8163   
14.1163    17.9478   
11.5466    7.8760    

# Frame246

# x        y
11.4629    29.1769   
9.9118     1.0050    
12.0357    10.1387   
13.9505    15.8161   
14.1144    17.9484   
11.5503    7.8708    

# Frame247

# x        y
11.4629    29.1769   
9.9118     1.0050    
12.0332    10.1359   
13.9501    15.8160   
14.1126    17.9489   
11.5541    7.8658    

# Frame248

# x        y
11.4629    29.1769   
9.9118     1.0050    
12.0307    10.1333   
13.9497    15.8159   
14.1107    17.9495   
11.5577    7.8608    

# Frame249

# x        y
11.4629    29.1769   
9.9118     1.0050    
12.0283    10.1306   
13.9494    15.8157   
14.1089    17.9500   
11.5613    7.8559    

# Frame250

# x        y
11.4629    29.1769   
9.9118     1.0050    
12.0259    10.1281   
13.9490    15.8156   
14.1072    17.9506   
11.5648    7.8511    

# Frame251

# x        y
11.4629    29.1769   
9.9118     1.0050    
12.0236    10.1255   
13.9487    15.8155   
14.1054    17.9511   
11.5683    7.8464    

# Frame252

# x        y
11.4629    29.1769   
9.9118     1.0050    
12.0213    10.1230   
13.9483    15.8154   
14.1037    17.9516   
11.5717    7.8417    

# Frame253

# x        y
11.4629    29.1769   
9.9118     1.0050    
12.0190    10.1206   
13.9480    15.8152   
14.1020    17.9521   
11.5750    7.8371    

# Frame254

# x        y
11.4629    29.1769   
9.9118     1.0050    
12.0168    10.1182   
13.9476    15.8151   
14.1004    17.9526   
11.5783    7.8326    

# Frame255

# x        y
11.4629    29.1769   
9.9118     1.0050    
12.0146    10.1158   
13.9473    15.8150   
14.0987    17.9531   
11.5816    7.8282    

# Frame256

# x        y
11.4629    29.1769   
9.9118     1.0050    
12.0124    10.1135   
13.9470    15.8149   
14.0971    17.9536   
11.5847    7.8239    

# Frame257

# x        y
11.4629    29.1769   
9.9118     1.0050    
12.0103    10.1112   
13.9467    15.8148   
14.0956    17.9541   
11.5879    7.8196    

# Frame258

# x        y
11.4629    29.1769   
9.9118     1.0050    
12.0082    10.1089   
13.9463    15.8146   
14.0940    17.9546   
11.5910    7.8154    

# Frame259

# x        y
11.4629    29.1769   
9.9118     1.0050    
12.0062    10.1067   
13.9460    15.8145   
14.0925    17.9550   
11.5940    7.8112    

# Frame260

# x        y
11.4629    29.1769   
9.9118     1.0050    
12.0042    10.1045   
13.9457    15.8144   
14.0910    17.9555   
11.5970    7.8072    

# Frame261

# x        y
11.4629    29.1769   
9.9118     1.0050    
12.0022    10.1024   
13.9454    15.8143   
14.0895    17.9559   
11.5999    7.8032    

# Frame262

# x        y
11.4629    29.1769   
9.9118     1.0050    
12.0002    10.1003   
13.9451    15.8142   
14.0881    17.9564   
11.6028    7.7992    

# Frame263

# x        y
11.4629    29.1769   
9.9118     1.0050    
11.9983    10.0982   
13.9449    15.8141   
14.0866    17.9568   
11.6056    7.7954    

# Frame264

# x        y
11.4629    29.1769   
9.9118     1.0050    
11.9964    10.0961   
13.9446    15.8140   
14.0852    17.9572   
11.6084    7.7916    

# Frame265

# x        y
11.4629    29.1769   
9.9118     1.0050    
11.9946    10.0941   
13.9443    15.8139   
14.0839    17.9577   
11.6111    7.7878    

# Frame266

# x        y
11.4629    29.1769   
9.9118     1.0050    
11.9928    10.0922   
13.9440    15.8138   
14.0825    17.9581   
11.6138    7.7841    

# Frame267

# x        y
11.4629    29.1769   
9.9118     1.0050    
11.9910    10.0902   
13.9437    15.8137   
14.0812    17.9585   
11.6165    7.7805    

# Frame268

# x        y
11.4629    29.1769   
9.9118     1.0050    
11.9892    10.0883   
13.9435    15.8136   
14.0799    17.9589   
11.6191    7.7770    

# Frame269

# x        y
11.4629    29.1769   
9.9118     1.0050    
11.9875    10.0864   
13.9432    15.8135   
14.0786    17.9593   
11.6216    7.7735    

# Frame270

# x        y
11.4629    29.1769   
9.9118     1.0050    
11.9858    10.0846   
13.9430    15.8134   
14.0773    17.9596   
11.6242    7.7700    

# Frame271

# x        y
11.4629    29.1769   
9.9118     1.0050    
11.9841    10.0828   
13.9427    15.8133   
14.0761    17.9600   
11.6266    7.7666    

# Frame272

# x        y
11.4629    29.1769   
9.9118     1.0050    
11.9825    10.0810   
13.9425    15.8132   
14.0748    17.9604   
11.6291    7.7633    

# Frame273

# x        y
11.4629    29.1769   
9.9118     1.0050    
11.9808    10.0792   
13.9422    15.8132   
14.0736    17.9608   
11.6315    7.7600    

# Frame274

# x        y
11.4629    29.1769   
9.9118     1.0050    
11.9792    10.0775   
13.9420    15.8131   
14.0725    17.9611   
11.6338    7.7568    

# Frame275

# x        y
11.4629    29.1769   
9.9118     1.0050    
11.9777    10.0758   
13.9417    15.8130   
14.0713    17.9615   
11.6361    7.7537    

# Frame276

# x        y
11.4629    29.1769   
9.9118     1.0050    
11.9761    10.0742   
13.9415    15.8129   
14.0701    17.9618   
11.6384    7.7506    

# Frame277

# x        y
11.4629    29.1769   
9.9118     1.0050    
11.9746    10.0725   
13.9413    15.8128   
14.0690    17.9622   
11.6406    7.7475    

# Frame278

# x        y
11.4629    29.1769   
9.9118     1.0050    
11.9731    10.0709   
13.9410    15.8127   
14.0679    17.9625   
11.6428    7.7445    

# Frame279

# x        y
11.4629    29.1769   
9.9118     1.0050    
11.9717    10.0693   
13.9408    15.8127   
14.0668    17.9628   
11.6450    7.7415    

# Frame280

# x        y
11.4629    29.1769   
9.9118     1.0050    
11.9702    10.0678   
13.9406    15.8126   
14.0657    17.9632   
11.6471    7.7386    

# Frame281

# x        y
11.4629    29.1769   
9.9118     1.0050    
11.9688    10.0662   
13.9404    15.8125   
14.0647    17.9635   
11.6492    7.7358    

# Frame282

# x        y
11.4629    29.1769   
9.9118     1.0050    
11.9674    10.0647   
13.9402    15.8124   
14.0637    17.9638   
11.6513    7.7330    

# Frame283

# x        y
11.4629    29.1769   
9.9118     1.0050    
11.9661    10.0632   
13.9400    15.8124   
14.0626    17.9641   
11.6533    7.7302    

# Frame284

# x        y
11.4629    29.1769   
9.9118     1.0050    
11.9647    10.0618   
13.9398    15.8123   
14.0616    17.9644   
11.6553    7.7275    

# Frame285

# x        y
11.4629    29.1769   
9.9118     1.0050    
11.9634    10.0603   
13.9396    15.8122   
14.0607    17.9647   
11.6573    7.7248    

# Frame286

# x        y
11.4629    29.1769   
9.9118     1.0050    
11.9621    10.0589   
13.9394    15.8121   
14.0597    17.9650   
11.6592    7.7222    

# Frame287

# x        y
11.4629    29.1769   
9.9118     1.0050    
11.9608    10.0575   
13.9392    15.8121   
14.0587    17.9653   
11.6611    7.7196    

# Frame288

# x        y
11.4629    29.1769   
9.9118     1.0050    
11.9595    10.0562   
13.9390    15.8120   
14.0578    17.9656   
11.6629    7.7171    

# Frame289

# x        y
11.4629    29.1769   
9.9118     1.0050    
11.9583    10.0548   
13.9388    15.8119   
14.0569    17.9659   
11.6648    7.7146    

# Frame290

# x        y
11.4629    29.1769   
9.9118     1.0050    
11.9571    10.0535   
13.9386    15.8119   
14.0560    17.9661   
11.6666    7.7121    

# Frame291

# x        y
11.4629    29.1769   
9.9118     1.0050    
11.9559    10.0522   
13.9384    15.8118   
14.0551    17.9664   
11.6683    7.7097    

# Frame292

# x        y
11.4629    29.1769   
9.9118     1.0050    
11.9547    10.0510   
13.9383    15.8117   
14.0542    17.9667   
11.6701    7.7073    

# Frame293

# x        y
11.4629    29.1769   
9.9118     1.0050    
11.9536    10.0497   
13.9381    15.8117   
14.0534    17.9669   
11.6718    7.7050    

# Frame294

# x        y
11.4629    29.1769   
9.9118     1.0050    
11.9524    10.0485   
13.9379    15.8116   
14.0525    17.9672   
11.6735    7.7027    

# Frame295

# x        y
11.4629    29.1769   
9.9118     1.0050    
11.9513    10.0473   
13.9378    15.8116   
14.0517    17.9674   
11.6751    7.7004    

# Frame296

# x        y
11.4629    29.1769   
9.9118     1.0050    
11.9502    10.0461   
13.9376    15.8115   
14.0509    17.9677   
11.6768    7.6982    

# Frame297

# x        y
11.4629    29.1769   
9.9118     1.0050    
11.9491    10.0449   
13.9374    15.8114   
14.0501    17.9679   
11.6784    7.6960    

# Frame298

# x        y
11.4629    29.1769   
9.9118     1.0050    
11.9481    10.0437   
13.9373    15.8114   
14.0493    17.9682   
11.6799    7.6939    

# Frame299

# x        y
11.4629    29.1769   
9.9118     1.0050    
11.9470    10.0426   
13.9371    15.8113   
14.0485    17.9684   
11.6815    7.6917    

# Frame300

# x        y
11.4629    29.1769   
9.9118     1.0050    
11.9460    10.0415   
13.9369    15.8113   
14.0477    17.9686   
11.6830    7.6897    

# Frame301

# x        y
11.4629    29.1769   
9.9118     1.0050    
11.9450    10.0404   
13.9368    15.8112   
14.0470    17.9689   
11.6845    7.6876    

# Frame302

# x        y
11.4629    29.1769   
9.9118     1.0050    
11.9440    10.0393   
13.9366    15.8112   
14.0462    17.9691   
11.6860    7.6856    

# Frame303

# x        y
11.4629    29.1769   
9.9118     1.0050    
11.9430    10.0383   
13.9365    15.8111   
14.0455    17.9693   
11.6874    7.6836    

# Frame304

# x        y
11.4629    29.1769   
9.9118     1.0050    
11.9420    10.0372   
13.9364    15.8110   
14.0448    17.9695   
11.6888    7.6817    

# Frame305

# x        y
11.4629    29.1769   
9.9118     1.0050    
11.9411    10.0362   
13.9362    15.8110   
14.0441    17.9697   
11.6902    7.6798    

# Frame306

# x        y
11.4629    29.1769   
9.9118     1.0050    
11.9402    10.0352   
13.9361    15.8109   
14.0434    17.9700   
11.6916    7.6779    

# Frame307

# x        y
11.4629    29.1769   
9.9118     1.0050    
11.9392    10.0342   
13.9359    15.8109   
14.0427    17.9702   
11.6930    7.6761    

# Frame308

# x        y
11.4629    29.1769   
9.9118     1.0050    
11.9383    10.0332   
13.9358    15.8108   
14.0420    17.9704   
11.6943    7.6743    

# Frame309

# x        y
11.4629    29.1769   
9.9118     1.0050    
11.9375    10.0323   
13.9357    15.8108   
14.0414    17.9706   
11.6956    7.6725    

# Frame310

# x        y
11.4629    29.1769   
9.9118     1.0050    
11.9366    10.0313   
13.9355    15.8108   
14.0407    17.9708   
11.6969    7.6707    

# Frame311

# x        y
11.4629    29.1769   
9.9118     1.0050    
11.9357    10.0304   
13.9354    15.8107   
14.0401    17.9710   
11.6981    7.6690    

# Frame312

# x        y
11.4629    29.1769   
9.9118     1.0050    
11.9349    10.0295   
13.9353    15.8107   
14.0395    17.9711   
11.6994    7.6673    

# Frame313

# x        y
11.4629    29.1769   
9.9118     1.0050    
11.9341    10.0286   
13.9352    15.8106   
14.0389    17.9713   
11.7006    7.6656    

# Frame314

# x        y
11.4629    29.1769   
9.9118     1.0050    
11.9332    10.0277   
13.9350    15.8106   
14.0383    17.9715   
11.7018    7.6640    

# Frame315

# x        y
11.4629    29.1769   
9.9118     1.0050    
11.9324    10.0269   
13.9349    15.8105   
14.0377    17.9717   
11.7030    7.6624    

# Frame316

# x        y
11.4629    29.1769   
9.9118     1.0050    
11.9317    10.0260   
13.9348    15.8105   
14.0371    17.9719   
11.7041    7.6608    

# Frame317

# x        y
11.4629    29.1769   
9.9118     1.0050    
11.9309    10.0252   
13.9347    15.8104   
14.0365    17.9720   
11.7053    7.6592    

# Frame318

# x        y
11.4629    29.1769   
9.9118     1.0050    
11.9301    10.0243   
13.9346    15.8104   
14.0359    17.9722   
11.7064    7.6577    

# Frame319

# x        y
11.4629    29.1769   
9.9118     1.0050    
11.9294    10.0235   
13.9344    15.8104   
14.0354    17.9724   
11.7075    7.6562    

# Frame320

# x        y
11.4629    29.1769   
9.9118     1.0050    
11.9286    10.0227   
13.9343    15.8103   
14.0348    17.9726   
11.7086    7.6547    

# Frame321

# x        y
11.4629    29.1769   
9.9118     1.0050    
11.9279    10.0220   
13.9342    15.8103   
14.0343    17.9727   
11.7097    7.6532    

# Frame322

# x        y
11.4629    29.1769   
9.9118     1.0050    
11.9272    10.0212   
13.9341    15.8102   
14.0338    17.9729   
11.7107    7.6518    

# Frame323

# x        y
11.4629    29.1769   
9.9118     1.0050    
11.9265    10.0204   
13.9340    15.8102   
14.0332    17.9730   
11.7118    7.6504    

# Frame324

# x        y
11.4629    29.1769   
9.9118     1.0050    
11.9258    10.0197   
13.9339    15.8102   
14.0327    17.9732   
11.7128    7.6490    

# Frame325

# x        y
11.4629    29.1769   
9.9118     1.0050    
11.9251    10.0190   
13.9338    15.8101   
14.0322    17.9733   
11.7138    7.6476    

# Frame326

# x        y
11.4629    29.1769   
9.9118     1.0050    
11.9245    10.0182   
13.9337    15.8101   
14.0317    17.9735   
11.7148    7.6463    

# Frame327

# x        y
11.4629    29.1769   
9.9118     1.0050    
11.9238    10.0175   
13.9336    15.8101   
14.0312    17.9736   
11.7157    7.6450    

# Frame328

# x        y
11.4629    29.1769   
9.9118     1.0050    
11.9232    10.0168   
13.9335    15.8100   
14.0308    17.9738   
11.7167    7.6437    

# Frame329

# x        y
11.4629    29.1769   
9.9118     1.0050    
11.9226    10.0161   
13.9334    15.8100   
14.0303    17.9739   
11.7176    7.6424    

# Frame330

# x        y
11.4629    29.1769   
9.9118     1.0050    
11.9219    10.0155   
13.9334    15.8100   
14.0298    17.9741   
11.7185    7.6411    

# Frame331

# x        y
11.4629    29.1769   
9.9118     1.0050    
11.9213    10.0148   
13.9334    15.8100   
14.0294    17.9742   
11.7194    7.6399    

# Frame332

# x        y
11.4629    29.1769   
9.9118     1.0050    
11.9207    10.0142   
13.9334    15.8100   
14.0289    17.9743   
11.7203    7.6387    

# Frame333

# x        y
11.4629    29.1769   
9.9118     1.0050    
11.9201    10.0135   
13.9334    15.8100   
14.0285    17.9745   
11.7212    7.6375    

# Frame334

# x        y
11.4629    29.1769   
9.9118     1.0050    
11.9196    10.0129   
13.9334    15.8100   
14.0281    17.9746   
11.7220    7.6363    

# Frame335

# x        y
11.4629    29.1769   
9.9118     1.0050    
11.9190    10.0123   
13.9334    15.8100   
14.0276    17.9747   
11.7229    7.6352    

# Frame336

# x        y
11.4629    29.1769   
9.9118     1.0050    
11.9184    10.0117   
13.9334    15.8100   
14.0272    17.9749   
11.7237    7.6340    

# Frame337

# x        y
11.4629    29.1769   
9.9118     1.0050    
11.9179    10.0111   
13.9334    15.8100   
14.0268    17.9750   
11.7245    7.6329    

# Frame338

# x        y
11.4629    29.1769   
9.9118     1.0050    
11.9173    10.0105   
13.9334    15.8100   
14.0264    17.9751   
11.7253    7.6318    

# Frame339

# x        y
11.4629    29.1769   
9.9118     1.0050    
11.9168    10.0099   
13.9334    15.8100   
14.0260    17.9752   
11.7261    7.6307    

# Frame340

# x        y
11.4629    29.1769   
9.9118     1.0050    
11.9163    10.0093   
13.9334    15.8100   
14.0256    17.9753   
11.7269    7.6297    

# Frame341

# x        y
11.4629    29.1769   
9.9118     1.0050    
11.9157    10.0088   
13.9334    15.8100   
14.0252    17.9755   
11.7277    7.6286    

# Frame342

# x        y
11.4629    29.1769   
9.9118     1.0050    
11.9152    10.0082   
13.9334    15.8100   
14.0249    17.9756   
11.7284    7.6276    

# Frame343

# x        y
11.4629    29.1769   
9.9118     1.0050    
11.9147    10.0077   
13.9334    15.8100   
14.0245    17.9757   
11.7292    7.6266    

# Frame344

# x        y
11.4629    29.1769   
9.9118     1.0050    
11.9142    10.0072   
13.9334    15.8100   
14.0241    17.9758   
11.7299    7.6256    

# Frame345

# x        y
11.4629    29.1769   
9.9118     1.0050    
11.9138    10.0066   
13.9334    15.8100   
14.0238    17.9759   
11.7306    7.6246    

# Frame346

# x        y
11.4629    29.1769   
9.9118     1.0050    
11.9133    10.0061   
13.9334    15.8100   
14.0234    17.9760   
11.7313    7.6237    

# Frame347

# x        y
11.4629    29.1769   
9.9118     1.0050    
11.9128    10.0056   
13.9334    15.8100   
14.0231    17.9761   
11.7320    7.6227    

# Frame348

# x        y
11.4629    29.1769   
9.9118     1.0050    
11.9124    10.0051   
13.9334    15.8100   
14.0227    17.9762   
11.7327    7.6218    

# Frame349

# x        y
11.4629    29.1769   
9.9118     1.0050    
11.9119    10.0046   
13.9334    15.8100   
14.0224    17.9763   
11.7333    7.6209    

# Frame350

# x        y
11.4629    29.1769   
9.9118     1.0050    
11.9115    10.0041   
13.9334    15.8100   
14.0221    17.9764   
11.7340    7.6200    

# Frame351

# x        y
11.4629    29.1769   
9.9118     1.0050    
11.9110    10.0037   
13.9334    15.8100   
14.0217    17.9765   
11.7346    7.6191    

# Frame352

# x        y
11.4629    29.1769   
9.9118     1.0050    
11.9106    10.0032   
13.9334    15.8100   
14.0214    17.9766   
11.7353    7.6183    

# Frame353

# x        y
11.4629    29.1769   
9.9118     1.0050    
11.9102    10.0027   
13.9334    15.8100   
14.0211    17.9767   
11.7359    7.6174    

# Frame354

# x        y
11.4629    29.1769   
9.9118     1.0050    
11.9098    10.0023   
13.9334    15.8100   
14.0208    17.9768   
11.7365    7.6166    

# Frame355

# x        y
11.4629    29.1769   
9.9118     1.0050    
11.9094    10.0019   
13.9334    15.8100   
14.0205    17.9769   
11.7371    7.6157    

# Frame356

# x        y
11.4629    29.1769   
9.9118     1.0050    
11.9090    10.0014   
13.9334    15.8100   
14.0202    17.9770   
11.7377    7.6149    

# Frame357

# x        y
11.4629    29.1769   
9.9118     1.0050    
11.9086    10.0010   
13.9334    15.8100   
14.0199    17.9771   
11.7383    7.6141    

# Frame358

# x        y
11.4629    29.1769   
9.9118     1.0050    
11.9082    10.0006   
13.9334    15.8100   
14.0196    17.9772   
11.7389    7.6134    

# Frame359

# x        y
11.4629    29.1769   
9.9118     1.0050    
11.9078    10.0002   
13.9334    15.8100   
14.0193    17.9773   
11.7394    7.6126    

# Frame360

# x        y
11.4629    29.1769   
9.9118     1.0050    
11.9074    9.9998    
13.9334    15.8100   
14.0190    17.9773   
11.7400    7.6118    

# Frame361

# x        y
11.4629    29.1769   
9.9118     1.0050    
11.9070    9.9994    
13.9334    15.8100   
14.0188    17.9774   
11.7405    7.6111    

# Frame362

# x        y
11.4629    29.1769   
9.9118     1.0050    
11.9067    9.9990    
13.9334    15.8100   
14.0185    17.9775   
11.7411    7.6103    

# Frame363

# x        y
11.4629    29.1769   
9.9118     1.0050    
11.9063    9.9986    
13.9334    15.8100   
14.0182    17.9776   
11.7416    7.6096    

# Frame364

# x        y
11.4629    29.1769   
9.9118     1.0050    
11.9060    9.9982    
13.9334    15.8100   
14.0180    17.9777   
11.7421    7.6089    

# Frame365

# x        y
11.4629    29.1769   
9.9118     1.0050    
11.9056    9.9978    
13.9334    15.8100   
14.0177    17.9777   
11.7426    7.6082    

# Frame366

# x        y
11.4629    29.1769   
9.9118     1.0050    
11.9053    9.9975    
13.9334    15.8100   
14.0175    17.9778   
11.7431    7.6075    

# Frame367

# x        y
11.4629    29.1769   
9.9118     1.0050    
11.9050    9.9971    
13.9334    15.8100   
14.0172    17.9779   
11.7436    7.6069    

# Frame368

# x        y
11.4629    29.1769   
9.9118     1.0050    
11.9046    9.9967    
13.9334    15.8100   
14.0170    17.9780   
11.7441    7.6062    

# Frame369

# x        y
11.4629    29.1769   
9.9118     1.0050    
11.9043    9.9964    
13.9334    15.8100   
14.0167    17.9780   
11.7446    7.6055    

# Frame370

# x        y
11.4629    29.1769   
9.9118     1.0050    
11.9040    9.9960    
13.9334    15.8100   
14.0165    17.9781   
11.7451    7.6049    

# Frame371

# x        y
11.4629    29.1769   
9.9118     1.0050    
11.9037    9.9957    
13.9334    15.8100   
14.0163    17.9782   
11.7455    7.6043    

# Frame372

# x        y
11.4629    29.1769   
9.9118     1.0050    
11.9034    9.9954    
13.9334    15.8100   
14.0160    17.9783   
11.7460    7.6037    

# Frame373

# x        y
11.4629    29.1769   
9.9118     1.0050    
11.9031    9.9951    
13.9334    15.8100   
14.0158    17.9783   
11.7464    7.6031    

# Frame374

# x        y
11.4629    29.1769   
9.9118     1.0050    
11.9028    9.9947    
13.9334    15.8100   
14.0156    17.9784   
11.7469    7.6025    

# Frame375

# x        y
11.4629    29.1769   
9.9118     1.0050    
11.9025    9.9944    
13.9334    15.8100   
14.0154    17.9785   
11.7473    7.6019    

# Frame376

# x        y
11.4629    29.1769   
9.9118     1.0050    
11.9022    9.9941    
13.9334    15.8100   
14.0152    17.9785   
11.7477    7.6013    

# Frame377

# x        y
11.4629    29.1769   
9.9118     1.0050    
11.9019    9.9938    
13.9334    15.8100   
14.0150    17.9786   
11.7481    7.6007    

# Frame378

# x        y
11.4629    29.1769   
9.9118     1.0050    
11.9016    9.9935    
13.9334    15.8100   
14.0147    17.9787   
11.7485    7.6002    

# Frame379

# x        y
11.4629    29.1769   
9.9118     1.0050    
11.9014    9.9932    
13.9334    15.8100   
14.0145    17.9787   
11.7489    7.5996    

# Frame380

# x        y
11.4629    29.1769   
9.9118     1.0050    
11.9011    9.9929    
13.9334    15.8100   
14.0143    17.9788   
11.7493    7.5991    

# Frame381

# x        y
11.4629    29.1769   
9.9118     1.0050    
11.9008    9.9926    
13.9334    15.8100   
14.0141    17.9788   
11.7497    7.5985    

# Frame382

# x        y
11.4629    29.1769   
9.9118     1.0050    
11.9006    9.9923    
13.9334    15.8100   
14.0140    17.9789   
11.7501    7.5980    

# Frame383

# x        y
11.4629    29.1769   
9.9118     1.0050    
11.9003    9.9921    
13.9334    15.8100   
14.0138    17.9790   
11.7505    7.5975    

# Frame384

# x        y
11.4629    29.1769   
9.9118     1.0050    
11.9001    9.9918    
13.9334    15.8100   
14.0136    17.9790   
11.7509    7.5970    

# Frame385

# x        y
11.4629    29.1769   
9.9118     1.0050    
11.8998    9.9915    
13.9334    15.8100   
14.0134    17.9791   
11.7512    7.5965    

# Frame386

# x        y
11.4629    29.1769   
9.9118     1.0050    
11.8996    9.9913    
13.9334    15.8100   
14.0132    17.9791   
11.7516    7.5960    

# Frame387

# x        y
11.4629    29.1769   
9.9118     1.0050    
11.8993    9.9910    
13.9334    15.8100   
14.0130    17.9792   
11.7519    7.5955    

# Frame388

# x        y
11.4629    29.1769   
9.9118     1.0050    
11.8991    9.9908    
13.9334    15.8100   
14.0129    17.9792   
11.7523    7.5950    

# Frame389

# x        y
11.4629    29.1769   
9.9118     1.0050    
11.8989    9.9905    
13.9334    15.8100   
14.0127    17.9793   
11.7526    7.5946    

# Frame390

# x        y
11.4629    29.1769   
9.9118     1.0050    
11.8986    9.9903    
13.9334    15.8100   
14.0125    17.9793   
11.7530    7.5941    

# Frame391

# x        y
11.4629    29.1769   
9.9118     1.0050    
11.8984    9.9900    
13.9334    15.8100   
14.0124    17.9794   
11.7533    7.5937    

# Frame392

# x        y
11.4629    29.1769   
9.9118     1.0050    
11.8982    9.9898    
13.9334    15.8100   
14.0122    17.9794   
11.7536    7.5932    

# Frame393

# x        y
11.4629    29.1769   
9.9118     1.0050    
11.8980    9.9896    
13.9334    15.8100   
14.0120    17.9795   
11.7539    7.5928    

# Frame394

# x        y
11.4629    29.1769   
9.9118     1.0050    
11.8978    9.9893    
13.9334    15.8100   
14.0119    17.9795   
11.7542    7.5924    

# Frame395

# x        y
11.4629    29.1769   
9.9118     1.0050    
11.8976    9.9891    
13.9334    15.8100   
14.0117    17.9796   
11.7545    7.5919    

# Frame396

# x        y
11.4629    29.1769   
9.9118     1.0050    
11.8974    9.9889    
13.9334    15.8100   
14.0116    17.9796   
11.7548    7.5915    

# Frame397

# x        y
11.4629    29.1769   
9.9118     1.0050    
11.8972    9.9887    
13.9334    15.8100   
14.0114    17.9797   
11.7551    7.5911    

# Frame398

# x        y
11.4629    29.1769   
9.9118     1.0050    
11.8970    9.9884    
13.9334    15.8100   
14.0113    17.9797   
11.7554    7.5907    

# Frame399

# x        y
11.4629    29.1769   
9.9118     1.0050    
11.8968    9.9882    
13.9334    15.8100   
14.0111    17.9798   
11.7557    7.5903    

# Frame400

# x        y
11.4629    29.1769   
9.9118     1.0050    
11.8966    9.9880    
13.9334    15.8100   
14.0110    17.9798   
11.7560    7.5899    

# Frame401

# x        y
11.4629    29.1769   
9.9118     1.0050    
11.8964    9.9878    
13.9334    15.8100   
14.0108    17.9798   
11.7563    7.5896    

# Frame402

# x        y
11.4629    29.1769   
9.9118     1.0050    
11.8962    9.9876    
13.9334    15.8100   
14.0107    17.9799   
11.7566    7.5892    

# Frame403

# x        y
11.4629    29.1769   
9.9118     1.0050    
11.8960    9.9874    
13.9334    15.8100   
14.0106    17.9799   
11.7568    7.5888    

# Frame404

# x        y
11.4629    29.1769   
9.9118     1.0050    
11.8958    9.9872    
13.9334    15.8100   
14.0104    17.9800   
11.7571    7.5885    

# Frame405

# x        y
11.4629    29.1769   
9.9118     1.0050    
11.8957    9.9870    
13.9334    15.8100   
14.0103    17.9800   
11.7574    7.5881    

# Frame406

# x        y
11.4629    29.1769   
9.9118     1.0050    
11.8955    9.9868    
13.9334    15.8100   
14.0102    17.9800   
11.7576    7.5878    

# Frame407

# x        y
11.4629    29.1769   
9.9118     1.0050    
11.8953    9.9867    
13.9334    15.8100   
14.0101    17.9801   
11.7579    7.5874    

# Frame408

# x        y
11.4629    29.1769   
9.9118     1.0050    
11.8951    9.9865    
13.9334    15.8100   
14.0099    17.9801   
11.7581    7.5871    

# Frame409

# x        y
11.4629    29.1769   
9.9118     1.0050    
11.8950    9.9863    
13.9334    15.8100   
14.0098    17.9802   
11.7584    7.5867    

# Frame410

# x        y
11.4629    29.1769   
9.9118     1.0050    
11.8948    9.9861    
13.9334    15.8100   
14.0097    17.9802   
11.7586    7.5864    

# Frame411

# x        y
11.4629    29.1769   
9.9118     1.0050    
11.8947    9.9860    
13.9334    15.8100   
14.0096    17.9802   
11.7588    7.5861    

# Frame412

# x        y
11.4629    29.1769   
9.9118     1.0050    
11.8945    9.9858    
13.9334    15.8100   
14.0094    17.9803   
11.7591    7.5858    

# Frame413

# x        y
11.4629    29.1769   
9.9118     1.0050    
11.8944    9.9856    
13.9334    15.8100   
14.0093    17.9803   
11.7593    7.5855    

# Frame414

# x        y
11.4629    29.1769   
9.9118     1.0050    
11.8942    9.9855    
13.9334    15.8100   
14.0092    17.9803   
11.7595    7.5852    

# Frame415

# x        y
11.4629    29.1769   
9.9118     1.0050    
11.8941    9.9853    
13.9334    15.8100   
14.0091    17.9804   
11.7597    7.5849    

# Frame416

# x        y
11.4629    29.1769   
9.9118     1.0050    
11.8939    9.9851    
13.9334    15.8100   
14.0090    17.9804   
11.7600    7.5846    

# Frame417

# x        y
11.4629    29.1769   
9.9118     1.0050    
11.8938    9.9850    
13.9334    15.8100   
14.0089    17.9804   
11.7602    7.5843    

# Frame418

# x        y
11.4629    29.1769   
9.9118     1.0050    
11.8936    9.9848    
13.9334    15.8100   
14.0088    17.9805   
11.7604    7.5840    

# Frame419

# x        y
11.4629    29.1769   
9.9118     1.0050    
11.8935    9.9847    
13.9334    15.8100   
14.0087    17.9805   
11.7606    7.5837    

# Frame420

# x        y
11.4629    29.1769   
9.9118     1.0050    
11.8933    9.9845    
13.9334    15.8100   
14.0086    17.9805   
11.7608    7.5834    

# Frame421

# x        y
11.4629    29.1769   
9.9118     1.0050    
11.8932    9.9844    
13.9334    15.8100   
14.0085    17.9806   
11.7610    7.5832    

# Frame422

# x        y
11.4629    29.1769   
9.9118     1.0050    
11.8931    9.9842    
13.9334    15.8100   
14.0084    17.9806   
11.7612    7.5829    

# Frame423

# x        y
11.4629    29.1769   
9.9118     1.0050    
11.8929    9.9841    
13.9334    15.8100   
14.0083    17.9806   
11.7614    7.5826    

# Frame424

# x        y
11.4629    29.1769   
9.9118     1.0050    
11.8928    9.9840    
13.9334    15.8100   
14.0083    17.9806   
11.7616    7.5824    

# Frame425

# x        y
11.4629    29.1769   
9.9118     1.0050    
11.8927    9.9838    
13.9334    15.8100   
14.0083    17.9806   
11.7617    7.5821    

# Frame426

# x        y
11.4629    29.1769   
9.9118     1.0050    
11.8926    9.9837    
13.9334    15.8100   
14.0083    17.9806   
11.7619    7.5819    

# Frame427

# x        y
11.4629    29.1769   
9.9118     1.0050    
11.8924    9.9836    
13.9334    15.8100   
14.0083    17.9806   
11.7621    7.5816    

# Frame428

# x        y
11.4629    29.1769   
9.9118     1.0050    
11.8923    9.9834    
13.9334    15.8100   
14.0083    17.9806   
11.7623    7.5814    

# Frame429

# x        y
11.4629    29.1769   
9.9118     1.0050    
11.8922    9.9833    
13.9334    15.8100   
14.0083    17.9806   
11.7625    7.5811    

# Frame430

# x        y
11.4629    29.1769   
9.9118     1.0050    
11.8921    9.9832    
13.9334    15.8100   
14.0083    17.9806   
11.7626    7.5809    

# Frame431

# x        y
11.4629    29.1769   
9.9118     1.0050    
11.8920    9.9831    
13.9334    15.8100   
14.0083    17.9806   
11.7628    7.5807    

# Frame432

# x        y
11.4629    29.1769   
9.9118     1.0050    
11.8919    9.9829    
13.9334    15.8100   
14.0083    17.9806   
11.7630    7.5804    

# Frame433

# x        y
11.4629    29.1769   
9.9118     1.0050    
11.8918    9.9828    
13.9334    15.8100   
14.0083    17.9806   
11.7631    7.5802    

# Frame434

# x        y
11.4629    29.1769   
9.9118     1.0050    
11.8917    9.9827    
13.9334    15.8100   
14.0083    17.9806   
11.7633    7.5800    

# Frame435

# x        y
11.4629    29.1769   
9.9118     1.0050    
11.8915    9.9826    
13.9334    15.8100   
14.0083    17.9806   
11.7634    7.5798    

# Frame436

# x        y
11.4629    29.1769   
9.9118     1.0050    
11.8914    9.9825    
13.9334    15.8100   
14.0083    17.9806   
11.7636    7.5796    

# Frame437

# x        y
11.4629    29.1769   
9.9118     1.0050    
11.8913    9.9824    
13.9334    15.8100   
14.0083    17.9806   
11.7637    7.5794    

# Frame438

# x        y
11.4629    29.1769   
9.9118     1.0050    
11.8912    9.9822    
13.9334    15.8100   
14.0083    17.9806   
11.7639    7.5792    

# Frame439

# x        y
11.4629    29.1769   
9.9118     1.0050    
11.8911    9.9821    
13.9334    15.8100   
14.0083    17.9806   
11.7640    7.5790    

# Frame440

# x        y
11.4629    29.1769   
9.9118     1.0050    
11.8910    9.9820    
13.9334    15.8100   
14.0083    17.9806   
11.7642    7.5788    

# Frame441

# x        y
11.4629    29.1769   
9.9118     1.0050    
11.8909    9.9819    
13.9334    15.8100   
14.0083    17.9806   
11.7643    7.5786    

# Frame442

# x        y
11.4629    29.1769   
9.9118     1.0050    
11.8908    9.9818    
13.9334    15.8100   
14.0083    17.9806   
11.7645    7.5784    

# Frame443

# x        y
11.4629    29.1769   
9.9118     1.0050    
11.8908    9.9817    
13.9334    15.8100   
14.0083    17.9806   
11.7646    7.5782    

# Frame444

# x        y
11.4629    29.1769   
9.9118     1.0050    
11.8907    9.9816    
13.9334    15.8100   
14.0083    17.9806   
11.7647    7.5780    

# Frame445

# x        y
11.4629    29.1769   
9.9118     1.0050    
11.8906    9.9815    
13.9334    15.8100   
14.0083    17.9806   
11.7649    7.5778    

# Frame446

# x        y
11.4629    29.1769   
9.9118     1.0050    
11.8905    9.9814    
13.9334    15.8100   
14.0083    17.9806   
11.7650    7.5777    

# Frame447

# x        y
11.4629    29.1769   
9.9118     1.0050    
11.8904    9.9813    
13.9334    15.8100   
14.0083    17.9806   
11.7651    7.5775    

# Frame448

# x        y
11.4629    29.1769   
9.9118     1.0050    
11.8903    9.9812    
13.9334    15.8100   
14.0083    17.9806   
11.7653    7.5773    

# Frame449

# x        y
11.4629    29.1769   
9.9118     1.0050    
11.8902    9.9812    
13.9334    15.8100   
14.0083    17.9806   
11.7654    7.5771    

# Frame450

# x        y
11.4629    29.1769   
9.9118     1.0050    
11.8901    9.9811    
13.9334    15.8100   
14.0083    17.9806   
11.7655    7.5770    

# Frame451

# x        y
11.4629    29.1769   
9.9118     1.0050    
11.8901    9.9810    
13.9334    15.8100   
14.0083    17.9806   
11.7656    7.5768    

# Frame452

# x        y
11.4629    29.1769   
9.9118     1.0050    
11.8900    9.9809    
13.9334    15.8100   
14.0083    17.9806   
11.7657    7.5766    

# Frame453

# x        y
11.4629    29.1769   
9.9118     1.0050    
11.8899    9.9808    
13.9334    15.8100   
14.0083    17.9806   
11.7659    7.5765    

# Frame454

# x        y
11.4629    29.1769   
9.9118     1.0050    
11.8898    9.9807    
13.9334    15.8100   
14.0083    17.9806   
11.7660    7.5763    

# Frame455

# x        y
11.4629    29.1769   
9.9118     1.0050    
11.8898    9.9806    
13.9334    15.8100   
14.0083    17.9806   
11.7661    7.5762    

# Frame456

# x        y
11.4629    29.1769   
9.9118     1.0050    
11.8897    9.9806    
13.9334    15.8100   
14.0083    17.9806   
11.7662    7.5760    

# Frame457

# x        y
11.4629    29.1769   
9.9118     1.0050    
11.8896    9.9805    
13.9334    15.8100   
14.0083    17.9806   
11.7663    7.5759    

# Frame458

# x        y
11.4629    29.1769   
9.9118     1.0050    
11.8895    9.9804    
13.9334    15.8100   
14.0083    17.9806   
11.7664    7.5757    

# Frame459

# x        y
11.4629    29.1769   
9.9118     1.0050    
11.8895    9.9803    
13.9334    15.8100   
14.0083    17.9806   
11.7665    7.5756    

# Frame460

# x        y
11.4629    29.1769   
9.9118     1.0050    
11.8894    9.9802    
13.9334    15.8100   
14.0083    17.9806   
11.7666    7.5754    

# Frame461

# x        y
11.4629    29.1769   
9.9118     1.0050    
11.8893    9.9802    
13.9334    15.8100   
14.0083    17.9806   
11.7667    7.5753    

# Frame462

# x        y
11.4629    29.1769   
9.9118     1.0050    
11.8893    9.9802    
13.9334    15.8100   
14.0083    17.9806   
11.7668    7.5752    

# Frame463

# x        y
11.4629    29.1769   
9.9118     1.0050    
11.8893    9.9802    
13.9334    15.8100   
14.0083    17.9806   
11.7669    7.5750    

# Frame464

# x        y
11.4629    29.1769   
9.9118     1.0050    
11.8893    9.9802    
13.9334    15.8100   
14.0083    17.9806   
11.7670    7.5749    

# Frame465

# x        y
11.4629    29.1769   
9.9118     1.0050    
11.8893    9.9802    
13.9334    15.8100   
14.0083    17.9806   
11.7671    7.5748    

# Frame466

# x        y
11.4629    29.1769   
9.9118     1.0050    
11.8893    9.9802    
13.9334    15.8100   
14.0083    17.9806   
11.7672    7.5746    

# Frame467

# x        y
11.4629    29.1769   
9.9118     1.0050    
11.8893    9.9802    
13.9334    15.8100   
14.0083    17.9806   
11.7673    7.5745    

# Frame468

# x        y
11.4629    29.1769   
9.9118     1.0050    
11.8893    9.9802    
13.9334    15.8100   
14.0083    17.9806   
11.7674    7.5744    

# Frame469

# x        y
11.4629    29.1769   
9.9118     1.0050    
11.8893    9.9802    
13.9334    15.8100   
14.0083    17.9806   
11.7675    7.5743    

# Frame470

# x        y
11.4629    29.1769   
9.9118     1.0050    
11.8893    9.9802    
13.9334    15.8100   
14.0083    17.9806   
11.7676    7.5742    

# Frame471

# x        y
11.4629    29.1769   
9.9118     1.0050    
11.8893    9.9802    
13.9334    15.8100   
14.0083    17.9806   
11.7677    7.5740    

# Frame472

# x        y
11.4629    29.1769   
9.9118     1.0050    
11.8893    9.9802    
13.9334    15.8100   
14.0083    17.9806   
11.7677    7.5739    

# Frame473

# x        y
11.4629    29.1769   
9.9118     1.0050    
11.8893    9.9802    
13.9334    15.8100   
14.0083    17.9806   
11.7678    7.5738    

# Frame474

# x        y
11.4629    29.1769   
9.9118     1.0050    
11.8893    9.9802    
13.9334    15.8100   
14.0083    17.9806   
11.7679    7.5737    

# Frame475

# x        y
11.4629    29.1769   
9.9118     1.0050    
11.8893    9.9802    
13.9334    15.8100   
14.0083    17.9806   
11.7680    7.5736    

# Frame476

# x        y
11.4629    29.1769   
9.9118     1.0050    
11.8893    9.9802    
13.9334    15.8100   
14.0083    17.9806   
11.7681    7.5735    

# Frame477

# x        y
11.4629    29.1769   
9.9118     1.0050    
11.8893    9.9802    
13.9334    15.8100   
14.0083    17.9806   
11.7681    7.5734    

# Frame478

# x        y
11.4629    29.1769   
9.9118     1.0050    
11.8893    9.9802    
13.9334    15.8100   
14.0083    17.9806   
11.7682    7.5733    

# Frame479

# x        y
11.4629    29.1769   
9.9118     1.0050    
11.8893    9.9802    
13.9334    15.8100   
14.0083    17.9806   
11.7683    7.5732    

# Frame480

# x        y
11.4629    29.1769   
9.9118     1.0050    
11.8893    9.9802    
13.9334    15.8100   
14.0083    17.9806   
11.7684    7.5731    

# Frame481

# x        y
11.4629    29.1769   
9.9118     1.0050    
11.8893    9.9802    
13.9334    15.8100   
14.0083    17.9806   
11.7684    7.5730    

# Frame482

# x        y
11.4629    29.1769   
9.9118     1.0050    
11.8893    9.9802    
13.9334    15.8100   
14.0083    17.9806   
11.7685    7.5729    

# Frame483

# x        y
11.4629    29.1769   
9.9118     1.0050    
11.8893    9.9802    
13.9334    15.8100   
14.0083    17.9806   
11.7686    7.5728    

# Frame484

# x        y
11.4629    29.1769   
9.9118     1.0050    
11.8893    9.9802    
13.9334    15.8100   
14.0083    17.9806   
11.7687    7.5727    

# Frame485

# x        y
11.4629    29.1769   
9.9118     1.0050    
11.8893    9.9802    
13.9334    15.8100   
14.0083    17.9806   
11.7687    7.5726    

# Frame486

# x        y
11.4629    29.1769   
9.9118     1.0050    
11.8893    9.9802    
13.9334    15.8100   
14.0083    17.9806   
11.7688    7.5725    

# Frame487

# x        y
11.4629    29.1769   
9.9118     1.0050    
11.8893    9.9802    
13.9334    15.8100   
14.0083    17.9806   
11.7689    7.5724    

# Frame488

# x        y
11.4629    29.1769   
9.9118     1.0050    
11.8893    9.9802    
13.9334    15.8100   
14.0083    17.9806   
11.7689    7.5723    

# Frame489

# x        y
11.4629    29.1769   
9.9118     1.0050    
11.8893    9.9802    
13.9334    15.8100   
14.0083    17.9806   
11.7690    7.5722    

# Frame490

# x        y
11.4629    29.1769   
9.9118     1.0050    
11.8893    9.9802    
13.9334    15.8100   
14.0083    17.9806   
11.7690    7.5721    

# Frame491

# x        y
11.4629    29.1769   
9.9118     1.0050    
11.8893    9.9802    
13.9334    15.8100   
14.0083    17.9806   
11.7691    7.5721    

# Frame492

# x        y
11.4629    29.1769   
9.9118     1.0050    
11.8893    9.9802    
13.9334    15.8100   
14.0083    17.9806   
11.7692    7.5720    

# Frame493

