# x        y
18.9953    33.4093   
8.4220     9.1374    
1.3914     1.8548    
18.8753    22.0812   
1.3987     31.6183   
18.9951    38.9952   

# Frame1

# x        y
18.9953    33.4093   
8.4220     9.1374    
1.3914     1.8548    
18.8753    22.0812   
1.5770     32.9590   
18.9951    38.9951   

# Frame2

# x        y
18.9952    33.4093   
8.4220     9.1374    
1.3914     1.8548    
18.8753    22.0812   
2.3380     34.3032   
18.9951    38.9951   

# Frame3

# x        y
18.9952    33.4093   
8.4220     9.1374    
1.3914     1.8548    
18.8753    22.0812   
3.0864     35.6249   
18.9950    38.9951   

# Frame4

# x        y
18.9951    33.4093   
8.4220     9.1374    
1.3914     1.8548    
18.8753    22.0812   
3.8223     36.9246   
18.9950    38.9951   

# Frame5

# x        y
18.9951    33.4093   
8.4220     9.1374    
1.3914     1.8548    
18.8753    22.0812   
4.5459     38.2026   
18.9950    38.9951   

# Frame6

# x        y
18.9951    33.4093   
8.4220     9.1374    
1.3914     1.8548    
18.8753    22.0812   
5.3110     38.7680   
18.9950    38.9950   

# Frame7

# x        y
18.9951    33.4093   
8.4220     9.1374    
1.3914     1.8548    
18.8753    22.0812   
6.1561     38.1501   
18.9950    38.9950   

# Frame8

# x        y
18.9951    33.4093   
8.4220     9.1374    
1.3914     1.8548    
18.8753    22.0812   
6.9872     37.5425   
18.9950    38.9950   

# Frame9

# x        y
18.9950    33.4093   
8.4220     9.1374    
1.3914     1.8548    
18.8753    22.0812   
7.8044     36.9450   
18.9950    38.9950   

# Frame10

# x        y
18.9950    33.4093   
8.4220     9.1374    
1.3914     1.8548    
18.8753    22.0812   
8.6080     36.3575   
18.9950    38.9950   

# Frame11

# x        y
18.9950    33.4093   
8.4220     9.1374    
1.3914     1.8548    
18.8753    22.0812   
9.3982     35.7798   
18.9950    38.9950   

# Frame12

# x        y
18.9950    33.4093   
8.4220     9.1374    
1.3914     1.8548    
18.8753    22.0812   
10.1753    35.2117   
18.9950    38.9950   

# Frame13

# x        y
18.9950    33.4093   
8.4220     9.1374    
1.3914     1.8548    
18.8753    22.0812   
10.9394    34.6531   
18.9950    38.9950   

# Frame14

# x        y
18.9950    33.4093   
8.4220     9.1374    
1.3914     1.8548    
18.8753    22.0812   
11.6907    34.1037   
18.9950    38.9950   

# Frame15

# x        y
18.9950    33.4093   
8.4220     9.1374    
1.3914     1.8548    
18.8753    22.0812   
12.4296    33.5636   
18.9950    38.9950   

# Frame16

# x        y
18.9950    33.4093   
8.4220     9.1374    
1.3914     1.8548    
18.8753    22.0812   
13.1561    33.0324   
18.9950    38.9950   

# Frame17

# x        y
18.9950    33.4093   
8.4220     9.1374    
1.3914     1.8548    
18.8753    22.0812   
13.8705    32.5101   
18.9950    38.9950   

# Frame18

# x        y
18.9950    33.4093   
8.4220     9.1374    
1.3914     1.8548    
18.8753    22.0812   
14.5730    31.9965   
18.9950    38.9950   

# Frame19

# x        y
18.9950    33.4093   
8.4220     9.1374    
1.3914     1.8548    
18.8753    22.0812   
15.2638    31.4915   
18.9950    38.9950   

# Frame20

# x        y
18.9950    33.4093   
8.4220     9.1374    
1.3914     1.8548    
18.8753    22.0812   
15.9431    30.9949   
18.9950    38.9950   

# Frame21

# x        y
18.9950    33.4093   
8.4220     9.1374    
1.3914     1.8548    
18.8753    22.0812   
16.6110    30.5065   
18.9950    38.9950   

# Frame22

# x        y
18.9950    33.4093   
8.4220     9.1374    
1.3914     1.8548    
18.8753    22.0812   
17.2678    30.0263   
18.9950    38.9950   

# Frame23

# x        y
18.9950    33.4093   
8.4220     9.1374    
1.3914     1.8548    
18.8753    22.0812   
17.9137    29.5541   
18.9950    38.9950   

# Frame24

# x        y
18.9950    33.4093   
8.4220     9.1374    
1.3914     1.8548    
18.8753    22.0812   
18.5488    29.0898   
18.9950    38.9950   

# Frame25

# x        y
18.9950    33.4093   
8.4220     9.1374    
1.3914     1.8548    
18.8753    22.0812   
18.9114    28.6337   
18.9950    38.9950   

# Frame26

# x        y
18.9950    33.4093   
8.4220     9.1374    
1.3914     1.8548    
18.8753    22.0812   
18.6044    28.1865   
18.9950    38.9950   

# Frame27

# x        y
18.9950    33.4093   
8.4220     9.1374    
1.3914     1.8548    
18.8753    22.0812   
18.3024    27.7467   
18.9950    38.9950   

# Frame28

# x        y
18.9950    33.4093   
8.4220     9.1374    
1.3914     1.8548    
18.8753    22.0812   
18.0055    27.3143   
18.9950    38.9950   

# Frame29

# x        y
18.9950    33.4093   
8.4220     9.1374    
1.3914     1.8548    
18.8753    22.0812   
17.7136    26.8890   
18.9950    38.9950   

# Frame30

# x        y
18.9950    33.4093   
8.4220     9.1374    
1.3914     1.8548    
18.8753    22.0812   
17.4265    26.4709   
18.9950    38.9950   

# Frame31

# x        y
18.9950    33.4093   
8.4220     9.1374    
1.3914     1.8548    
18.8753    22.0812   
17.1442    26.0597   
18.9950    38.9950   

# Frame32

# x        y
18.9950    33.4093   
8.4220     9.1374    
1.3914     1.8548    
18.8753    22.0812   
16.8666    25.6554   
18.9950    38.9950   

# Frame33

# x        y
18.9950    33.4093   
8.4220     9.1374    
1.3914     1.8548    
18.8753    22.0812   
16.5936    25.2578   
18.9950    38.9950   

# Frame34

# x        y
18.9950    33.4093   
8.4220     9.1374    
1.3914     1.8548    
18.8753    22.0812   
16.3251    24.8669   
18.9950    38.9950   

# Frame35

# x        y
18.9950    33.4093   
8.4220     9.1374    
1.3914     1.8548    
18.8753    22.0812   
16.0612    24.4824   
18.9950    38.9950   

# Frame36

# x        y
18.9950    33.4093   
8.4220     9.1374    
1.3914     1.8548    
18.8753    22.0812   
15.8016    24.1044   
18.9950    38.9950   

# Frame37

# x        y
18.9950    33.4093   
8.4220     9.1374    
1.3914     1.8548    
18.8753    22.0812   
15.5464    23.7327   
18.9950    38.9950   

# Frame38

# x        y
18.9950    33.4093   
8.4220     9.1374    
1.3914     1.8548    
18.8753    22.0812   
15.2954    23.3672   
18.9950    38.9950   

# Frame39

# x        y
18.9950    33.4093   
8.4220     9.1374    
1.3914     1.8548    
18.8753    22.0812   
15.0486    23.0077   
18.9950    38.9950   

# Frame40

# x        y
18.9950    33.4093   
8.4220     9.1374    
1.3914     1.8548    
18.8753    22.0812   
14.8060    22.6543   
18.9950    38.9950   

# Frame41

# x        y
18.9950    33.4093   
8.4220     9.1374    
1.3914     1.8548    
18.8753    22.0812   
14.5673    22.3067   
18.9950    38.9950   

# Frame42

# x        y
18.9950    33.4093   
8.4220     9.1374    
1.3914     1.8548    
18.8753    22.0812   
14.3327    21.9649   
18.9950    38.9950   

# Frame43

# x        y
18.9950    33.4093   
8.4220     9.1374    
1.3914     1.8548    
18.8753    22.0812   
14.1019    21.6289   
18.9950    38.9950   

# Frame44

# x        y
18.9950    33.4093   
8.4220     9.1374    
1.3914     1.8548    
18.8753    22.0812   
13.8750    21.2984   
18.9950    38.9950   

# Frame45

# x        y
18.9950    33.4093   
8.4220     9.1374    
1.3914     1.8548    
18.8753    22.0812   
13.6519    20.9734   
18.9950    38.9950   

# Frame46

# x        y
18.9950    33.4093   
8.4220     9.1374    
1.3914     1.8548    
18.8753    22.0812   
13.4325    20.6539   
18.9950    38.9950   

# Frame47

# x        y
18.9950    33.4093   
8.4220     9.1374    
1.3914     1.8548    
18.8753    22.0812   
13.2167    20.3397   
18.9950    38.9950   

# Frame48

# x        y
18.9950    33.4093   
8.4220     9.1374    
1.3914     1.8548    
18.8753    22.0812   
13.0046    20.0307   
18.9950    38.9950   

# Frame49

# x        y
18.9950    33.4093   
8.4220     9.1374    
1.3914     1.8548    
18.8753    22.0812   
12.7960    19.7268   
18.9950    38.9950   

# Frame50

# x        y
18.9950    33.4093   
8.4220     9.1374    
1.3914     1.8548    
18.8753    22.0812   
12.5908    19.4281   
18.9950    38.9950   

# Frame51

# x        y
18.9950    33.4093   
8.4220     9.1374    
1.3914     1.8548    
18.8753    22.0812   
12.3891    19.1343   
18.9950    38.9950   

# Frame52

# x        y
18.9950    33.4093   
8.4220     9.1374    
1.3914     1.8548    
18.8753    22.0812   
12.1908    18.8454   
18.9950    38.9950   

# Frame53

# x        y
18.9950    33.4093   
8.4220     9.1374    
1.3914     1.8548    
18.8753    22.0812   
11.9957    18.5613   
18.9950    38.9950   

# Frame54

# x        y
18.9950    33.4093   
8.4220     9.1374    
1.3914     1.8548    
18.8753    22.0812   
11.8039    18.2820   
18.9950    38.9950   

# Frame55

# x        y
18.9950    33.4093   
8.4220     9.1374    
1.3914     1.8548    
18.8753    22.0812   
11.6153    18.0073   
18.9950    38.9950   

# Frame56

# x        y
18.9950    33.4093   
8.4220     9.1374    
1.3914     1.8548    
18.8753    22.0812   
11.4299    17.7372   
18.9950    38.9950   

# Frame57

# x        y
18.9950    33.4093   
8.4220     9.1374    
1.3914     1.8548    
18.8753    22.0812   
11.2475    17.4716   
18.9950    38.9950   

# Frame58

# x        y
18.9950    33.4093   
8.4220     9.1374    
1.3914     1.8548    
18.8753    22.0812   
11.0682    17.2104   
18.9950    38.9950   

# Frame59

# x        y
18.9950    33.4093   
8.4220     9.1374    
1.3914     1.8548    
18.8753    22.0812   
10.8918    16.9536   
18.9950    38.9950   

# Frame60

# x        y
18.9950    33.4093   
8.4220     9.1374    
1.3914     1.8548    
18.8753    22.0812   
10.7184    16.7010   
18.9950    38.9950   

# Frame61

# x        y
18.9950    33.4093   
8.4220     9.1374    
1.3914     1.8548    
18.8753    22.0812   
10.5479    16.4527   
18.9950    38.9950   

# Frame62

# x        y
18.9950    33.4093   
8.4220     9.1374    
1.3914     1.8548    
18.8753    22.0812   
10.3803    16.2085   
18.9950    38.9950   

# Frame63

# x        y
18.9950    33.4093   
8.4220     9.1374    
1.3914     1.8548    
18.8753    22.0812   
10.2154    15.9683   
18.9950    38.9950   

# Frame64

# x        y
18.9950    33.4093   
8.4220     9.1374    
1.3914     1.8548    
18.8753    22.0812   
10.0533    15.7322   
18.9950    38.9950   

# Frame65

# x        y
18.9950    33.4093   
8.4220     9.1374    
1.3914     1.8548    
18.8753    22.0812   
9.8938     15.5000   
18.9950    38.9950   

# Frame66

# x        y
18.9950    33.4093   
8.4220     9.1374    
1.3914     1.8548    
18.8753    22.0812   
9.7371     15.2717   
18.9950    38.9950   

# Frame67

# x        y
18.9950    33.4093   
8.4220     9.1374    
1.3914     1.8548    
18.8753    22.0812   
9.5829     15.0472   
18.9950    38.9950   

# Frame68

# x        y
18.9950    33.4093   
8.4220     9.1374    
1.3914     1.8548    
18.8753    22.0812   
9.4313     14.8264   
18.9950    38.9950   

# Frame69

# x        y
18.9950    33.4093   
8.4220     9.1374    
1.3914     1.8548    
18.8753    22.0812   
9.2823     14.6093   
18.9950    38.9950   

# Frame70

# x        y
18.9950    33.4093   
8.4220     9.1374    
1.3914     1.8548    
18.8753    22.0812   
9.1357     14.3958   
18.9950    38.9950   

# Frame71

# x        y
18.9950    33.4093   
8.4220     9.1374    
1.3914     1.8548    
18.8753    22.0812   
8.9916     14.1859   
18.9950    38.9950   

# Frame72

# x        y
18.9950    33.4093   
8.4220     9.1374    
1.3914     1.8548    
18.8753    22.0812   
8.8498     13.9795   
18.9950    38.9950   

# Frame73

# x        y
18.9950    33.4093   
8.4220     9.1374    
1.3914     1.8548    
18.8753    22.0812   
8.7105     13.7765   
18.9950    38.9950   

# Frame74

# x        y
18.9950    33.4093   
8.4220     9.1374    
1.3914     1.8548    
18.8753    22.0812   
8.5734     13.5769   
18.9950    38.9950   

# Frame75

# x        y
18.9950    33.4093   
8.4220     9.1374    
1.3914     1.8548    
18.8753    22.0812   
8.4387     13.3806   
18.9950    38.9950   

# Frame76

# x        y
18.9950    33.4093   
8.4220     9.1374    
1.3914     1.8548    
18.8753    22.0812   
8.3061     13.1876   
18.9950    38.9950   

# Frame77

# x        y
18.9950    33.4093   
8.4220     9.1374    
1.3914     1.8548    
18.8753    22.0812   
8.1758     12.9979   
18.9950    38.9950   

# Frame78

# x        y
18.9950    33.4093   
8.4220     9.1374    
1.3914     1.8548    
18.8753    22.0812   
8.0477     12.8112   
18.9950    38.9950   

# Frame79

# x        y
18.9950    33.4093   
8.4220     9.1374    
1.3914     1.8548    
18.8753    22.0812   
7.9217     12.6277   
18.9950    38.9950   

# Frame80

# x        y
18.9950    33.4093   
8.4220     9.1374    
1.3914     1.8548    
18.8753    22.0812   
7.7978     12.4473   
18.9950    38.9950   

# Frame81

# x        y
18.9950    33.4093   
8.4220     9.1374    
1.3914     1.8548    
18.8753    22.0812   
7.6760     12.2698   
18.9950    38.9950   

# Frame82

# x        y
18.9950    33.4093   
8.4220     9.1374    
1.3914     1.8548    
18.8753    22.0812   
7.5562     12.0953   
18.9950    38.9950   

# Frame83

# x        y
18.9950    33.4093   
8.4220     9.1374    
1.3914     1.8548    
18.8753    22.0812   
7.4384     11.9238   
18.9950    38.9950   

# Frame84

# x        y
18.9950    33.4093   
8.4220     9.1374    
1.3914     1.8548    
18.8753    22.0812   
7.3225     11.7550   
18.9950    38.9950   

# Frame85

# x        y
18.9950    33.4093   
8.4220     9.1374    
1.3914     1.8548    
18.8753    22.0812   
7.2086     11.5891   
18.9950    38.9950   

# Frame86

# x        y
18.9950    33.4093   
8.4220     9.1374    
1.3914     1.8548    
18.8753    22.0812   
7.0966     11.4260   
18.9950    38.9950   

# Frame87

# x        y
18.9950    33.4093   
8.4220     9.1374    
1.3914     1.8548    
18.8753    22.0812   
6.9865     11.2656   
18.9950    38.9950   

# Frame88

# x        y
18.9950    33.4093   
8.4220     9.1374    
1.3914     1.8548    
18.8753    22.0812   
6.8781     11.1078   
18.9950    38.9950   

# Frame89

# x        y
18.9950    33.4093   
8.4220     9.1374    
1.3914     1.8548    
18.8753    22.0812   
6.7716     10.9527   
18.9950    38.9950   

# Frame90

# x        y
18.9950    33.4093   
8.4220     9.1374    
1.3914     1.8548    
18.8753    22.0812   
6.6669     10.8002   
18.9950    38.9950   

# Frame91

# x        y
18.9950    33.4093   
8.4220     9.1374    
1.3914     1.8548    
18.8753    22.0812   
6.5639     10.6502   
18.9950    38.9950   

# Frame92

# x        y
18.9950    33.4093   
8.4220     9.1374    
1.3914     1.8548    
18.8753    22.0812   
6.4627     10.5027   
18.9950    38.9950   

# Frame93

# x        y
18.9950    33.4093   
8.4220     9.1374    
1.3914     1.8548    
18.8753    22.0812   
6.3631     10.3577   
18.9950    38.9950   

# Frame94

# x        y
18.9950    33.4093   
8.4220     9.1374    
1.3914     1.8548    
18.8753    22.0812   
6.2651     10.2150   
18.9950    38.9950   

# Frame95

# x        y
18.9950    33.4093   
8.4220     9.1374    
1.3914     1.8548    
18.8753    22.0812   
6.1689     10.0748   
18.9950    38.9950   

# Frame96

# x        y
18.9950    33.4093   
8.4220     9.1374    
1.3914     1.8548    
18.8753    22.0812   
6.0742     9.9369    
18.9950    38.9950   

# Frame97

# x        y
18.9950    33.4093   
8.4220     9.1374    
1.3914     1.8548    
18.8753    22.0812   
5.9811     9.8013    
18.9950    38.9950   

# Frame98

# x        y
18.9950    33.4093   
8.4220     9.1374    
1.3914     1.8548    
18.8753    22.0812   
5.8895     9.6679    
18.9950    38.9950   

# Frame99

# x        y
18.9950    33.4093   
8.4220     9.1374    
1.3914     1.8548    
18.8753    22.0812   
5.7995     9.5368    
18.9950    38.9950   

# Frame100

# x        y
18.9950    33.4093   
8.4220     9.1374    
1.3914     1.8548    
18.8753    22.0812   
5.7110     9.4079    
18.9950    38.9950   

# Frame101

# x        y
18.9950    33.4093   
8.4220     9.1374    
1.3914     1.8548    
18.8753    22.0812   
5.6239     9.2811    
18.9950    38.9950   

# Frame102

# x        y
18.9950    33.4093   
8.4220     9.1374    
1.3914     1.8548    
18.8753    22.0812   
5.5383     9.1564    
18.9950    38.9950   

# Frame103

# x        y
18.9950    33.4093   
8.4220     9.1374    
1.3914     1.8548    
18.8753    22.0812   
5.4541     9.0338    
18.9950    38.9950   

# Frame104

# x        y
18.9950    33.4093   
8.4220     9.1374    
1.3914     1.8548    
18.8753    22.0812   
5.3714     8.9133    
18.9950    38.9950   

# Frame105

# x        y
18.9950    33.4093   
8.4220     9.1374    
1.3914     1.8548    
18.8753    22.0812   
5.2900     8.7947    
18.9950    38.9950   

# Frame106

# x        y
18.9950    33.4093   
8.4220     9.1374    
1.3914     1.8548    
18.8753    22.0812   
5.2099     8.6782    
18.9950    38.9950   

# Frame107

# x        y
18.9950    33.4093   
8.4220     9.1374    
1.3914     1.8548    
18.8753    22.0812   
5.1312     8.5635    
18.9950    38.9950   

# Frame108

# x        y
18.9950    33.4093   
8.4220     9.1374    
1.3914     1.8548    
18.8753    22.0812   
5.0538     8.4508    
18.9950    38.9950   

# Frame109

# x        y
18.9950    33.4093   
8.4220     9.1374    
1.3914     1.8548    
18.8753    22.0812   
4.9777     8.3400    
18.9950    38.9950   

# Frame110

# x        y
18.9950    33.4093   
8.4220     9.1374    
1.3914     1.8548    
18.8753    22.0812   
4.9029     8.2310    
18.9950    38.9950   

# Frame111

# x        y
18.9950    33.4093   
8.4220     9.1374    
1.3914     1.8548    
18.8753    22.0812   
4.8293     8.1238    
18.9950    38.9950   

# Frame112

# x        y
18.9950    33.4093   
8.4220     9.1374    
1.3914     1.8548    
18.8753    22.0812   
4.7570     8.0184    
18.9950    38.9950   

# Frame113

# x        y
18.9950    33.4093   
8.4220     9.1374    
1.3914     1.8548    
18.8753    22.0812   
4.6858     7.9148    
18.9950    38.9950   

# Frame114

# x        y
18.9950    33.4093   
8.4220     9.1374    
1.3914     1.8548    
18.8753    22.0812   
4.6158     7.8129    
18.9950    38.9950   

# Frame115

# x        y
18.9950    33.4093   
8.4220     9.1374    
1.3914     1.8548    
18.8753    22.0812   
4.5470     7.7127    
18.9950    38.9950   

# Frame116

# x        y
18.9950    33.4093   
8.4220     9.1374    
1.3914     1.8548    
18.8753    22.0812   
4.4794     7.6142    
18.9950    38.9950   

# Frame117

# x        y
18.9950    33.4093   
8.4220     9.1374    
1.3914     1.8548    
18.8753    22.0812   
4.4129     7.5173    
18.9950    38.9950   

# Frame118

# x        y
18.9950    33.4093   
8.4220     9.1374    
1.3914     1.8548    
18.8753    22.0812   
4.3474     7.4220    
18.9950    38.9950   

# Frame119

# x        y
18.9950    33.4093   
8.4220     9.1374    
1.3914     1.8548    
18.8753    22.0812   
4.2831     7.3283    
18.9950    38.9950   

# Frame120

# x        y
18.9950    33.4093   
8.4220     9.1374    
1.3914     1.8548    
18.8753    22.0812   
4.2199     7.2362    
18.9950    38.9950   

# Frame121

# x        y
18.9950    33.4093   
8.4220     9.1374    
1.3914     1.8548    
18.8753    22.0812   
4.1577     7.1456    
18.9950    38.9950   

# Frame122

# x        y
18.9950    33.4093   
8.4220     9.1374    
1.3914     1.8548    
18.8753    22.0812   
4.0965     7.0565    
18.9950    38.9950   

# Frame123

# x        y
18.9950    33.4093   
8.4220     9.1374    
1.3914     1.8548    
18.8753    22.0812   
4.0363     6.9689    
18.9950    38.9950   

# Frame124

# x        y
18.9950    33.4093   
8.4220     9.1374    
1.3914     1.8548    
18.8753    22.0812   
3.9772     6.8828    
18.9950    38.9950   

# Frame125

# x        y
18.9950    33.4093   
8.4220     9.1374    
1.3914     1.8548    
18.8753    22.0812   
3.9191     6.7981    
18.9950    38.9950   

# Frame126

# x        y
18.9950    33.4093   
8.4220     9.1374    
1.3914     1.8548    
18.8753    22.0812   
3.8619     6.7148    
18.9950    38.9950   

# Frame127

# x        y
18.9950    33.4093   
8.4220     9.1374    
1.3914     1.8548    
18.8753    22.0812   
3.8056     6.6329    
18.9950    38.9950   

# Frame128

# x        y
18.9950    33.4093   
8.4220     9.1374    
1.3914     1.8548    
18.8753    22.0812   
3.7503     6.5523    
18.9950    38.9950   

# Frame129

# x        y
18.9950    33.4093   
8.4220     9.1374    
1.3914     1.8548    
18.8753    22.0812   
3.6960     6.4731    
18.9950    38.9950   

# Frame130

# x        y
18.9950    33.4093   
8.4220     9.1374    
1.3914     1.8548    
18.8753    22.0812   
3.6425     6.3953    
18.9950    38.9950   

# Frame131

# x        y
18.9950    33.4093   
8.4220     9.1374    
1.3914     1.8548    
18.8753    22.0812   
3.5899     6.3187    
18.9950    38.9950   

# Frame132

# x        y
18.9950    33.4093   
8.4220     9.1374    
1.3914     1.8548    
18.8753    22.0812   
3.5382     6.2434    
18.9950    38.9950   

# Frame133

# x        y
18.9950    33.4093   
8.4220     9.1374    
1.3914     1.8548    
18.8753    22.0812   
3.4874     6.1693    
18.9950    38.9950   

# Frame134

# x        y
18.9950    33.4093   
8.4220     9.1374    
1.3914     1.8548    
18.8753    22.0812   
3.4374     6.0965    
18.9950    38.9950   

# Frame135

# x        y
18.9950    33.4093   
8.4220     9.1374    
1.3914     1.8548    
18.8753    22.0812   
3.3882     6.0249    
18.9950    38.9950   

# Frame136

# x        y
18.9950    33.4093   
8.4220     9.1374    
1.3914     1.8548    
18.8753    22.0812   
3.3399     5.9545    
18.9950    38.9950   

# Frame137

# x        y
18.9950    33.4093   
8.4220     9.1374    
1.3914     1.8548    
18.8753    22.0812   
3.2923     5.8853    
18.9950    38.9950   

# Frame138

# x        y
18.9950    33.4093   
8.4220     9.1374    
1.3914     1.8548    
18.8753    22.0812   
3.2456     5.8172    
18.9950    38.9950   

# Frame139

# x        y
18.9950    33.4093   
8.4220     9.1374    
1.3914     1.8548    
18.8753    22.0812   
3.1996     5.7503    
18.9950    38.9950   

# Frame140

# x        y
18.9950    33.4093   
8.4220     9.1374    
1.3914     1.8548    
18.8753    22.0812   
3.1544     5.6845    
18.9950    38.9950   

# Frame141

# x        y
18.9950    33.4093   
8.4220     9.1374    
1.3914     1.8548    
18.8753    22.0812   
3.1100     5.6197    
18.9950    38.9950   

# Frame142

# x        y
18.9950    33.4093   
8.4220     9.1374    
1.3914     1.8548    
18.8753    22.0812   
3.0663     5.5561    
18.9950    38.9950   

# Frame143

# x        y
18.9950    33.4093   
8.4220     9.1374    
1.3914     1.8548    
18.8753    22.0812   
3.0233     5.4935    
18.9950    38.9950   

# Frame144

# x        y
18.9950    33.4093   
8.4220     9.1374    
1.3914     1.8548    
18.8753    22.0812   
2.9811     5.4319    
18.9950    38.9950   

# Frame145

# x        y
18.9950    33.4093   
8.4220     9.1374    
1.3914     1.8548    
18.8753    22.0812   
2.9395     5.3714    
18.9950    38.9950   

# Frame146

# x        y
18.9950    33.4093   
8.4220     9.1374    
1.3914     1.8548    
18.8753    22.0812   
2.8986     5.3119    
18.9950    38.9950   

# Frame147

# x        y
18.9950    33.4093   
8.4220     9.1374    
1.3914     1.8548    
18.8753    22.0812   
2.8585     5.2534    
18.9950    38.9950   

# Frame148

# x        y
18.9950    33.4093   
8.4220     9.1374    
1.3914     1.8548    
18.8753    22.0812   
2.8189     5.1958    
18.9950    38.9950   

# Frame149

# x        y
18.9950    33.4093   
8.4220     9.1374    
1.3914     1.8548    
18.8753    22.0812   
2.7801     5.1392    
18.9950    38.9950   

# Frame150

# x        y
18.9950    33.4093   
8.4220     9.1374    
1.3914     1.8548    
18.8753    22.0812   
2.7419     5.0836    
18.9950    38.9950   

# Frame151

# x        y
18.9950    33.4093   
8.4220     9.1374    
1.3914     1.8548    
18.8753    22.0812   
2.7043     5.0289    
18.9950    38.9950   

# Frame152

# x        y
18.9950    33.4093   
8.4220     9.1374    
1.3914     1.8548    
18.8753    22.0812   
2.6674     4.9751    
18.9950    38.9950   

# Frame153

# x        y
18.9950    33.4093   
8.4220     9.1374    
1.3914     1.8548    
18.8753    22.0812   
2.6311     4.9222    
18.9950    38.9950   

# Frame154

# x        y
18.9950    33.4093   
8.4220     9.1374    
1.3914     1.8548    
18.8753    22.0812   
2.5953     4.8701    
18.9950    38.9950   

# Frame155

# x        y
18.9950    33.4093   
8.4220     9.1374    
1.3914     1.8548    
18.8753    22.0812   
2.5602     4.8190    
18.9950    38.9950   

# Frame156

# x        y
18.9950    33.4093   
8.4220     9.1374    
1.3914     1.8548    
18.8753    22.0812   
2.5257     4.7687    
18.9950    38.9950   

# Frame157

# x        y
18.9950    33.4093   
8.4220     9.1374    
1.3914     1.8548    
18.8753    22.0812   
2.4917     4.7192    
18.9950    38.9950   

# Frame158

# x        y
18.9950    33.4093   
8.4220     9.1374    
1.3914     1.8548    
18.8753    22.0812   
2.4583     4.6706    
18.9950    38.9950   

# Frame159

# x        y
18.9950    33.4093   
8.4220     9.1374    
1.3914     1.8548    
18.8753    22.0812   
2.4255     4.6227    
18.9950    38.9950   

# Frame160

# x        y
18.9950    33.4093   
8.4220     9.1374    
1.3914     1.8548    
18.8753    22.0812   
2.3932     4.5757    
18.9950    38.9950   

# Frame161

# x        y
18.9950    33.4093   
8.4220     9.1374    
1.3914     1.8548    
18.8753    22.0812   
2.3614     4.5295    
18.9950    38.9950   

# Frame162

# x        y
18.9950    33.4093   
8.4220     9.1374    
1.3914     1.8548    
18.8753    22.0812   
2.3302     4.4840    
18.9950    38.9950   

# Frame163

# x        y
18.9950    33.4093   
8.4220     9.1374    
1.3914     1.8548    
18.8753    22.0812   
2.2995     4.4393    
18.9950    38.9950   

# Frame164

# x        y
18.9950    33.4093   
8.4220     9.1374    
1.3914     1.8548    
18.8753    22.0812   
2.2693     4.3953    
18.9950    38.9950   

# Frame165

# x        y
18.9950    33.4093   
8.4220     9.1374    
1.3914     1.8548    
18.8753    22.0812   
2.2396     4.3520    
18.9950    38.9950   

# Frame166

# x        y
18.9950    33.4093   
8.4220     9.1374    
1.3914     1.8548    
18.8753    22.0812   
2.2104     4.3095    
18.9950    38.9950   

# Frame167

# x        y
18.9950    33.4093   
8.4220     9.1374    
1.3914     1.8548    
18.8753    22.0812   
2.1817     4.2677    
18.9950    38.9950   

# Frame168

# x        y
18.9950    33.4093   
8.4220     9.1374    
1.3914     1.8548    
18.8753    22.0812   
2.1535     4.2266    
18.9950    38.9950   

# Frame169

# x        y
18.9950    33.4093   
8.4220     9.1374    
1.3914     1.8548    
18.8753    22.0812   
2.1257     4.1861    
18.9950    38.9950   

# Frame170

# x        y
18.9950    33.4093   
8.4220     9.1374    
1.3914     1.8548    
18.8753    22.0812   
2.0984     4.1464    
18.9950    38.9950   

# Frame171

# x        y
18.9950    33.4093   
8.4220     9.1374    
1.3914     1.8548    
18.8753    22.0812   
2.0716     4.1073    
18.9950    38.9950   

# Frame172

# x        y
18.9950    33.4093   
8.4220     9.1374    
1.3914     1.8548    
18.8753    22.0812   
2.0452     4.0688    
18.9950    38.9950   

# Frame173

# x        y
18.9950    33.4093   
8.4220     9.1374    
1.3914     1.8548    
18.8753    22.0812   
2.0192     4.0310    
18.9950    38.9950   

# Frame174

# x        y
18.9950    33.4093   
8.4220     9.1374    
1.3914     1.8548    
18.8753    22.0812   
1.9937     3.9939    
18.9950    38.9950   

# Frame175

# x        y
18.9950    33.4093   
8.4220     9.1374    
1.3914     1.8548    
18.8753    22.0812   
1.9686     3.9573    
18.9950    38.9950   

# Frame176

# x        y
18.9950    33.4093   
8.4220     9.1374    
1.3914     1.8548    
18.8753    22.0812   
1.9439     3.9214    
18.9950    38.9950   

# Frame177

# x        y
18.9950    33.4093   
8.4220     9.1374    
1.3914     1.8548    
18.8753    22.0812   
1.9196     3.8860    
18.9950    38.9950   

# Frame178

# x        y
18.9950    33.4093   
8.4220     9.1374    
1.3914     1.8548    
18.8753    22.0812   
1.8958     3.8513    
18.9950    38.9950   

# Frame179

# x        y
18.9950    33.4093   
8.4220     9.1374    
1.3914     1.8548    
18.8753    22.0812   
1.8723     3.8171    
18.9950    38.9950   

# Frame180

# x        y
18.9950    33.4093   
8.4220     9.1374    
1.3897     1.8483    
18.8753    22.0812   
1.8509     3.7900    
18.9950    38.9950   

# Frame181

# x        y
18.9950    33.4093   
8.4220     9.1374    
1.3813     1.8214    
18.8753    22.0812   
1.8367     3.7838    
18.9950    38.9950   

# Frame182

# x        y
18.9950    33.4093   
8.4220     9.1374    
1.3730     1.7951    
18.8753    22.0812   
1.8227     3.7776    
18.9950    38.9950   

# Frame183

# x        y
18.9950    33.4093   
8.4220     9.1374    
1.3648     1.7691    
18.8753    22.0812   
1.8089     3.7716    
18.9950    38.9950   

# Frame184

# x        y
18.9950    33.4093   
8.4220     9.1374    
1.3567     1.7436    
18.8753    22.0812   
1.7954     3.7657    
18.9950    38.9950   

# Frame185

# x        y
18.9950    33.4093   
8.4220     9.1374    
1.3488     1.7185    
18.8753    22.0812   
1.7821     3.7599    
18.9950    38.9950   

# Frame186

# x        y
18.9950    33.4093   
8.4220     9.1374    
1.3411     1.6939    
18.8753    22.0812   
1.7690     3.7542    
18.9950    38.9950   

# Frame187

# x        y
18.9950    33.4093   
8.4220     9.1374    
1.3334     1.6696    
18.8753    22.0812   
1.7562     3.7485    
18.9950    38.9950   

# Frame188

# x        y
18.9950    33.4093   
8.4220     9.1374    
1.3259     1.6458    
18.8753    22.0812   
1.7435     3.7430    
18.9950    38.9950   

# Frame189

# x        y
18.9950    33.4093   
8.4220     9.1374    
1.3185     1.6223    
18.8753    22.0812   
1.7311     3.7375    
18.9950    38.9950   

# Frame190

# x        y
18.9950    33.4093   
8.4220     9.1374    
1.3112     1.5993    
18.8753    22.0812   
1.7188     3.7322    
18.9950    38.9950   

# Frame191

# x        y
18.9950    33.4093   
8.4220     9.1374    
1.3041     1.5766    
18.8753    22.0812   
1.7068     3.7269    
18.9950    38.9950   

# Frame192

# x        y
18.9950    33.4093   
8.4220     9.1374    
1.2970     1.5543    
18.8753    22.0812   
1.6950     3.7218    
18.9950    38.9950   

# Frame193

# x        y
18.9950    33.4093   
8.4220     9.1374    
1.2901     1.5324    
18.8753    22.0812   
1.6833     3.7167    
18.9950    38.9950   

# Frame194

# x        y
18.9950    33.4093   
8.4220     9.1374    
1.2833     1.5108    
18.8753    22.0812   
1.6719     3.7117    
18.9950    38.9950   

# Frame195

# x        y
18.9950    33.4093   
8.4220     9.1374    
1.2766     1.4896    
18.8753    22.0812   
1.6607     3.7067    
18.9950    38.9950   

# Frame196

# x        y
18.9950    33.4093   
8.4220     9.1374    
1.2701     1.4688    
18.8753    22.0812   
1.6496     3.7019    
18.9950    38.9950   

# Frame197

# x        y
18.9950    33.4093   
8.4220     9.1374    
1.2636     1.4483    
18.8753    22.0812   
1.6387     3.6971    
18.9950    38.9950   

# Frame198

# x        y
18.9950    33.4093   
8.4220     9.1374    
1.2572     1.4281    
18.8753    22.0812   
1.6280     3.6925    
18.9950    38.9950   

# Frame199

# x        y
18.9950    33.4093   
8.4220     9.1374    
1.2510     1.4083    
18.8753    22.0812   
1.6175     3.6879    
18.9950    38.9950   

# Frame200

# x        y
18.9950    33.4093   
8.4220     9.1374    
1.2448     1.3888    
18.8753    22.0812   
1.6072     3.6833    
18.9950    38.9950   

# Frame201

# x        y
18.9950    33.4093   
8.4220     9.1374    
1.2388     1.3697    
18.8753    22.0812   
1.5970     3.6789    
18.9950    38.9950   

# Frame202

# x        y
18.9950    33.4093   
8.4220     9.1374    
1.2328     1.3508    
18.8753    22.0812   
1.5870     3.6745    
18.9950    38.9950   

# Frame203

# x        y
18.9950    33.4093   
8.4220     9.1374    
1.2270     1.3323    
18.8753    22.0812   
1.5772     3.6702    
18.9950    38.9950   

# Frame204

# x        y
18.9950    33.4093   
8.4220     9.1374    
1.2213     1.3141    
18.8753    22.0812   
1.5675     3.6660    
18.9950    38.9950   

# Frame205

# x        y
18.9950    33.4093   
8.4220     9.1374    
1.2156     1.2962    
18.8753    22.0812   
1.5580     3.6618    
18.9950    38.9950   

# Frame206

# x        y
18.9950    33.4093   
8.4220     9.1374    
1.2100     1.2785    
18.8753    22.0812   
1.5487     3.6577    
18.9950    38.9950   

# Frame207

# x        y
18.9950    33.4093   
8.4220     9.1374    
1.2046     1.2612    
18.8753    22.0812   
1.5395     3.6537    
18.9950    38.9950   

# Frame208

# x        y
18.9950    33.4093   
8.4220     9.1374    
1.1992     1.2442    
18.8753    22.0812   
1.5304     3.6498    
18.9950    38.9950   

# Frame209

# x        y
18.9950    33.4093   
8.4220     9.1374    
1.1939     1.2274    
18.8753    22.0812   
1.5215     3.6459    
18.9950    38.9950   

# Frame210

# x        y
18.9950    33.4093   
8.4220     9.1374    
1.1887     1.2109    
18.8753    22.0812   
1.5128     3.6421    
18.9950    38.9950   

# Frame211

# x        y
18.9950    33.4093   
8.4220     9.1374    
1.1836     1.1947    
18.8753    22.0812   
1.5042     3.6383    
18.9950    38.9950   

# Frame212

# x        y
18.9950    33.4093   
8.4220     9.1374    
1.1786     1.1788    
18.8753    22.0812   
1.4958     3.6346    
18.9950    38.9950   

# Frame213

# x        y
18.9950    33.4093   
8.4220     9.1374    
1.1736     1.1632    
18.8753    22.0812   
1.4874     3.6310    
18.9950    38.9950   

# Frame214

# x        y
18.9950    33.4093   
8.4220     9.1374    
1.1688     1.1477    
18.8753    22.0812   
1.4793     3.6274    
18.9950    38.9950   

# Frame215

# x        y
18.9950    33.4093   
8.4220     9.1374    
1.1640     1.1326    
18.8753    22.0812   
1.4712     3.6239    
18.9950    38.9950   

# Frame216

# x        y
18.9950    33.4093   
8.4220     9.1374    
1.1593     1.1177    
18.8753    22.0812   
1.4633     3.6204    
18.9950    38.9950   

# Frame217

# x        y
18.9950    33.4093   
8.4220     9.1374    
1.1547     1.1031    
18.8753    22.0812   
1.4556     3.6170    
18.9950    38.9950   

# Frame218

# x        y
18.9950    33.4093   
8.4220     9.1374    
1.1502     1.0887    
18.8753    22.0812   
1.4479     3.6137    
18.9950    38.9950   

# Frame219

# x        y
18.9950    33.4093   
8.4220     9.1374    
1.1457     1.0745    
18.8753    22.0812   
1.4404     3.6104    
18.9950    38.9950   

# Frame220

# x        y
18.9950    33.4093   
8.4220     9.1374    
1.1413     1.0606    
18.8753    22.0812   
1.4330     3.6071    
18.9950    38.9950   

# Frame221

# x        y
18.9950    33.4093   
8.4220     9.1374    
1.1370     1.0469    
18.8753    22.0812   
1.4258     3.6040    
18.9950    38.9950   

# Frame222

# x        y
18.9950    33.4093   
8.4220     9.1374    
1.1327     1.0334    
18.8753    22.0812   
1.4186     3.6008    
18.9950    38.9950   

# Frame223

# x        y
18.9950    33.4093   
8.4220     9.1374    
1.1286     1.0202    
18.8753    22.0812   
1.4116     3.5978    
18.9950    38.9950   

# Frame224

# x        y
18.9950    33.4093   
8.4220     9.1374    
1.1244     1.0072    
18.8753    22.0812   
1.4047     3.5947    
18.9950    38.9950   

# Frame225

# x        y
18.9950    33.4093   
8.4220     9.1374    
1.1215     1.0072    
18.8753    22.0812   
1.3979     3.5918    
18.9950    38.9950   

# Frame226

# x        y
18.9950    33.4093   
8.4220     9.1374    
1.1185     1.0072    
18.8753    22.0812   
1.3912     3.5889    
18.9950    38.9950   

# Frame227

# x        y
18.9950    33.4093   
8.4220     9.1374    
1.1156     1.0072    
18.8753    22.0812   
1.3846     3.5860    
18.9950    38.9950   

# Frame228

# x        y
18.9950    33.4093   
8.4220     9.1374    
1.1128     1.0072    
18.8753    22.0812   
1.3782     3.5832    
18.9950    38.9950   

# Frame229

# x        y
18.9950    33.4093   
8.4220     9.1374    
1.1100     1.0072    
18.8753    22.0812   
1.3718     3.5804    
18.9950    38.9950   

# Frame230

# x        y
18.9950    33.4093   
8.4220     9.1374    
1.1073     1.0072    
18.8753    22.0812   
1.3656     3.5776    
18.9950    38.9950   

# Frame231

# x        y
18.9950    33.4093   
8.4220     9.1374    
1.1046     1.0072    
18.8753    22.0812   
1.3594     3.5750    
18.9950    38.9950   

# Frame232

# x        y
18.9950    33.4093   
8.4220     9.1374    
1.1019     1.0072    
18.8753    22.0812   
1.3534     3.5723    
18.9950    38.9950   

# Frame233

# x        y
18.9950    33.4093   
8.4220     9.1374    
1.0993     1.0072    
18.8753    22.0812   
1.3475     3.5697    
18.9950    38.9950   

# Frame234

# x        y
18.9950    33.4093   
8.4220     9.1374    
1.0967     1.0072    
18.8753    22.0812   
1.3416     3.5672    
18.9950    38.9950   

# Frame235

# x        y
18.9950    33.4093   
8.4220     9.1374    
1.0942     1.0072    
18.8753    22.0812   
1.3359     3.5646    
18.9950    38.9950   

# Frame236

# x        y
18.9950    33.4093   
8.4220     9.1374    
1.0917     1.0072    
18.8753    22.0812   
1.3302     3.5622    
18.9950    38.9950   

# Frame237

# x        y
18.9950    33.4093   
8.4220     9.1374    
1.0893     1.0072    
18.8753    22.0812   
1.3247     3.5597    
18.9950    38.9950   

# Frame238

# x        y
18.9950    33.4093   
8.4220     9.1374    
1.0869     1.0072    
18.8753    22.0812   
1.3192     3.5574    
18.9950    38.9950   

# Frame239

# x        y
18.9950    33.4093   
8.4220     9.1374    
1.0845     1.0072    
18.8753    22.0812   
1.3139     3.5550    
18.9950    38.9950   

# Frame240

# x        y
18.9950    33.4093   
8.4220     9.1374    
1.0822     1.0072    
18.8753    22.0812   
1.3086     3.5527    
18.9950    38.9950   

# Frame241

# x        y
18.9950    33.4093   
8.4220     9.1374    
1.0799     1.0072    
18.8753    22.0812   
1.3034     3.5504    
18.9950    38.9950   

# Frame242

# x        y
18.9950    33.4093   
8.4220     9.1374    
1.0777     1.0072    
18.8753    22.0812   
1.2983     3.5482    
18.9950    38.9950   

# Frame243

# x        y
18.9950    33.4093   
8.4220     9.1374    
1.0754     1.0072    
18.8753    22.0812   
1.2933     3.5460    
18.9950    38.9950   

# Frame244

# x        y
18.9950    33.4093   
8.4220     9.1374    
1.0733     1.0072    
18.8753    22.0812   
1.2883     3.5438    
18.9950    38.9950   

# Frame245

# x        y
18.9950    33.4093   
8.4220     9.1374    
1.0711     1.0072    
18.8753    22.0812   
1.2835     3.5417    
18.9950    38.9950   

# Frame246

# x        y
18.9950    33.4093   
8.4220     9.1374    
1.0690     1.0072    
18.8753    22.0812   
1.2787     3.5396    
18.9950    38.9950   

# Frame247

# x        y
18.9950    33.4093   
8.4220     9.1374    
1.0670     1.0072    
18.8753    22.0812   
1.2740     3.5376    
18.9950    38.9950   

# Frame248

# x        y
18.9950    33.4093   
8.4220     9.1374    
1.0649     1.0072    
18.8753    22.0812   
1.2694     3.5356    
18.9950    38.9950   

# Frame249

# x        y
18.9950    33.4093   
8.4220     9.1374    
1.0630     1.0072    
18.8753    22.0812   
1.2649     3.5336    
18.9950    38.9950   

# Frame250

# x        y
18.9950    33.4093   
8.4220     9.1374    
1.0610     1.0072    
18.8753    22.0812   
1.2604     3.5316    
18.9950    38.9950   

# Frame251

# x        y
18.9950    33.4093   
8.4220     9.1374    
1.0591     1.0072    
18.8753    22.0812   
1.2560     3.5297    
18.9950    38.9950   

# Frame252

# x        y
18.9950    33.4093   
8.4220     9.1374    
1.0572     1.0072    
18.8753    22.0812   
1.2517     3.5278    
18.9950    38.9950   

# Frame253

# x        y
18.9950    33.4093   
8.4220     9.1374    
1.0553     1.0072    
18.8753    22.0812   
1.2474     3.5260    
18.9950    38.9950   

# Frame254

# x        y
18.9950    33.4093   
8.4220     9.1374    
1.0535     1.0072    
18.8753    22.0812   
1.2433     3.5241    
18.9950    38.9950   

# Frame255

# x        y
18.9950    33.4093   
8.4220     9.1374    
1.0517     1.0072    
18.8753    22.0812   
1.2392     3.5223    
18.9950    38.9950   

# Frame256

# x        y
18.9950    33.4093   
8.4220     9.1374    
1.0499     1.0072    
18.8753    22.0812   
1.2351     3.5206    
18.9950    38.9950   

# Frame257

# x        y
18.9950    33.4093   
8.4220     9.1374    
1.0481     1.0072    
18.8753    22.0812   
1.2312     3.5188    
18.9950    38.9950   

# Frame258

# x        y
18.9950    33.4093   
8.4220     9.1374    
1.0464     1.0072    
18.8753    22.0812   
1.2273     3.5171    
18.9950    38.9950   

# Frame259

# x        y
18.9950    33.4093   
8.4220     9.1374    
1.0447     1.0072    
18.8753    22.0812   
1.2234     3.5155    
18.9950    38.9950   

# Frame260

# x        y
18.9950    33.4093   
8.4220     9.1374    
1.0431     1.0072    
18.8753    22.0812   
1.2197     3.5138    
18.9950    38.9950   

# Frame261

# x        y
18.9950    33.4093   
8.4220     9.1374    
1.0414     1.0072    
18.8753    22.0812   
1.2159     3.5122    
18.9950    38.9950   

# Frame262

# x        y
18.9950    33.4093   
8.4220     9.1374    
1.0398     1.0072    
18.8753    22.0812   
1.2123     3.5106    
18.9950    38.9950   

# Frame263

# x        y
18.9950    33.4093   
8.4220     9.1374    
1.0383     1.0072    
18.8753    22.0812   
1.2087     3.5090    
18.9950    38.9950   

# Frame264

# x        y
18.9950    33.4093   
8.4220     9.1374    
1.0367     1.0072    
18.8753    22.0812   
1.2052     3.5075    
18.9950    38.9950   

# Frame265

# x        y
18.9950    33.4093   
8.4220     9.1374    
1.0352     1.0072    
18.8753    22.0812   
1.2017     3.5060    
18.9950    38.9950   

# Frame266

# x        y
18.9950    33.4093   
8.4220     9.1374    
1.0337     1.0072    
18.8753    22.0812   
1.1983     3.5045    
18.9950    38.9950   

# Frame267

# x        y
18.9950    33.4093   
8.4220     9.1374    
1.0322     1.0072    
18.8753    22.0812   
1.1950     3.5030    
18.9950    38.9950   

# Frame268

# x        y
18.9950    33.4093   
8.4220     9.1374    
1.0308     1.0072    
18.8753    22.0812   
1.1917     3.5015    
18.9950    38.9950   

# Frame269

# x        y
18.9950    33.4093   
8.4220     9.1374    
1.0293     1.0072    
18.8753    22.0812   
1.1884     3.5001    
18.9950    38.9950   

# Frame270

# x        y
18.9950    33.4093   
8.4220     9.1374    
1.0279     1.0072    
18.8753    22.0812   
1.1852     3.4987    
18.9950    38.9950   

# Frame271

# x        y
18.9950    33.4093   
8.4220     9.1374    
1.0266     1.0072    
18.8753    22.0812   
1.1821     3.4974    
18.9950    38.9950   

# Frame272

# x        y
18.9950    33.4093   
8.4220     9.1374    
1.0252     1.0072    
18.8753    22.0812   
1.1790     3.4960    
18.9950    38.9950   

# Frame273

# x        y
18.9950    33.4093   
8.4220     9.1374    
1.0239     1.0072    
18.8753    22.0812   
1.1760     3.4947    
18.9950    38.9950   

# Frame274

# x        y
18.9950    33.4093   
8.4220     9.1374    
1.0226     1.0072    
18.8753    22.0812   
1.1730     3.4934    
18.9950    38.9950   

# Frame275

# x        y
18.9950    33.4093   
8.4220     9.1374    
1.0213     1.0072    
18.8753    22.0812   
1.1701     3.4921    
18.9950    38.9950   

# Frame276

# x        y
18.9950    33.4093   
8.4220     9.1374    
1.0200     1.0072    
18.8753    22.0812   
1.1672     3.4908    
18.9950    38.9950   

# Frame277

# x        y
18.9950    33.4093   
8.4220     9.1374    
1.0188     1.0072    
18.8753    22.0812   
1.1643     3.4896    
18.9950    38.9950   

# Frame278

# x        y
18.9950    33.4093   
8.4220     9.1374    
1.0175     1.0072    
18.8753    22.0812   
1.1616     3.4884    
18.9950    38.9950   

# Frame279

# x        y
18.9950    33.4093   
8.4220     9.1374    
1.0163     1.0072    
18.8753    22.0812   
1.1588     3.4872    
18.9950    38.9950   

# Frame280

# x        y
18.9950    33.4093   
8.4220     9.1374    
1.0151     1.0072    
18.8753    22.0812   
1.1561     3.4860    
18.9950    38.9950   

# Frame281

# x        y
18.9950    33.4093   
8.4220     9.1374    
1.0140     1.0072    
18.8753    22.0812   
1.1535     3.4848    
18.9950    38.9950   

# Frame282

# x        y
18.9950    33.4093   
8.4220     9.1374    
1.0128     1.0072    
18.8753    22.0812   
1.1509     3.4837    
18.9950    38.9950   

# Frame283

# x        y
18.9950    33.4093   
8.4220     9.1374    
1.0117     1.0072    
18.8753    22.0812   
1.1483     3.4826    
18.9950    38.9950   

# Frame284

# x        y
18.9950    33.4093   
8.4220     9.1374    
1.0106     1.0072    
18.8753    22.0812   
1.1458     3.4815    
18.9950    38.9950   

# Frame285

# x        y
18.9950    33.4093   
8.4220     9.1374    
1.0095     1.0072    
18.8753    22.0812   
1.1433     3.4804    
18.9950    38.9950   

# Frame286

# x        y
18.9950    33.4093   
8.4220     9.1374    
1.0095     1.0073    
18.8753    22.0812   
1.1409     3.4793    
18.9950    38.9950   

# Frame287

# x        y
18.9950    33.4093   
8.4220     9.1374    
1.0095     1.0074    
18.8753    22.0812   
1.1385     3.4783    
18.9950    38.9950   

# Frame288

# x        y
18.9950    33.4093   
8.4220     9.1374    
1.0095     1.0075    
18.8753    22.0812   
1.1361     3.4773    
18.9950    38.9950   

# Frame289

# x        y
18.9950    33.4093   
8.4220     9.1374    
1.0095     1.0076    
18.8753    22.0812   
1.1338     3.4762    
18.9950    38.9950   

# Frame290

# x        y
18.9950    33.4093   
8.4220     9.1374    
1.0095     1.0078    
18.8753    22.0812   
1.1315     3.4752    
18.9950    38.9950   

# Frame291

# x        y
18.9950    33.4093   
8.4220     9.1374    
1.0095     1.0079    
18.8753    22.0812   
1.1293     3.4743    
18.9950    38.9950   

# Frame292

# x        y
18.9950    33.4093   
8.4220     9.1374    
1.0095     1.0080    
18.8753    22.0812   
1.1271     3.4733    
18.9950    38.9950   

# Frame293

# x        y
18.9950    33.4093   
8.4220     9.1374    
1.0095     1.0081    
18.8753    22.0812   
1.1249     3.4723    
18.9950    38.9950   

# Frame294

# x        y
18.9950    33.4093   
8.4220     9.1374    
1.0095     1.0082    
18.8753    22.0812   
1.1228     3.4714    
18.9950    38.9950   

# Frame295

# x        y
18.9950    33.4093   
8.4220     9.1374    
1.0095     1.0083    
18.8753    22.0812   
1.1207     3.4705    
18.9950    38.9950   

# Frame296

# x        y
18.9950    33.4093   
8.4220     9.1374    
1.0095     1.0084    
18.8753    22.0812   
1.1186     3.4696    
18.9950    38.9950   

# Frame297

# x        y
18.9950    33.4093   
8.4220     9.1374    
1.0095     1.0085    
18.8753    22.0812   
1.1166     3.4687    
18.9950    38.9950   

# Frame298

# x        y
18.9950    33.4093   
8.4220     9.1374    
1.0095     1.0086    
18.8753    22.0812   
1.1146     3.4678    
18.9950    38.9950   

# Frame299

# x        y
18.9950    33.4093   
8.4220     9.1374    
1.0095     1.0087    
18.8753    22.0812   
1.1127     3.4670    
18.9950    38.9950   

# Frame300

# x        y
18.9950    33.4093   
8.4220     9.1374    
1.0095     1.0088    
18.8753    22.0812   
1.1107     3.4661    
18.9950    38.9950   

# Frame301

# x        y
18.9950    33.4093   
8.4220     9.1374    
1.0095     1.0089    
18.8753    22.0812   
1.1088     3.4653    
18.9950    38.9950   

# Frame302

# x        y
18.9950    33.4093   
8.4220     9.1374    
1.0095     1.0090    
18.8753    22.0812   
1.1070     3.4645    
18.9950    38.9950   

# Frame303

# x        y
18.9950    33.4093   
8.4220     9.1374    
1.0095     1.0091    
18.8753    22.0812   
1.1051     3.4637    
18.9950    38.9950   

# Frame304

# x        y
18.9950    33.4093   
8.4220     9.1374    
1.0095     1.0092    
18.8753    22.0812   
1.1033     3.4629    
18.9950    38.9950   

# Frame305

# x        y
18.9950    33.4093   
8.4220     9.1374    
1.0095     1.0093    
18.8753    22.0812   
1.1016     3.4621    
18.9950    38.9950   

# Frame306

# x        y
18.9950    33.4093   
8.4220     9.1374    
1.0095     1.0094    
18.8753    22.0812   
1.0998     3.4614    
18.9950    38.9950   

# Frame307

# x        y
18.9950    33.4093   
8.4220     9.1374    
1.0095     1.0095    
18.8753    22.0812   
1.0981     3.4606    
18.9950    38.9950   

# Frame308

# x        y
18.9950    33.4093   
8.4220     9.1374    
1.0095     1.0096    
18.8753    22.0812   
1.0964     3.4599    
18.9950    38.9950   

# Frame309

# x        y
18.9950    33.4093   
8.4220     9.1374    
1.0095     1.0097    
18.8753    22.0812   
1.0948     3.4592    
18.9950    38.9950   

# Frame310

# x        y
18.9950    33.4093   
8.4220     9.1374    
1.0095     1.0097    
18.8753    22.0812   
1.0932     3.4585    
18.9950    38.9950   

# Frame311

# x        y
18.9950    33.4093   
8.4220     9.1374    
1.0095     1.0098    
18.8753    22.0812   
1.0916     3.4578    
18.9950    38.9950   

# Frame312

# x        y
18.9950    33.4093   
8.4220     9.1374    
1.0095     1.0099    
18.8753    22.0812   
1.0900     3.4571    
18.9950    38.9950   

# Frame313

# x        y
18.9950    33.4093   
8.4220     9.1374    
1.0095     1.0100    
18.8753    22.0812   
1.0884     3.4564    
18.9950    38.9950   

# Frame314

# x        y
18.9950    33.4093   
8.4220     9.1374    
1.0095     1.0101    
18.8753    22.0812   
1.0869     3.4557    
18.9950    38.9950   

# Frame315

# x        y
18.9950    33.4093   
8.4220     9.1374    
1.0095     1.0101    
18.8753    22.0812   
1.0854     3.4551    
18.9950    38.9950   

# Frame316

# x        y
18.9950    33.4093   
8.4220     9.1374    
1.0095     1.0101    
18.8753    22.0812   
1.0839     3.4544    
18.9950    38.9950   

# Frame317

# x        y
18.9950    33.4093   
8.4220     9.1374    
1.0095     1.0101    
18.8753    22.0812   
1.0825     3.4538    
18.9950    38.9950   

# Frame318

# x        y
18.9950    33.4093   
8.4220     9.1374    
1.0095     1.0101    
18.8753    22.0812   
1.0811     3.4532    
18.9950    38.9950   

# Frame319

# x        y
18.9950    33.4093   
8.4220     9.1374    
1.0095     1.0101    
18.8753    22.0812   
1.0797     3.4526    
18.9950    38.9950   

# Frame320

# x        y
18.9950    33.4093   
8.4220     9.1374    
1.0095     1.0101    
18.8753    22.0812   
1.0783     3.4520    
18.9950    38.9950   

# Frame321

# x        y
18.9950    33.4093   
8.4220     9.1374    
1.0095     1.0101    
18.8753    22.0812   
1.0769     3.4514    
18.9950    38.9950   

# Frame322

# x        y
18.9950    33.4093   
8.4220     9.1374    
1.0095     1.0101    
18.8753    22.0812   
1.0756     3.4508    
18.9950    38.9950   

# Frame323

# x        y
18.9950    33.4093   
8.4220     9.1374    
1.0095     1.0101    
18.8753    22.0812   
1.0743     3.4502    
18.9950    38.9950   

# Frame324

# x        y
18.9950    33.4093   
8.4220     9.1374    
1.0095     1.0101    
18.8753    22.0812   
1.0730     3.4496    
18.9950    38.9950   

# Frame325

# x        y
18.9950    33.4093   
8.4220     9.1374    
1.0095     1.0101    
18.8753    22.0812   
1.0717     3.4491    
18.9950    38.9950   

# Frame326

# x        y
18.9950    33.4093   
8.4220     9.1374    
1.0095     1.0101    
18.8753    22.0812   
1.0705     3.4485    
18.9950    38.9950   

# Frame327

# x        y
18.9950    33.4093   
8.4220     9.1374    
1.0095     1.0101    
18.8753    22.0812   
1.0693     3.4480    
18.9950    38.9950   

# Frame328

# x        y
18.9950    33.4093   
8.4220     9.1374    
1.0095     1.0101    
18.8753    22.0812   
1.0681     3.4475    
18.9950    38.9950   

# Frame329

# x        y
18.9950    33.4093   
8.4220     9.1374    
1.0095     1.0101    
18.8753    22.0812   
1.0669     3.4470    
18.9950    38.9950   

# Frame330

# x        y
18.9950    33.4093   
8.4220     9.1374    
1.0095     1.0101    
18.8753    22.0812   
1.0657     3.4465    
18.9950    38.9950   

# Frame331

# x        y
18.9950    33.4093   
8.4220     9.1374    
1.0095     1.0101    
18.8753    22.0812   
1.0646     3.4460    
18.9950    38.9950   

# Frame332

# x        y
18.9950    33.4093   
8.4220     9.1374    
1.0095     1.0101    
18.8753    22.0812   
1.0635     3.4455    
18.9950    38.9950   

# Frame333

# x        y
18.9950    33.4093   
8.4220     9.1374    
1.0095     1.0101    
18.8753    22.0812   
1.0624     3.4450    
18.9950    38.9950   

# Frame334

# x        y
18.9950    33.4093   
8.4220     9.1374    
1.0095     1.0101    
18.8753    22.0812   
1.0613     3.4445    
18.9950    38.9950   

# Frame335

# x        y
18.9950    33.4093   
8.4220     9.1374    
1.0095     1.0101    
18.8753    22.0812   
1.0602     3.4440    
18.9950    38.9950   

# Frame336

# x        y
18.9950    33.4093   
8.4220     9.1374    
1.0095     1.0101    
18.8753    22.0812   
1.0592     3.4436    
18.9950    38.9950   

# Frame337

# x        y
18.9950    33.4093   
8.4220     9.1374    
1.0095     1.0101    
18.8753    22.0812   
1.0581     3.4431    
18.9950    38.9950   

# Frame338

# x        y
18.9950    33.4093   
8.4220     9.1374    
1.0095     1.0101    
18.8753    22.0812   
1.0571     3.4427    
18.9950    38.9950   

# Frame339

# x        y
18.9950    33.4093   
8.4220     9.1374    
1.0095     1.0101    
18.8753    22.0812   
1.0561     3.4422    
18.9950    38.9950   

# Frame340

# x        y
18.9950    33.4093   
8.4220     9.1374    
1.0095     1.0101    
18.8753    22.0812   
1.0551     3.4418    
18.9950    38.9950   

# Frame341

# x        y
18.9950    33.4093   
8.4220     9.1374    
1.0095     1.0101    
18.8753    22.0812   
1.0541     3.4414    
18.9950    38.9950   

# Frame342

# x        y
18.9950    33.4093   
8.4220     9.1374    
1.0095     1.0101    
18.8753    22.0812   
1.0532     3.4410    
18.9950    38.9950   

# Frame343

# x        y
18.9950    33.4093   
8.4220     9.1374    
1.0095     1.0101    
18.8753    22.0812   
1.0523     3.4406    
18.9950    38.9950   

# Frame344

# x        y
18.9950    33.4093   
8.4220     9.1374    
1.0095     1.0101    
18.8753    22.0812   
1.0513     3.4402    
18.9950    38.9950   

# Frame345

# x        y
18.9950    33.4093   
8.4220     9.1374    
1.0095     1.0101    
18.8753    22.0812   
1.0504     3.4398    
18.9950    38.9950   

# Frame346

# x        y
18.9950    33.4093   
8.4220     9.1374    
1.0095     1.0101    
18.8753    22.0812   
1.0496     3.4394    
18.9950    38.9950   

# Frame347

# x        y
18.9950    33.4093   
8.4220     9.1374    
1.0095     1.0101    
18.8753    22.0812   
1.0487     3.4390    
18.9950    38.9950   

# Frame348

# x        y
18.9950    33.4093   
8.4220     9.1374    
1.0095     1.0101    
18.8753    22.0812   
1.0478     3.4386    
18.9950    38.9950   

# Frame349

# x        y
18.9950    33.4093   
8.4220     9.1374    
1.0095     1.0101    
18.8753    22.0812   
1.0470     3.4382    
18.9950    38.9950   

# Frame350

# x        y
18.9950    33.4093   
8.4220     9.1374    
1.0095     1.0101    
18.8753    22.0812   
1.0461     3.4379    
18.9950    38.9950   

# Frame351

# x        y
18.9950    33.4093   
8.4220     9.1374    
1.0095     1.0101    
18.8753    22.0812   
1.0453     3.4375    
18.9950    38.9950   

# Frame352

# x        y
18.9950    33.4093   
8.4220     9.1374    
1.0095     1.0101    
18.8753    22.0812   
1.0445     3.4372    
18.9950    38.9950   

# Frame353

# x        y
18.9950    33.4093   
8.4220     9.1374    
1.0095     1.0101    
18.8753    22.0812   
1.0437     3.4368    
18.9950    38.9950   

# Frame354

# x        y
18.9950    33.4093   
8.4220     9.1374    
1.0095     1.0101    
18.8753    22.0812   
1.0430     3.4365    
18.9950    38.9950   

# Frame355

# x        y
18.9950    33.4093   
8.4220     9.1374    
1.0095     1.0101    
18.8753    22.0812   
1.0422     3.4362    
18.9950    38.9950   

# Frame356

# x        y
18.9950    33.4093   
8.4220     9.1374    
1.0095     1.0101    
18.8753    22.0812   
1.0414     3.4358    
18.9950    38.9950   

# Frame357

# x        y
18.9950    33.4093   
8.4220     9.1374    
1.0095     1.0101    
18.8753    22.0812   
1.0407     3.4355    
18.9950    38.9950   

# Frame358

# x        y
18.9950    33.4093   
8.4220     9.1374    
1.0095     1.0101    
18.8753    22.0812   
1.0400     3.4352    
18.9950    38.9950   

# Frame359

# x        y
18.9950    33.4093   
8.4220     9.1374    
1.0095     1.0101    
18.8753    22.0812   
1.0393     3.4349    
18.9950    38.9950   

# Frame360

# x        y
18.9950    33.4093   
8.4220     9.1374    
1.0095     1.0101    
18.8753    22.0812   
1.0386     3.4346    
18.9950    38.9950   

# Frame361

# x        y
18.9950    33.4093   
8.4220     9.1374    
1.0095     1.0101    
18.8753    22.0812   
1.0379     3.4343    
18.9950    38.9950   

# Frame362

# x        y
18.9950    33.4093   
8.4220     9.1374    
1.0095     1.0101    
18.8753    22.0812   
1.0372     3.4340    
18.9950    38.9950   

# Frame363

# x        y
18.9950    33.4093   
8.4220     9.1374    
1.0095     1.0101    
18.8753    22.0812   
1.0365     3.4337    
18.9950    38.9950   

# Frame364

# x        y
18.9950    33.4093   
8.4220     9.1374    
1.0095     1.0101    
18.8753    22.0812   
1.0359     3.4334    
18.9950    38.9950   

# Frame365

# x        y
18.9950    33.4093   
8.4220     9.1374    
1.0095     1.0101    
18.8753    22.0812   
1.0352     3.4331    
18.9950    38.9950   

# Frame366

# x        y
18.9950    33.4093   
8.4220     9.1374    
1.0095     1.0101    
18.8753    22.0812   
1.0346     3.4328    
18.9950    38.9950   

# Frame367

# x        y
18.9950    33.4093   
8.4220     9.1374    
1.0095     1.0101    
18.8753    22.0812   
1.0340     3.4326    
18.9950    38.9950   

# Frame368

# x        y
18.9950    33.4093   
8.4220     9.1374    
1.0095     1.0101    
18.8753    22.0812   
1.0333     3.4323    
18.9950    38.9950   

# Frame369

# x        y
18.9950    33.4093   
8.4220     9.1374    
1.0095     1.0101    
18.8753    22.0812   
1.0327     3.4320    
18.9950    38.9950   

# Frame370

# x        y
18.9950    33.4093   
8.4220     9.1374    
1.0095     1.0101    
18.8753    22.0812   
1.0321     3.4318    
18.9950    38.9950   

# Frame371

# x        y
18.9950    33.4093   
8.4220     9.1374    
1.0095     1.0101    
18.8753    22.0812   
1.0316     3.4315    
18.9950    38.9950   

# Frame372

# x        y
18.9950    33.4093   
8.4220     9.1374    
1.0095     1.0101    
18.8753    22.0812   
1.0310     3.4313    
18.9950    38.9950   

# Frame373

# x        y
18.9950    33.4093   
8.4220     9.1374    
1.0095     1.0101    
18.8753    22.0812   
1.0304     3.4310    
18.9950    38.9950   

# Frame374

# x        y
18.9950    33.4093   
8.4220     9.1374    
1.0095     1.0101    
18.8753    22.0812   
1.0299     3.4308    
18.9950    38.9950   

# Frame375

# x        y
18.9950    33.4093   
8.4220     9.1374    
1.0095     1.0101    
18.8753    22.0812   
1.0293     3.4305    
18.9950    38.9950   

# Frame376

# x        y
18.9950    33.4093   
8.4220     9.1374    
1.0095     1.0101    
18.8753    22.0812   
1.0288     3.4303    
18.9950    38.9950   

# Frame377

# x        y
18.9950    33.4093   
8.4220     9.1374    
1.0095     1.0101    
18.8753    22.0812   
1.0283     3.4301    
18.9950    38.9950   

# Frame378

# x        y
18.9950    33.4093   
8.4220     9.1374    
1.0095     1.0101    
18.8753    22.0812   
1.0277     3.4298    
18.9950    38.9950   

# Frame379

# x        y
18.9950    33.4093   
8.4220     9.1374    
1.0095     1.0101    
18.8753    22.0812   
1.0272     3.4296    
18.9950    38.9950   

# Frame380

# x        y
18.9950    33.4093   
8.4220     9.1374    
1.0095     1.0101    
18.8753    22.0812   
1.0267     3.4294    
18.9950    38.9950   

# Frame381

# x        y
18.9950    33.4093   
8.4220     9.1374    
1.0095     1.0101    
18.8753    22.0812   
1.0262     3.4292    
18.9950    38.9950   

# Frame382

# x        y
18.9950    33.4093   
8.4220     9.1374    
1.0095     1.0101    
18.8753    22.0812   
1.0257     3.4290    
18.9950    38.9950   

# Frame383

# x        y
18.9950    33.4093   
8.4220     9.1374    
1.0095     1.0101    
18.8753    22.0812   
1.0253     3.4288    
18.9950    38.9950   

# Frame384

# x        y
18.9950    33.4093   
8.4220     9.1374    
1.0095     1.0101    
18.8753    22.0812   
1.0248     3.4285    
18.9950    38.9950   

# Frame385

# x        y
18.9950    33.4093   
8.4220     9.1374    
1.0095     1.0101    
18.8753    22.0812   
1.0243     3.4283    
18.9950    38.9950   

# Frame386

# x        y
18.9950    33.4093   
8.4220     9.1374    
1.0095     1.0101    
18.8753    22.0812   
1.0239     3.4281    
18.9950    38.9950   

# Frame387

# x        y
18.9950    33.4093   
8.4220     9.1374    
1.0095     1.0101    
18.8753    22.0812   
1.0234     3.4279    
18.9950    38.9950   

# Frame388

# x        y
18.9950    33.4093   
8.4220     9.1374    
1.0095     1.0101    
18.8753    22.0812   
1.0230     3.4278    
18.9950    38.9950   

# Frame389

# x        y
18.9950    33.4093   
8.4220     9.1374    
1.0095     1.0101    
18.8753    22.0812   
1.0226     3.4276    
18.9950    38.9950   

# Frame390

# x        y
18.9950    33.4093   
8.4220     9.1374    
1.0095     1.0101    
18.8753    22.0812   
1.0221     3.4274    
18.9950    38.9950   

# Frame391

# x        y
18.9950    33.4093   
8.4220     9.1374    
1.0095     1.0101    
18.8753    22.0812   
1.0217     3.4272    
18.9950    38.9950   

# Frame392

# x        y
18.9950    33.4093   
8.4220     9.1374    
1.0095     1.0101    
18.8753    22.0812   
1.0213     3.4270    
18.9950    38.9950   

# Frame393

# x        y
18.9950    33.4093   
8.4220     9.1374    
1.0095     1.0101    
18.8753    22.0812   
1.0209     3.4268    
18.9950    38.9950   

# Frame394

# x        y
18.9950    33.4093   
8.4220     9.1374    
1.0095     1.0101    
18.8753    22.0812   
1.0205     3.4267    
18.9950    38.9950   

# Frame395

# x        y
18.9950    33.4093   
8.4220     9.1374    
1.0095     1.0101    
18.8753    22.0812   
1.0201     3.4265    
18.9950    38.9950   

# Frame396

# x        y
18.9950    33.4093   
8.4220     9.1374    
1.0095     1.0101    
18.8753    22.0812   
1.0197     3.4263    
18.9950    38.9950   

# Frame397

# x        y
18.9950    33.4093   
8.4220     9.1374    
1.0095     1.0101    
18.8753    22.0812   
1.0194     3.4262    
18.9950    38.9950   

# Frame398

# x        y
18.9950    33.4093   
8.4220     9.1374    
1.0095     1.0101    
18.8753    22.0812   
1.0190     3.4260    
18.9950    38.9950   

# Frame399

# x        y
18.9950    33.4093   
8.4220     9.1374    
1.0095     1.0101    
18.8753    22.0812   
1.0186     3.4258    
18.9950    38.9950   

# Frame400

# x        y
18.9950    33.4093   
8.4220     9.1374    
1.0095     1.0101    
18.8753    22.0812   
1.0183     3.4257    
18.9950    38.9950   

# Frame401

# x        y
18.9950    33.4093   
8.4220     9.1374    
1.0095     1.0101    
18.8753    22.0812   
1.0179     3.4255    
18.9950    38.9950   

# Frame402

# x        y
18.9950    33.4093   
8.4220     9.1374    
1.0095     1.0101    
18.8753    22.0812   
1.0176     3.4254    
18.9950    38.9950   

# Frame403

# x        y
18.9950    33.4093   
8.4220     9.1374    
1.0095     1.0101    
18.8753    22.0812   
1.0172     3.4252    
18.9950    38.9950   

# Frame404

# x        y
18.9950    33.4093   
8.4220     9.1374    
1.0095     1.0101    
18.8753    22.0812   
1.0169     3.4251    
18.9950    38.9950   

# Frame405

# x        y
18.9950    33.4093   
8.4220     9.1374    
1.0095     1.0101    
18.8753    22.0812   
1.0166     3.4249    
18.9950    38.9950   

# Frame406

# x        y
18.9950    33.4093   
8.4220     9.1374    
1.0095     1.0101    
18.8753    22.0812   
1.0162     3.4248    
18.9950    38.9950   

# Frame407

# x        y
18.9950    33.4093   
8.4220     9.1374    
1.0095     1.0101    
18.8753    22.0812   
1.0159     3.4247    
18.9950    38.9950   

# Frame408

# x        y
18.9950    33.4093   
8.4220     9.1374    
1.0095     1.0101    
18.8753    22.0812   
1.0156     3.4245    
18.9950    38.9950   

# Frame409

# x        y
18.9950    33.4093   
8.4220     9.1374    
1.0095     1.0101    
18.8753    22.0812   
1.0153     3.4244    
18.9950    38.9950   

# Frame410

# x        y
18.9950    33.4093   
8.4220     9.1374    
1.0095     1.0101    
18.8753    22.0812   
1.0150     3.4243    
18.9950    38.9950   

# Frame411

# x        y
18.9950    33.4093   
8.4220     9.1374    
1.0095     1.0101    
18.8753    22.0812   
1.0147     3.4241    
18.9950    38.9950   

# Frame412

# x        y
18.9950    33.4093   
8.4220     9.1374    
1.0095     1.0101    
18.8753    22.0812   
1.0144     3.4240    
18.9950    38.9950   

# Frame413

# x        y
18.9950    33.4093   
8.4220     9.1374    
1.0095     1.0101    
18.8753    22.0812   
1.0141     3.4239    
18.9950    38.9950   

# Frame414

# x        y
18.9950    33.4093   
8.4220     9.1374    
1.0095     1.0101    
18.8753    22.0812   
1.0138     3.4237    
18.9950    38.9950   

# Frame415

# x        y
18.9950    33.4093   
8.4220     9.1374    
1.0095     1.0101    
18.8753    22.0812   
1.0136     3.4236    
18.9950    38.9950   

# Frame416

# x        y
18.9950    33.4093   
8.4220     9.1374    
1.0095     1.0101    
18.8753    22.0812   
1.0133     3.4235    
18.9950    38.9950   

# Frame417

# x        y
18.9950    33.4093   
8.4220     9.1374    
1.0095     1.0101    
18.8753    22.0812   
1.0130     3.4234    
18.9950    38.9950   

# Frame418

# x        y
18.9950    33.4093   
8.4220     9.1374    
1.0095     1.0101    
18.8753    22.0812   
1.0127     3.4233    
18.9950    38.9950   

# Frame419

# x        y
18.9950    33.4093   
8.4220     9.1374    
1.0095     1.0101    
18.8753    22.0812   
1.0125     3.4232    
18.9950    38.9950   

# Frame420

# x        y
18.9950    33.4093   
8.4220     9.1374    
1.0095     1.0101    
18.8753    22.0812   
1.0122     3.4230    
18.9950    38.9950   

# Frame421

# x        y
18.9950    33.4093   
8.4220     9.1374    
1.0095     1.0101    
18.8753    22.0812   
1.0120     3.4229    
18.9950    38.9950   

# Frame422

# x        y
18.9950    33.4093   
8.4220     9.1374    
1.0095     1.0101    
18.8753    22.0812   
1.0117     3.4228    
18.9950    38.9950   

# Frame423

# x        y
18.9950    33.4093   
8.4220     9.1374    
1.0095     1.0101    
18.8753    22.0812   
1.0115     3.4227    
18.9950    38.9950   

# Frame424

# x        y
18.9950    33.4093   
8.4220     9.1374    
1.0095     1.0101    
18.8753    22.0812   
1.0112     3.4226    
18.9950    38.9950   

# Frame425

# x        y
18.9950    33.4093   
8.4220     9.1374    
1.0095     1.0101    
18.8753    22.0812   
1.0110     3.4225    
18.9950    38.9950   

# Frame426

# x        y
18.9950    33.4093   
8.4220     9.1374    
1.0095     1.0101    
18.8753    22.0812   
1.0108     3.4224    
18.9950    38.9950   

# Frame427

# x        y
18.9950    33.4093   
8.4220     9.1374    
1.0095     1.0101    
18.8753    22.0812   
1.0105     3.4223    
18.9950    38.9950   

# Frame428

# x        y
18.9950    33.4093   
8.4220     9.1374    
1.0095     1.0101    
18.8753    22.0812   
1.0103     3.4222    
18.9950    38.9950   

# Frame429

# x        y
18.9950    33.4093   
8.4220     9.1374    
1.0095     1.0101    
18.8753    22.0812   
1.0101     3.4221    
18.9950    38.9950   

# Frame430

# x        y
18.9950    33.4093   
8.4220     9.1374    
1.0095     1.0101    
18.8753    22.0812   
1.0099     3.4220    
18.9950    38.9950   

# Frame431

# x        y
18.9950    33.4093   
8.4220     9.1374    
1.0095     1.0101    
18.8753    22.0812   
1.0099     3.4220    
18.9950    38.9950   

# Frame432

# x        y
18.9950    33.4093   
8.4220     9.1374    
1.0095     1.0101    
18.8753    22.0812   
1.0099     3.4219    
18.9950    38.9950   

# Frame433

# x        y
18.9950    33.4093   
8.4220     9.1374    
1.0095     1.0101    
18.8753    22.0812   
1.0099     3.4218    
18.9950    38.9950   

# Frame434

# x        y
18.9950    33.4093   
8.4220     9.1374    
1.0095     1.0101    
18.8753    22.0812   
1.0099     3.4218    
18.9950    38.9950   

# Frame435

# x        y
18.9950    33.4093   
8.4220     9.1374    
1.0095     1.0101    
18.8753    22.0812   
1.0099     3.4217    
18.9950    38.9950   

# Frame436

# x        y
18.9950    33.4093   
8.4220     9.1374    
1.0095     1.0101    
18.8753    22.0812   
1.0099     3.4217    
18.9950    38.9950   

# Frame437

# x        y
18.9950    33.4093   
8.4220     9.1374    
1.0095     1.0101    
18.8753    22.0812   
1.0099     3.4216    
18.9950    38.9950   

# Frame438

# x        y
18.9950    33.4093   
8.4220     9.1374    
1.0095     1.0101    
18.8753    22.0812   
1.0099     3.4216    
18.9950    38.9950   

# Frame439

# x        y
18.9950    33.4093   
8.4220     9.1374    
1.0095     1.0101    
18.8753    22.0812   
1.0099     3.4215    
18.9950    38.9950   

# Frame440

# x        y
18.9950    33.4093   
8.4220     9.1374    
1.0095     1.0101    
18.8753    22.0812   
1.0099     3.4215    
18.9950    38.9950   

# Frame441

# x        y
18.9950    33.4093   
8.4220     9.1374    
1.0095     1.0101    
18.8753    22.0812   
1.0099     3.4214    
18.9950    38.9950   

# Frame442

# x        y
18.9950    33.4093   
8.4220     9.1374    
1.0095     1.0101    
18.8753    22.0812   
1.0099     3.4213    
18.9950    38.9950   

# Frame443

# x        y
18.9950    33.4093   
8.4220     9.1374    
1.0095     1.0101    
18.8753    22.0812   
1.0099     3.4213    
18.9950    38.9950   

# Frame444

# x        y
18.9950    33.4093   
8.4220     9.1374    
1.0095     1.0101    
18.8753    22.0812   
1.0099     3.4212    
18.9950    38.9950   

# Frame445

# x        y
18.9950    33.4093   
8.4220     9.1374    
1.0095     1.0101    
18.8753    22.0812   
1.0099     3.4212    
18.9950    38.9950   

# Frame446

# x        y
18.9950    33.4093   
8.4220     9.1374    
1.0095     1.0101    
18.8753    22.0812   
1.0099     3.4212    
18.9950    38.9950   

# Frame447

# x        y
18.9950    33.4093   
8.4220     9.1374    
1.0095     1.0101    
18.8753    22.0812   
1.0099     3.4211    
18.9950    38.9950   

# Frame448

# x        y
18.9950    33.4093   
8.4220     9.1374    
1.0095     1.0101    
18.8753    22.0812   
1.0099     3.4211    
18.9950    38.9950   

# Frame449

# x        y
18.9950    33.4093   
8.4220     9.1374    
1.0095     1.0101    
18.8753    22.0812   
1.0099     3.4210    
18.9950    38.9950   

# Frame450

# x        y
18.9950    33.4093   
8.4220     9.1374    
1.0095     1.0101    
18.8753    22.0812   
1.0099     3.4210    
18.9950    38.9950   

# Frame451

# x        y
18.9950    33.4093   
8.4220     9.1374    
1.0095     1.0101    
18.8753    22.0812   
1.0099     3.4209    
18.9950    38.9950   

# Frame452

# x        y
18.9950    33.4093   
8.4220     9.1374    
1.0095     1.0101    
18.8753    22.0812   
1.0099     3.4209    
18.9950    38.9950   

# Frame453

# x        y
18.9950    33.4093   
8.4220     9.1374    
1.0095     1.0101    
18.8753    22.0812   
1.0099     3.4208    
18.9950    38.9950   

# Frame454

# x        y
18.9950    33.4093   
8.4220     9.1374    
1.0095     1.0101    
18.8753    22.0812   
1.0099     3.4208    
18.9950    38.9950   

# Frame455

# x        y
18.9950    33.4093   
8.4220     9.1374    
1.0095     1.0101    
18.8753    22.0812   
1.0099     3.4208    
18.9950    38.9950   

# Frame456

# x        y
18.9950    33.4093   
8.4220     9.1374    
1.0095     1.0101    
18.8753    22.0812   
1.0099     3.4207    
18.9950    38.9950   

# Frame457

# x        y
18.9950    33.4093   
8.4220     9.1374    
1.0095     1.0101    
18.8753    22.0812   
1.0099     3.4207    
18.9950    38.9950   

# Frame458

# x        y
18.9950    33.4093   
8.4220     9.1374    
1.0095     1.0101    
18.8753    22.0812   
1.0099     3.4206    
18.9950    38.9950   

# Frame459

# x        y
18.9950    33.4093   
8.4220     9.1374    
1.0095     1.0101    
18.8753    22.0812   
1.0099     3.4206    
18.9950    38.9950   

# Frame460

# x        y
18.9950    33.4093   
8.4220     9.1374    
1.0095     1.0101    
18.8753    22.0812   
1.0099     3.4206    
18.9950    38.9950   

# Frame461

