# x        y
18.9956    19.7643   
2.8311     30.2112   
17.7930    9.3973    
1.6872     28.3094   
16.6860    23.4083   
11.7699    7.2327    

# Frame1

# x        y
18.9955    19.7643   
2.8311     30.2112   
17.7930    9.3973    
1.6872     28.3094   
16.6860    23.4083   
10.4654    8.7488    

# Frame2

# x        y
18.9954    19.7643   
2.8311     30.2112   
17.7930    9.3973    
1.6872     28.3094   
16.6860    23.4083   
9.1826     10.2395   

# Frame3

# x        y
18.9953    19.7643   
2.8311     30.2112   
17.7930    9.3973    
1.6872     28.3094   
16.6860    23.4083   
7.9213     11.7054   

# Frame4

# x        y
18.9952    19.7643   
2.8311     30.2112   
17.7930    9.3973    
1.6872     28.3094   
16.6860    23.4083   
6.6809     13.1469   

# Frame5

# x        y
18.9952    19.7643   
2.8311     30.2112   
17.7930    9.3973    
1.6872     28.3094   
16.6860    23.4083   
5.4613     14.5644   

# Frame6

# x        y
18.9952    19.7643   
2.8311     30.2112   
17.7930    9.3973    
1.6872     28.3094   
16.6860    23.4083   
4.2619     15.9582   

# Frame7

# x        y
18.9951    19.7643   
2.8311     30.2112   
17.7930    9.3973    
1.6872     28.3094   
16.6860    23.4083   
3.0826     17.3288   

# Frame8

# x        y
18.9951    19.7643   
2.8311     30.2112   
17.7930    9.3973    
1.6872     28.3094   
16.6860    23.4083   
1.9229     18.6765   

# Frame9

# x        y
18.9951    19.7643   
2.8311     30.2112   
17.7930    9.3973    
1.6872     28.3094   
16.6860    23.4083   
1.1111     19.9937   

# Frame10

# x        y
18.9951    19.7643   
2.8311     30.2112   
17.7930    9.3973    
1.6872     28.3094   
16.6860    23.4083   
1.6718     21.2539   

# Frame11

# x        y
18.9951    19.7643   
2.8311     30.2112   
17.7930    9.3973    
1.6872     28.3094   
16.6860    23.4083   
2.2231     22.4931   

# Frame12

# x        y
18.9950    19.7643   
2.8311     30.2112   
17.7930    9.3973    
1.6872     28.3094   
16.6860    23.4083   
2.7653     23.7117   

# Frame13

# x        y
18.9950    19.7643   
2.8311     30.2112   
17.7930    9.3973    
1.6872     28.3094   
16.6860    23.4083   
3.2984     24.9099   

# Frame14

# x        y
18.9950    19.7643   
2.8311     30.2112   
17.7930    9.3973    
1.6872     28.3094   
16.6860    23.4083   
3.8226     26.0882   

# Frame15

# x        y
18.9950    19.7643   
2.8311     30.2112   
17.7930    9.3973    
1.6872     28.3094   
16.6860    23.4083   
4.3381     27.2468   

# Frame16

# x        y
18.9950    19.7643   
2.8311     30.2112   
17.7930    9.3973    
1.6872     28.3094   
16.6860    23.4083   
4.8450     28.3861   

# Frame17

# x        y
18.9950    19.7643   
2.8311     30.2112   
17.7930    9.3973    
1.6872     28.3094   
16.6860    23.4083   
5.3434     29.5065   

# Frame18

# x        y
18.9950    19.7643   
2.8311     30.2112   
17.7930    9.3973    
1.6872     28.3094   
16.6860    23.4083   
5.8336     30.6081   

# Frame19

# x        y
18.9950    19.7643   
2.8311     30.2112   
17.7930    9.3973    
1.6872     28.3094   
16.6860    23.4083   
6.3155     31.6914   

# Frame20

# x        y
18.9950    19.7643   
2.8311     30.2112   
17.7930    9.3973    
1.6872     28.3094   
16.6860    23.4083   
6.7895     32.7567   

# Frame21

# x        y
18.9950    19.7643   
2.8311     30.2112   
17.7930    9.3973    
1.6872     28.3094   
16.6860    23.4083   
7.2555     33.8042   

# Frame22

# x        y
18.9950    19.7643   
2.8311     30.2112   
17.7930    9.3973    
1.6872     28.3094   
16.6860    23.4083   
7.7138     34.8342   

# Frame23

# x        y
18.9950    19.7643   
2.8311     30.2112   
17.7930    9.3973    
1.6872     28.3094   
16.6860    23.4083   
8.1644     35.8471   

# Frame24

# x        y
18.9950    19.7643   
2.8311     30.2112   
17.7930    9.3973    
1.6872     28.3094   
16.6860    23.4083   
8.6076     36.8431   

# Frame25

# x        y
18.9950    19.7643   
2.8311     30.2112   
17.7930    9.3973    
1.6872     28.3094   
16.6860    23.4083   
9.0433     37.8224   

# Frame26

# x        y
18.9950    19.7643   
2.8311     30.2112   
17.7930    9.3973    
1.6872     28.3094   
16.6860    23.4083   
9.4718     38.7855   

# Frame27

# x        y
18.9950    19.7643   
2.8311     30.2112   
17.7930    9.3973    
1.6872     28.3094   
16.6860    23.4083   
9.9637     38.6319   

# Frame28

# x        y
18.9950    19.7643   
2.8311     30.2112   
17.7930    9.3973    
1.6872     28.3094   
16.6860    23.4083   
10.4684    38.1662   

# Frame29

# x        y
18.9950    19.7643   
2.8311     30.2112   
17.7930    9.3973    
1.6872     28.3094   
16.6860    23.4083   
10.9647    37.7084   

# Frame30

# x        y
18.9950    19.7643   
2.8311     30.2112   
17.7930    9.3973    
1.6872     28.3094   
16.6860    23.4083   
11.4527    37.2582   

# Frame31

# x        y
18.9950    19.7643   
2.8311     30.2112   
17.7930    9.3973    
1.6872     28.3094   
16.6860    23.4083   
11.9326    36.8155   

# Frame32

# x        y
18.9950    19.7643   
2.8311     30.2112   
17.7930    9.3973    
1.6872     28.3094   
16.6860    23.4083   
12.4044    36.3801   

# Frame33

# x        y
18.9950    19.7643   
2.8311     30.2112   
17.7930    9.3973    
1.6872     28.3094   
16.6860    23.4083   
12.8684    35.9520   

# Frame34

# x        y
18.9950    19.7643   
2.8311     30.2112   
17.7930    9.3973    
1.6872     28.3094   
16.6860    23.4083   
13.3247    35.5311   

# Frame35

# x        y
18.9950    19.7643   
2.8311     30.2112   
17.7930    9.3973    
1.6872     28.3094   
16.6860    23.4083   
13.7734    35.1171   

# Frame36

# x        y
18.9950    19.7643   
2.8311     30.2112   
17.7930    9.3973    
1.6872     28.3094   
16.6860    23.4083   
14.2146    34.7101   

# Frame37

# x        y
18.9950    19.7643   
2.8311     30.2112   
17.7930    9.3973    
1.6872     28.3094   
16.6860    23.4083   
14.6484    34.3098   

# Frame38

# x        y
18.9950    19.7643   
2.8311     30.2112   
17.7930    9.3973    
1.6872     28.3094   
16.6860    23.4083   
15.0750    33.9163   

# Frame39

# x        y
18.9950    19.7643   
2.8311     30.2112   
17.7930    9.3973    
1.6872     28.3094   
16.6860    23.4083   
15.4945    33.5292   

# Frame40

# x        y
18.9950    19.7643   
2.8311     30.2112   
17.7930    9.3973    
1.6872     28.3094   
16.6860    23.4083   
15.9070    33.1487   

# Frame41

# x        y
18.9950    19.7643   
2.8311     30.2112   
17.7930    9.3973    
1.6872     28.3094   
16.6860    23.4083   
16.3127    32.7744   

# Frame42

# x        y
18.9950    19.7643   
2.8311     30.2112   
17.7930    9.3973    
1.6872     28.3094   
16.6860    23.4083   
16.7115    32.4065   

# Frame43

# x        y
18.9950    19.7643   
2.8311     30.2112   
17.7930    9.3973    
1.6872     28.3094   
16.6860    23.4083   
17.1038    32.0446   

# Frame44

# x        y
18.9950    19.7643   
2.8311     30.2112   
17.7930    9.3973    
1.6872     28.3094   
16.6860    23.4083   
17.4894    31.6888   

# Frame45

# x        y
18.9950    19.7643   
2.8311     30.2112   
17.7930    9.3973    
1.6872     28.3094   
16.6860    23.4083   
17.8687    31.3389   

# Frame46

# x        y
18.9950    19.7643   
2.8311     30.2112   
17.7930    9.3973    
1.6872     28.3094   
16.6860    23.4083   
18.2416    30.9948   

# Frame47

# x        y
18.9950    19.7643   
2.8311     30.2112   
17.7930    9.3973    
1.6872     28.3094   
16.6860    23.4083   
18.6084    30.6565   

# Frame48

# x        y
18.9950    19.7643   
2.8311     30.2112   
17.7930    9.3973    
1.6872     28.3094   
16.6860    23.4083   
18.9690    30.3238   

# Frame49

# x        y
18.9950    19.7643   
2.8311     30.2112   
17.7930    9.3973    
1.6872     28.3094   
16.6860    23.4083   
18.8363    30.0218   

# Frame50

# x        y
18.9950    19.7643   
2.8311     30.2112   
17.7930    9.3973    
1.6872     28.3094   
16.6860    23.4083   
18.6620    29.7276   

# Frame51

# x        y
18.9950    19.7643   
2.8311     30.2112   
17.7930    9.3973    
1.6872     28.3094   
16.6860    23.4083   
18.4906    29.4384   

# Frame52

# x        y
18.9950    19.7643   
2.8311     30.2112   
17.7930    9.3973    
1.6872     28.3094   
16.6860    23.4083   
18.3220    29.1540   

# Frame53

# x        y
18.9950    19.7643   
2.8311     30.2112   
17.7930    9.3973    
1.6872     28.3094   
16.6860    23.4083   
18.1562    28.8743   

# Frame54

# x        y
18.9950    19.7643   
2.8311     30.2112   
17.7930    9.3973    
1.6872     28.3094   
16.6860    23.4083   
17.9932    28.5992   

# Frame55

# x        y
18.9950    19.7643   
2.8311     30.2112   
17.7930    9.3973    
1.6872     28.3094   
16.6860    23.4083   
17.8329    28.3288   

# Frame56

# x        y
18.9950    19.7643   
2.8311     30.2112   
17.7930    9.3973    
1.6872     28.3094   
16.6860    23.4083   
17.6753    28.0628   

# Frame57

# x        y
18.9950    19.7643   
2.8311     30.2112   
17.7930    9.3973    
1.6872     28.3094   
16.6860    23.4083   
17.5203    27.8013   

# Frame58

# x        y
18.9950    19.7643   
2.8311     30.2112   
17.7930    9.3973    
1.6872     28.3094   
16.6860    23.4083   
17.3679    27.5442   

# Frame59

# x        y
18.9950    19.7643   
2.8311     30.2112   
17.7930    9.3973    
1.6872     28.3094   
16.6860    23.4083   
17.2180    27.2913   

# Frame60

# x        y
18.9950    19.7643   
2.8311     30.2112   
17.7930    9.3973    
1.6872     28.3094   
16.6860    23.4083   
17.0706    27.0427   

# Frame61

# x        y
18.9950    19.7643   
2.8311     30.2112   
17.7930    9.3973    
1.6872     28.3094   
16.6860    23.4083   
16.9257    26.7982   

# Frame62

# x        y
18.9950    19.7643   
2.8311     30.2112   
17.7930    9.3973    
1.6872     28.3094   
16.6860    23.4083   
16.7832    26.5577   

# Frame63

# x        y
18.9950    19.7643   
2.8311     30.2112   
17.7930    9.3973    
1.6872     28.3094   
16.6860    23.4083   
16.6431    26.3213   

# Frame64

# x        y
18.9950    19.7643   
2.8311     30.2112   
17.7930    9.3973    
1.6872     28.3094   
16.6860    23.4083   
16.5053    26.0888   

# Frame65

# x        y
18.9950    19.7643   
2.8311     30.2112   
17.7930    9.3973    
1.6872     28.3094   
16.6860    23.4083   
16.3698    25.8602   

# Frame66

# x        y
18.9950    19.7643   
2.8311     30.2112   
17.7930    9.3973    
1.6872     28.3094   
16.6860    23.4083   
16.2366    25.6354   

# Frame67

# x        y
18.9950    19.7643   
2.8311     30.2112   
17.7930    9.3973    
1.6872     28.3094   
16.6860    23.4083   
16.1056    25.4144   

# Frame68

# x        y
18.9950    19.7643   
2.8311     30.2112   
17.7930    9.3973    
1.6872     28.3094   
16.7010    23.3589   
15.9618    25.2465   

# Frame69

# x        y
18.9950    19.7643   
2.8311     30.2112   
17.7930    9.3973    
1.6872     28.3094   
16.7350    23.2441   
15.8010    25.1475   

# Frame70

# x        y
18.9950    19.7643   
2.8311     30.2112   
17.7930    9.3973    
1.6872     28.3094   
16.7685    23.1312   
15.6429    25.0502   

# Frame71

# x        y
18.9950    19.7643   
2.8311     30.2112   
17.7930    9.3973    
1.6872     28.3094   
16.8015    23.0201   
15.4875    24.9546   

# Frame72

# x        y
18.9950    19.7643   
2.8311     30.2112   
17.7930    9.3973    
1.6872     28.3094   
16.8339    22.9110   
15.3346    24.8605   

# Frame73

# x        y
18.9950    19.7643   
2.8311     30.2112   
17.7930    9.3973    
1.6872     28.3094   
16.8657    22.8036   
15.1843    24.7680   

# Frame74

# x        y
18.9950    19.7643   
2.8311     30.2112   
17.7930    9.3973    
1.6872     28.3094   
16.8971    22.6981   
15.0365    24.6770   

# Frame75

# x        y
18.9950    19.7643   
2.8311     30.2112   
17.7930    9.3973    
1.6872     28.3094   
16.9279    22.5943   
14.8912    24.5876   

# Frame76

# x        y
18.9950    19.7643   
2.8311     30.2112   
17.7930    9.3973    
1.6872     28.3094   
16.9582    22.4922   
14.7483    24.4996   

# Frame77

# x        y
18.9950    19.7643   
2.8311     30.2112   
17.7930    9.3973    
1.6872     28.3094   
16.9880    22.3919   
14.6077    24.4132   

# Frame78

# x        y
18.9950    19.7643   
2.8311     30.2112   
17.7930    9.3973    
1.6872     28.3094   
17.0173    22.2932   
14.4695    24.3281   

# Frame79

# x        y
18.9950    19.7643   
2.8311     30.2112   
17.7930    9.3973    
1.6872     28.3094   
17.0461    22.1961   
14.3336    24.2445   

# Frame80

# x        y
18.9950    19.7643   
2.8311     30.2112   
17.7930    9.3973    
1.6872     28.3094   
17.0744    22.1007   
14.2000    24.1622   

# Frame81

# x        y
18.9950    19.7643   
2.8311     30.2112   
17.7930    9.3973    
1.6872     28.3094   
17.1022    22.0068   
14.0686    24.0814   

# Frame82

# x        y
18.9950    19.7643   
2.8311     30.2112   
17.7930    9.3973    
1.6872     28.3094   
17.1296    21.9146   
13.9394    24.0019   

# Frame83

# x        y
18.9950    19.7643   
2.8311     30.2112   
17.7930    9.3973    
1.6872     28.3094   
17.1566    21.8238   
13.8124    23.9237   

# Frame84

# x        y
18.9950    19.7643   
2.8311     30.2112   
17.7930    9.3973    
1.6872     28.3094   
17.1830    21.7346   
13.6874    23.8468   

# Frame85

# x        y
18.9950    19.7643   
2.8311     30.2112   
17.7930    9.3973    
1.6872     28.3094   
17.2091    21.6469   
13.5646    23.7712   

# Frame86

# x        y
18.9950    19.7643   
2.8311     30.2112   
17.7930    9.3973    
1.6872     28.3094   
17.2347    21.5606   
13.4438    23.6968   

# Frame87

# x        y
18.9950    19.7643   
2.8311     30.2112   
17.7930    9.3973    
1.6872     28.3094   
17.2599    21.4758   
13.3250    23.6237   

# Frame88

# x        y
18.9950    19.7643   
2.8311     30.2112   
17.7930    9.3973    
1.6872     28.3094   
17.2846    21.3923   
13.2081    23.5518   

# Frame89

# x        y
18.9950    19.7643   
2.8311     30.2112   
17.7930    9.3973    
1.6872     28.3094   
17.3090    21.3103   
13.0933    23.4811   

# Frame90

# x        y
18.9950    19.7643   
2.8311     30.2112   
17.7930    9.3973    
1.6872     28.3094   
17.3329    21.2296   
12.9803    23.4116   

# Frame91

# x        y
18.9950    19.7643   
2.8311     30.2112   
17.7930    9.3973    
1.6872     28.3094   
17.3565    21.1503   
12.8693    23.3433   

# Frame92

# x        y
18.9950    19.7643   
2.8311     30.2112   
17.7930    9.3973    
1.6872     28.3094   
17.3796    21.0723   
12.7600    23.2761   

# Frame93

# x        y
18.9950    19.7643   
2.8311     30.2112   
17.7930    9.3973    
1.6872     28.3094   
17.4024    20.9956   
12.6526    23.2100   

# Frame94

# x        y
18.9953    19.7449   
2.8311     30.2112   
17.7930    9.3973    
1.6872     28.3094   
17.3841    20.9490   
12.5470    23.1450   

# Frame95

# x        y
18.9952    19.7174   
2.8311     30.2112   
17.7930    9.3973    
1.6872     28.3094   
17.3434    20.9190   
12.4432    23.0811   

# Frame96

# x        y
18.9952    19.6904   
2.8311     30.2112   
17.7930    9.3973    
1.6872     28.3094   
17.3033    20.8895   
12.3411    23.0182   

# Frame97

# x        y
18.9951    19.6638   
2.8311     30.2112   
17.7930    9.3973    
1.6872     28.3094   
17.2639    20.8605   
12.2406    22.9564   

# Frame98

# x        y
18.9951    19.6376   
2.8311     30.2112   
17.7930    9.3973    
1.6872     28.3094   
17.2251    20.8319   
12.1419    22.8956   

# Frame99

# x        y
18.9951    19.6119   
2.8311     30.2112   
17.7930    9.3973    
1.6872     28.3094   
17.1870    20.8038   
12.0448    22.8359   

# Frame100

# x        y
18.9951    19.5866   
2.8311     30.2112   
17.7930    9.3973    
1.6872     28.3094   
17.1495    20.7762   
11.9493    22.7771   

# Frame101

# x        y
18.9951    19.5617   
2.8311     30.2112   
17.7930    9.3973    
1.6872     28.3094   
17.1127    20.7491   
11.8554    22.7194   

# Frame102

# x        y
18.9951    19.5373   
2.8311     30.2112   
17.7930    9.3973    
1.6872     28.3094   
17.0765    20.7224   
11.7631    22.6625   

# Frame103

# x        y
18.9950    19.5132   
2.8311     30.2112   
17.7930    9.3973    
1.6872     28.3094   
17.0408    20.6961   
11.6723    22.6067   

# Frame104

# x        y
18.9950    19.4896   
2.8311     30.2112   
17.7930    9.3973    
1.6872     28.3094   
17.0058    20.6703   
11.5831    22.5517   

# Frame105

# x        y
18.9950    19.4663   
2.8311     30.2112   
17.7930    9.3973    
1.6872     28.3094   
16.9713    20.6449   
11.4953    22.4977   

# Frame106

# x        y
18.9950    19.4434   
2.8311     30.2112   
17.7930    9.3973    
1.6872     28.3094   
16.9375    20.6200   
11.4090    22.4446   

# Frame107

# x        y
18.9950    19.4210   
2.8311     30.2112   
17.7930    9.3973    
1.6872     28.3094   
16.9042    20.5954   
11.3241    22.3923   

# Frame108

# x        y
18.9950    19.3988   
2.8311     30.2112   
17.7930    9.3973    
1.6872     28.3094   
16.8714    20.5713   
11.2406    22.3410   

# Frame109

# x        y
18.9950    19.3771   
2.8311     30.2112   
17.7930    9.3973    
1.6872     28.3094   
16.8392    20.5476   
11.1585    22.2905   

# Frame110

# x        y
18.9950    19.3557   
2.8311     30.2112   
17.7930    9.3973    
1.6872     28.3094   
16.8075    20.5242   
11.0778    22.2408   

# Frame111

# x        y
18.9950    19.3347   
2.8311     30.2112   
17.7930    9.3973    
1.6872     28.3094   
16.7764    20.5013   
10.9985    22.1920   

# Frame112

# x        y
18.9950    19.3140   
2.8311     30.2112   
17.7930    9.3973    
1.6872     28.3094   
16.7457    20.4787   
10.9204    22.1439   

# Frame113

# x        y
18.9950    19.2937   
2.8311     30.2112   
17.7930    9.3973    
1.6872     28.3094   
16.7156    20.4565   
10.8437    22.0967   

# Frame114

# x        y
18.9950    19.2737   
2.8311     30.2112   
17.7930    9.3973    
1.6872     28.3094   
16.6860    20.4347   
10.7682    22.0503   

# Frame115

# x        y
18.9950    19.2540   
2.8311     30.2112   
17.7930    9.3973    
1.6872     28.3094   
16.6569    20.4133   
10.6940    22.0046   

# Frame116

# x        y
18.9950    19.2347   
2.8311     30.2112   
17.7930    9.3973    
1.6872     28.3094   
16.6283    20.3922   
10.6211    21.9597   

# Frame117

# x        y
18.9950    19.2157   
2.8311     30.2112   
17.7930    9.3973    
1.6872     28.3094   
16.6001    20.3714   
10.5493    21.9155   

# Frame118

# x        y
18.9950    19.1970   
2.8311     30.2112   
17.7930    9.3973    
1.6872     28.3094   
16.5724    20.3510   
10.4788    21.8721   

# Frame119

# x        y
18.9950    19.1786   
2.8311     30.2112   
17.7930    9.3973    
1.6872     28.3094   
16.5452    20.3310   
10.4094    21.8294   

# Frame120

# x        y
18.9950    19.1606   
2.8311     30.2112   
17.7930    9.3973    
1.6872     28.3094   
16.5184    20.3112   
10.3412    21.7874   

# Frame121

# x        y
18.9950    19.1428   
2.8311     30.2112   
17.7930    9.3973    
1.6872     28.3094   
16.4921    20.2919   
10.2741    21.7462   

# Frame122

# x        y
18.9950    19.1253   
2.8311     30.2112   
17.7930    9.3973    
1.6872     28.3094   
16.4662    20.2728   
10.2081    21.7056   

# Frame123

# x        y
18.9950    19.1081   
2.8311     30.2112   
17.7930    9.3973    
1.6872     28.3094   
16.4407    20.2540   
10.1432    21.6656   

# Frame124

# x        y
18.9950    19.0912   
2.8311     30.2112   
17.7930    9.3973    
1.6872     28.3094   
16.4157    20.2356   
10.0795    21.6264   

# Frame125

# x        y
18.9950    19.0746   
2.8311     30.2112   
17.7930    9.3973    
1.6872     28.3094   
16.3911    20.2174   
10.0167    21.5878   

# Frame126

# x        y
18.9950    19.0583   
2.8311     30.2112   
17.7930    9.3973    
1.6872     28.3094   
16.3669    20.1996   
9.9551     21.5498   

# Frame127

# x        y
18.9950    19.0422   
2.8311     30.2112   
17.7930    9.3973    
1.6872     28.3094   
16.3431    20.1821   
9.8944     21.5125   

# Frame128

# x        y
18.9950    19.0264   
2.8311     30.2112   
17.7930    9.3973    
1.6872     28.3094   
16.3197    20.1648   
9.8348     21.4758   

# Frame129

# x        y
18.9950    19.0109   
2.8311     30.2112   
17.7930    9.3973    
1.6872     28.3094   
16.2967    20.1479   
9.7761     21.4397   

# Frame130

# x        y
18.9950    18.9956   
2.8311     30.2112   
17.7930    9.3973    
1.6872     28.3094   
16.2740    20.1312   
9.7185     21.4042   

# Frame131

# x        y
18.9950    18.9806   
2.8311     30.2112   
17.7930    9.3973    
1.6872     28.3094   
16.2518    20.1148   
9.6618     21.3693   

# Frame132

# x        y
18.9950    18.9658   
2.8311     30.2112   
17.7930    9.3973    
1.6872     28.3094   
16.2299    20.0987   
9.6060     21.3350   

# Frame133

# x        y
18.9950    18.9513   
2.8311     30.2112   
17.7930    9.3973    
1.6872     28.3094   
16.2084    20.0828   
9.5512     21.3013   

# Frame134

# x        y
18.9950    18.9370   
2.8311     30.2112   
17.7930    9.3973    
1.6872     28.3094   
16.1872    20.0672   
9.4972     21.2681   

# Frame135

# x        y
18.9950    18.9229   
2.8311     30.2112   
17.7930    9.3973    
1.6872     28.3094   
16.1664    20.0519   
9.4442     21.2354   

# Frame136

# x        y
18.9950    18.9091   
2.8311     30.2112   
17.7930    9.3973    
1.6872     28.3094   
16.1459    20.0368   
9.3921     21.2034   

# Frame137

# x        y
18.9950    18.8956   
2.8311     30.2112   
17.7930    9.3973    
1.6872     28.3094   
16.1258    20.0220   
9.3408     21.1718   

# Frame138

# x        y
18.9950    18.8822   
2.8311     30.2112   
17.7930    9.3973    
1.6872     28.3094   
16.1060    20.0074   
9.2904     21.1408   

# Frame139

# x        y
18.9950    18.8691   
2.8311     30.2112   
17.7930    9.3973    
1.6872     28.3094   
16.0866    19.9931   
9.2408     21.1103   

# Frame140

# x        y
18.9950    18.8562   
2.8311     30.2112   
17.7930    9.3973    
1.6872     28.3094   
16.0674    19.9790   
9.1921     21.0803   

# Frame141

# x        y
18.9950    18.8435   
2.8311     30.2112   
17.7930    9.3973    
1.6872     28.3094   
16.0486    19.9652   
9.1442     21.0508   

# Frame142

# x        y
18.9950    18.8310   
2.8311     30.2112   
17.7930    9.3973    
1.6872     28.3094   
16.0301    19.9515   
9.0970     21.0218   

# Frame143

# x        y
18.9950    18.8187   
2.8311     30.2112   
17.7930    9.3973    
1.6872     28.3094   
16.0119    19.9381   
9.0507     20.9933   

# Frame144

# x        y
18.9950    18.8066   
2.8311     30.2112   
17.7930    9.3973    
1.6872     28.3094   
15.9941    19.9249   
9.0051     20.9652   

# Frame145

# x        y
18.9950    18.7947   
2.8311     30.2112   
17.7930    9.3973    
1.6872     28.3094   
15.9765    19.9120   
8.9603     20.9376   

# Frame146

# x        y
18.9950    18.7831   
2.8311     30.2112   
17.7930    9.3973    
1.6872     28.3094   
15.9592    19.8992   
8.9162     20.9105   

# Frame147

# x        y
18.9950    18.7716   
2.8311     30.2112   
17.7930    9.3973    
1.6872     28.3094   
15.9422    19.8867   
8.8729     20.8838   

# Frame148

# x        y
18.9950    18.7603   
2.8311     30.2112   
17.7930    9.3973    
1.6872     28.3094   
15.9254    19.8744   
8.8303     20.8576   

# Frame149

# x        y
18.9950    18.7492   
2.8311     30.2112   
17.7930    9.3973    
1.6872     28.3094   
15.9090    19.8623   
8.7884     20.8318   

# Frame150

# x        y
18.9950    18.7383   
2.8311     30.2112   
17.7930    9.3973    
1.6872     28.3094   
15.8928    19.8504   
8.7472     20.8065   

# Frame151

# x        y
18.9950    18.7275   
2.8311     30.2112   
17.7930    9.3973    
1.6872     28.3094   
15.8769    19.8386   
8.7066     20.7815   

# Frame152

# x        y
18.9950    18.7170   
2.8311     30.2112   
17.7930    9.3973    
1.6872     28.3094   
15.8613    19.8271   
8.6668     20.7570   

# Frame153

# x        y
18.9950    18.7066   
2.8311     30.2112   
17.7930    9.3973    
1.6872     28.3094   
15.8459    19.8158   
8.6276     20.7329   

# Frame154

# x        y
18.9950    18.6964   
2.8311     30.2112   
17.7930    9.3973    
1.6872     28.3094   
15.8308    19.8047   
8.5891     20.7092   

# Frame155

# x        y
18.9950    18.6864   
2.8311     30.2112   
17.7930    9.3973    
1.6872     28.3094   
15.8159    19.7937   
8.5512     20.6859   

# Frame156

# x        y
18.9950    18.6765   
2.8311     30.2112   
17.7930    9.3973    
1.6872     28.3094   
15.8013    19.7829   
8.5140     20.6630   

# Frame157

# x        y
18.9950    18.6668   
2.8311     30.2112   
17.7930    9.3973    
1.6872     28.3094   
15.7869    19.7723   
8.4773     20.6404   

# Frame158

# x        y
18.9950    18.6573   
2.8311     30.2112   
17.7930    9.3973    
1.6872     28.3094   
15.7728    19.7619   
8.4413     20.6182   

# Frame159

# x        y
18.9950    18.6479   
2.8311     30.2112   
17.7930    9.3973    
1.6872     28.3094   
15.7589    19.7517   
8.4059     20.5964   

# Frame160

# x        y
18.9950    18.6386   
2.8311     30.2112   
17.7930    9.3973    
1.6872     28.3094   
15.7452    19.7416   
8.3711     20.5750   

# Frame161

# x        y
18.9950    18.6296   
2.8311     30.2112   
17.7930    9.3973    
1.6872     28.3094   
15.7318    19.7317   
8.3368     20.5539   

# Frame162

# x        y
18.9950    18.6206   
2.8311     30.2112   
17.7930    9.3973    
1.6872     28.3094   
15.7186    19.7220   
8.3031     20.5332   

# Frame163

# x        y
18.9950    18.6119   
2.8311     30.2112   
17.7930    9.3973    
1.6872     28.3094   
15.7056    19.7124   
8.2700     20.5128   

# Frame164

# x        y
18.9950    18.6032   
2.8311     30.2112   
17.7930    9.3973    
1.6872     28.3094   
15.6928    19.7030   
8.2374     20.4928   

# Frame165

# x        y
18.9950    18.5948   
2.8311     30.2112   
17.7930    9.3973    
1.6872     28.3094   
15.6802    19.6937   
8.2054     20.4731   

# Frame166

# x        y
18.9950    18.5864   
2.8311     30.2112   
17.7930    9.3973    
1.6872     28.3094   
15.6679    19.6846   
8.1739     20.4537   

# Frame167

# x        y
18.9950    18.5782   
2.8311     30.2112   
17.7930    9.3973    
1.6872     28.3094   
15.6557    19.6757   
8.1430     20.4346   

# Frame168

# x        y
18.9950    18.5701   
2.8311     30.2112   
17.7930    9.3973    
1.6872     28.3094   
15.6438    19.6669   
8.1125     20.4159   

# Frame169

# x        y
18.9950    18.5622   
2.8311     30.2112   
17.7930    9.3973    
1.6872     28.3094   
15.6320    19.6582   
8.0826     20.3975   

# Frame170

# x        y
18.9950    18.5544   
2.8311     30.2112   
17.7930    9.3973    
1.6872     28.3094   
15.6205    19.6497   
8.0531     20.3794   

# Frame171

# x        y
18.9950    18.5467   
2.8311     30.2112   
17.7930    9.3973    
1.6872     28.3094   
15.6091    19.6413   
8.0242     20.3615   

# Frame172

# x        y
18.9950    18.5392   
2.8311     30.2112   
17.7930    9.3973    
1.6872     28.3094   
15.5979    19.6331   
7.9957     20.3440   

# Frame173

# x        y
18.9950    18.5318   
2.8311     30.2112   
17.7930    9.3973    
1.6872     28.3094   
15.5869    19.6250   
7.9677     20.3268   

# Frame174

# x        y
18.9950    18.5245   
2.8311     30.2112   
17.7930    9.3973    
1.6872     28.3094   
15.5761    19.6170   
7.9402     20.3099   

# Frame175

# x        y
18.9950    18.5173   
2.8311     30.2112   
17.7930    9.3973    
1.6872     28.3094   
15.5655    19.6092   
7.9131     20.2932   

# Frame176

# x        y
18.9950    18.5103   
2.8311     30.2112   
17.7930    9.3973    
1.6872     28.3094   
15.5551    19.6015   
7.8865     20.2768   

# Frame177

# x        y
18.9950    18.5033   
2.8311     30.2112   
17.7930    9.3973    
1.6872     28.3094   
15.5448    19.5940   
7.8603     20.2607   

# Frame178

# x        y
18.9950    18.4965   
2.8311     30.2112   
17.7930    9.3973    
1.6872     28.3094   
15.5347    19.5865   
7.8346     20.2449   

# Frame179

# x        y
18.9950    18.4898   
2.8311     30.2112   
17.7930    9.3973    
1.6872     28.3094   
15.5248    19.5792   
7.8093     20.2293   

# Frame180

# x        y
18.9950    18.4832   
2.8311     30.2112   
17.7930    9.3973    
1.6872     28.3094   
15.5150    19.5720   
7.7844     20.2140   

# Frame181

# x        y
18.9950    18.4767   
2.8311     30.2112   
17.7930    9.3973    
1.6872     28.3094   
15.5054    19.5649   
7.7599     20.1989   

# Frame182

# x        y
18.9950    18.4704   
2.8311     30.2112   
17.7930    9.3973    
1.6872     28.3094   
15.4959    19.5580   
7.7359     20.1841   

# Frame183

# x        y
18.9950    18.4641   
2.8311     30.2112   
17.7930    9.3973    
1.6872     28.3094   
15.4867    19.5511   
7.7122     20.1696   

# Frame184

# x        y
18.9950    18.4579   
2.8311     30.2112   
17.7930    9.3973    
1.6872     28.3094   
15.4775    19.5444   
7.6889     20.1552   

# Frame185

# x        y
18.9950    18.4519   
2.8311     30.2112   
17.7930    9.3973    
1.6872     28.3094   
15.4685    19.5378   
7.6661     20.1411   

# Frame186

# x        y
18.9950    18.4459   
2.8311     30.2112   
17.7930    9.3973    
1.6872     28.3094   
15.4597    19.5313   
7.6436     20.1273   

# Frame187

# x        y
18.9950    18.4401   
2.8311     30.2112   
17.7930    9.3973    
1.6872     28.3094   
15.4510    19.5249   
7.6214     20.1137   

# Frame188

# x        y
18.9950    18.4343   
2.8311     30.2112   
17.7930    9.3973    
1.6872     28.3094   
15.4425    19.5186   
7.5997     20.1003   

# Frame189

# x        y
18.9950    18.4286   
2.8311     30.2112   
17.7930    9.3973    
1.6872     28.3094   
15.4341    19.5124   
7.5783     20.0871   

# Frame190

# x        y
18.9950    18.4230   
2.8311     30.2112   
17.7930    9.3973    
1.6872     28.3094   
15.4258    19.5063   
7.5573     20.0742   

# Frame191

# x        y
18.9950    18.4176   
2.8311     30.2112   
17.7930    9.3973    
1.6872     28.3094   
15.4177    19.5003   
7.5366     20.0615   

# Frame192

# x        y
18.9950    18.4122   
2.8311     30.2112   
17.7930    9.3973    
1.6872     28.3094   
15.4097    19.4944   
7.5162     20.0489   

# Frame193

# x        y
18.9950    18.4069   
2.8311     30.2112   
17.7930    9.3973    
1.6872     28.3094   
15.4019    19.4887   
7.4962     20.0366   

# Frame194

# x        y
18.9950    18.4017   
2.8311     30.2112   
17.7930    9.3973    
1.6872     28.3094   
15.3942    19.4830   
7.4766     20.0245   

# Frame195

# x        y
18.9950    18.3965   
2.8311     30.2112   
17.7930    9.3973    
1.6872     28.3094   
15.3866    19.4774   
7.4572     20.0126   

# Frame196

# x        y
18.9950    18.3915   
2.8311     30.2112   
17.7930    9.3973    
1.6872     28.3094   
15.3791    19.4719   
7.4382     20.0009   

# Frame197

# x        y
18.9950    18.3866   
2.8311     30.2112   
17.7930    9.3973    
1.6872     28.3094   
15.3718    19.4665   
7.4195     19.9894   

# Frame198

# x        y
18.9950    18.3817   
2.8311     30.2112   
17.7930    9.3973    
1.6872     28.3094   
15.3646    19.4612   
7.4011     19.9781   

# Frame199

# x        y
18.9950    18.3769   
2.8311     30.2112   
17.7930    9.3973    
1.6872     28.3094   
15.3575    19.4559   
7.3830     19.9670   

# Frame200

# x        y
18.9950    18.3722   
2.8311     30.2112   
17.7930    9.3973    
1.6872     28.3094   
15.3505    19.4508   
7.3652     19.9560   

# Frame201

# x        y
18.9950    18.3675   
2.8311     30.2112   
17.7930    9.3973    
1.6872     28.3094   
15.3436    19.4457   
7.3478     19.9453   

# Frame202

# x        y
18.9950    18.3630   
2.8311     30.2112   
17.7930    9.3973    
1.6872     28.3094   
15.3369    19.4408   
7.3306     19.9347   

# Frame203

# x        y
18.9950    18.3585   
2.8311     30.2112   
17.7930    9.3973    
1.6872     28.3094   
15.3302    19.4359   
7.3137     19.9243   

# Frame204

# x        y
18.9950    18.3541   
2.8311     30.2112   
17.7930    9.3973    
1.6872     28.3094   
15.3237    19.4311   
7.2970     19.9140   

# Frame205

# x        y
18.9950    18.3498   
2.8311     30.2112   
17.7930    9.3973    
1.6872     28.3094   
15.3173    19.4263   
7.2807     19.9040   

# Frame206

# x        y
18.9950    18.3455   
2.8311     30.2112   
17.7930    9.3973    
1.6872     28.3094   
15.3110    19.4217   
7.2646     19.8941   

# Frame207

# x        y
18.9950    18.3413   
2.8311     30.2112   
17.7930    9.3973    
1.6872     28.3094   
15.3048    19.4171   
7.2488     19.8844   

# Frame208

# x        y
18.9950    18.3372   
2.8311     30.2112   
17.7930    9.3973    
1.6872     28.3094   
15.2987    19.4126   
7.2332     19.8748   

# Frame209

# x        y
18.9950    18.3332   
2.8311     30.2112   
17.7930    9.3973    
1.6872     28.3094   
15.2927    19.4082   
7.2180     19.8654   

# Frame210

# x        y
18.9950    18.3292   
2.8311     30.2112   
17.7930    9.3973    
1.6872     28.3094   
15.2868    19.4039   
7.2029     19.8561   

# Frame211

# x        y
18.9950    18.3253   
2.8311     30.2112   
17.7930    9.3973    
1.6872     28.3094   
15.2810    19.3996   
7.1881     19.8470   

# Frame212

# x        y
18.9950    18.3214   
2.8311     30.2112   
17.7930    9.3973    
1.6872     28.3094   
15.2753    19.3954   
7.1736     19.8381   

# Frame213

# x        y
18.9950    18.3176   
2.8311     30.2112   
17.7930    9.3973    
1.6872     28.3094   
15.2697    19.3913   
7.1593     19.8293   

# Frame214

# x        y
18.9950    18.3139   
2.8311     30.2112   
17.7930    9.3973    
1.6872     28.3094   
15.2642    19.3872   
7.1453     19.8206   

# Frame215

# x        y
18.9950    18.3102   
2.8311     30.2112   
17.7930    9.3973    
1.6872     28.3094   
15.2587    19.3832   
7.1314     19.8121   

# Frame216

# x        y
18.9950    18.3066   
2.8311     30.2112   
17.7930    9.3973    
1.6872     28.3094   
15.2534    19.3793   
7.1179     19.8038   

# Frame217

# x        y
18.9950    18.3031   
2.8311     30.2112   
17.7930    9.3973    
1.6872     28.3094   
15.2482    19.3754   
7.1045     19.7955   

# Frame218

# x        y
18.9950    18.2996   
2.8311     30.2112   
17.7930    9.3973    
1.6872     28.3094   
15.2430    19.3716   
7.0914     19.7875   

# Frame219

# x        y
18.9950    18.2962   
2.8311     30.2112   
17.7930    9.3973    
1.6872     28.3094   
15.2379    19.3679   
7.0784     19.7795   

# Frame220

# x        y
18.9950    18.2928   
2.8311     30.2112   
17.7930    9.3973    
1.6872     28.3094   
15.2329    19.3642   
7.0657     19.7717   

# Frame221

# x        y
18.9950    18.2895   
2.8311     30.2112   
17.7930    9.3973    
1.6872     28.3094   
15.2280    19.3606   
7.0532     19.7640   

# Frame222

# x        y
18.9950    18.2863   
2.8311     30.2112   
17.7930    9.3973    
1.6872     28.3094   
15.2232    19.3570   
7.0410     19.7564   

# Frame223

# x        y
18.9950    18.2831   
2.8311     30.2112   
17.7930    9.3973    
1.6872     28.3094   
15.2185    19.3535   
7.0289     19.7490   

# Frame224

# x        y
18.9950    18.2799   
2.8311     30.2112   
17.7930    9.3973    
1.6872     28.3094   
15.2138    19.3501   
7.0170     19.7417   

# Frame225

# x        y
18.9950    18.2768   
2.8311     30.2112   
17.7930    9.3973    
1.6872     28.3094   
15.2092    19.3467   
7.0053     19.7345   

# Frame226

# x        y
18.9950    18.2738   
2.8311     30.2112   
17.7930    9.3973    
1.6872     28.3094   
15.2047    19.3434   
6.9938     19.7274   

# Frame227

# x        y
18.9950    18.2708   
2.8311     30.2112   
17.7930    9.3973    
1.6872     28.3094   
15.2003    19.3401   
6.9825     19.7205   

# Frame228

# x        y
18.9950    18.2678   
2.8311     30.2112   
17.7930    9.3973    
1.6872     28.3094   
15.1959    19.3369   
6.9714     19.7136   

# Frame229

# x        y
18.9950    18.2650   
2.8311     30.2112   
17.7930    9.3973    
1.6872     28.3094   
15.1916    19.3338   
6.9605     19.7069   

# Frame230

# x        y
18.9950    18.2621   
2.8311     30.2112   
17.7930    9.3973    
1.6872     28.3094   
15.1874    19.3307   
6.9498     19.7003   

# Frame231

# x        y
18.9950    18.2593   
2.8311     30.2112   
17.7930    9.3973    
1.6872     28.3094   
15.1833    19.3276   
6.9392     19.6938   

# Frame232

# x        y
18.9950    18.2566   
2.8311     30.2112   
17.7930    9.3973    
1.6872     28.3094   
15.1792    19.3246   
6.9288     19.6874   

# Frame233

# x        y
18.9950    18.2539   
2.8311     30.2112   
17.7930    9.3973    
1.6872     28.3094   
15.1752    19.3217   
6.9186     19.6811   

# Frame234

# x        y
18.9950    18.2512   
2.8311     30.2112   
17.7930    9.3973    
1.6872     28.3094   
15.1713    19.3188   
6.9086     19.6750   

# Frame235

# x        y
18.9950    18.2486   
2.8311     30.2112   
17.7930    9.3973    
1.6872     28.3094   
15.1674    19.3159   
6.8987     19.6689   

# Frame236

# x        y
18.9950    18.2460   
2.8311     30.2112   
17.7930    9.3973    
1.6872     28.3094   
15.1636    19.3131   
6.8890     19.6629   

# Frame237

# x        y
18.9950    18.2435   
2.8311     30.2112   
17.7930    9.3973    
1.6872     28.3094   
15.1598    19.3103   
6.8794     19.6570   

# Frame238

# x        y
18.9950    18.2410   
2.8311     30.2112   
17.7930    9.3973    
1.6872     28.3094   
15.1561    19.3076   
6.8700     19.6513   

# Frame239

# x        y
18.9950    18.2385   
2.8311     30.2112   
17.7930    9.3973    
1.6872     28.3094   
15.1525    19.3049   
6.8608     19.6456   

# Frame240

# x        y
18.9950    18.2361   
2.8311     30.2112   
17.7930    9.3973    
1.6872     28.3094   
15.1490    19.3023   
6.8517     19.6400   

# Frame241

# x        y
18.9950    18.2338   
2.8311     30.2112   
17.7930    9.3973    
1.6872     28.3094   
15.1455    19.2997   
6.8428     19.6345   

# Frame242

# x        y
18.9950    18.2315   
2.8311     30.2112   
17.7930    9.3973    
1.6872     28.3094   
15.1420    19.2972   
6.8340     19.6291   

# Frame243

# x        y
18.9950    18.2292   
2.8311     30.2112   
17.7930    9.3973    
1.6872     28.3094   
15.1386    19.2947   
6.8254     19.6238   

# Frame244

# x        y
18.9950    18.2269   
2.8311     30.2112   
17.7930    9.3973    
1.6872     28.3094   
15.1353    19.2922   
6.8169     19.6186   

# Frame245

# x        y
18.9950    18.2247   
2.8311     30.2112   
17.7930    9.3973    
1.6872     28.3094   
15.1320    19.2898   
6.8086     19.6134   

# Frame246

# x        y
18.9950    18.2225   
2.8311     30.2112   
17.7930    9.3973    
1.6872     28.3094   
15.1288    19.2875   
6.8003     19.6084   

# Frame247

# x        y
18.9950    18.2204   
2.8311     30.2112   
17.7930    9.3973    
1.6872     28.3094   
15.1256    19.2851   
6.7923     19.6034   

# Frame248

# x        y
18.9950    18.2183   
2.8311     30.2112   
17.7930    9.3973    
1.6872     28.3094   
15.1225    19.2828   
6.7843     19.5985   

# Frame249

# x        y
18.9950    18.2162   
2.8311     30.2112   
17.7930    9.3973    
1.6872     28.3094   
15.1194    19.2806   
6.7765     19.5937   

# Frame250

# x        y
18.9950    18.2142   
2.8311     30.2112   
17.7930    9.3973    
1.6872     28.3094   
15.1164    19.2784   
6.7689     19.5890   

# Frame251

# x        y
18.9950    18.2122   
2.8311     30.2112   
17.7930    9.3973    
1.6872     28.3094   
15.1135    19.2762   
6.7613     19.5843   

# Frame252

# x        y
18.9950    18.2102   
2.8311     30.2112   
17.7930    9.3973    
1.6872     28.3094   
15.1106    19.2740   
6.7539     19.5798   

# Frame253

# x        y
18.9950    18.2083   
2.8311     30.2112   
17.7930    9.3973    
1.6872     28.3094   
15.1077    19.2719   
6.7466     19.5753   

# Frame254

# x        y
18.9950    18.2064   
2.8311     30.2112   
17.7930    9.3973    
1.6872     28.3094   
15.1049    19.2698   
6.7394     19.5709   

# Frame255

# x        y
18.9950    18.2045   
2.8311     30.2112   
17.7930    9.3973    
1.6872     28.3094   
15.1021    19.2678   
6.7324     19.5665   

# Frame256

# x        y
18.9950    18.2027   
2.8311     30.2112   
17.7930    9.3973    
1.6872     28.3094   
15.0994    19.2658   
6.7254     19.5623   

# Frame257

# x        y
18.9950    18.2009   
2.8311     30.2112   
17.7930    9.3973    
1.6872     28.3094   
15.0967    19.2638   
6.7186     19.5581   

# Frame258

# x        y
18.9950    18.1991   
2.8311     30.2112   
17.7930    9.3973    
1.6872     28.3094   
15.0941    19.2619   
6.7119     19.5539   

# Frame259

# x        y
18.9950    18.1973   
2.8311     30.2112   
17.7930    9.3973    
1.6872     28.3094   
15.0915    19.2600   
6.7053     19.5499   

# Frame260

# x        y
18.9950    18.1956   
2.8311     30.2112   
17.7930    9.3973    
1.6872     28.3094   
15.0889    19.2581   
6.6988     19.5459   

# Frame261

# x        y
18.9950    18.1939   
2.8311     30.2112   
17.7930    9.3973    
1.6872     28.3094   
15.0864    19.2563   
6.6924     19.5420   

# Frame262

# x        y
18.9950    18.1923   
2.8311     30.2112   
17.7930    9.3973    
1.6872     28.3094   
15.0840    19.2544   
6.6862     19.5381   

# Frame263

# x        y
18.9950    18.1906   
2.8311     30.2112   
17.7930    9.3973    
1.6872     28.3094   
15.0816    19.2527   
6.6800     19.5343   

# Frame264

# x        y
18.9950    18.1890   
2.8311     30.2112   
17.7930    9.3973    
1.6872     28.3094   
15.0792    19.2509   
6.6739     19.5306   

# Frame265

# x        y
18.9950    18.1875   
2.8311     30.2112   
17.7930    9.3973    
1.6872     28.3094   
15.0768    19.2492   
6.6680     19.5269   

# Frame266

# x        y
18.9950    18.1859   
2.8311     30.2112   
17.7930    9.3973    
1.6872     28.3094   
15.0745    19.2475   
6.6621     19.5233   

# Frame267

# x        y
18.9950    18.1844   
2.8311     30.2112   
17.7930    9.3973    
1.6872     28.3094   
15.0723    19.2458   
6.6563     19.5197   

# Frame268

# x        y
18.9950    18.1829   
2.8311     30.2112   
17.7930    9.3973    
1.6872     28.3094   
15.0701    19.2442   
6.6507     19.5163   

# Frame269

# x        y
18.9950    18.1814   
2.8311     30.2112   
17.7930    9.3973    
1.6872     28.3094   
15.0679    19.2426   
6.6451     19.5128   

# Frame270

# x        y
18.9950    18.1799   
2.8311     30.2112   
17.7930    9.3973    
1.6872     28.3094   
15.0657    19.2410   
6.6396     19.5094   

# Frame271

# x        y
18.9950    18.1785   
2.8311     30.2112   
17.7930    9.3973    
1.6872     28.3094   
15.0636    19.2394   
6.6342     19.5061   

# Frame272

# x        y
18.9950    18.1771   
2.8311     30.2112   
17.7930    9.3973    
1.6872     28.3094   
15.0615    19.2379   
6.6289     19.5029   

# Frame273

# x        y
18.9950    18.1757   
2.8311     30.2112   
17.7930    9.3973    
1.6872     28.3094   
15.0595    19.2364   
6.6237     19.4997   

# Frame274

# x        y
18.9950    18.1744   
2.8311     30.2112   
17.7930    9.3973    
1.6872     28.3094   
15.0575    19.2349   
6.6186     19.4965   

# Frame275

# x        y
18.9950    18.1730   
2.8311     30.2112   
17.7930    9.3973    
1.6872     28.3094   
15.0555    19.2335   
6.6135     19.4934   

# Frame276

# x        y
18.9950    18.1717   
2.8311     30.2112   
17.7930    9.3973    
1.6872     28.3094   
15.0535    19.2320   
6.6086     19.4904   

# Frame277

# x        y
18.9950    18.1704   
2.8311     30.2112   
17.7930    9.3973    
1.6872     28.3094   
15.0516    19.2306   
6.6037     19.4874   

# Frame278

# x        y
18.9950    18.1692   
2.8311     30.2112   
17.7930    9.3973    
1.6872     28.3094   
15.0497    19.2292   
6.5989     19.4844   

# Frame279

# x        y
18.9950    18.1679   
2.8311     30.2112   
17.7930    9.3973    
1.6872     28.3094   
15.0479    19.2279   
6.5942     19.4815   

# Frame280

# x        y
18.9950    18.1667   
2.8311     30.2112   
17.7930    9.3973    
1.6872     28.3094   
15.0461    19.2265   
6.5896     19.4786   

# Frame281

# x        y
18.9950    18.1655   
2.8311     30.2112   
17.7930    9.3973    
1.6872     28.3094   
15.0443    19.2252   
6.5850     19.4758   

# Frame282

# x        y
18.9950    18.1643   
2.8311     30.2112   
17.7930    9.3973    
1.6872     28.3094   
15.0425    19.2239   
6.5805     19.4731   

# Frame283

# x        y
18.9950    18.1631   
2.8311     30.2112   
17.7930    9.3973    
1.6872     28.3094   
15.0408    19.2226   
6.5761     19.4704   

# Frame284

# x        y
18.9950    18.1620   
2.8311     30.2112   
17.7930    9.3973    
1.6872     28.3094   
15.0391    19.2214   
6.5718     19.4677   

# Frame285

# x        y
18.9950    18.1608   
2.8311     30.2112   
17.7930    9.3973    
1.6872     28.3094   
15.0374    19.2201   
6.5675     19.4651   

# Frame286

# x        y
18.9950    18.1597   
2.8311     30.2112   
17.7930    9.3973    
1.6872     28.3094   
15.0358    19.2189   
6.5633     19.4625   

# Frame287

# x        y
18.9950    18.1586   
2.8311     30.2112   
17.7930    9.3973    
1.6872     28.3094   
15.0342    19.2177   
6.5592     19.4600   

# Frame288

# x        y
18.9950    18.1576   
2.8311     30.2112   
17.7930    9.3973    
1.6872     28.3094   
15.0326    19.2166   
6.5552     19.4575   

# Frame289

# x        y
18.9950    18.1565   
2.8311     30.2112   
17.7930    9.3973    
1.6872     28.3094   
15.0310    19.2154   
6.5512     19.4550   

# Frame290

# x        y
18.9950    18.1555   
2.8311     30.2112   
17.7930    9.3973    
1.6872     28.3094   
15.0295    19.2143   
6.5473     19.4526   

# Frame291

# x        y
18.9950    18.1545   
2.8311     30.2112   
17.7930    9.3973    
1.6872     28.3094   
15.0280    19.2132   
6.5434     19.4502   

# Frame292

# x        y
18.9950    18.1535   
2.8311     30.2112   
17.7930    9.3973    
1.6872     28.3094   
15.0265    19.2121   
6.5396     19.4479   

# Frame293

# x        y
18.9950    18.1525   
2.8311     30.2112   
17.7930    9.3973    
1.6872     28.3094   
15.0250    19.2110   
6.5359     19.4456   

# Frame294

# x        y
18.9950    18.1515   
2.8311     30.2112   
17.7930    9.3973    
1.6872     28.3094   
15.0236    19.2099   
6.5322     19.4434   

# Frame295

# x        y
18.9950    18.1505   
2.8311     30.2112   
17.7930    9.3973    
1.6872     28.3094   
15.0222    19.2089   
6.5286     19.4411   

# Frame296

# x        y
18.9950    18.1496   
2.8311     30.2112   
17.7930    9.3973    
1.6872     28.3094   
15.0208    19.2079   
6.5251     19.4390   

# Frame297

# x        y
18.9950    18.1487   
2.8311     30.2112   
17.7930    9.3973    
1.6872     28.3094   
15.0194    19.2069   
6.5216     19.4368   

# Frame298

# x        y
18.9950    18.1478   
2.8311     30.2112   
17.7930    9.3973    
1.6872     28.3094   
15.0181    19.2059   
6.5182     19.4347   

# Frame299

# x        y
18.9950    18.1469   
2.8311     30.2112   
17.7930    9.3973    
1.6872     28.3094   
15.0167    19.2049   
6.5148     19.4326   

# Frame300

# x        y
18.9950    18.1460   
2.8311     30.2112   
17.7930    9.3973    
1.6872     28.3094   
15.0154    19.2039   
6.5115     19.4306   

# Frame301

# x        y
18.9950    18.1451   
2.8311     30.2112   
17.7930    9.3973    
1.6872     28.3094   
15.0142    19.2030   
6.5082     19.4286   

# Frame302

# x        y
18.9950    18.1443   
2.8311     30.2112   
17.7930    9.3973    
1.6872     28.3094   
15.0129    19.2021   
6.5050     19.4266   

# Frame303

# x        y
18.9950    18.1435   
2.8311     30.2112   
17.7930    9.3973    
1.6872     28.3094   
15.0117    19.2012   
6.5019     19.4247   

# Frame304

# x        y
18.9950    18.1426   
2.8311     30.2112   
17.7930    9.3973    
1.6872     28.3094   
15.0104    19.2003   
6.4988     19.4228   

# Frame305

# x        y
18.9950    18.1418   
2.8311     30.2112   
17.7930    9.3973    
1.6872     28.3094   
15.0092    19.1994   
6.4957     19.4209   

# Frame306

# x        y
18.9950    18.1410   
2.8311     30.2112   
17.7930    9.3973    
1.6872     28.3094   
15.0081    19.1985   
6.4927     19.4191   

# Frame307

# x        y
18.9950    18.1403   
2.8311     30.2112   
17.7930    9.3973    
1.6872     28.3094   
15.0069    19.1977   
6.4898     19.4173   

# Frame308

# x        y
18.9950    18.1395   
2.8311     30.2112   
17.7930    9.3973    
1.6872     28.3094   
15.0058    19.1968   
6.4869     19.4155   

# Frame309

# x        y
18.9950    18.1387   
2.8311     30.2112   
17.7930    9.3973    
1.6872     28.3094   
15.0047    19.1960   
6.4841     19.4137   

# Frame310

# x        y
18.9950    18.1380   
2.8311     30.2112   
17.7930    9.3973    
1.6872     28.3094   
15.0036    19.1952   
6.4813     19.4120   

# Frame311

# x        y
18.9950    18.1373   
2.8311     30.2112   
17.7930    9.3973    
1.6872     28.3094   
15.0025    19.1944   
6.4785     19.4103   

# Frame312

# x        y
18.9950    18.1366   
2.8311     30.2112   
17.7930    9.3973    
1.6872     28.3094   
15.0014    19.1936   
6.4758     19.4086   

# Frame313

# x        y
18.9950    18.1358   
2.8311     30.2112   
17.7930    9.3973    
1.6872     28.3094   
15.0004    19.1929   
6.4731     19.4070   

# Frame314

# x        y
18.9950    18.1352   
2.8311     30.2112   
17.7930    9.3973    
1.6872     28.3094   
14.9994    19.1921   
6.4705     19.4054   

# Frame315

# x        y
18.9950    18.1345   
2.8311     30.2112   
17.7930    9.3973    
1.6872     28.3094   
14.9983    19.1914   
6.4679     19.4038   

# Frame316

# x        y
18.9950    18.1338   
2.8311     30.2112   
17.7930    9.3973    
1.6872     28.3094   
14.9973    19.1906   
6.4654     19.4023   

# Frame317

# x        y
18.9950    18.1331   
2.8311     30.2112   
17.7930    9.3973    
1.6872     28.3094   
14.9964    19.1899   
6.4629     19.4007   

# Frame318

# x        y
18.9950    18.1325   
2.8311     30.2112   
17.7930    9.3973    
1.6872     28.3094   
14.9954    19.1892   
6.4605     19.3992   

# Frame319

# x        y
18.9950    18.1319   
2.8311     30.2112   
17.7930    9.3973    
1.6872     28.3094   
14.9945    19.1885   
6.4581     19.3977   

# Frame320

# x        y
18.9950    18.1312   
2.8311     30.2112   
17.7930    9.3973    
1.6872     28.3094   
14.9935    19.1878   
6.4557     19.3963   

# Frame321

# x        y
18.9950    18.1306   
2.8311     30.2112   
17.7930    9.3973    
1.6872     28.3094   
14.9926    19.1871   
6.4534     19.3948   

# Frame322

# x        y
18.9950    18.1300   
2.8311     30.2112   
17.7930    9.3973    
1.6872     28.3094   
14.9917    19.1865   
6.4511     19.3934   

# Frame323

# x        y
18.9950    18.1294   
2.8311     30.2112   
17.7930    9.3973    
1.6872     28.3094   
14.9908    19.1858   
6.4488     19.3920   

# Frame324

# x        y
18.9950    18.1288   
2.8311     30.2112   
17.7930    9.3973    
1.6872     28.3094   
14.9900    19.1852   
6.4466     19.3907   

# Frame325

# x        y
18.9950    18.1282   
2.8311     30.2112   
17.7930    9.3973    
1.6872     28.3094   
14.9891    19.1846   
6.4445     19.3893   

# Frame326

# x        y
18.9950    18.1277   
2.8311     30.2112   
17.7930    9.3973    
1.6872     28.3094   
14.9883    19.1839   
6.4423     19.3880   

# Frame327

# x        y
18.9950    18.1271   
2.8311     30.2112   
17.7930    9.3973    
1.6872     28.3094   
14.9875    19.1833   
6.4402     19.3867   

# Frame328

# x        y
18.9950    18.1266   
2.8311     30.2112   
17.7930    9.3973    
1.6872     28.3094   
14.9866    19.1827   
6.4381     19.3855   

# Frame329

# x        y
18.9950    18.1260   
2.8311     30.2112   
17.7930    9.3973    
1.6872     28.3094   
14.9858    19.1822   
6.4361     19.3842   

# Frame330

# x        y
18.9950    18.1255   
2.8311     30.2112   
17.7930    9.3973    
1.6872     28.3094   
14.9851    19.1816   
6.4341     19.3830   

# Frame331

# x        y
18.9950    18.1250   
2.8311     30.2112   
17.7930    9.3973    
1.6872     28.3094   
14.9843    19.1810   
6.4321     19.3818   

# Frame332

# x        y
18.9950    18.1245   
2.8311     30.2112   
17.7930    9.3973    
1.6872     28.3094   
14.9835    19.1804   
6.4302     19.3806   

# Frame333

# x        y
18.9950    18.1240   
2.8311     30.2112   
17.7930    9.3973    
1.6872     28.3094   
14.9828    19.1799   
6.4283     19.3794   

# Frame334

# x        y
18.9950    18.1235   
2.8311     30.2112   
17.7930    9.3973    
1.6872     28.3094   
14.9821    19.1794   
6.4264     19.3783   

# Frame335

# x        y
18.9950    18.1230   
2.8311     30.2112   
17.7930    9.3973    
1.6872     28.3094   
14.9813    19.1788   
6.4246     19.3771   

# Frame336

# x        y
18.9950    18.1225   
2.8311     30.2112   
17.7930    9.3973    
1.6872     28.3094   
14.9806    19.1783   
6.4228     19.3760   

# Frame337

# x        y
18.9950    18.1220   
2.8311     30.2112   
17.7930    9.3973    
1.6872     28.3094   
14.9799    19.1778   
6.4210     19.3749   

# Frame338

# x        y
18.9950    18.1216   
2.8311     30.2112   
17.7930    9.3973    
1.6872     28.3094   
14.9792    19.1773   
6.4193     19.3738   

# Frame339

# x        y
18.9950    18.1211   
2.8311     30.2112   
17.7930    9.3973    
1.6872     28.3094   
14.9786    19.1768   
6.4175     19.3728   

# Frame340

# x        y
18.9950    18.1207   
2.8311     30.2112   
17.7930    9.3973    
1.6872     28.3094   
14.9779    19.1763   
6.4159     19.3717   

# Frame341

# x        y
18.9950    18.1202   
2.8311     30.2112   
17.7930    9.3973    
1.6872     28.3094   
14.9772    19.1758   
6.4142     19.3707   

# Frame342

# x        y
18.9950    18.1198   
2.8311     30.2112   
17.7930    9.3973    
1.6872     28.3094   
14.9766    19.1753   
6.4126     19.3697   

# Frame343

# x        y
18.9950    18.1194   
2.8311     30.2112   
17.7930    9.3973    
1.6872     28.3094   
14.9760    19.1749   
6.4109     19.3687   

# Frame344

# x        y
18.9950    18.1189   
2.8311     30.2112   
17.7930    9.3973    
1.6872     28.3094   
14.9753    19.1744   
6.4094     19.3678   

# Frame345

# x        y
18.9950    18.1185   
2.8311     30.2112   
17.7930    9.3973    
1.6872     28.3094   
14.9747    19.1740   
6.4078     19.3668   

# Frame346

# x        y
18.9950    18.1181   
2.8311     30.2112   
17.7930    9.3973    
1.6872     28.3094   
14.9741    19.1735   
6.4063     19.3659   

# Frame347

# x        y
18.9950    18.1177   
2.8311     30.2112   
17.7930    9.3973    
1.6872     28.3094   
14.9735    19.1731   
6.4048     19.3649   

# Frame348

# x        y
18.9950    18.1173   
2.8311     30.2112   
17.7930    9.3973    
1.6872     28.3094   
14.9730    19.1727   
6.4033     19.3640   

# Frame349

# x        y
18.9950    18.1170   
2.8311     30.2112   
17.7930    9.3973    
1.6872     28.3094   
14.9724    19.1722   
6.4018     19.3631   

# Frame350

# x        y
18.9950    18.1166   
2.8311     30.2112   
17.7930    9.3973    
1.6872     28.3094   
14.9718    19.1718   
6.4004     19.3622   

# Frame351

# x        y
18.9950    18.1162   
2.8311     30.2112   
17.7930    9.3973    
1.6872     28.3094   
14.9713    19.1714   
6.3990     19.3614   

# Frame352

# x        y
18.9950    18.1158   
2.8311     30.2112   
17.7930    9.3973    
1.6872     28.3094   
14.9707    19.1710   
6.3976     19.3605   

# Frame353

# x        y
18.9950    18.1155   
2.8311     30.2112   
17.7930    9.3973    
1.6872     28.3094   
14.9702    19.1706   
6.3963     19.3597   

# Frame354

# x        y
18.9950    18.1151   
2.8311     30.2112   
17.7930    9.3973    
1.6872     28.3094   
14.9697    19.1702   
6.3949     19.3589   

# Frame355

# x        y
18.9950    18.1148   
2.8311     30.2112   
17.7930    9.3973    
1.6872     28.3094   
14.9692    19.1699   
6.3936     19.3581   

# Frame356

# x        y
18.9950    18.1144   
2.8311     30.2112   
17.7930    9.3973    
1.6872     28.3094   
14.9687    19.1695   
6.3923     19.3573   

# Frame357

# x        y
18.9950    18.1141   
2.8311     30.2112   
17.7930    9.3973    
1.6872     28.3094   
14.9682    19.1691   
6.3911     19.3565   

# Frame358

# x        y
18.9950    18.1138   
2.8311     30.2112   
17.7930    9.3973    
1.6872     28.3094   
14.9677    19.1688   
6.3898     19.3557   

# Frame359

# x        y
18.9950    18.1134   
2.8311     30.2112   
17.7930    9.3973    
1.6872     28.3094   
14.9672    19.1684   
6.3886     19.3550   

# Frame360

# x        y
18.9950    18.1131   
2.8311     30.2112   
17.7930    9.3973    
1.6872     28.3094   
14.9667    19.1681   
6.3874     19.3542   

# Frame361

# x        y
18.9950    18.1128   
2.8311     30.2112   
17.7930    9.3973    
1.6872     28.3094   
14.9663    19.1677   
6.3862     19.3535   

# Frame362

# x        y
18.9950    18.1125   
2.8311     30.2112   
17.7930    9.3973    
1.6872     28.3094   
14.9658    19.1674   
6.3850     19.3528   

# Frame363

# x        y
18.9950    18.1122   
2.8311     30.2112   
17.7930    9.3973    
1.6872     28.3094   
14.9653    19.1670   
6.3839     19.3521   

# Frame364

# x        y
18.9950    18.1119   
2.8311     30.2112   
17.7930    9.3973    
1.6872     28.3094   
14.9649    19.1667   
6.3827     19.3514   

# Frame365

# x        y
18.9950    18.1116   
2.8311     30.2112   
17.7930    9.3973    
1.6872     28.3094   
14.9645    19.1664   
6.3816     19.3507   

# Frame366

# x        y
18.9950    18.1113   
2.8311     30.2112   
17.7930    9.3973    
1.6872     28.3094   
14.9640    19.1661   
6.3805     19.3500   

# Frame367

# x        y
18.9950    18.1110   
2.8311     30.2112   
17.7930    9.3973    
1.6872     28.3094   
14.9636    19.1658   
6.3795     19.3494   

# Frame368

# x        y
18.9950    18.1107   
2.8311     30.2112   
17.7930    9.3973    
1.6872     28.3094   
14.9632    19.1655   
6.3784     19.3487   

# Frame369

# x        y
18.9950    18.1105   
2.8311     30.2112   
17.7930    9.3973    
1.6872     28.3094   
14.9628    19.1652   
6.3774     19.3481   

# Frame370

# x        y
18.9950    18.1102   
2.8311     30.2112   
17.7930    9.3973    
1.6872     28.3094   
14.9624    19.1649   
6.3763     19.3474   

# Frame371

# x        y
18.9950    18.1099   
2.8311     30.2112   
17.7930    9.3973    
1.6872     28.3094   
14.9620    19.1646   
6.3753     19.3468   

# Frame372

# x        y
18.9950    18.1097   
2.8311     30.2112   
17.7930    9.3973    
1.6872     28.3094   
14.9616    19.1643   
6.3744     19.3462   

# Frame373

# x        y
18.9950    18.1094   
2.8311     30.2112   
17.7930    9.3973    
1.6872     28.3094   
14.9612    19.1640   
6.3734     19.3456   

# Frame374

# x        y
18.9950    18.1092   
2.8311     30.2112   
17.7930    9.3973    
1.6872     28.3094   
14.9609    19.1637   
6.3724     19.3450   

# Frame375

# x        y
18.9950    18.1089   
2.8311     30.2112   
17.7930    9.3973    
1.6872     28.3094   
14.9605    19.1635   
6.3715     19.3444   

# Frame376

# x        y
18.9950    18.1087   
2.8311     30.2112   
17.7930    9.3973    
1.6872     28.3094   
14.9601    19.1632   
6.3706     19.3439   

# Frame377

# x        y
18.9950    18.1084   
2.8311     30.2112   
17.7930    9.3973    
1.6872     28.3094   
14.9598    19.1629   
6.3697     19.3433   

# Frame378

# x        y
18.9950    18.1082   
2.8311     30.2112   
17.7930    9.3973    
1.6872     28.3094   
14.9594    19.1627   
6.3688     19.3428   

# Frame379

# x        y
18.9950    18.1080   
2.8311     30.2112   
17.7930    9.3973    
1.6872     28.3094   
14.9591    19.1624   
6.3679     19.3422   

# Frame380

# x        y
18.9950    18.1077   
2.8311     30.2112   
17.7930    9.3973    
1.6872     28.3094   
14.9587    19.1622   
6.3670     19.3417   

# Frame381

# x        y
18.9950    18.1075   
2.8311     30.2112   
17.7930    9.3973    
1.6872     28.3094   
14.9584    19.1619   
6.3662     19.3412   

# Frame382

# x        y
18.9950    18.1073   
2.8311     30.2112   
17.7930    9.3973    
1.6872     28.3094   
14.9581    19.1617   
6.3653     19.3407   

# Frame383

# x        y
18.9950    18.1071   
2.8311     30.2112   
17.7930    9.3973    
1.6872     28.3094   
14.9578    19.1615   
6.3645     19.3402   

# Frame384

# x        y
18.9950    18.1069   
2.8311     30.2112   
17.7930    9.3973    
1.6872     28.3094   
14.9574    19.1612   
6.3637     19.3397   

# Frame385

# x        y
18.9950    18.1066   
2.8311     30.2112   
17.7930    9.3973    
1.6872     28.3094   
14.9571    19.1610   
6.3629     19.3392   

# Frame386

# x        y
18.9950    18.1064   
2.8311     30.2112   
17.7930    9.3973    
1.6872     28.3094   
14.9568    19.1608   
6.3621     19.3387   

# Frame387

# x        y
18.9950    18.1062   
2.8311     30.2112   
17.7930    9.3973    
1.6872     28.3094   
14.9565    19.1605   
6.3614     19.3382   

# Frame388

# x        y
18.9950    18.1060   
2.8311     30.2112   
17.7930    9.3973    
1.6872     28.3094   
14.9562    19.1603   
6.3606     19.3378   

# Frame389

# x        y
18.9950    18.1058   
2.8311     30.2112   
17.7930    9.3973    
1.6872     28.3094   
14.9559    19.1601   
6.3599     19.3373   

# Frame390

# x        y
18.9950    18.1056   
2.8311     30.2112   
17.7930    9.3973    
1.6872     28.3094   
14.9556    19.1599   
6.3591     19.3369   

# Frame391

# x        y
18.9950    18.1055   
2.8311     30.2112   
17.7930    9.3973    
1.6872     28.3094   
14.9554    19.1597   
6.3584     19.3364   

# Frame392

# x        y
18.9950    18.1053   
2.8311     30.2112   
17.7930    9.3973    
1.6872     28.3094   
14.9551    19.1595   
6.3577     19.3360   

# Frame393

# x        y
18.9950    18.1051   
2.8311     30.2112   
17.7930    9.3973    
1.6872     28.3094   
14.9548    19.1593   
6.3570     19.3356   

# Frame394

# x        y
18.9950    18.1049   
2.8311     30.2112   
17.7930    9.3973    
1.6872     28.3094   
14.9545    19.1591   
6.3563     19.3351   

# Frame395

# x        y
18.9950    18.1047   
2.8311     30.2112   
17.7930    9.3973    
1.6872     28.3094   
14.9543    19.1589   
6.3557     19.3347   

# Frame396

# x        y
18.9950    18.1045   
2.8311     30.2112   
17.7930    9.3973    
1.6872     28.3094   
14.9540    19.1587   
6.3550     19.3343   

# Frame397

# x        y
18.9950    18.1044   
2.8311     30.2112   
17.7930    9.3973    
1.6872     28.3094   
14.9538    19.1585   
6.3544     19.3339   

# Frame398

# x        y
18.9950    18.1042   
2.8311     30.2112   
17.7930    9.3973    
1.6872     28.3094   
14.9535    19.1583   
6.3537     19.3335   

# Frame399

# x        y
18.9950    18.1040   
2.8311     30.2112   
17.7930    9.3973    
1.6872     28.3094   
14.9533    19.1582   
6.3531     19.3331   

# Frame400

# x        y
18.9950    18.1039   
2.8311     30.2112   
17.7930    9.3973    
1.6872     28.3094   
14.9530    19.1580   
6.3525     19.3328   

# Frame401

# x        y
18.9950    18.1037   
2.8311     30.2112   
17.7930    9.3973    
1.6872     28.3094   
14.9528    19.1578   
6.3519     19.3324   

# Frame402

# x        y
18.9950    18.1036   
2.8311     30.2112   
17.7930    9.3973    
1.6872     28.3094   
14.9526    19.1576   
6.3513     19.3320   

# Frame403

# x        y
18.9950    18.1034   
2.8311     30.2112   
17.7930    9.3973    
1.6872     28.3094   
14.9523    19.1575   
6.3507     19.3317   

# Frame404

# x        y
18.9950    18.1033   
2.8311     30.2112   
17.7930    9.3973    
1.6872     28.3094   
14.9521    19.1573   
6.3501     19.3313   

# Frame405

# x        y
18.9950    18.1031   
2.8311     30.2112   
17.7930    9.3973    
1.6872     28.3094   
14.9519    19.1571   
6.3496     19.3310   

# Frame406

# x        y
18.9950    18.1030   
2.8311     30.2112   
17.7930    9.3973    
1.6872     28.3094   
14.9517    19.1570   
6.3490     19.3306   

# Frame407

# x        y
18.9950    18.1028   
2.8311     30.2112   
17.7930    9.3973    
1.6872     28.3094   
14.9514    19.1568   
6.3484     19.3303   

# Frame408

# x        y
18.9950    18.1027   
2.8311     30.2112   
17.7930    9.3973    
1.6872     28.3094   
14.9512    19.1567   
6.3479     19.3299   

# Frame409

# x        y
18.9950    18.1025   
2.8311     30.2112   
17.7930    9.3973    
1.6872     28.3094   
14.9510    19.1565   
6.3474     19.3296   

# Frame410

# x        y
18.9950    18.1024   
2.8311     30.2112   
17.7930    9.3973    
1.6872     28.3094   
14.9508    19.1564   
6.3469     19.3293   

# Frame411

# x        y
18.9950    18.1023   
2.8311     30.2112   
17.7930    9.3973    
1.6872     28.3094   
14.9506    19.1562   
6.3463     19.3290   

# Frame412

# x        y
18.9950    18.1021   
2.8311     30.2112   
17.7930    9.3973    
1.6872     28.3094   
14.9504    19.1561   
6.3458     19.3287   

# Frame413

# x        y
18.9950    18.1020   
2.8311     30.2112   
17.7930    9.3973    
1.6872     28.3094   
14.9502    19.1559   
6.3453     19.3284   

# Frame414

# x        y
18.9950    18.1019   
2.8311     30.2112   
17.7930    9.3973    
1.6872     28.3094   
14.9500    19.1558   
6.3449     19.3281   

# Frame415

# x        y
18.9950    18.1017   
2.8311     30.2112   
17.7930    9.3973    
1.6872     28.3094   
14.9498    19.1556   
6.3444     19.3278   

# Frame416

# x        y
18.9950    18.1016   
2.8311     30.2112   
17.7930    9.3973    
1.6872     28.3094   
14.9497    19.1555   
6.3439     19.3275   

# Frame417

# x        y
18.9950    18.1015   
2.8311     30.2112   
17.7930    9.3973    
1.6872     28.3094   
14.9495    19.1554   
6.3434     19.3272   

# Frame418

# x        y
18.9950    18.1014   
2.8311     30.2112   
17.7930    9.3973    
1.6872     28.3094   
14.9493    19.1552   
6.3430     19.3269   

# Frame419

# x        y
18.9950    18.1012   
2.8311     30.2112   
17.7930    9.3973    
1.6872     28.3094   
14.9491    19.1551   
6.3425     19.3266   

# Frame420

# x        y
18.9950    18.1011   
2.8311     30.2112   
17.7930    9.3973    
1.6872     28.3094   
14.9490    19.1550   
6.3421     19.3264   

# Frame421

# x        y
18.9950    18.1010   
2.8311     30.2112   
17.7930    9.3973    
1.6872     28.3094   
14.9488    19.1549   
6.3417     19.3261   

# Frame422

# x        y
18.9950    18.1009   
2.8311     30.2112   
17.7930    9.3973    
1.6872     28.3094   
14.9486    19.1547   
6.3412     19.3258   

# Frame423

# x        y
18.9950    18.1008   
2.8311     30.2112   
17.7930    9.3973    
1.6872     28.3094   
14.9485    19.1546   
6.3408     19.3256   

# Frame424

# x        y
18.9950    18.1007   
2.8311     30.2112   
17.7930    9.3973    
1.6872     28.3094   
14.9483    19.1545   
6.3404     19.3253   

# Frame425

# x        y
18.9950    18.1006   
2.8311     30.2112   
17.7930    9.3973    
1.6872     28.3094   
14.9481    19.1544   
6.3400     19.3251   

# Frame426

# x        y
18.9950    18.1005   
2.8311     30.2112   
17.7930    9.3973    
1.6872     28.3094   
14.9480    19.1543   
6.3396     19.3248   

# Frame427

# x        y
18.9950    18.1004   
2.8311     30.2112   
17.7930    9.3973    
1.6872     28.3094   
14.9478    19.1541   
6.3392     19.3246   

# Frame428

# x        y
18.9950    18.1003   
2.8311     30.2112   
17.7930    9.3973    
1.6872     28.3094   
14.9477    19.1540   
6.3388     19.3244   

# Frame429

# x        y
18.9950    18.1003   
2.8311     30.2112   
17.7930    9.3973    
1.6872     28.3094   
14.9475    19.1539   
6.3384     19.3241   

# Frame430

# x        y
18.9950    18.1003   
2.8311     30.2112   
17.7930    9.3973    
1.6872     28.3094   
14.9474    19.1538   
6.3381     19.3239   

# Frame431

# x        y
18.9950    18.1003   
2.8311     30.2112   
17.7930    9.3973    
1.6872     28.3094   
14.9472    19.1537   
6.3377     19.3237   

# Frame432

# x        y
18.9950    18.1003   
2.8311     30.2112   
17.7930    9.3973    
1.6872     28.3094   
14.9471    19.1536   
6.3373     19.3234   

# Frame433

# x        y
18.9950    18.1003   
2.8311     30.2112   
17.7930    9.3973    
1.6872     28.3094   
14.9469    19.1535   
6.3370     19.3232   

# Frame434

# x        y
18.9950    18.1003   
2.8311     30.2112   
17.7930    9.3973    
1.6872     28.3094   
14.9468    19.1534   
6.3366     19.3230   

# Frame435

# x        y
18.9950    18.1003   
2.8311     30.2112   
17.7930    9.3973    
1.6872     28.3094   
14.9467    19.1533   
6.3363     19.3228   

# Frame436

# x        y
18.9950    18.1003   
2.8311     30.2112   
17.7930    9.3973    
1.6872     28.3094   
14.9465    19.1532   
6.3360     19.3226   

# Frame437

# x        y
18.9950    18.1003   
2.8311     30.2112   
17.7930    9.3973    
1.6872     28.3094   
14.9464    19.1531   
6.3356     19.3224   

# Frame438

# x        y
18.9950    18.1003   
2.8311     30.2112   
17.7930    9.3973    
1.6872     28.3094   
14.9463    19.1530   
6.3353     19.3222   

# Frame439

# x        y
18.9950    18.1003   
2.8311     30.2112   
17.7930    9.3973    
1.6872     28.3094   
14.9462    19.1529   
6.3350     19.3220   

# Frame440

# x        y
18.9950    18.1003   
2.8311     30.2112   
17.7930    9.3973    
1.6872     28.3094   
14.9460    19.1528   
6.3347     19.3218   

# Frame441

# x        y
18.9950    18.1003   
2.8311     30.2112   
17.7930    9.3973    
1.6872     28.3094   
14.9459    19.1527   
6.3344     19.3216   

# Frame442

# x        y
18.9950    18.1003   
2.8311     30.2112   
17.7930    9.3973    
1.6872     28.3094   
14.9458    19.1527   
6.3341     19.3214   

# Frame443

# x        y
18.9950    18.1003   
2.8311     30.2112   
17.7930    9.3973    
1.6872     28.3094   
14.9457    19.1526   
6.3338     19.3212   

# Frame444

# x        y
18.9950    18.1003   
2.8311     30.2112   
17.7930    9.3973    
1.6872     28.3094   
14.9456    19.1525   
6.3335     19.3211   

# Frame445

# x        y
18.9950    18.1003   
2.8311     30.2112   
17.7930    9.3973    
1.6872     28.3094   
14.9455    19.1524   
6.3332     19.3209   

# Frame446

# x        y
18.9950    18.1003   
2.8311     30.2112   
17.7930    9.3973    
1.6872     28.3094   
14.9453    19.1523   
6.3329     19.3207   

# Frame447

# x        y
18.9950    18.1003   
2.8311     30.2112   
17.7930    9.3973    
1.6872     28.3094   
14.9452    19.1522   
6.3326     19.3205   

# Frame448

# x        y
18.9950    18.1003   
2.8311     30.2112   
17.7930    9.3973    
1.6872     28.3094   
14.9451    19.1522   
6.3323     19.3204   

# Frame449

# x        y
18.9950    18.1003   
2.8311     30.2112   
17.7930    9.3973    
1.6872     28.3094   
14.9450    19.1521   
6.3321     19.3202   

# Frame450

# x        y
18.9950    18.1003   
2.8311     30.2112   
17.7930    9.3973    
1.6872     28.3094   
14.9449    19.1520   
6.3318     19.3200   

# Frame451

# x        y
18.9950    18.1003   
2.8311     30.2112   
17.7930    9.3973    
1.6872     28.3094   
14.9448    19.1519   
6.3315     19.3199   

# Frame452

# x        y
18.9950    18.1003   
2.8311     30.2112   
17.7930    9.3973    
1.6872     28.3094   
14.9447    19.1518   
6.3313     19.3197   

# Frame453

# x        y
18.9950    18.1003   
2.8311     30.2112   
17.7930    9.3973    
1.6872     28.3094   
14.9446    19.1518   
6.3310     19.3196   

# Frame454

# x        y
18.9950    18.1003   
2.8311     30.2112   
17.7930    9.3973    
1.6872     28.3094   
14.9445    19.1517   
6.3308     19.3194   

# Frame455

# x        y
18.9950    18.1003   
2.8311     30.2112   
17.7930    9.3973    
1.6872     28.3094   
14.9444    19.1516   
6.3305     19.3193   

# Frame456

# x        y
18.9950    18.1003   
2.8311     30.2112   
17.7930    9.3973    
1.6872     28.3094   
14.9443    19.1516   
6.3303     19.3191   

# Frame457

# x        y
18.9950    18.1003   
2.8311     30.2112   
17.7930    9.3973    
1.6872     28.3094   
14.9442    19.1515   
6.3301     19.3190   

# Frame458

# x        y
18.9950    18.1003   
2.8311     30.2112   
17.7930    9.3973    
1.6872     28.3094   
14.9441    19.1514   
6.3298     19.3188   

# Frame459

# x        y
18.9950    18.1003   
2.8311     30.2112   
17.7930    9.3973    
1.6872     28.3094   
14.9440    19.1514   
6.3296     19.3187   

# Frame460

# x        y
18.9950    18.1003   
2.8311     30.2112   
17.7930    9.3973    
1.6872     28.3094   
14.9440    19.1513   
6.3294     19.3185   

# Frame461

# x        y
18.9950    18.1003   
2.8311     30.2112   
17.7930    9.3973    
1.6872     28.3094   
14.9439    19.1512   
6.3291     19.3184   

# Frame462

# x        y
18.9950    18.1003   
2.8311     30.2112   
17.7930    9.3973    
1.6872     28.3094   
14.9438    19.1512   
6.3289     19.3183   

# Frame463

# x        y
18.9950    18.1003   
2.8311     30.2112   
17.7930    9.3973    
1.6872     28.3094   
14.9437    19.1511   
6.3287     19.3181   

# Frame464

# x        y
18.9950    18.1003   
2.8311     30.2112   
17.7930    9.3973    
1.6872     28.3094   
14.9436    19.1510   
6.3285     19.3180   

# Frame465

# x        y
18.9950    18.1003   
2.8311     30.2112   
17.7930    9.3973    
1.6872     28.3094   
14.9435    19.1510   
6.3283     19.3179   

# Frame466

# x        y
18.9950    18.1003   
2.8311     30.2112   
17.7930    9.3973    
1.6872     28.3094   
14.9435    19.1510   
6.3281     19.3177   

# Frame467

# x        y
18.9950    18.1003   
2.8311     30.2112   
17.7930    9.3973    
1.6872     28.3094   
14.9435    19.1510   
6.3279     19.3176   

# Frame468

# x        y
18.9950    18.1003   
2.8311     30.2112   
17.7930    9.3973    
1.6872     28.3094   
14.9435    19.1510   
6.3277     19.3175   

# Frame469

# x        y
18.9950    18.1003   
2.8311     30.2112   
17.7930    9.3973    
1.6872     28.3094   
14.9435    19.1510   
6.3275     19.3174   

# Frame470

# x        y
18.9950    18.1003   
2.8311     30.2112   
17.7930    9.3973    
1.6872     28.3094   
14.9435    19.1510   
6.3273     19.3173   

# Frame471

# x        y
18.9950    18.1003   
2.8311     30.2112   
17.7930    9.3973    
1.6872     28.3094   
14.9435    19.1510   
6.3271     19.3172   

# Frame472

# x        y
18.9950    18.1003   
2.8311     30.2112   
17.7930    9.3973    
1.6872     28.3094   
14.9435    19.1510   
6.3269     19.3170   

# Frame473

# x        y
18.9950    18.1003   
2.8311     30.2112   
17.7930    9.3973    
1.6872     28.3094   
14.9435    19.1510   
6.3268     19.3169   

# Frame474

# x        y
18.9950    18.1003   
2.8311     30.2112   
17.7930    9.3973    
1.6872     28.3094   
14.9435    19.1510   
6.3266     19.3168   

# Frame475

# x        y
18.9950    18.1003   
2.8311     30.2112   
17.7930    9.3973    
1.6872     28.3094   
14.9435    19.1510   
6.3264     19.3167   

# Frame476

# x        y
18.9950    18.1003   
2.8311     30.2112   
17.7930    9.3973    
1.6872     28.3094   
14.9435    19.1510   
6.3262     19.3166   

# Frame477

# x        y
18.9950    18.1003   
2.8311     30.2112   
17.7930    9.3973    
1.6872     28.3094   
14.9435    19.1510   
6.3261     19.3165   

# Frame478

# x        y
18.9950    18.1003   
2.8311     30.2112   
17.7930    9.3973    
1.6872     28.3094   
14.9435    19.1510   
6.3259     19.3164   

# Frame479

# x        y
18.9950    18.1003   
2.8311     30.2112   
17.7930    9.3973    
1.6872     28.3094   
14.9435    19.1510   
6.3257     19.3163   

# Frame480

# x        y
18.9950    18.1003   
2.8311     30.2112   
17.7930    9.3973    
1.6872     28.3094   
14.9435    19.1510   
6.3256     19.3162   

# Frame481

# x        y
18.9950    18.1003   
2.8311     30.2112   
17.7930    9.3973    
1.6872     28.3094   
14.9435    19.1510   
6.3254     19.3161   

# Frame482

# x        y
18.9950    18.1003   
2.8311     30.2112   
17.7930    9.3973    
1.6872     28.3094   
14.9435    19.1510   
6.3253     19.3160   

# Frame483

# x        y
18.9950    18.1003   
2.8311     30.2112   
17.7930    9.3973    
1.6872     28.3094   
14.9435    19.1510   
6.3251     19.3159   

# Frame484

# x        y
18.9950    18.1003   
2.8311     30.2112   
17.7930    9.3973    
1.6872     28.3094   
14.9435    19.1510   
6.3250     19.3158   

# Frame485

# x        y
18.9950    18.1003   
2.8311     30.2112   
17.7930    9.3973    
1.6872     28.3094   
14.9435    19.1510   
6.3248     19.3157   

# Frame486

# x        y
18.9950    18.1003   
2.8311     30.2112   
17.7930    9.3973    
1.6872     28.3094   
14.9435    19.1510   
6.3247     19.3156   

# Frame487

# x        y
18.9950    18.1003   
2.8311     30.2112   
17.7930    9.3973    
1.6872     28.3094   
14.9435    19.1510   
6.3245     19.3156   

# Frame488

# x        y
18.9950    18.1003   
2.8311     30.2112   
17.7930    9.3973    
1.6872     28.3094   
14.9435    19.1510   
6.3244     19.3155   

# Frame489

# x        y
18.9950    18.1003   
2.8311     30.2112   
17.7930    9.3973    
1.6872     28.3094   
14.9435    19.1510   
6.3242     19.3154   

# Frame490

# x        y
18.9950    18.1003   
2.8311     30.2112   
17.7930    9.3973    
1.6872     28.3094   
14.9435    19.1510   
6.3241     19.3153   

# Frame491

# x        y
18.9950    18.1003   
2.8311     30.2112   
17.7930    9.3973    
1.6872     28.3094   
14.9435    19.1510   
6.3240     19.3152   

# Frame492

# x        y
18.9950    18.1003   
2.8311     30.2112   
17.7930    9.3973    
1.6872     28.3094   
14.9435    19.1510   
6.3238     19.3151   

# Frame493

# x        y
18.9950    18.1003   
2.8311     30.2112   
17.7930    9.3973    
1.6872     28.3094   
14.9435    19.1510   
6.3237     19.3151   

# Frame494

# x        y
18.9950    18.1003   
2.8311     30.2112   
17.7930    9.3973    
1.6872     28.3094   
14.9435    19.1510   
6.3236     19.3150   

# Frame495

# x        y
18.9950    18.1003   
2.8311     30.2112   
17.7930    9.3973    
1.6872     28.3094   
14.9435    19.1510   
6.3235     19.3149   

# Frame496

# x        y
18.9950    18.1003   
2.8311     30.2112   
17.7930    9.3973    
1.6872     28.3094   
14.9435    19.1510   
6.3233     19.3148   

# Frame497

# x        y
18.9950    18.1003   
2.8311     30.2112   
17.7930    9.3973    
1.6872     28.3094   
14.9435    19.1510   
6.3232     19.3148   

# Frame498

# x        y
18.9950    18.1003   
2.8311     30.2112   
17.7930    9.3973    
1.6872     28.3094   
14.9435    19.1510   
6.3231     19.3147   

# Frame499

# x        y
18.9950    18.1003   
2.8311     30.2112   
17.7930    9.3973    
1.6872     28.3094   
14.9435    19.1510   
6.3230     19.3146   

# Frame500

# x        y
18.9950    18.1003   
2.8311     30.2112   
17.7930    9.3973    
1.6872     28.3094   
14.9435    19.1510   
6.3229     19.3145   

# Frame501

# x        y
18.9950    18.1003   
2.8311     30.2112   
17.7930    9.3973    
1.6872     28.3094   
14.9435    19.1510   
6.3228     19.3145   

# Frame502

# x        y
18.9950    18.1003   
2.8311     30.2112   
17.7930    9.3973    
1.6872     28.3094   
14.9435    19.1510   
6.3226     19.3144   

# Frame503

# x        y
18.9950    18.1003   
2.8311     30.2112   
17.7930    9.3973    
1.6872     28.3094   
14.9435    19.1510   
6.3225     19.3143   

# Frame504

# x        y
18.9950    18.1003   
2.8311     30.2112   
17.7930    9.3973    
1.6872     28.3094   
14.9435    19.1510   
6.3224     19.3143   

# Frame505

# x        y
18.9950    18.1003   
2.8311     30.2112   
17.7930    9.3973    
1.6872     28.3094   
14.9435    19.1510   
6.3223     19.3142   

# Frame506

# x        y
18.9950    18.1003   
2.8311     30.2112   
17.7930    9.3973    
1.6872     28.3094   
14.9435    19.1510   
6.3222     19.3141   

# Frame507

# x        y
18.9950    18.1003   
2.8311     30.2112   
17.7930    9.3973    
1.6872     28.3094   
14.9435    19.1510   
6.3221     19.3141   

# Frame508

# x        y
18.9950    18.1003   
2.8311     30.2112   
17.7930    9.3973    
1.6872     28.3094   
14.9435    19.1510   
6.3220     19.3140   

# Frame509

# x        y
18.9950    18.1003   
2.8311     30.2112   
17.7930    9.3973    
1.6872     28.3094   
14.9435    19.1510   
6.3219     19.3140   

# Frame510

# x        y
18.9950    18.1003   
2.8311     30.2112   
17.7930    9.3973    
1.6872     28.3094   
14.9435    19.1510   
6.3218     19.3139   

# Frame511

# x        y
18.9950    18.1003   
2.8311     30.2112   
17.7930    9.3973    
1.6872     28.3094   
14.9435    19.1510   
6.3217     19.3138   

# Frame512

# x        y
18.9950    18.1003   
2.8311     30.2112   
17.7930    9.3973    
1.6872     28.3094   
14.9435    19.1510   
6.3216     19.3138   

# Frame513

# x        y
18.9950    18.1003   
2.8311     30.2112   
17.7930    9.3973    
1.6872     28.3094   
14.9435    19.1510   
6.3215     19.3137   

# Frame514

# x        y
18.9950    18.1003   
2.8311     30.2112   
17.7930    9.3973    
1.6872     28.3094   
14.9435    19.1510   
6.3215     19.3137   

# Frame515

# x        y
18.9950    18.1003   
2.8311     30.2112   
17.7930    9.3973    
1.6872     28.3094   
14.9435    19.1510   
6.3214     19.3136   

# Frame516

# x        y
18.9950    18.1003   
2.8311     30.2112   
17.7930    9.3973    
1.6872     28.3094   
14.9435    19.1510   
6.3213     19.3136   

# Frame517

# x        y
18.9950    18.1003   
2.8311     30.2112   
17.7930    9.3973    
1.6872     28.3094   
14.9435    19.1510   
6.3212     19.3135   

# Frame518

