# x        y
5.6924     13.3987   
13.5754    18.5905   
6.1925     34.9171   
6.5930     25.6831   
12.4555    34.5671   
16.2481    35.8795   

# Frame1

# x        y
5.6924     13.3987   
14.9088    17.0999   
6.1925     34.9171   
6.5930     25.6831   
12.4555    34.5671   
16.2481    35.8795   

# Frame2

# x        y
5.6924     13.3987   
16.2200    15.6341   
6.1925     34.9171   
6.5930     25.6831   
12.4555    34.5671   
16.2481    35.8795   

# Frame3

# x        y
5.6924     13.3987   
17.5094    14.1928   
6.1925     34.9171   
6.5930     25.6831   
12.4555    34.5671   
16.2481    35.8795   

# Frame4

# x        y
5.6924     13.3987   
18.7773    12.7755   
6.1925     34.9171   
6.5930     25.6831   
12.4555    34.5671   
16.2481    35.8795   

# Frame5

# x        y
5.6924     13.3987   
18.4861    11.3889   
6.1925     34.9171   
6.5930     25.6831   
12.4555    34.5671   
16.2481    35.8795   

# Frame6

# x        y
5.6924     13.3987   
17.8731    10.0270   
6.1925     34.9171   
6.5930     25.6831   
12.4555    34.5671   
16.2481    35.8795   

# Frame7

# x        y
5.6924     13.3987   
17.2703    8.6878    
6.1925     34.9171   
6.5930     25.6831   
12.4555    34.5671   
16.2481    35.8795   

# Frame8

# x        y
5.6924     13.3987   
16.6776    7.3708    
6.1925     34.9171   
6.5930     25.6831   
12.4555    34.5671   
16.2481    35.8795   

# Frame9

# x        y
5.6924     13.3987   
16.0947    6.0759    
6.1925     34.9171   
6.5930     25.6831   
12.4555    34.5671   
16.2481    35.8795   

# Frame10

# x        y
5.6924     13.3987   
15.5216    4.8025    
6.1925     34.9171   
6.5930     25.6831   
12.4555    34.5671   
16.2481    35.8795   

# Frame11

# x        y
5.6924     13.3987   
14.9580    3.5504    
6.1925     34.9171   
6.5930     25.6831   
12.4555    34.5671   
16.2481    35.8795   

# Frame12

# x        y
5.6924     13.3987   
14.4038    2.3191    
6.1925     34.9171   
6.5930     25.6831   
12.4555    34.5671   
16.2481    35.8795   

# Frame13

# x        y
5.6924     13.3987   
13.8589    1.1083    
6.1925     34.9171   
6.5930     25.6831   
12.4555    34.5671   
16.2481    35.8795   

# Frame14

# x        y
5.6924     13.3987   
13.1762    1.5435    
6.1925     34.9171   
6.5930     25.6831   
12.4555    34.5671   
16.2481    35.8795   

# Frame15

# x        y
5.6924     13.3987   
12.4897    2.1288    
6.1925     34.9171   
6.5930     25.6831   
12.4555    34.5671   
16.2481    35.8795   

# Frame16

# x        y
5.6924     13.3987   
11.8146    2.7044    
6.1925     34.9171   
6.5930     25.6831   
12.4555    34.5671   
16.2481    35.8795   

# Frame17

# x        y
5.6924     13.3987   
11.1508    3.2705    
6.1925     34.9171   
6.5930     25.6831   
12.4555    34.5671   
16.2481    35.8795   

# Frame18

# x        y
5.6924     13.3987   
10.4980    3.8270    
6.1925     34.9171   
6.5930     25.6831   
12.4555    34.5671   
16.2481    35.8795   

# Frame19

# x        y
5.6924     13.3987   
9.8561     4.3744    
6.1925     34.9171   
6.5930     25.6831   
12.4555    34.5671   
16.2481    35.8795   

# Frame20

# x        y
5.6924     13.3987   
9.2250     4.9125    
6.1925     34.9171   
6.5930     25.6831   
12.4555    34.5671   
16.2481    35.8795   

# Frame21

# x        y
5.6924     13.3987   
8.6043     5.4418    
6.1925     34.9171   
6.5930     25.6831   
12.4555    34.5671   
16.2481    35.8795   

# Frame22

# x        y
5.6924     13.3987   
7.9940     5.9622    
6.1925     34.9171   
6.5930     25.6831   
12.4555    34.5671   
16.2481    35.8795   

# Frame23

# x        y
5.6924     13.3987   
7.3938     6.4739    
6.1925     34.9171   
6.5930     25.6831   
12.4555    34.5671   
16.2481    35.8795   

# Frame24

# x        y
5.6924     13.3987   
6.8037     6.9771    
6.1925     34.9171   
6.5930     25.6831   
12.4555    34.5671   
16.2481    35.8795   

# Frame25

# x        y
5.6924     13.3987   
6.2234     7.4719    
6.1925     34.9171   
6.5930     25.6831   
12.4555    34.5671   
16.2481    35.8795   

# Frame26

# x        y
5.6924     13.3987   
5.6527     7.9584    
6.1925     34.9171   
6.5930     25.6831   
12.4555    34.5671   
16.2481    35.8795   

# Frame27

# x        y
5.6924     13.3987   
5.0916     8.4369    
6.1925     34.9171   
6.5930     25.6831   
12.4555    34.5671   
16.2481    35.8795   

# Frame28

# x        y
5.6924     13.3987   
4.5399     8.9074    
6.1925     34.9171   
6.5930     25.6831   
12.4555    34.5671   
16.2481    35.8795   

# Frame29

# x        y
5.6924     13.3987   
3.9973     9.3700    
6.1925     34.9171   
6.5930     25.6831   
12.4555    34.5671   
16.2481    35.8795   

# Frame30

# x        y
5.6924     13.3987   
3.4637     9.8249    
6.1925     34.9171   
6.5930     25.6831   
12.4555    34.5671   
16.2481    35.8795   

# Frame31

# x        y
5.6924     13.3987   
2.9391     10.2723   
6.1925     34.9171   
6.5930     25.6831   
12.4555    34.5671   
16.2481    35.8795   

# Frame32

# x        y
5.6924     13.3987   
2.4232     10.7122   
6.1925     34.9171   
6.5930     25.6831   
12.4555    34.5671   
16.2481    35.8795   

# Frame33

# x        y
5.6924     13.3987   
1.9159     11.1447   
6.1925     34.9171   
6.5930     25.6831   
12.4555    34.5671   
16.2481    35.8795   

# Frame34

# x        y
5.6924     13.3987   
1.4171     11.5701   
6.1925     34.9171   
6.5930     25.6831   
12.4555    34.5671   
16.2481    35.8795   

# Frame35

# x        y
5.6924     13.3987   
1.0391     11.9848   
6.1925     34.9171   
6.5930     25.6831   
12.4555    34.5671   
16.2481    35.8795   

# Frame36

# x        y
5.6924     13.3987   
1.2803     12.3712   
6.1925     34.9171   
6.5930     25.6831   
12.4555    34.5671   
16.2481    35.8795   

# Frame37

# x        y
5.6924     13.3987   
1.5174     12.7511   
6.1925     34.9171   
6.5930     25.6831   
12.4555    34.5671   
16.2481    35.8795   

# Frame38

# x        y
5.6924     13.3987   
1.7506     13.1248   
6.1925     34.9171   
6.5930     25.6831   
12.4555    34.5671   
16.2481    35.8795   

# Frame39

# x        y
5.6924     13.3987   
1.9799     13.4922   
6.1925     34.9171   
6.5930     25.6831   
12.4555    34.5671   
16.2481    35.8795   

# Frame40

# x        y
5.6924     13.3987   
2.2054     13.8534   
6.1925     34.9171   
6.5930     25.6831   
12.4555    34.5671   
16.2481    35.8795   

# Frame41

# x        y
5.6924     13.3987   
2.4272     14.2087   
6.1925     34.9171   
6.5930     25.6831   
12.4555    34.5671   
16.2481    35.8795   

# Frame42

# x        y
5.6924     13.3987   
2.6452     14.5580   
6.1925     34.9171   
6.5930     25.6831   
12.4555    34.5671   
16.2481    35.8795   

# Frame43

# x        y
5.6924     13.3987   
2.8596     14.9015   
6.1925     34.9171   
6.5930     25.6831   
12.4555    34.5671   
16.2481    35.8795   

# Frame44

# x        y
5.6924     13.3987   
3.0705     15.2393   
6.1925     34.9171   
6.5930     25.6831   
12.4555    34.5671   
16.2481    35.8795   

# Frame45

# x        y
5.6924     13.3987   
3.2778     15.5715   
6.1925     34.9171   
6.5930     25.6831   
12.4555    34.5671   
16.2481    35.8795   

# Frame46

# x        y
5.6924     13.3987   
3.4816     15.8981   
6.1925     34.9171   
6.5930     25.6831   
12.4555    34.5671   
16.2481    35.8795   

# Frame47

# x        y
5.6924     13.3987   
3.6821     16.2193   
6.1925     34.9171   
6.5930     25.6831   
12.4555    34.5671   
16.2481    35.8795   

# Frame48

# x        y
5.6924     13.3987   
3.8792     16.5351   
6.1925     34.9171   
6.5930     25.6831   
12.4555    34.5671   
16.2481    35.8795   

# Frame49

# x        y
5.6924     13.3987   
4.0731     16.8456   
6.1925     34.9171   
6.5930     25.6831   
12.4555    34.5671   
16.2481    35.8795   

# Frame50

# x        y
5.6924     13.3987   
4.2637     17.1510   
6.1925     34.9171   
6.5930     25.6831   
12.4555    34.5671   
16.2481    35.8795   

# Frame51

# x        y
5.6924     13.3987   
4.4511     17.4513   
6.1925     34.9171   
6.5930     25.6831   
12.4555    34.5671   
16.2481    35.8795   

# Frame52

# x        y
5.6924     13.3987   
4.6354     17.7466   
6.1925     34.9171   
6.5930     25.6831   
12.4555    34.5671   
16.2481    35.8795   

# Frame53

# x        y
5.6924     13.3987   
4.8167     18.0370   
6.1925     34.9171   
6.5930     25.6831   
12.4555    34.5671   
16.2481    35.8795   

# Frame54

# x        y
5.6924     13.3987   
4.9949     18.3225   
6.1925     34.9171   
6.5930     25.6831   
12.4555    34.5671   
16.2481    35.8795   

# Frame55

# x        y
5.6924     13.3987   
5.1701     18.6032   
6.1925     34.9171   
6.5930     25.6831   
12.4555    34.5671   
16.2481    35.8795   

# Frame56

# x        y
5.6924     13.3987   
5.3425     18.8793   
6.1925     34.9171   
6.5930     25.6831   
12.4555    34.5671   
16.2481    35.8795   

# Frame57

# x        y
5.6924     13.3987   
5.5119     19.1508   
6.1925     34.9171   
6.5930     25.6831   
12.4555    34.5671   
16.2481    35.8795   

# Frame58

# x        y
5.6924     13.3987   
5.6785     19.4178   
6.1925     34.9171   
6.5930     25.6831   
12.4555    34.5671   
16.2481    35.8795   

# Frame59

# x        y
5.6924     13.3987   
5.8424     19.6803   
6.1925     34.9171   
6.5930     25.6831   
12.4555    34.5671   
16.2481    35.8795   

# Frame60

# x        y
5.6924     13.3987   
6.0035     19.9384   
6.1925     34.9171   
6.5930     25.6831   
12.4555    34.5671   
16.2481    35.8795   

# Frame61

# x        y
5.6924     13.3987   
6.1620     20.1923   
6.1925     34.9171   
6.5930     25.6831   
12.4555    34.5671   
16.2481    35.8795   

# Frame62

# x        y
5.6924     13.3987   
6.3178     20.4419   
6.1925     34.9171   
6.5930     25.6831   
12.4555    34.5671   
16.2481    35.8795   

# Frame63

# x        y
5.6924     13.3987   
6.4710     20.6873   
6.1925     34.9171   
6.5930     25.6831   
12.4555    34.5671   
16.2481    35.8795   

# Frame64

# x        y
5.6924     13.3987   
6.6216     20.9287   
6.1925     34.9171   
6.5930     25.6831   
12.4555    34.5671   
16.2481    35.8795   

# Frame65

# x        y
5.6924     13.3987   
6.7697     21.1660   
6.1925     34.9171   
6.5930     25.6831   
12.4555    34.5671   
16.2481    35.8795   

# Frame66

# x        y
5.6924     13.3987   
6.9154     21.3994   
6.1925     34.9171   
6.5930     25.6831   
12.4555    34.5671   
16.2481    35.8795   

# Frame67

# x        y
5.6924     13.3987   
7.0586     21.6289   
6.1925     34.9171   
6.5930     25.6831   
12.4555    34.5671   
16.2481    35.8795   

# Frame68

# x        y
5.6924     13.3987   
7.1995     21.8545   
6.1925     34.9171   
6.5930     25.6831   
12.4555    34.5671   
16.2481    35.8795   

# Frame69

# x        y
5.6924     13.3987   
7.3380     22.0764   
6.1925     34.9171   
6.5930     25.6831   
12.4555    34.5671   
16.2481    35.8795   

# Frame70

# x        y
5.6924     13.3987   
7.4742     22.2946   
6.1925     34.9171   
6.5930     25.6831   
12.4555    34.5671   
16.2481    35.8795   

# Frame71

# x        y
5.6924     13.3987   
7.6081     22.5092   
6.1925     34.9171   
6.5930     25.6831   
12.4555    34.5671   
16.2481    35.8795   

# Frame72

# x        y
5.6924     13.3987   
7.7398     22.7202   
6.1925     34.9171   
6.5930     25.6831   
12.4555    34.5671   
16.2481    35.8795   

# Frame73

# x        y
5.6924     13.3987   
7.8693     22.9277   
6.1925     34.9171   
6.5930     25.6831   
12.4555    34.5671   
16.2481    35.8795   

# Frame74

# x        y
5.6924     13.3987   
7.9966     23.1317   
6.1925     34.9171   
6.5930     25.6831   
12.4555    34.5671   
16.2481    35.8795   

# Frame75

# x        y
5.6924     13.3987   
8.1219     23.3323   
6.1925     34.9171   
6.5930     25.6831   
12.4555    34.5671   
16.2481    35.8795   

# Frame76

# x        y
5.6924     13.3987   
8.2450     23.5296   
6.1925     34.9171   
6.5930     25.6831   
12.4555    34.5671   
16.2481    35.8795   

# Frame77

# x        y
5.6924     13.3987   
8.3661     23.7235   
6.1925     34.9171   
6.5930     25.6831   
12.4555    34.5671   
16.2481    35.8795   

# Frame78

# x        y
5.6924     13.3987   
8.4851     23.9143   
6.1925     34.9171   
6.5930     25.6831   
12.4555    34.5671   
16.2481    35.8795   

# Frame79

# x        y
5.6924     13.3987   
8.6022     24.1019   
6.1925     34.9171   
6.5930     25.6831   
12.4555    34.5671   
16.2481    35.8795   

# Frame80

# x        y
5.6924     13.3987   
8.7173     24.2863   
6.1925     34.9171   
6.5930     25.6831   
12.4555    34.5671   
16.2481    35.8795   

# Frame81

# x        y
5.6924     13.3987   
8.8305     24.4677   
6.1925     34.9171   
6.5930     25.6831   
12.4555    34.5671   
16.2481    35.8795   

# Frame82

# x        y
5.6924     13.3987   
8.9419     24.6460   
6.1925     34.9171   
6.5930     25.6831   
12.4555    34.5671   
16.2481    35.8795   

# Frame83

# x        y
5.6924     13.3987   
9.0513     24.8214   
6.1925     34.9171   
6.5930     25.6831   
12.4555    34.5671   
16.2481    35.8795   

# Frame84

# x        y
5.6924     13.3987   
9.1590     24.9939   
6.1925     34.9171   
6.5930     25.6831   
12.4555    34.5671   
16.2481    35.8795   

# Frame85

# x        y
5.6924     13.3987   
9.2648     25.1634   
6.1925     34.9171   
6.5930     25.6831   
12.4555    34.5671   
16.2481    35.8795   

# Frame86

# x        y
5.6924     13.3987   
9.3689     25.3302   
6.1925     34.9171   
6.5930     25.6831   
12.4555    34.5671   
16.2481    35.8795   

# Frame87

# x        y
5.6924     13.3987   
9.4712     25.4942   
6.1925     34.9171   
6.5930     25.6831   
12.4555    34.5671   
16.2481    35.8795   

# Frame88

# x        y
5.6924     13.3987   
9.5719     25.6554   
6.1925     34.9171   
6.5930     25.6831   
12.4555    34.5671   
16.2481    35.8795   

# Frame89

# x        y
5.6924     13.3987   
9.6708     25.8139   
6.1925     34.9171   
6.5930     25.6831   
12.4555    34.5671   
16.2481    35.8795   

# Frame90

# x        y
5.6924     13.3987   
9.7682     25.9699   
6.1925     34.9171   
6.5930     25.6831   
12.4555    34.5671   
16.2481    35.8795   

# Frame91

# x        y
5.6924     13.3987   
9.8638     26.1232   
6.1925     34.9171   
6.5930     25.6831   
12.4555    34.5671   
16.2481    35.8795   

# Frame92

# x        y
5.6924     13.3987   
9.9579     26.2739   
6.1925     34.9171   
6.5930     25.6831   
12.4555    34.5671   
16.2481    35.8795   

# Frame93

# x        y
5.6924     13.3987   
10.0505    26.4222   
6.1925     34.9171   
6.5930     25.6831   
12.4555    34.5671   
16.2481    35.8795   

# Frame94

# x        y
5.6924     13.3987   
10.1415    26.5679   
6.1925     34.9171   
6.5930     25.6831   
12.4555    34.5671   
16.2481    35.8795   

# Frame95

# x        y
5.6924     13.3987   
10.2309    26.7113   
6.1925     34.9171   
6.5930     25.6831   
12.4555    34.5671   
16.2481    35.8795   

# Frame96

# x        y
5.6924     13.3987   
10.3189    26.8522   
6.1925     34.9171   
6.5930     25.6831   
12.4555    34.5671   
16.2481    35.8795   

# Frame97

# x        y
5.6924     13.3987   
10.4054    26.9908   
6.1925     34.9171   
6.5930     25.6831   
12.4555    34.5671   
16.2481    35.8795   

# Frame98

# x        y
5.6924     13.3987   
10.4905    27.1271   
6.1925     34.9171   
6.5930     25.6831   
12.4555    34.5671   
16.2481    35.8795   

# Frame99

# x        y
5.6924     13.3987   
10.5742    27.2612   
6.1925     34.9171   
6.5930     25.6831   
12.4555    34.5671   
16.2481    35.8795   

# Frame100

# x        y
5.6924     13.3987   
10.6564    27.3930   
6.1925     34.9171   
6.5930     25.6831   
12.4555    34.5671   
16.2481    35.8795   

# Frame101

# x        y
5.6924     13.3987   
10.7373    27.5225   
6.1925     34.9171   
6.5930     25.6831   
12.4555    34.5671   
16.2481    35.8795   

# Frame102

# x        y
5.6924     13.3987   
10.8168    27.6500   
6.1925     34.9171   
6.5930     25.6831   
12.4555    34.5671   
16.2481    35.8795   

# Frame103

# x        y
5.6924     13.3987   
10.8951    27.7753   
6.1925     34.9171   
6.5930     25.6831   
12.4555    34.5671   
16.2481    35.8795   

# Frame104

# x        y
5.6924     13.3987   
10.9720    27.8985   
6.1925     34.9171   
6.5930     25.6831   
12.4555    34.5671   
16.2481    35.8795   

# Frame105

# x        y
5.6924     13.3987   
11.0476    28.0197   
6.1925     34.9171   
6.5930     25.6831   
12.4555    34.5671   
16.2481    35.8795   

# Frame106

# x        y
5.6924     13.3987   
11.1220    28.1388   
6.1925     34.9171   
6.5930     25.6831   
12.4555    34.5671   
16.2481    35.8795   

# Frame107

# x        y
5.6924     13.3987   
11.1951    28.2560   
6.1925     34.9171   
6.5930     25.6831   
12.4555    34.5671   
16.2481    35.8795   

# Frame108

# x        y
5.6924     13.3987   
11.2670    28.3712   
6.1925     34.9171   
6.5930     25.6831   
12.4555    34.5671   
16.2481    35.8795   

# Frame109

# x        y
5.6924     13.3987   
11.3377    28.4845   
6.1925     34.9171   
6.5930     25.6831   
12.4555    34.5671   
16.2481    35.8795   

# Frame110

# x        y
5.6924     13.3987   
11.4072    28.5959   
6.1925     34.9171   
6.5930     25.6831   
12.4555    34.5671   
16.2481    35.8795   

# Frame111

# x        y
5.6924     13.3987   
11.4756    28.7054   
6.1925     34.9171   
6.5930     25.6831   
12.4555    34.5671   
16.2481    35.8795   

# Frame112

# x        y
5.6924     13.3987   
11.5429    28.8132   
6.1925     34.9171   
6.5930     25.6831   
12.4555    34.5671   
16.2481    35.8795   

# Frame113

# x        y
5.6924     13.3987   
11.6090    28.9191   
6.1925     34.9171   
6.5930     25.6831   
12.4555    34.5671   
16.2481    35.8795   

# Frame114

# x        y
5.6924     13.3987   
11.6740    29.0232   
6.1925     34.9171   
6.5930     25.6831   
12.4555    34.5671   
16.2481    35.8795   

# Frame115

# x        y
5.6924     13.3987   
11.7379    29.1257   
6.1925     34.9171   
6.5930     25.6831   
12.4555    34.5671   
16.2481    35.8795   

# Frame116

# x        y
5.6924     13.3987   
11.8008    29.2264   
6.1925     34.9171   
6.5930     25.6831   
12.4555    34.5671   
16.2481    35.8795   

# Frame117

# x        y
5.6924     13.3987   
11.8626    29.3254   
6.1925     34.9171   
6.5930     25.6831   
12.4555    34.5671   
16.2481    35.8795   

# Frame118

# x        y
5.6924     13.3987   
11.9234    29.4228   
6.1925     34.9171   
6.5930     25.6831   
12.4555    34.5671   
16.2481    35.8795   

# Frame119

# x        y
5.6924     13.3987   
11.9831    29.5186   
6.1925     34.9171   
6.5930     25.6831   
12.4555    34.5671   
16.2481    35.8795   

# Frame120

# x        y
5.6924     13.3987   
12.0419    29.6127   
6.1925     34.9171   
6.5930     25.6831   
12.4555    34.5671   
16.2481    35.8795   

# Frame121

# x        y
5.6924     13.3987   
12.0997    29.7053   
6.1925     34.9171   
6.5930     25.6831   
12.4555    34.5671   
16.2481    35.8795   

# Frame122

# x        y
5.6924     13.3987   
12.1566    29.7964   
6.1925     34.9171   
6.5930     25.6831   
12.4555    34.5671   
16.2481    35.8795   

# Frame123

# x        y
5.6924     13.3987   
12.2124    29.8859   
6.1925     34.9171   
6.5930     25.6831   
12.4555    34.5671   
16.2481    35.8795   

# Frame124

# x        y
5.6924     13.3987   
12.2674    29.9740   
6.1925     34.9171   
6.5930     25.6831   
12.4555    34.5671   
16.2481    35.8795   

# Frame125

# x        y
5.6924     13.3987   
12.3214    30.0605   
6.1925     34.9171   
6.5930     25.6831   
12.4555    34.5671   
16.2481    35.8795   

# Frame126

# x        y
5.6924     13.3987   
12.3746    30.1457   
6.1925     34.9171   
6.5930     25.6831   
12.4555    34.5671   
16.2481    35.8795   

# Frame127

# x        y
5.6924     13.3987   
12.4268    30.2294   
6.1925     34.9171   
6.5930     25.6831   
12.4555    34.5671   
16.2481    35.8795   

# Frame128

# x        y
5.6924     13.3987   
12.4782    30.3117   
6.1925     34.9171   
6.5930     25.6831   
12.4555    34.5671   
16.2481    35.8795   

# Frame129

# x        y
5.6924     13.3987   
12.5287    30.3926   
6.1925     34.9171   
6.5930     25.6831   
12.4555    34.5671   
16.2481    35.8795   

# Frame130

# x        y
5.6924     13.3987   
12.5784    30.4722   
6.1925     34.9171   
6.5930     25.6831   
12.4555    34.5671   
16.2481    35.8795   

# Frame131

# x        y
5.6924     13.3987   
12.6273    30.5505   
6.1925     34.9171   
6.5930     25.6831   
12.4555    34.5671   
16.2481    35.8795   

# Frame132

# x        y
5.6924     13.3987   
12.6753    30.6275   
6.1925     34.9171   
6.5930     25.6831   
12.4555    34.5671   
16.2481    35.8795   

# Frame133

# x        y
5.6924     13.3987   
12.7225    30.7032   
6.1925     34.9171   
6.5930     25.6831   
12.4555    34.5671   
16.2481    35.8795   

# Frame134

# x        y
5.6924     13.3987   
12.7690    30.7776   
6.1925     34.9171   
6.5930     25.6831   
12.4555    34.5671   
16.2481    35.8795   

# Frame135

# x        y
5.6924     13.3987   
12.8147    30.8508   
6.1925     34.9171   
6.5930     25.6831   
12.4555    34.5671   
16.2481    35.8795   

# Frame136

# x        y
5.6924     13.3987   
12.8596    30.9227   
6.1925     34.9171   
6.5930     25.6831   
12.4555    34.5671   
16.2481    35.8795   

# Frame137

# x        y
5.6924     13.3987   
12.9038    30.9935   
6.1925     34.9171   
6.5930     25.6831   
12.4555    34.5671   
16.2481    35.8795   

# Frame138

# x        y
5.6924     13.3987   
12.9472    31.0631   
6.1925     34.9171   
6.5930     25.6831   
12.4555    34.5671   
16.2481    35.8795   

# Frame139

# x        y
5.6924     13.3987   
12.9899    31.1315   
6.1925     34.9171   
6.5930     25.6831   
12.4555    34.5671   
16.2481    35.8795   

# Frame140

# x        y
5.6924     13.3987   
13.0319    31.1988   
6.1925     34.9171   
6.5930     25.6831   
12.4555    34.5671   
16.2481    35.8795   

# Frame141

# x        y
5.6924     13.3987   
13.0732    31.2650   
6.1925     34.9171   
6.5930     25.6831   
12.4555    34.5671   
16.2481    35.8795   

# Frame142

# x        y
5.6924     13.3987   
13.1138    31.3300   
6.1925     34.9171   
6.5930     25.6831   
12.4555    34.5671   
16.2481    35.8795   

# Frame143

# x        y
5.6924     13.3987   
13.1537    31.3940   
6.1925     34.9171   
6.5930     25.6831   
12.4555    34.5671   
16.2481    35.8795   

# Frame144

# x        y
5.6924     13.3987   
13.1930    31.4569   
6.1925     34.9171   
6.5930     25.6831   
12.4555    34.5671   
16.2481    35.8795   

# Frame145

# x        y
5.6924     13.3987   
13.2316    31.5188   
6.1925     34.9171   
6.5930     25.6831   
12.4555    34.5671   
16.2481    35.8795   

# Frame146

# x        y
5.6924     13.3987   
13.2696    31.5796   
6.1925     34.9171   
6.5930     25.6831   
12.4555    34.5671   
16.2481    35.8795   

# Frame147

# x        y
5.6924     13.3987   
13.3069    31.6394   
6.1925     34.9171   
6.5930     25.6831   
12.4555    34.5671   
16.2481    35.8795   

# Frame148

# x        y
5.6924     13.3987   
13.3436    31.6982   
6.1925     34.9171   
6.5930     25.6831   
12.4555    34.5671   
16.2481    35.8795   

# Frame149

# x        y
5.6924     13.3987   
13.3797    31.7561   
6.1925     34.9171   
6.5930     25.6831   
12.4555    34.5671   
16.2481    35.8795   

# Frame150

# x        y
5.6924     13.3987   
13.4152    31.8129   
6.1925     34.9171   
6.5930     25.6831   
12.4555    34.5671   
16.2481    35.8795   

# Frame151

# x        y
5.6924     13.3987   
13.4501    31.8689   
6.1925     34.9171   
6.5930     25.6831   
12.4555    34.5671   
16.2481    35.8795   

# Frame152

# x        y
5.6924     13.3987   
13.4845    31.9239   
6.1925     34.9171   
6.5930     25.6831   
12.4555    34.5671   
16.2481    35.8795   

# Frame153

# x        y
5.6924     13.3987   
13.5182    31.9779   
6.1925     34.9171   
6.5930     25.6831   
12.4555    34.5671   
16.2481    35.8795   

# Frame154

# x        y
5.6924     13.3987   
13.5514    32.0311   
6.1925     34.9171   
6.5930     25.6831   
12.4555    34.5671   
16.2481    35.8795   

# Frame155

# x        y
5.6924     13.3987   
13.5841    32.0834   
6.1925     34.9171   
6.5930     25.6831   
12.4555    34.5671   
16.2481    35.8795   

# Frame156

# x        y
5.6924     13.3987   
13.6161    32.1348   
6.1925     34.9171   
6.5930     25.6831   
12.4555    34.5671   
16.2481    35.8795   

# Frame157

# x        y
5.6924     13.3987   
13.6477    32.1854   
6.1925     34.9171   
6.5930     25.6831   
12.4555    34.5671   
16.2481    35.8795   

# Frame158

# x        y
5.6924     13.3987   
13.6787    32.2351   
6.1925     34.9171   
6.5930     25.6831   
12.4555    34.5671   
16.2481    35.8795   

# Frame159

# x        y
5.6924     13.3987   
13.7093    32.2840   
6.1925     34.9171   
6.5930     25.6831   
12.4555    34.5671   
16.2481    35.8795   

# Frame160

# x        y
5.6924     13.3987   
13.7393    32.3321   
6.1925     34.9171   
6.5930     25.6831   
12.4555    34.5671   
16.2481    35.8795   

# Frame161

# x        y
5.6924     13.3987   
13.7688    32.3793   
6.1925     34.9171   
6.5930     25.6831   
12.4555    34.5671   
16.2481    35.8795   

# Frame162

# x        y
5.6924     13.3987   
13.7978    32.4258   
6.1925     34.9171   
6.5930     25.6831   
12.4555    34.5671   
16.2481    35.8795   

# Frame163

# x        y
5.6924     13.3987   
13.8263    32.4715   
6.1925     34.9171   
6.5930     25.6831   
12.4555    34.5671   
16.2481    35.8795   

# Frame164

# x        y
5.6924     13.3987   
13.8544    32.5165   
6.1925     34.9171   
6.5930     25.6831   
12.4555    34.5671   
16.2481    35.8795   

# Frame165

# x        y
5.6924     13.3987   
13.8820    32.5607   
6.1925     34.9171   
6.5930     25.6831   
12.4555    34.5671   
16.2481    35.8795   

# Frame166

# x        y
5.6924     13.3987   
13.9091    32.6042   
6.1925     34.9171   
6.5930     25.6831   
12.4555    34.5671   
16.2481    35.8795   

# Frame167

# x        y
5.6924     13.3987   
13.9358    32.6469   
6.1925     34.9171   
6.5930     25.6831   
12.4555    34.5671   
16.2481    35.8795   

# Frame168

# x        y
5.6924     13.3987   
13.9620    32.6889   
6.1925     34.9171   
6.5930     25.6831   
12.4555    34.5671   
16.2481    35.8795   

# Frame169

# x        y
5.6924     13.3987   
13.9878    32.7303   
6.1925     34.9171   
6.5930     25.6831   
12.4555    34.5671   
16.2481    35.8795   

# Frame170

# x        y
5.6924     13.3987   
14.0132    32.7709   
6.1925     34.9171   
6.5930     25.6831   
12.4555    34.5671   
16.2481    35.8795   

# Frame171

# x        y
5.6924     13.3987   
14.0381    32.8109   
6.1925     34.9171   
6.5930     25.6831   
12.4555    34.5671   
16.2481    35.8795   

# Frame172

# x        y
5.6924     13.3987   
14.0626    32.8502   
6.1925     34.9171   
6.5930     25.6831   
12.4555    34.5671   
16.2481    35.8795   

# Frame173

# x        y
5.6924     13.3987   
14.0868    32.8888   
6.1925     34.9171   
6.5930     25.6831   
12.4555    34.5671   
16.2481    35.8795   

# Frame174

# x        y
5.6924     13.3987   
14.1105    32.9268   
6.1925     34.9171   
6.5930     25.6831   
12.4555    34.5671   
16.2481    35.8795   

# Frame175

# x        y
5.6924     13.3987   
14.1338    32.9641   
6.1925     34.9171   
6.5930     25.6831   
12.4555    34.5671   
16.2481    35.8795   

# Frame176

# x        y
5.6924     13.3987   
14.1567    33.0009   
6.1925     34.9171   
6.5930     25.6831   
12.4555    34.5671   
16.2481    35.8795   

# Frame177

# x        y
5.6924     13.3987   
14.1793    33.0370   
6.1925     34.9171   
6.5930     25.6831   
12.4555    34.5671   
16.2481    35.8795   

# Frame178

# x        y
5.6924     13.3987   
14.2014    33.0725   
6.1925     34.9171   
6.5930     25.6831   
12.4555    34.5671   
16.2481    35.8795   

# Frame179

# x        y
5.6924     13.3987   
14.2233    33.1075   
6.1925     34.9171   
6.5930     25.6831   
12.4555    34.5671   
16.2481    35.8795   

# Frame180

# x        y
5.6924     13.3987   
14.2447    33.1418   
6.1925     34.9171   
6.5930     25.6831   
12.4555    34.5671   
16.2481    35.8795   

# Frame181

# x        y
5.6924     13.3987   
14.2658    33.1756   
6.1925     34.9171   
6.5930     25.6831   
12.4555    34.5671   
16.2481    35.8795   

# Frame182

# x        y
5.6924     13.3987   
14.2865    33.2088   
6.1925     34.9171   
6.5930     25.6831   
12.4555    34.5671   
16.2481    35.8795   

# Frame183

# x        y
5.6924     13.3987   
14.3069    33.2415   
6.1925     34.9171   
6.5930     25.6831   
12.4555    34.5671   
16.2481    35.8795   

# Frame184

# x        y
5.6924     13.3987   
14.3269    33.2736   
6.1925     34.9171   
6.5930     25.6831   
12.4555    34.5671   
16.2481    35.8795   

# Frame185

# x        y
5.6924     13.3987   
14.3467    33.3052   
6.1925     34.9171   
6.5930     25.6831   
12.4555    34.5671   
16.2481    35.8795   

# Frame186

# x        y
5.6924     13.3987   
14.3660    33.3362   
6.1925     34.9171   
6.5930     25.6831   
12.4555    34.5671   
16.2481    35.8795   

# Frame187

# x        y
5.6924     13.3987   
14.3851    33.3668   
6.1925     34.9171   
6.5930     25.6831   
12.4555    34.5671   
16.2481    35.8795   

# Frame188

# x        y
5.6924     13.3987   
14.4038    33.3968   
6.1925     34.9171   
6.5930     25.6831   
12.4555    34.5671   
16.2481    35.8795   

# Frame189

# x        y
5.6924     13.3987   
14.4223    33.4263   
6.1925     34.9171   
6.5930     25.6831   
12.4555    34.5671   
16.2481    35.8795   

# Frame190

# x        y
5.6924     13.3987   
14.4404    33.4554   
6.1925     34.9171   
6.5930     25.6831   
12.4555    34.5671   
16.2481    35.8795   

# Frame191

# x        y
5.6924     13.3987   
14.4582    33.4839   
6.1925     34.9171   
6.5930     25.6831   
12.4555    34.5671   
16.2481    35.8795   

# Frame192

# x        y
5.6924     13.3987   
14.4757    33.5120   
6.1925     34.9171   
6.5930     25.6831   
12.4555    34.5671   
16.2481    35.8795   

# Frame193

# x        y
5.6924     13.3987   
14.4930    33.5396   
6.1925     34.9171   
6.5930     25.6831   
12.4555    34.5671   
16.2481    35.8795   

# Frame194

# x        y
5.6924     13.3987   
14.5099    33.5668   
6.1925     34.9171   
6.5930     25.6831   
12.4555    34.5671   
16.2481    35.8795   

# Frame195

# x        y
5.6924     13.3987   
14.5266    33.5935   
6.1925     34.9171   
6.5930     25.6831   
12.4555    34.5671   
16.2481    35.8795   

# Frame196

# x        y
5.6924     13.3987   
14.5430    33.6197   
6.1925     34.9171   
6.5930     25.6831   
12.4555    34.5671   
16.2481    35.8795   

# Frame197

# x        y
5.6924     13.3987   
14.5591    33.6455   
6.1925     34.9171   
6.5930     25.6831   
12.4555    34.5671   
16.2481    35.8795   

# Frame198

# x        y
5.6924     13.3987   
14.5749    33.6709   
6.1925     34.9171   
6.5930     25.6831   
12.4555    34.5671   
16.2481    35.8795   

# Frame199

# x        y
5.6924     13.3987   
14.5905    33.6959   
6.1925     34.9171   
6.5930     25.6831   
12.4555    34.5671   
16.2481    35.8795   

# Frame200

# x        y
5.6924     13.3987   
14.6058    33.7204   
6.1925     34.9171   
6.5930     25.6831   
12.4555    34.5671   
16.2481    35.8795   

# Frame201

# x        y
5.6924     13.3987   
14.6209    33.7445   
6.1925     34.9171   
6.5930     25.6831   
12.4555    34.5671   
16.2481    35.8795   

# Frame202

# x        y
5.6924     13.3987   
14.6357    33.7683   
6.1925     34.9171   
6.5930     25.6831   
12.4555    34.5671   
16.2481    35.8795   

# Frame203

# x        y
5.6924     13.3987   
14.6503    33.7916   
6.1925     34.9171   
6.5930     25.6831   
12.4555    34.5671   
16.2481    35.8795   

# Frame204

# x        y
5.6924     13.3987   
14.6646    33.8146   
6.1925     34.9171   
6.5930     25.6831   
12.4555    34.5671   
16.2481    35.8795   

# Frame205

# x        y
5.6924     13.3987   
14.6787    33.8371   
6.1925     34.9171   
6.5930     25.6831   
12.4555    34.5671   
16.2481    35.8795   

# Frame206

# x        y
5.6924     13.3987   
14.6925    33.8593   
6.1925     34.9171   
6.5930     25.6831   
12.4555    34.5671   
16.2481    35.8795   

# Frame207

# x        y
5.6924     13.3987   
14.7062    33.8811   
6.1925     34.9171   
6.5930     25.6831   
12.4555    34.5671   
16.2481    35.8795   

# Frame208

# x        y
5.6924     13.3987   
14.7195    33.9026   
6.1925     34.9171   
6.5930     25.6831   
12.4555    34.5671   
16.2481    35.8795   

# Frame209

# x        y
5.6924     13.3987   
14.7327    33.9237   
6.1925     34.9171   
6.5930     25.6831   
12.4555    34.5671   
16.2481    35.8795   

# Frame210

# x        y
5.6924     13.3987   
14.7457    33.9444   
6.1925     34.9171   
6.5930     25.6831   
12.4555    34.5671   
16.2481    35.8795   

# Frame211

# x        y
5.6924     13.3987   
14.7584    33.9648   
6.1925     34.9171   
6.5930     25.6831   
12.4555    34.5671   
16.2481    35.8795   

# Frame212

# x        y
5.6924     13.3987   
14.7709    33.9849   
6.1925     34.9171   
6.5930     25.6831   
12.4555    34.5671   
16.2481    35.8795   

# Frame213

# x        y
5.6924     13.3987   
14.7832    34.0046   
6.1925     34.9171   
6.5930     25.6831   
12.4555    34.5671   
16.2481    35.8795   

# Frame214

# x        y
5.6924     13.3987   
14.7953    34.0240   
6.1925     34.9171   
6.5930     25.6831   
12.4555    34.5671   
16.2481    35.8795   

# Frame215

# x        y
5.6924     13.3987   
14.8072    34.0431   
6.1925     34.9171   
6.5930     25.6831   
12.4555    34.5671   
16.2481    35.8795   

# Frame216

# x        y
5.6924     13.3987   
14.8190    34.0619   
6.1925     34.9171   
6.5930     25.6831   
12.4555    34.5671   
16.2481    35.8795   

# Frame217

# x        y
5.6924     13.3987   
14.8305    34.0803   
6.1925     34.9171   
6.5930     25.6831   
12.4555    34.5671   
16.2481    35.8795   

# Frame218

# x        y
5.6924     13.3987   
14.8418    34.0984   
6.1925     34.9171   
6.5930     25.6831   
12.4555    34.5671   
16.2481    35.8795   

# Frame219

# x        y
5.6924     13.3987   
14.8529    34.1163   
6.1925     34.9171   
6.5930     25.6831   
12.4555    34.5671   
16.2481    35.8795   

# Frame220

# x        y
5.6924     13.3987   
14.8639    34.1338   
6.1925     34.9171   
6.5930     25.6831   
12.4555    34.5671   
16.2481    35.8795   

# Frame221

# x        y
5.6924     13.3987   
14.8746    34.1511   
6.1925     34.9171   
6.5930     25.6831   
12.4555    34.5671   
16.2481    35.8795   

# Frame222

# x        y
5.6924     13.3987   
14.8852    34.1680   
6.1925     34.9171   
6.5930     25.6831   
12.4555    34.5671   
16.2481    35.8795   

# Frame223

# x        y
5.6924     13.3987   
14.8956    34.1847   
6.1925     34.9171   
6.5930     25.6831   
12.4555    34.5671   
16.2481    35.8795   

# Frame224

# x        y
5.6924     13.3987   
14.9059    34.2011   
6.1925     34.9171   
6.5930     25.6831   
12.4555    34.5671   
16.2481    35.8795   

# Frame225

# x        y
5.6924     13.3987   
14.9159    34.2172   
6.1925     34.9171   
6.5930     25.6831   
12.4555    34.5671   
16.2481    35.8795   

# Frame226

# x        y
5.6924     13.3987   
14.9258    34.2331   
6.1925     34.9171   
6.5930     25.6831   
12.4555    34.5671   
16.2481    35.8795   

# Frame227

# x        y
5.6924     13.3987   
14.9356    34.2487   
6.1925     34.9171   
6.5930     25.6831   
12.4555    34.5671   
16.2481    35.8795   

# Frame228

# x        y
5.6924     13.3987   
14.9451    34.2640   
6.1925     34.9171   
6.5930     25.6831   
12.4555    34.5671   
16.2481    35.8795   

# Frame229

# x        y
5.6924     13.3987   
14.9545    34.2791   
6.1925     34.9171   
6.5930     25.6831   
12.4555    34.5671   
16.2481    35.8795   

# Frame230

# x        y
5.6924     13.3987   
14.9638    34.2939   
6.1925     34.9171   
6.5930     25.6831   
12.4555    34.5671   
16.2481    35.8795   

# Frame231

# x        y
5.6924     13.3987   
14.9729    34.3085   
6.1925     34.9171   
6.5930     25.6831   
12.4555    34.5671   
16.2481    35.8795   

# Frame232

# x        y
5.6924     13.3987   
14.9818    34.3228   
6.1925     34.9171   
6.5930     25.6831   
12.4555    34.5671   
16.2481    35.8795   

# Frame233

# x        y
5.6924     13.3987   
14.9906    34.3369   
6.1925     34.9171   
6.5930     25.6831   
12.4555    34.5671   
16.2481    35.8795   

# Frame234

# x        y
5.6924     13.3987   
14.9942    34.3438   
6.1925     34.9171   
6.5930     25.6831   
12.4555    34.5671   
16.2532    35.8864   

# Frame235

# x        y
5.6924     13.3987   
14.9977    34.3507   
6.1925     34.9171   
6.5930     25.6831   
12.4555    34.5671   
16.2581    35.8932   

# Frame236

# x        y
5.6924     13.3987   
15.0013    34.3576   
6.1925     34.9171   
6.5930     25.6831   
12.4555    34.5671   
16.2629    35.8997   

# Frame237

# x        y
5.6924     13.3987   
15.0048    34.3643   
6.1925     34.9171   
6.5930     25.6831   
12.4555    34.5671   
16.2677    35.9061   

# Frame238

# x        y
5.6924     13.3987   
15.0083    34.3710   
6.1925     34.9171   
6.5930     25.6831   
12.4555    34.5671   
16.2723    35.9124   

# Frame239

# x        y
5.6924     13.3987   
15.0117    34.3776   
6.1925     34.9171   
6.5930     25.6831   
12.4555    34.5671   
16.2768    35.9186   

# Frame240

# x        y
5.6924     13.3987   
15.0151    34.3841   
6.1925     34.9171   
6.5930     25.6831   
12.4555    34.5671   
16.2812    35.9246   

# Frame241

# x        y
5.6924     13.3987   
15.0185    34.3905   
6.1925     34.9171   
6.5930     25.6831   
12.4555    34.5671   
16.2855    35.9305   

# Frame242

# x        y
5.6924     13.3987   
15.0218    34.3969   
6.1925     34.9171   
6.5930     25.6831   
12.4555    34.5671   
16.2898    35.9363   

# Frame243

# x        y
5.6924     13.3987   
15.0251    34.4031   
6.1925     34.9171   
6.5930     25.6831   
12.4555    34.5671   
16.2939    35.9419   

# Frame244

# x        y
5.6924     13.3987   
15.0283    34.4092   
6.1925     34.9171   
6.5930     25.6831   
12.4555    34.5671   
16.2980    35.9475   

# Frame245

# x        y
5.6924     13.3987   
15.0315    34.4153   
6.1925     34.9171   
6.5930     25.6831   
12.4555    34.5671   
16.3020    35.9530   

# Frame246

# x        y
5.6924     13.3987   
15.0346    34.4212   
6.1925     34.9171   
6.5930     25.6831   
12.4555    34.5671   
16.3060    35.9584   

# Frame247

# x        y
5.6924     13.3987   
15.0377    34.4271   
6.1925     34.9171   
6.5930     25.6831   
12.4555    34.5671   
16.3098    35.9636   

# Frame248

# x        y
5.6924     13.3987   
15.0407    34.4329   
6.1925     34.9171   
6.5930     25.6831   
12.4555    34.5671   
16.3136    35.9688   

# Frame249

# x        y
5.6924     13.3987   
15.0437    34.4385   
6.1925     34.9171   
6.5930     25.6831   
12.4555    34.5671   
16.3174    35.9739   

# Frame250

# x        y
5.6924     13.3987   
15.0467    34.4441   
6.1925     34.9171   
6.5930     25.6831   
12.4555    34.5671   
16.3210    35.9790   

# Frame251

# x        y
5.6924     13.3987   
15.0496    34.4496   
6.1925     34.9171   
6.5930     25.6831   
12.4555    34.5671   
16.3246    35.9839   

# Frame252

# x        y
5.6924     13.3987   
15.0524    34.4550   
6.1925     34.9171   
6.5930     25.6831   
12.4555    34.5671   
16.3282    35.9887   

# Frame253

# x        y
5.6924     13.3987   
15.0552    34.4603   
6.1925     34.9171   
6.5930     25.6831   
12.4555    34.5671   
16.3317    35.9935   

# Frame254

# x        y
5.6924     13.3987   
15.0580    34.4655   
6.1925     34.9171   
6.5930     25.6831   
12.4555    34.5671   
16.3351    35.9982   

# Frame255

# x        y
5.6924     13.3987   
15.0607    34.4707   
6.1925     34.9171   
6.5930     25.6831   
12.4555    34.5671   
16.3385    36.0028   

# Frame256

# x        y
5.6924     13.3987   
15.0633    34.4757   
6.1925     34.9171   
6.5930     25.6831   
12.4555    34.5671   
16.3418    36.0073   

# Frame257

# x        y
5.6924     13.3987   
15.0660    34.4807   
6.1925     34.9171   
6.5930     25.6831   
12.4555    34.5671   
16.3450    36.0117   

# Frame258

# x        y
5.6924     13.3987   
15.0685    34.4856   
6.1925     34.9171   
6.5930     25.6831   
12.4555    34.5671   
16.3482    36.0161   

# Frame259

# x        y
5.6924     13.3987   
15.0711    34.4904   
6.1925     34.9171   
6.5930     25.6831   
12.4555    34.5671   
16.3514    36.0204   

# Frame260

# x        y
5.6924     13.3987   
15.0736    34.4951   
6.1925     34.9171   
6.5930     25.6831   
12.4555    34.5671   
16.3545    36.0246   

# Frame261

# x        y
5.6924     13.3987   
15.0760    34.4998   
6.1925     34.9171   
6.5930     25.6831   
12.4555    34.5671   
16.3575    36.0288   

# Frame262

# x        y
5.6924     13.3987   
15.0784    34.5043   
6.1925     34.9171   
6.5930     25.6831   
12.4555    34.5671   
16.3605    36.0329   

# Frame263

# x        y
5.6924     13.3987   
15.0808    34.5088   
6.1925     34.9171   
6.5930     25.6831   
12.4555    34.5671   
16.3635    36.0369   

# Frame264

# x        y
5.6924     13.3987   
15.0831    34.5132   
6.1925     34.9171   
6.5930     25.6831   
12.4555    34.5671   
16.3664    36.0409   

# Frame265

# x        y
5.6924     13.3987   
15.0854    34.5176   
6.1925     34.9171   
6.5930     25.6831   
12.4555    34.5671   
16.3692    36.0448   

# Frame266

# x        y
5.6924     13.3987   
15.0877    34.5218   
6.1925     34.9171   
6.5930     25.6831   
12.4555    34.5671   
16.3720    36.0486   

# Frame267

# x        y
5.6924     13.3987   
15.0899    34.5260   
6.1925     34.9171   
6.5930     25.6831   
12.4555    34.5671   
16.3748    36.0523   

# Frame268

# x        y
5.6924     13.3987   
15.0921    34.5302   
6.1925     34.9171   
6.5930     25.6831   
12.4555    34.5671   
16.3775    36.0560   

# Frame269

# x        y
5.6924     13.3987   
15.0942    34.5342   
6.1925     34.9171   
6.5930     25.6831   
12.4555    34.5671   
16.3801    36.0597   

# Frame270

# x        y
5.6924     13.3987   
15.0963    34.5382   
6.1925     34.9171   
6.5930     25.6831   
12.4555    34.5671   
16.3827    36.0633   

# Frame271

# x        y
5.6924     13.3987   
15.0984    34.5421   
6.1925     34.9171   
6.5930     25.6831   
12.4555    34.5671   
16.3853    36.0668   

# Frame272

# x        y
5.6924     13.3987   
15.1004    34.5460   
6.1925     34.9171   
6.5930     25.6831   
12.4555    34.5671   
16.3879    36.0702   

# Frame273

# x        y
5.6924     13.3987   
15.1024    34.5498   
6.1925     34.9171   
6.5930     25.6831   
12.4555    34.5671   
16.3903    36.0736   

# Frame274

# x        y
5.6924     13.3987   
15.1044    34.5535   
6.1925     34.9171   
6.5930     25.6831   
12.4555    34.5671   
16.3928    36.0770   

# Frame275

# x        y
5.6924     13.3987   
15.1063    34.5572   
6.1925     34.9171   
6.5930     25.6831   
12.4555    34.5671   
16.3952    36.0803   

# Frame276

# x        y
5.6924     13.3987   
15.1082    34.5608   
6.1925     34.9171   
6.5930     25.6831   
12.4555    34.5671   
16.3976    36.0835   

# Frame277

# x        y
5.6924     13.3987   
15.1101    34.5644   
6.1925     34.9171   
6.5930     25.6831   
12.4555    34.5671   
16.3999    36.0867   

# Frame278

# x        y
5.6924     13.3987   
15.1119    34.5679   
6.1925     34.9171   
6.5930     25.6831   
12.4555    34.5671   
16.4022    36.0898   

# Frame279

# x        y
5.6924     13.3987   
15.1138    34.5713   
6.1925     34.9171   
6.5930     25.6831   
12.4555    34.5671   
16.4044    36.0929   

# Frame280

# x        y
5.6924     13.3987   
15.1155    34.5747   
6.1925     34.9171   
6.5930     25.6831   
12.4555    34.5671   
16.4066    36.0959   

# Frame281

# x        y
5.6924     13.3987   
15.1173    34.5780   
6.1925     34.9171   
6.5930     25.6831   
12.4555    34.5671   
16.4088    36.0989   

# Frame282

# x        y
5.6924     13.3987   
15.1190    34.5813   
6.1925     34.9171   
6.5930     25.6831   
12.4555    34.5671   
16.4110    36.1018   

# Frame283

# x        y
5.6924     13.3987   
15.1207    34.5845   
6.1925     34.9171   
6.5930     25.6831   
12.4555    34.5671   
16.4131    36.1046   

# Frame284

# x        y
5.6924     13.3987   
15.1224    34.5876   
6.1925     34.9171   
6.5930     25.6831   
12.4555    34.5671   
16.4151    36.1075   

# Frame285

# x        y
5.6924     13.3987   
15.1240    34.5907   
6.1925     34.9171   
6.5930     25.6831   
12.4555    34.5671   
16.4172    36.1103   

# Frame286

# x        y
5.6924     13.3987   
15.1256    34.5938   
6.1925     34.9171   
6.5930     25.6831   
12.4555    34.5671   
16.4192    36.1130   

# Frame287

# x        y
5.6924     13.3987   
15.1272    34.5968   
6.1925     34.9171   
6.5930     25.6831   
12.4555    34.5671   
16.4211    36.1157   

# Frame288

# x        y
5.6924     13.3987   
15.1287    34.5997   
6.1925     34.9171   
6.5930     25.6831   
12.4555    34.5671   
16.4231    36.1183   

# Frame289

# x        y
5.6924     13.3987   
15.1303    34.6026   
6.1925     34.9171   
6.5930     25.6831   
12.4555    34.5671   
16.4250    36.1209   

# Frame290

# x        y
5.6924     13.3987   
15.1318    34.6055   
6.1925     34.9171   
6.5930     25.6831   
12.4555    34.5671   
16.4268    36.1235   

# Frame291

# x        y
5.6924     13.3987   
15.1333    34.6083   
6.1925     34.9171   
6.5930     25.6831   
12.4555    34.5671   
16.4287    36.1260   

# Frame292

# x        y
5.6924     13.3987   
15.1347    34.6110   
6.1925     34.9171   
6.5930     25.6831   
12.4555    34.5671   
16.4305    36.1285   

# Frame293

# x        y
5.6924     13.3987   
15.1361    34.6138   
6.1925     34.9171   
6.5930     25.6831   
12.4555    34.5671   
16.4323    36.1309   

# Frame294

# x        y
5.6924     13.3987   
15.1376    34.6164   
6.1925     34.9171   
6.5930     25.6831   
12.4555    34.5671   
16.4340    36.1333   

# Frame295

# x        y
5.6924     13.3987   
15.1389    34.6190   
6.1925     34.9171   
6.5930     25.6831   
12.4555    34.5671   
16.4357    36.1356   

# Frame296

# x        y
5.6924     13.3987   
15.1403    34.6216   
6.1925     34.9171   
6.5930     25.6831   
12.4555    34.5671   
16.4374    36.1379   

# Frame297

# x        y
5.6924     13.3987   
15.1416    34.6242   
6.1925     34.9171   
6.5930     25.6831   
12.4555    34.5671   
16.4391    36.1402   

# Frame298

# x        y
5.6924     13.3987   
15.1430    34.6267   
6.1925     34.9171   
6.5930     25.6831   
12.4555    34.5671   
16.4407    36.1424   

# Frame299

# x        y
5.6924     13.3987   
15.1442    34.6291   
6.1925     34.9171   
6.5930     25.6831   
12.4555    34.5671   
16.4423    36.1446   

# Frame300

# x        y
5.6924     13.3987   
15.1455    34.6315   
6.1925     34.9171   
6.5930     25.6831   
12.4555    34.5671   
16.4439    36.1468   

# Frame301

# x        y
5.6924     13.3987   
15.1468    34.6339   
6.1925     34.9171   
6.5930     25.6831   
12.4555    34.5671   
16.4455    36.1489   

# Frame302

# x        y
5.6924     13.3987   
15.1480    34.6362   
6.1925     34.9171   
6.5930     25.6831   
12.4555    34.5671   
16.4470    36.1510   

# Frame303

# x        y
5.6924     13.3987   
15.1492    34.6385   
6.1925     34.9171   
6.5930     25.6831   
12.4555    34.5671   
16.4485    36.1531   

# Frame304

# x        y
5.6924     13.3987   
15.1504    34.6408   
6.1925     34.9171   
6.5930     25.6831   
12.4555    34.5671   
16.4500    36.1551   

# Frame305

# x        y
5.6924     13.3987   
15.1516    34.6430   
6.1925     34.9171   
6.5930     25.6831   
12.4555    34.5671   
16.4514    36.1571   

# Frame306

# x        y
5.6924     13.3987   
15.1527    34.6452   
6.1925     34.9171   
6.5930     25.6831   
12.4555    34.5671   
16.4529    36.1590   

# Frame307

# x        y
5.6924     13.3987   
15.1539    34.6473   
6.1925     34.9171   
6.5930     25.6831   
12.4555    34.5671   
16.4543    36.1609   

# Frame308

# x        y
5.6924     13.3987   
15.1550    34.6494   
6.1925     34.9171   
6.5930     25.6831   
12.4555    34.5671   
16.4557    36.1628   

# Frame309

# x        y
5.6924     13.3987   
15.1561    34.6515   
6.1925     34.9171   
6.5930     25.6831   
12.4555    34.5671   
16.4570    36.1647   

# Frame310

# x        y
5.6924     13.3987   
15.1571    34.6535   
6.1925     34.9171   
6.5930     25.6831   
12.4555    34.5671   
16.4583    36.1665   

# Frame311

# x        y
5.6924     13.3987   
15.1582    34.6555   
6.1925     34.9171   
6.5930     25.6831   
12.4555    34.5671   
16.4597    36.1683   

# Frame312

# x        y
5.6924     13.3987   
15.1592    34.6575   
6.1925     34.9171   
6.5930     25.6831   
12.4555    34.5671   
16.4610    36.1701   

# Frame313

# x        y
5.6924     13.3987   
15.1603    34.6594   
6.1925     34.9171   
6.5930     25.6831   
12.4555    34.5671   
16.4622    36.1718   

# Frame314

# x        y
5.6924     13.3987   
15.1613    34.6613   
6.1925     34.9171   
6.5930     25.6831   
12.4555    34.5671   
16.4635    36.1735   

# Frame315

# x        y
5.6924     13.3987   
15.1622    34.6632   
6.1925     34.9171   
6.5930     25.6831   
12.4555    34.5671   
16.4647    36.1752   

# Frame316

# x        y
5.6924     13.3987   
15.1632    34.6651   
6.1925     34.9171   
6.5930     25.6831   
12.4555    34.5671   
16.4659    36.1768   

# Frame317

# x        y
5.6924     13.3987   
15.1642    34.6669   
6.1925     34.9171   
6.5930     25.6831   
12.4555    34.5671   
16.4671    36.1785   

# Frame318

# x        y
5.6924     13.3987   
15.1651    34.6687   
6.1925     34.9171   
6.5930     25.6831   
12.4555    34.5671   
16.4683    36.1801   

# Frame319

# x        y
5.6924     13.3987   
15.1660    34.6704   
6.1925     34.9171   
6.5930     25.6831   
12.4555    34.5671   
16.4694    36.1816   

# Frame320

# x        y
5.6924     13.3987   
15.1669    34.6721   
6.1925     34.9171   
6.5930     25.6831   
12.4555    34.5671   
16.4705    36.1832   

# Frame321

# x        y
5.6924     13.3987   
15.1678    34.6738   
6.1925     34.9171   
6.5930     25.6831   
12.4555    34.5671   
16.4717    36.1847   

# Frame322

# x        y
5.6924     13.3987   
15.1687    34.6755   
6.1925     34.9171   
6.5930     25.6831   
12.4555    34.5671   
16.4727    36.1862   

# Frame323

# x        y
5.6924     13.3987   
15.1696    34.6771   
6.1925     34.9171   
6.5930     25.6831   
12.4555    34.5671   
16.4738    36.1876   

# Frame324

# x        y
5.6924     13.3987   
15.1704    34.6787   
6.1925     34.9171   
6.5930     25.6831   
12.4555    34.5671   
16.4749    36.1891   

# Frame325

# x        y
5.6924     13.3987   
15.1713    34.6803   
6.1925     34.9171   
6.5930     25.6831   
12.4555    34.5671   
16.4759    36.1905   

# Frame326

# x        y
5.6924     13.3987   
15.1721    34.6819   
6.1925     34.9171   
6.5930     25.6831   
12.4555    34.5671   
16.4769    36.1919   

# Frame327

# x        y
5.6924     13.3987   
15.1729    34.6834   
6.1925     34.9171   
6.5930     25.6831   
12.4555    34.5671   
16.4779    36.1933   

# Frame328

# x        y
5.6924     13.3987   
15.1737    34.6849   
6.1925     34.9171   
6.5930     25.6831   
12.4555    34.5671   
16.4789    36.1946   

# Frame329

# x        y
5.6924     13.3987   
15.1745    34.6864   
6.1925     34.9171   
6.5930     25.6831   
12.4555    34.5671   
16.4799    36.1960   

# Frame330

# x        y
5.6924     13.3987   
15.1752    34.6879   
6.1925     34.9171   
6.5930     25.6831   
12.4555    34.5671   
16.4809    36.1973   

# Frame331

# x        y
5.6924     13.3987   
15.1760    34.6893   
6.1925     34.9171   
6.5930     25.6831   
12.4555    34.5671   
16.4818    36.1985   

# Frame332

# x        y
5.6924     13.3987   
15.1767    34.6907   
6.1925     34.9171   
6.5930     25.6831   
12.4555    34.5671   
16.4827    36.1998   

# Frame333

# x        y
5.6924     13.3987   
15.1775    34.6921   
6.1925     34.9171   
6.5930     25.6831   
12.4555    34.5671   
16.4836    36.2010   

# Frame334

# x        y
5.6924     13.3987   
15.1782    34.6934   
6.1925     34.9171   
6.5930     25.6831   
12.4555    34.5671   
16.4845    36.2023   

# Frame335

# x        y
5.6924     13.3987   
15.1789    34.6948   
6.1925     34.9171   
6.5930     25.6831   
12.4555    34.5671   
16.4854    36.2035   

# Frame336

# x        y
5.6924     13.3987   
15.1796    34.6961   
6.1925     34.9171   
6.5930     25.6831   
12.4555    34.5671   
16.4863    36.2046   

# Frame337

# x        y
5.6924     13.3987   
15.1803    34.6974   
6.1925     34.9171   
6.5930     25.6831   
12.4555    34.5671   
16.4871    36.2058   

# Frame338

# x        y
5.6924     13.3987   
15.1809    34.6987   
6.1925     34.9171   
6.5930     25.6831   
12.4555    34.5671   
16.4879    36.2069   

# Frame339

# x        y
5.6924     13.3987   
15.1816    34.6999   
6.1925     34.9171   
6.5930     25.6831   
12.4555    34.5671   
16.4888    36.2081   

# Frame340

# x        y
5.6924     13.3987   
15.1823    34.7011   
6.1925     34.9171   
6.5930     25.6831   
12.4555    34.5671   
16.4896    36.2092   

# Frame341

# x        y
5.6924     13.3987   
15.1829    34.7024   
6.1925     34.9171   
6.5930     25.6831   
12.4555    34.5671   
16.4904    36.2103   

# Frame342

# x        y
5.6924     13.3987   
15.1835    34.7035   
6.1925     34.9171   
6.5930     25.6831   
12.4555    34.5671   
16.4911    36.2113   

# Frame343

# x        y
5.6924     13.3987   
15.1841    34.7047   
6.1925     34.9171   
6.5930     25.6831   
12.4555    34.5671   
16.4919    36.2124   

# Frame344

# x        y
5.6924     13.3987   
15.1847    34.7059   
6.1925     34.9171   
6.5930     25.6831   
12.4555    34.5671   
16.4927    36.2134   

# Frame345

# x        y
5.6924     13.3987   
15.1853    34.7070   
6.1925     34.9171   
6.5930     25.6831   
12.4555    34.5671   
16.4934    36.2144   

# Frame346

# x        y
5.6924     13.3987   
15.1859    34.7081   
6.1925     34.9171   
6.5930     25.6831   
12.4555    34.5671   
16.4941    36.2154   

# Frame347

# x        y
5.6924     13.3987   
15.1865    34.7092   
6.1925     34.9171   
6.5930     25.6831   
12.4555    34.5671   
16.4949    36.2164   

# Frame348

# x        y
5.6924     13.3987   
15.1871    34.7103   
6.1925     34.9171   
6.5930     25.6831   
12.4555    34.5671   
16.4956    36.2174   

# Frame349

# x        y
5.6924     13.3987   
15.1876    34.7113   
6.1925     34.9171   
6.5930     25.6831   
12.4555    34.5671   
16.4963    36.2183   

# Frame350

# x        y
5.6924     13.3987   
15.1882    34.7124   
6.1925     34.9171   
6.5930     25.6831   
12.4555    34.5671   
16.4969    36.2192   

# Frame351

# x        y
5.6924     13.3987   
15.1887    34.7134   
6.1925     34.9171   
6.5930     25.6831   
12.4555    34.5671   
16.4976    36.2201   

# Frame352

# x        y
5.6924     13.3987   
15.1893    34.7144   
6.1925     34.9171   
6.5930     25.6831   
12.4555    34.5671   
16.4983    36.2210   

# Frame353

# x        y
5.6924     13.3987   
15.1898    34.7154   
6.1925     34.9171   
6.5930     25.6831   
12.4555    34.5671   
16.4989    36.2219   

# Frame354

# x        y
5.6924     13.3987   
15.1903    34.7164   
6.1925     34.9171   
6.5930     25.6831   
12.4555    34.5671   
16.4996    36.2228   

# Frame355

# x        y
5.6924     13.3987   
15.1908    34.7173   
6.1925     34.9171   
6.5930     25.6831   
12.4555    34.5671   
16.5002    36.2237   

# Frame356

# x        y
5.6924     13.3987   
15.1913    34.7183   
6.1925     34.9171   
6.5930     25.6831   
12.4555    34.5671   
16.5008    36.2245   

# Frame357

# x        y
5.6924     13.3987   
15.1918    34.7192   
6.1925     34.9171   
6.5930     25.6831   
12.4555    34.5671   
16.5014    36.2253   

# Frame358

# x        y
5.6924     13.3987   
15.1923    34.7201   
6.1925     34.9171   
6.5930     25.6831   
12.4555    34.5671   
16.5020    36.2261   

# Frame359

# x        y
5.6924     13.3987   
15.1927    34.7210   
6.1925     34.9171   
6.5930     25.6831   
12.4555    34.5671   
16.5026    36.2269   

# Frame360

# x        y
5.6924     13.3987   
15.1932    34.7219   
6.1925     34.9171   
6.5930     25.6831   
12.4555    34.5671   
16.5032    36.2277   

# Frame361

# x        y
5.6924     13.3987   
15.1937    34.7228   
6.1925     34.9171   
6.5930     25.6831   
12.4555    34.5671   
16.5037    36.2285   

# Frame362

# x        y
5.6924     13.3987   
15.1941    34.7236   
6.1925     34.9171   
6.5930     25.6831   
12.4555    34.5671   
16.5043    36.2293   

# Frame363

# x        y
5.6924     13.3987   
15.1945    34.7244   
6.1925     34.9171   
6.5930     25.6831   
12.4555    34.5671   
16.5048    36.2300   

# Frame364

# x        y
5.6924     13.3987   
15.1950    34.7253   
6.1925     34.9171   
6.5930     25.6831   
12.4555    34.5671   
16.5054    36.2308   

# Frame365

# x        y
5.6924     13.3987   
15.1954    34.7261   
6.1925     34.9171   
6.5930     25.6831   
12.4555    34.5671   
16.5059    36.2315   

# Frame366

# x        y
5.6924     13.3987   
15.1958    34.7269   
6.1925     34.9171   
6.5930     25.6831   
12.4555    34.5671   
16.5064    36.2322   

# Frame367

# x        y
5.6924     13.3987   
15.1962    34.7276   
6.1925     34.9171   
6.5930     25.6831   
12.4555    34.5671   
16.5069    36.2329   

# Frame368

# x        y
5.6924     13.3987   
15.1966    34.7284   
6.1925     34.9171   
6.5930     25.6831   
12.4555    34.5671   
16.5074    36.2336   

# Frame369

# x        y
5.6924     13.3987   
15.1970    34.7292   
6.1925     34.9171   
6.5930     25.6831   
12.4555    34.5671   
16.5079    36.2343   

# Frame370

# x        y
5.6924     13.3987   
15.1974    34.7299   
6.1925     34.9171   
6.5930     25.6831   
12.4555    34.5671   
16.5084    36.2349   

# Frame371

# x        y
5.6924     13.3987   
15.1978    34.7306   
6.1925     34.9171   
6.5930     25.6831   
12.4555    34.5671   
16.5089    36.2356   

# Frame372

# x        y
5.6924     13.3987   
15.1982    34.7314   
6.1925     34.9171   
6.5930     25.6831   
12.4555    34.5671   
16.5094    36.2362   

# Frame373

# x        y
5.6924     13.3987   
15.1986    34.7321   
6.1925     34.9171   
6.5930     25.6831   
12.4555    34.5671   
16.5098    36.2369   

# Frame374

# x        y
5.6924     13.3987   
15.1989    34.7328   
6.1925     34.9171   
6.5930     25.6831   
12.4555    34.5671   
16.5103    36.2375   

# Frame375

# x        y
5.6924     13.3987   
15.1993    34.7334   
6.1925     34.9171   
6.5930     25.6831   
12.4555    34.5671   
16.5107    36.2381   

# Frame376

# x        y
5.6924     13.3987   
15.1996    34.7341   
6.1925     34.9171   
6.5930     25.6831   
12.4555    34.5671   
16.5112    36.2387   

# Frame377

# x        y
5.6924     13.3987   
15.2000    34.7348   
6.1925     34.9171   
6.5930     25.6831   
12.4555    34.5671   
16.5116    36.2393   

# Frame378

# x        y
5.6924     13.3987   
15.2003    34.7354   
6.1925     34.9171   
6.5930     25.6831   
12.4555    34.5671   
16.5120    36.2399   

# Frame379

# x        y
5.6924     13.3987   
15.2007    34.7361   
6.1925     34.9171   
6.5930     25.6831   
12.4555    34.5671   
16.5125    36.2405   

# Frame380

# x        y
5.6924     13.3987   
15.2010    34.7367   
6.1925     34.9171   
6.5930     25.6831   
12.4555    34.5671   
16.5129    36.2410   

# Frame381

# x        y
5.6924     13.3987   
15.2013    34.7373   
6.1925     34.9171   
6.5930     25.6831   
12.4555    34.5671   
16.5133    36.2416   

# Frame382

# x        y
5.6924     13.3987   
15.2017    34.7379   
6.1925     34.9171   
6.5930     25.6831   
12.4555    34.5671   
16.5137    36.2421   

# Frame383

# x        y
5.6924     13.3987   
15.2020    34.7385   
6.1925     34.9171   
6.5930     25.6831   
12.4555    34.5671   
16.5141    36.2426   

# Frame384

# x        y
5.6924     13.3987   
15.2023    34.7391   
6.1925     34.9171   
6.5930     25.6831   
12.4555    34.5671   
16.5145    36.2432   

# Frame385

# x        y
5.6924     13.3987   
15.2026    34.7397   
6.1925     34.9171   
6.5930     25.6831   
12.4555    34.5671   
16.5148    36.2437   

# Frame386

# x        y
5.6924     13.3987   
15.2029    34.7403   
6.1925     34.9171   
6.5930     25.6831   
12.4555    34.5671   
16.5152    36.2442   

# Frame387

# x        y
5.6924     13.3987   
15.2032    34.7408   
6.1925     34.9171   
6.5930     25.6831   
12.4555    34.5671   
16.5156    36.2447   

# Frame388

# x        y
5.6924     13.3987   
15.2035    34.7414   
6.1925     34.9171   
6.5930     25.6831   
12.4555    34.5671   
16.5159    36.2452   

# Frame389

# x        y
5.6924     13.3987   
15.2038    34.7419   
6.1925     34.9171   
6.5930     25.6831   
12.4555    34.5671   
16.5163    36.2457   

# Frame390

# x        y
5.6924     13.3987   
15.2040    34.7424   
6.1925     34.9171   
6.5930     25.6831   
12.4555    34.5671   
16.5166    36.2462   

# Frame391

# x        y
5.6924     13.3987   
15.2043    34.7430   
6.1925     34.9171   
6.5930     25.6831   
12.4555    34.5671   
16.5170    36.2466   

# Frame392

# x        y
5.6924     13.3987   
15.2046    34.7435   
6.1925     34.9171   
6.5930     25.6831   
12.4555    34.5671   
16.5173    36.2471   

# Frame393

# x        y
5.6924     13.3987   
15.2049    34.7440   
6.1925     34.9171   
6.5930     25.6831   
12.4555    34.5671   
16.5177    36.2475   

# Frame394

# x        y
5.6924     13.3987   
15.2051    34.7445   
6.1925     34.9171   
6.5930     25.6831   
12.4555    34.5671   
16.5180    36.2480   

# Frame395

# x        y
5.6924     13.3987   
15.2054    34.7450   
6.1925     34.9171   
6.5930     25.6831   
12.4555    34.5671   
16.5183    36.2484   

# Frame396

# x        y
5.6924     13.3987   
15.2056    34.7454   
6.1925     34.9171   
6.5930     25.6831   
12.4555    34.5671   
16.5186    36.2489   

# Frame397

# x        y
5.6924     13.3987   
15.2059    34.7459   
6.1925     34.9171   
6.5930     25.6831   
12.4555    34.5671   
16.5189    36.2493   

# Frame398

# x        y
5.6924     13.3987   
15.2061    34.7464   
6.1925     34.9171   
6.5930     25.6831   
12.4555    34.5671   
16.5192    36.2497   

# Frame399

# x        y
5.6924     13.3987   
15.2064    34.7468   
6.1925     34.9171   
6.5930     25.6831   
12.4555    34.5671   
16.5195    36.2501   

# Frame400

# x        y
5.6924     13.3987   
15.2066    34.7473   
6.1925     34.9171   
6.5930     25.6831   
12.4555    34.5671   
16.5198    36.2505   

# Frame401

# x        y
5.6924     13.3987   
15.2068    34.7477   
6.1925     34.9171   
6.5930     25.6831   
12.4555    34.5671   
16.5201    36.2509   

# Frame402

# x        y
5.6924     13.3987   
15.2071    34.7482   
6.1925     34.9171   
6.5930     25.6831   
12.4555    34.5671   
16.5204    36.2513   

# Frame403

# x        y
5.6924     13.3987   
15.2073    34.7486   
6.1925     34.9171   
6.5930     25.6831   
12.4555    34.5671   
16.5207    36.2517   

# Frame404

# x        y
5.6924     13.3987   
15.2075    34.7490   
6.1925     34.9171   
6.5930     25.6831   
12.4555    34.5671   
16.5210    36.2520   

# Frame405

# x        y
5.6924     13.3987   
15.2077    34.7494   
6.1925     34.9171   
6.5930     25.6831   
12.4555    34.5671   
16.5212    36.2524   

# Frame406

# x        y
5.6924     13.3987   
15.2079    34.7498   
6.1925     34.9171   
6.5930     25.6831   
12.4555    34.5671   
16.5215    36.2528   

# Frame407

# x        y
5.6924     13.3987   
15.2081    34.7502   
6.1925     34.9171   
6.5930     25.6831   
12.4555    34.5671   
16.5218    36.2531   

# Frame408

# x        y
5.6924     13.3987   
15.2084    34.7506   
6.1925     34.9171   
6.5930     25.6831   
12.4555    34.5671   
16.5220    36.2535   

# Frame409

# x        y
5.6924     13.3987   
15.2086    34.7510   
6.1925     34.9171   
6.5930     25.6831   
12.4555    34.5671   
16.5223    36.2538   

# Frame410

# x        y
5.6924     13.3987   
15.2088    34.7514   
6.1925     34.9171   
6.5930     25.6831   
12.4555    34.5671   
16.5225    36.2542   

# Frame411

# x        y
5.6924     13.3987   
15.2090    34.7518   
6.1925     34.9171   
6.5930     25.6831   
12.4555    34.5671   
16.5228    36.2545   

# Frame412

# x        y
5.6924     13.3987   
15.2091    34.7521   
6.1925     34.9171   
6.5930     25.6831   
12.4555    34.5671   
16.5230    36.2548   

# Frame413

# x        y
5.6924     13.3987   
15.2093    34.7525   
6.1925     34.9171   
6.5930     25.6831   
12.4555    34.5671   
16.5232    36.2552   

# Frame414

# x        y
5.6924     13.3987   
15.2095    34.7528   
6.1925     34.9171   
6.5930     25.6831   
12.4555    34.5671   
16.5235    36.2555   

# Frame415

# x        y
5.6924     13.3987   
15.2097    34.7532   
6.1925     34.9171   
6.5930     25.6831   
12.4555    34.5671   
16.5237    36.2558   

# Frame416

# x        y
5.6924     13.3987   
15.2099    34.7535   
6.1925     34.9171   
6.5930     25.6831   
12.4555    34.5671   
16.5239    36.2561   

# Frame417

# x        y
5.6924     13.3987   
15.2101    34.7539   
6.1925     34.9171   
6.5930     25.6831   
12.4555    34.5671   
16.5241    36.2564   

# Frame418

# x        y
5.6924     13.3987   
15.2102    34.7542   
6.1925     34.9171   
6.5930     25.6831   
12.4555    34.5671   
16.5244    36.2567   

# Frame419

# x        y
5.6924     13.3987   
15.2104    34.7545   
6.1925     34.9171   
6.5930     25.6831   
12.4555    34.5671   
16.5246    36.2570   

# Frame420

# x        y
5.6924     13.3987   
15.2106    34.7549   
6.1925     34.9171   
6.5930     25.6831   
12.4555    34.5671   
16.5248    36.2573   

# Frame421

# x        y
5.6924     13.3987   
15.2108    34.7552   
6.1925     34.9171   
6.5930     25.6831   
12.4555    34.5671   
16.5250    36.2576   

# Frame422

# x        y
5.6924     13.3987   
15.2109    34.7555   
6.1925     34.9171   
6.5930     25.6831   
12.4555    34.5671   
16.5252    36.2578   

# Frame423

# x        y
5.6924     13.3987   
15.2111    34.7558   
6.1925     34.9171   
6.5930     25.6831   
12.4555    34.5671   
16.5254    36.2581   

# Frame424

# x        y
5.6924     13.3987   
15.2112    34.7561   
6.1925     34.9171   
6.5930     25.6831   
12.4555    34.5671   
16.5256    36.2584   

# Frame425

# x        y
5.6924     13.3987   
15.2114    34.7564   
6.1925     34.9171   
6.5930     25.6831   
12.4555    34.5671   
16.5258    36.2586   

# Frame426

# x        y
5.6924     13.3987   
15.2115    34.7567   
6.1925     34.9171   
6.5930     25.6831   
12.4555    34.5671   
16.5260    36.2589   

# Frame427

# x        y
5.6924     13.3987   
15.2117    34.7570   
6.1925     34.9171   
6.5930     25.6831   
12.4555    34.5671   
16.5262    36.2592   

# Frame428

# x        y
5.6924     13.3987   
15.2118    34.7572   
6.1925     34.9171   
6.5930     25.6831   
12.4555    34.5671   
16.5263    36.2594   

# Frame429

# x        y
5.6924     13.3987   
15.2120    34.7575   
6.1925     34.9171   
6.5930     25.6831   
12.4555    34.5671   
16.5265    36.2597   

# Frame430

# x        y
5.6924     13.3987   
15.2121    34.7578   
6.1925     34.9171   
6.5930     25.6831   
12.4555    34.5671   
16.5267    36.2599   

# Frame431

# x        y
5.6924     13.3987   
15.2123    34.7580   
6.1925     34.9171   
6.5930     25.6831   
12.4555    34.5671   
16.5269    36.2601   

# Frame432

# x        y
5.6924     13.3987   
15.2124    34.7583   
6.1925     34.9171   
6.5930     25.6831   
12.4555    34.5671   
16.5270    36.2604   

# Frame433

# x        y
5.6924     13.3987   
15.2125    34.7586   
6.1925     34.9171   
6.5930     25.6831   
12.4555    34.5671   
16.5272    36.2606   

# Frame434

# x        y
5.6924     13.3987   
15.2127    34.7588   
6.1925     34.9171   
6.5930     25.6831   
12.4555    34.5671   
16.5274    36.2608   

# Frame435

# x        y
5.6924     13.3987   
15.2128    34.7591   
6.1925     34.9171   
6.5930     25.6831   
12.4555    34.5671   
16.5275    36.2611   

# Frame436

# x        y
5.6924     13.3987   
15.2129    34.7593   
6.1925     34.9171   
6.5930     25.6831   
12.4555    34.5671   
16.5277    36.2613   

# Frame437

# x        y
5.6924     13.3987   
15.2131    34.7596   
6.1925     34.9171   
6.5930     25.6831   
12.4555    34.5671   
16.5279    36.2615   

# Frame438

# x        y
5.6924     13.3987   
15.2132    34.7598   
6.1925     34.9171   
6.5930     25.6831   
12.4555    34.5671   
16.5280    36.2617   

# Frame439

# x        y
5.6924     13.3987   
15.2133    34.7600   
6.1925     34.9171   
6.5930     25.6831   
12.4555    34.5671   
16.5282    36.2619   

# Frame440

# x        y
5.6924     13.3987   
15.2134    34.7603   
6.1925     34.9171   
6.5930     25.6831   
12.4555    34.5671   
16.5283    36.2621   

# Frame441

# x        y
5.6924     13.3987   
15.2136    34.7605   
6.1925     34.9171   
6.5930     25.6831   
12.4555    34.5671   
16.5285    36.2623   

# Frame442

# x        y
5.6924     13.3987   
15.2137    34.7607   
6.1925     34.9171   
6.5930     25.6831   
12.4555    34.5671   
16.5286    36.2625   

# Frame443

# x        y
5.6924     13.3987   
15.2138    34.7609   
6.1925     34.9171   
6.5930     25.6831   
12.4555    34.5671   
16.5288    36.2627   

# Frame444

# x        y
5.6924     13.3987   
15.2139    34.7611   
6.1925     34.9171   
6.5930     25.6831   
12.4555    34.5671   
16.5289    36.2629   

# Frame445

# x        y
5.6924     13.3987   
15.2140    34.7613   
6.1925     34.9171   
6.5930     25.6831   
12.4555    34.5671   
16.5290    36.2631   

# Frame446

# x        y
5.6924     13.3987   
15.2141    34.7615   
6.1925     34.9171   
6.5930     25.6831   
12.4555    34.5671   
16.5292    36.2633   

# Frame447

# x        y
5.6924     13.3987   
15.2142    34.7617   
6.1925     34.9171   
6.5930     25.6831   
12.4555    34.5671   
16.5293    36.2635   

# Frame448

# x        y
5.6924     13.3987   
15.2143    34.7620   
6.1925     34.9171   
6.5930     25.6831   
12.4555    34.5671   
16.5294    36.2637   

# Frame449

# x        y
5.6924     13.3987   
15.2144    34.7621   
6.1925     34.9171   
6.5930     25.6831   
12.4555    34.5671   
16.5296    36.2638   

# Frame450

# x        y
5.6924     13.3987   
15.2145    34.7623   
6.1925     34.9171   
6.5930     25.6831   
12.4555    34.5671   
16.5297    36.2640   

# Frame451

# x        y
5.6924     13.3987   
15.2146    34.7625   
6.1925     34.9171   
6.5930     25.6831   
12.4555    34.5671   
16.5298    36.2642   

# Frame452

# x        y
5.6924     13.3987   
15.2147    34.7627   
6.1925     34.9171   
6.5930     25.6831   
12.4555    34.5671   
16.5299    36.2644   

# Frame453

# x        y
5.6924     13.3987   
15.2148    34.7629   
6.1925     34.9171   
6.5930     25.6831   
12.4555    34.5671   
16.5301    36.2645   

# Frame454

# x        y
5.6924     13.3987   
15.2149    34.7631   
6.1925     34.9171   
6.5930     25.6831   
12.4555    34.5671   
16.5302    36.2647   

# Frame455

# x        y
5.6924     13.3987   
15.2150    34.7633   
6.1925     34.9171   
6.5930     25.6831   
12.4555    34.5671   
16.5303    36.2648   

# Frame456

# x        y
5.6924     13.3987   
15.2151    34.7634   
6.1925     34.9171   
6.5930     25.6831   
12.4555    34.5671   
16.5304    36.2650   

# Frame457

# x        y
5.6924     13.3987   
15.2152    34.7636   
6.1925     34.9171   
6.5930     25.6831   
12.4555    34.5671   
16.5305    36.2651   

# Frame458

# x        y
5.6924     13.3987   
15.2153    34.7638   
6.1925     34.9171   
6.5930     25.6831   
12.4555    34.5671   
16.5306    36.2653   

# Frame459

# x        y
5.6924     13.3987   
15.2154    34.7640   
6.1925     34.9171   
6.5930     25.6831   
12.4555    34.5671   
16.5307    36.2654   

# Frame460

# x        y
5.6924     13.3987   
15.2155    34.7641   
6.1925     34.9171   
6.5930     25.6831   
12.4555    34.5671   
16.5309    36.2656   

# Frame461

# x        y
5.6924     13.3987   
15.2156    34.7643   
6.1925     34.9171   
6.5930     25.6831   
12.4555    34.5671   
16.5310    36.2657   

# Frame462

# x        y
5.6924     13.3987   
15.2156    34.7644   
6.1925     34.9171   
6.5930     25.6831   
12.4555    34.5671   
16.5311    36.2659   

# Frame463

# x        y
5.6924     13.3987   
15.2157    34.7646   
6.1925     34.9171   
6.5930     25.6831   
12.4555    34.5671   
16.5312    36.2660   

# Frame464

# x        y
5.6924     13.3987   
15.2158    34.7647   
6.1925     34.9171   
6.5930     25.6831   
12.4555    34.5671   
16.5313    36.2662   

# Frame465

# x        y
5.6924     13.3987   
15.2159    34.7649   
6.1925     34.9171   
6.5930     25.6831   
12.4555    34.5671   
16.5314    36.2663   

# Frame466

# x        y
5.6924     13.3987   
15.2160    34.7650   
6.1925     34.9171   
6.5930     25.6831   
12.4555    34.5671   
16.5315    36.2664   

# Frame467

# x        y
5.6924     13.3987   
15.2160    34.7652   
6.1925     34.9171   
6.5930     25.6831   
12.4555    34.5671   
16.5316    36.2666   

# Frame468

# x        y
5.6924     13.3987   
15.2161    34.7653   
6.1925     34.9171   
6.5930     25.6831   
12.4555    34.5671   
16.5317    36.2667   

# Frame469

# x        y
5.6924     13.3987   
15.2162    34.7655   
6.1925     34.9171   
6.5930     25.6831   
12.4555    34.5671   
16.5317    36.2668   

# Frame470

# x        y
5.6924     13.3987   
15.2163    34.7656   
6.1925     34.9171   
6.5930     25.6831   
12.4555    34.5671   
16.5318    36.2669   

# Frame471

# x        y
5.6924     13.3987   
15.2163    34.7657   
6.1925     34.9171   
6.5930     25.6831   
12.4555    34.5671   
16.5319    36.2671   

# Frame472

# x        y
5.6924     13.3987   
15.2164    34.7659   
6.1925     34.9171   
6.5930     25.6831   
12.4555    34.5671   
16.5320    36.2672   

# Frame473

# x        y
5.6924     13.3987   
15.2165    34.7660   
6.1925     34.9171   
6.5930     25.6831   
12.4555    34.5671   
16.5321    36.2673   

# Frame474

# x        y
5.6924     13.3987   
15.2165    34.7661   
6.1925     34.9171   
6.5930     25.6831   
12.4555    34.5671   
16.5322    36.2674   

# Frame475

# x        y
5.6924     13.3987   
15.2166    34.7663   
6.1925     34.9171   
6.5930     25.6831   
12.4555    34.5671   
16.5323    36.2675   

# Frame476

# x        y
5.6924     13.3987   
15.2167    34.7664   
6.1925     34.9171   
6.5930     25.6831   
12.4555    34.5671   
16.5324    36.2676   

# Frame477

# x        y
5.6924     13.3987   
15.2167    34.7665   
6.1925     34.9171   
6.5930     25.6831   
12.4555    34.5671   
16.5324    36.2677   

# Frame478

# x        y
5.6924     13.3987   
15.2168    34.7666   
6.1925     34.9171   
6.5930     25.6831   
12.4555    34.5671   
16.5325    36.2679   

# Frame479

# x        y
5.6924     13.3987   
15.2169    34.7668   
6.1925     34.9171   
6.5930     25.6831   
12.4555    34.5671   
16.5326    36.2680   

# Frame480

# x        y
5.6924     13.3987   
15.2169    34.7669   
6.1925     34.9171   
6.5930     25.6831   
12.4555    34.5671   
16.5327    36.2681   

# Frame481

# x        y
5.6924     13.3987   
15.2170    34.7670   
6.1925     34.9171   
6.5930     25.6831   
12.4555    34.5671   
16.5327    36.2682   

# Frame482

# x        y
5.6924     13.3987   
15.2171    34.7671   
6.1925     34.9171   
6.5930     25.6831   
12.4555    34.5671   
16.5328    36.2683   

# Frame483

# x        y
5.6924     13.3987   
15.2171    34.7672   
6.1925     34.9171   
6.5930     25.6831   
12.4555    34.5671   
16.5329    36.2684   

# Frame484

# x        y
5.6924     13.3987   
15.2172    34.7673   
6.1925     34.9171   
6.5930     25.6831   
12.4555    34.5671   
16.5330    36.2685   

# Frame485

# x        y
5.6924     13.3987   
15.2172    34.7674   
6.1925     34.9171   
6.5930     25.6831   
12.4555    34.5671   
16.5330    36.2686   

# Frame486

# x        y
5.6924     13.3987   
15.2173    34.7675   
6.1925     34.9171   
6.5930     25.6831   
12.4555    34.5671   
16.5331    36.2687   

# Frame487

# x        y
5.6924     13.3987   
15.2173    34.7676   
6.1925     34.9171   
6.5930     25.6831   
12.4555    34.5671   
16.5332    36.2687   

# Frame488

# x        y
5.6924     13.3987   
15.2174    34.7677   
6.1925     34.9171   
6.5930     25.6831   
12.4555    34.5671   
16.5332    36.2688   

# Frame489

# x        y
5.6924     13.3987   
15.2175    34.7678   
6.1925     34.9171   
6.5930     25.6831   
12.4555    34.5671   
16.5333    36.2689   

# Frame490

# x        y
5.6924     13.3987   
15.2175    34.7679   
6.1925     34.9171   
6.5930     25.6831   
12.4555    34.5671   
16.5334    36.2690   

# Frame491

# x        y
5.6924     13.3987   
15.2176    34.7680   
6.1925     34.9171   
6.5930     25.6831   
12.4555    34.5671   
16.5334    36.2691   

# Frame492

# x        y
5.6924     13.3987   
15.2176    34.7681   
6.1925     34.9171   
6.5930     25.6831   
12.4555    34.5671   
16.5335    36.2692   

# Frame493

# x        y
5.6924     13.3987   
15.2177    34.7682   
6.1925     34.9171   
6.5930     25.6831   
12.4555    34.5671   
16.5336    36.2693   

# Frame494

# x        y
5.6924     13.3987   
15.2177    34.7683   
6.1925     34.9171   
6.5930     25.6831   
12.4555    34.5671   
16.5336    36.2694   

# Frame495

# x        y
5.6924     13.3987   
15.2178    34.7684   
6.1925     34.9171   
6.5930     25.6831   
12.4555    34.5671   
16.5337    36.2694   

# Frame496

# x        y
5.6924     13.3987   
15.2178    34.7685   
6.1925     34.9171   
6.5930     25.6831   
12.4555    34.5671   
16.5337    36.2695   

# Frame497

