# x        y
11.2930    25.4468   
6.4068     6.9541    
8.7579     22.4388   
2.4460     33.6362   
8.3500     38.9952   
17.8690    6.1368    

# Frame1

# x        y
9.5570     26.4401   
6.4068     6.9541    
8.7579     22.4388   
2.4460     33.6362   
8.3500     38.9951   
17.8690    6.1368    

# Frame2

# x        y
7.8500     27.4167   
6.4068     6.9541    
8.7579     22.4388   
2.4460     33.6362   
8.3500     38.9951   
17.8690    6.1368    

# Frame3

# x        y
6.1715     28.3771   
6.4068     6.9541    
8.7579     22.4388   
2.4460     33.6362   
8.3500     38.9951   
17.8690    6.1368    

# Frame4

# x        y
4.5209     29.3215   
6.4068     6.9541    
8.7579     22.4388   
2.4460     33.6362   
8.3500     38.9951   
17.8690    6.1368    

# Frame5

# x        y
2.8978     30.2502   
6.4068     6.9541    
8.7579     22.4388   
2.4460     33.6362   
8.3500     38.9951   
17.8690    6.1368    

# Frame6

# x        y
1.3018     31.1634   
6.4068     6.9541    
8.7579     22.4388   
2.4460     33.6362   
8.3500     38.9950   
17.8690    6.1368    

# Frame7

# x        y
1.6362     31.8197   
6.4068     6.9541    
8.7579     22.4388   
2.4460     33.6362   
8.3500     38.9950   
17.8690    6.1368    

# Frame8

# x        y
2.1649     31.8169   
6.4068     6.9541    
8.7579     22.4388   
2.6890     34.2267   
8.3500     38.9950   
17.8690    6.1368    

# Frame9

# x        y
2.6848     31.8141   
6.4068     6.9541    
8.7579     22.4388   
2.9278     34.8073   
8.3500     38.9950   
17.8690    6.1368    

# Frame10

# x        y
3.1960     31.8114   
6.4068     6.9541    
8.7579     22.4388   
3.1627     35.3782   
8.3500     38.9950   
17.8690    6.1368    

# Frame11

# x        y
3.6987     31.8088   
6.4068     6.9541    
8.7579     22.4388   
3.3937     35.9396   
8.3500     38.9950   
17.8690    6.1368    

# Frame12

# x        y
4.1930     31.8062   
6.4068     6.9541    
8.7579     22.4388   
3.6209     36.4917   
8.3500     38.9950   
17.8690    6.1368    

# Frame13

# x        y
4.6791     31.8036   
6.4068     6.9541    
8.7579     22.4388   
3.8442     37.0345   
8.3500     38.9950   
17.8690    6.1368    

# Frame14

# x        y
5.1571     31.8011   
6.4068     6.9541    
8.7579     22.4388   
4.0638     37.5683   
8.3500     38.9950   
17.8690    6.1368    

# Frame15

# x        y
5.6271     31.7986   
6.4068     6.9541    
8.7579     22.4388   
4.2798     38.0932   
8.3500     38.9950   
17.8690    6.1368    

# Frame16

# x        y
6.0893     31.7961   
6.4068     6.9541    
8.7579     22.4388   
4.4922     38.6094   
8.3500     38.9950   
17.8690    6.1368    

# Frame17

# x        y
6.5438     31.7937   
6.4068     6.9541    
8.7579     22.4388   
4.6836     38.9392   
8.3500     38.9950   
17.8690    6.1368    

# Frame18

# x        y
6.9907     31.7914   
6.4068     6.9541    
8.7579     22.4388   
4.8113     38.6896   
8.3500     38.9950   
17.8690    6.1368    

# Frame19

# x        y
7.4301     31.7890   
6.4068     6.9541    
8.7579     22.4388   
4.9369     38.4442   
8.3500     38.9950   
17.8690    6.1368    

# Frame20

# x        y
7.8623     31.7867   
6.4068     6.9541    
8.7579     22.4388   
5.0605     38.2029   
8.3500     38.9950   
17.8690    6.1368    

# Frame21

# x        y
8.2872     31.7845   
6.4068     6.9541    
8.7579     22.4388   
5.1819     37.9657   
8.3500     38.9950   
17.8690    6.1368    

# Frame22

# x        y
8.7051     31.7823   
6.4068     6.9541    
8.7579     22.4388   
5.3014     37.7323   
8.3500     38.9950   
17.8690    6.1368    

# Frame23

# x        y
9.1160     31.7801   
6.4068     6.9541    
8.7579     22.4388   
5.4188     37.5029   
8.3500     38.9950   
17.8690    6.1368    

# Frame24

# x        y
9.5200     31.7780   
6.4068     6.9541    
8.7579     22.4388   
5.5343     37.2773   
8.3500     38.9950   
17.8690    6.1368    

# Frame25

# x        y
9.9173     31.7759   
6.4068     6.9541    
8.7579     22.4388   
5.6478     37.0554   
8.3500     38.9950   
17.8690    6.1368    

# Frame26

# x        y
10.3080    31.7738   
6.4068     6.9541    
8.7579     22.4388   
5.7595     36.8373   
8.3500     38.9950   
17.8690    6.1368    

# Frame27

# x        y
10.6922    31.7718   
6.4068     6.9541    
8.7579     22.4388   
5.8693     36.6228   
8.3500     38.9950   
17.8690    6.1368    

# Frame28

# x        y
11.0699    31.7698   
6.4068     6.9541    
8.7579     22.4388   
5.9773     36.4118   
8.3500     38.9950   
17.8690    6.1368    

# Frame29

# x        y
11.4414    31.7678   
6.4068     6.9541    
8.7579     22.4388   
6.0835     36.2044   
8.3500     38.9950   
17.8690    6.1368    

# Frame30

# x        y
11.8067    31.7659   
6.4068     6.9541    
8.7579     22.4388   
6.1879     36.0004   
8.3500     38.9950   
17.8690    6.1368    

# Frame31

# x        y
12.1659    31.7640   
6.4068     6.9541    
8.7579     22.4388   
6.2906     35.7999   
8.3500     38.9950   
17.8690    6.1368    

# Frame32

# x        y
12.5191    31.7621   
6.4068     6.9541    
8.7579     22.4388   
6.3915     35.6026   
8.3500     38.9950   
17.8690    6.1368    

# Frame33

# x        y
12.8664    31.7603   
6.4068     6.9541    
8.7579     22.4388   
6.4908     35.4087   
8.3500     38.9950   
17.8690    6.1368    

# Frame34

# x        y
13.2079    31.7585   
6.4068     6.9541    
8.7579     22.4388   
6.5884     35.2180   
8.3500     38.9950   
17.8690    6.1368    

# Frame35

# x        y
13.5438    31.7567   
6.4068     6.9541    
8.7579     22.4388   
6.6844     35.0305   
8.3500     38.9950   
17.8690    6.1368    

# Frame36

# x        y
13.8740    31.7549   
6.4068     6.9541    
8.7579     22.4388   
6.7788     34.8461   
8.3500     38.9950   
17.8690    6.1368    

# Frame37

# x        y
14.1988    31.7532   
6.4068     6.9541    
8.7579     22.4388   
6.8716     34.6647   
8.3500     38.9950   
17.8690    6.1368    

# Frame38

# x        y
14.5181    31.7515   
6.4068     6.9541    
8.7579     22.4388   
6.9629     34.4864   
8.3500     38.9950   
17.8690    6.1368    

# Frame39

# x        y
14.8321    31.7499   
6.4068     6.9541    
8.7579     22.4388   
7.0526     34.3111   
8.3500     38.9950   
17.8690    6.1368    

# Frame40

# x        y
15.1409    31.7482   
6.4068     6.9541    
8.7579     22.4388   
7.1409     34.1387   
8.3500     38.9950   
17.8690    6.1368    

# Frame41

# x        y
15.4445    31.7466   
6.4068     6.9541    
8.7579     22.4388   
7.2277     33.9691   
8.3500     38.9950   
17.8690    6.1368    

# Frame42

# x        y
15.7430    31.7450   
6.4068     6.9541    
8.7579     22.4388   
7.3130     33.8024   
8.3500     38.9950   
17.8690    6.1368    

# Frame43

# x        y
16.0366    31.7435   
6.4068     6.9541    
8.7579     22.4388   
7.3969     33.6385   
8.3500     38.9950   
17.8690    6.1368    

# Frame44

# x        y
16.3253    31.7420   
6.4068     6.9541    
8.7579     22.4388   
7.4795     33.4773   
8.3500     38.9950   
17.8690    6.1368    

# Frame45

# x        y
16.6092    31.7405   
6.4068     6.9541    
8.7579     22.4388   
7.5606     33.3188   
8.3500     38.9950   
17.8690    6.1368    

# Frame46

# x        y
16.8884    31.7390   
6.4068     6.9541    
8.7579     22.4388   
7.6404     33.1629   
8.3500     38.9950   
17.8690    6.1368    

# Frame47

# x        y
17.1629    31.7375   
6.4068     6.9541    
8.7579     22.4388   
7.7189     33.0096   
8.3500     38.9950   
17.8690    6.1368    

# Frame48

# x        y
17.4328    31.7361   
6.4068     6.9541    
8.7579     22.4388   
7.7960     32.8589   
8.3500     38.9950   
17.8690    6.1368    

# Frame49

# x        y
17.6982    31.7347   
6.4068     6.9541    
8.7579     22.4388   
7.8719     32.7107   
8.3500     38.9950   
17.8690    6.1368    

# Frame50

# x        y
17.9592    31.7333   
6.4068     6.9541    
8.7579     22.4388   
7.9465     32.5649   
8.3500     38.9950   
17.8690    6.1368    

# Frame51

# x        y
18.2159    31.7320   
6.4068     6.9541    
8.7579     22.4388   
8.0198     32.4216   
8.3500     38.9950   
17.8690    6.1368    

# Frame52

# x        y
18.4682    31.7306   
6.4068     6.9541    
8.7579     22.4388   
8.0920     32.2807   
8.3500     38.9950   
17.8690    6.1368    

# Frame53

# x        y
18.7164    31.7293   
6.4068     6.9541    
8.7579     22.4388   
8.1629     32.1421   
8.3500     38.9950   
17.8690    6.1368    

# Frame54

# x        y
18.9604    31.7280   
6.4068     6.9541    
8.7579     22.4388   
8.2327     32.0059   
8.3500     38.9950   
17.8690    6.1368    

# Frame55

# x        y
18.8979    31.6972   
6.4068     6.9541    
8.7579     22.4388   
8.3012     31.8719   
8.3500     38.9950   
17.8690    6.1368    

# Frame56

# x        y
18.7799    31.6602   
6.4068     6.9541    
8.7579     22.4388   
8.3687     31.7401   
8.3500     38.9950   
17.8690    6.1368    

# Frame57

# x        y
18.6639    31.6238   
6.4068     6.9541    
8.7579     22.4388   
8.4350     31.6105   
8.3500     38.9950   
17.8690    6.1368    

# Frame58

# x        y
18.5498    31.5880   
6.4068     6.9541    
8.7579     22.4388   
8.5002     31.4831   
8.3500     38.9950   
17.8690    6.1368    

# Frame59

# x        y
18.4377    31.5529   
6.4068     6.9541    
8.7579     22.4388   
8.5644     31.3578   
8.3500     38.9950   
17.8690    6.1368    

# Frame60

# x        y
18.3274    31.5183   
6.4068     6.9541    
8.7579     22.4388   
8.6274     31.2347   
8.3500     38.9950   
17.8690    6.1368    

# Frame61

# x        y
18.2189    31.4843   
6.4068     6.9541    
8.7579     22.4388   
8.6894     31.1135   
8.3500     38.9950   
17.8690    6.1368    

# Frame62

# x        y
18.1122    31.4508   
6.4068     6.9541    
8.7579     22.4388   
8.7504     30.9944   
8.3500     38.9950   
17.8690    6.1368    

# Frame63

# x        y
18.0073    31.4179   
6.4068     6.9541    
8.7579     22.4388   
8.8104     30.8773   
8.3500     38.9950   
17.8690    6.1368    

# Frame64

# x        y
17.9042    31.3856   
6.4068     6.9541    
8.7579     22.4388   
8.8693     30.7621   
8.3500     38.9950   
17.8690    6.1368    

# Frame65

# x        y
17.8028    31.3538   
6.4068     6.9541    
8.7579     22.4388   
8.9273     30.6488   
8.3500     38.9950   
17.8690    6.1368    

# Frame66

# x        y
17.7030    31.3225   
6.4068     6.9541    
8.7579     22.4388   
8.9843     30.5374   
8.3500     38.9950   
17.8690    6.1368    

# Frame67

# x        y
17.6050    31.2918   
6.4068     6.9541    
8.7579     22.4388   
9.0404     30.4279   
8.3500     38.9950   
17.8690    6.1368    

# Frame68

# x        y
17.5085    31.2616   
6.4068     6.9541    
8.7579     22.4388   
9.0955     30.3202   
8.3500     38.9950   
17.8690    6.1368    

# Frame69

# x        y
17.4137    31.2318   
6.4068     6.9541    
8.7579     22.4388   
9.1497     30.2143   
8.3500     38.9950   
17.8690    6.1368    

# Frame70

# x        y
17.3205    31.2026   
6.4068     6.9541    
8.7579     22.4388   
9.2030     30.1102   
8.3500     38.9950   
17.8690    6.1368    

# Frame71

# x        y
17.2288    31.1738   
6.4068     6.9541    
8.7579     22.4388   
9.2554     30.0078   
8.3500     38.9950   
17.8690    6.1368    

# Frame72

# x        y
17.1386    31.1456   
6.4068     6.9541    
8.7579     22.4388   
9.3070     29.9071   
8.3500     38.9950   
17.8690    6.1368    

# Frame73

# x        y
17.0499    31.1178   
6.4068     6.9541    
8.7579     22.4388   
9.3577     29.8081   
8.3500     38.9950   
17.8690    6.1368    

# Frame74

# x        y
16.9628    31.0904   
6.4068     6.9541    
8.7579     22.4388   
9.4075     29.7107   
8.3500     38.9950   
17.8690    6.1368    

# Frame75

# x        y
16.8770    31.0636   
6.4068     6.9541    
8.7579     22.4388   
9.4565     29.6150   
8.3500     38.9950   
17.8690    6.1368    

# Frame76

# x        y
16.7927    31.0371   
6.4068     6.9541    
8.7579     22.4388   
9.5047     29.5208   
8.3500     38.9950   
17.8690    6.1368    

# Frame77

# x        y
16.7098    31.0111   
6.4068     6.9541    
8.7579     22.4388   
9.5521     29.4282   
8.3500     38.9950   
17.8690    6.1368    

# Frame78

# x        y
16.6283    30.9856   
6.4068     6.9541    
8.7579     22.4388   
9.5987     29.3372   
8.3500     38.9950   
17.8690    6.1368    

# Frame79

# x        y
16.5482    30.9605   
6.4068     6.9541    
8.7579     22.4388   
9.6445     29.2477   
8.3500     38.9950   
17.8690    6.1368    

# Frame80

# x        y
16.4693    30.9357   
6.4068     6.9541    
8.7579     22.4388   
9.6896     29.1597   
8.3500     38.9950   
17.8690    6.1368    

# Frame81

# x        y
16.3918    30.9114   
6.4068     6.9541    
8.7579     22.4388   
9.7339     29.0731   
8.3500     38.9950   
17.8690    6.1368    

# Frame82

# x        y
16.3156    30.8876   
6.4068     6.9541    
8.7579     22.4388   
9.7775     28.9880   
8.3500     38.9950   
17.8690    6.1368    

# Frame83

# x        y
16.2407    30.8641   
6.4068     6.9541    
8.7579     22.4388   
9.8203     28.9043   
8.3500     38.9950   
17.8690    6.1368    

# Frame84

# x        y
16.1670    30.8409   
6.4068     6.9541    
8.7579     22.4388   
9.8624     28.8220   
8.3500     38.9950   
17.8690    6.1368    

# Frame85

# x        y
16.0945    30.8182   
6.4068     6.9541    
8.7579     22.4388   
9.9038     28.7411   
8.3500     38.9950   
17.8690    6.1368    

# Frame86

# x        y
16.0233    30.7959   
6.4068     6.9541    
8.7579     22.4388   
9.9446     28.6615   
8.3500     38.9950   
17.8690    6.1368    

# Frame87

# x        y
15.9532    30.7739   
6.4068     6.9541    
8.7579     22.4388   
9.9846     28.5832   
8.3500     38.9950   
17.8690    6.1368    

# Frame88

# x        y
15.8843    30.7523   
6.4068     6.9541    
8.7579     22.4388   
10.0240    28.5063   
8.3500     38.9950   
17.8690    6.1368    

# Frame89

# x        y
15.8165    30.7311   
6.4068     6.9541    
8.7579     22.4388   
10.0628    28.4306   
8.3500     38.9950   
17.8690    6.1368    

# Frame90

# x        y
15.7499    30.7102   
6.4068     6.9541    
8.7579     22.4388   
10.1009    28.3562   
8.3500     38.9950   
17.8690    6.1368    

# Frame91

# x        y
15.6844    30.6896   
6.4068     6.9541    
8.7579     22.4388   
10.1383    28.2830   
8.3500     38.9950   
17.8690    6.1368    

# Frame92

# x        y
15.6200    30.6694   
6.4068     6.9541    
8.7579     22.4388   
10.1751    28.2111   
8.3500     38.9950   
17.8690    6.1368    

# Frame93

# x        y
15.5566    30.6496   
6.4068     6.9541    
8.7579     22.4388   
10.2114    28.1404   
8.3500     38.9950   
17.8690    6.1368    

# Frame94

# x        y
15.4943    30.6301   
6.4068     6.9541    
8.7579     22.4388   
10.2470    28.0708   
8.3500     38.9950   
17.8690    6.1368    

# Frame95

# x        y
15.4331    30.6108   
6.4068     6.9541    
8.7579     22.4388   
10.2820    28.0024   
8.3500     38.9950   
17.8690    6.1368    

# Frame96

# x        y
15.3728    30.5920   
6.4068     6.9541    
8.7579     22.4388   
10.3164    27.9351   
8.3500     38.9950   
17.8690    6.1368    

# Frame97

# x        y
15.3136    30.5734   
6.4068     6.9541    
8.7579     22.4388   
10.3503    27.8690   
8.3500     38.9950   
17.8690    6.1368    

# Frame98

# x        y
15.2554    30.5551   
6.4068     6.9541    
8.7579     22.4388   
10.3836    27.8039   
8.3500     38.9950   
17.8690    6.1368    

# Frame99

# x        y
15.1981    30.5372   
6.4068     6.9541    
8.7579     22.4388   
10.4163    27.7399   
8.3500     38.9950   
17.8690    6.1368    

# Frame100

# x        y
15.1418    30.5195   
6.4068     6.9541    
8.7579     22.4388   
10.4485    27.6771   
8.3500     38.9950   
17.8690    6.1368    

# Frame101

# x        y
15.0864    30.5022   
6.4068     6.9541    
8.7579     22.4388   
10.4802    27.6152   
8.3500     38.9950   
17.8690    6.1368    

# Frame102

# x        y
15.0319    30.4851   
6.4068     6.9541    
8.7579     22.4388   
10.5113    27.5544   
8.3500     38.9950   
17.8690    6.1368    

# Frame103

# x        y
14.9784    30.4683   
6.4068     6.9541    
8.7579     22.4388   
10.5419    27.4946   
8.3500     38.9950   
17.8690    6.1368    

# Frame104

# x        y
14.9257    30.4518   
6.4068     6.9541    
8.7579     22.4388   
10.5720    27.4358   
8.3500     38.9950   
17.8690    6.1368    

# Frame105

# x        y
14.8739    30.4356   
6.4068     6.9541    
8.7579     22.4388   
10.6016    27.3780   
8.3500     38.9950   
17.8690    6.1368    

# Frame106

# x        y
14.8230    30.4196   
6.4068     6.9541    
8.7579     22.4388   
10.6307    27.3211   
8.3500     38.9950   
17.8690    6.1368    

# Frame107

# x        y
14.7730    30.4039   
6.4068     6.9541    
8.7579     22.4388   
10.6593    27.2652   
8.3500     38.9950   
17.8690    6.1368    

# Frame108

# x        y
14.7237    30.3885   
6.4068     6.9541    
8.7579     22.4388   
10.6875    27.2102   
8.3500     38.9950   
17.8690    6.1368    

# Frame109

# x        y
14.6753    30.3733   
6.4068     6.9541    
8.7579     22.4388   
10.7152    27.1561   
8.3500     38.9950   
17.8690    6.1368    

# Frame110

# x        y
14.6277    30.3584   
6.4068     6.9541    
8.7579     22.4388   
10.7424    27.1030   
8.3500     38.9950   
17.8690    6.1368    

# Frame111

# x        y
14.5809    30.3437   
6.4068     6.9541    
8.7579     22.4388   
10.7691    27.0507   
8.3500     38.9950   
17.8690    6.1368    

# Frame112

# x        y
14.5349    30.3292   
6.4068     6.9541    
8.7579     22.4388   
10.7954    26.9993   
8.3500     38.9950   
17.8690    6.1368    

# Frame113

# x        y
14.4896    30.3151   
6.4068     6.9541    
8.7579     22.4388   
10.8213    26.9487   
8.3500     38.9950   
17.8690    6.1368    

# Frame114

# x        y
14.4451    30.3011   
6.4068     6.9541    
8.7579     22.4388   
10.8468    26.8990   
8.3500     38.9950   
17.8690    6.1368    

# Frame115

# x        y
14.4013    30.2874   
6.4068     6.9541    
8.7579     22.4388   
10.8718    26.8501   
8.3500     38.9950   
17.8690    6.1368    

# Frame116

# x        y
14.3583    30.2739   
6.4068     6.9541    
8.7579     22.4388   
10.8964    26.8021   
8.3500     38.9950   
17.8690    6.1368    

# Frame117

# x        y
14.3160    30.2606   
6.4068     6.9541    
8.7579     22.4388   
10.9206    26.7548   
8.3500     38.9950   
17.8690    6.1368    

# Frame118

# x        y
14.2743    30.2476   
6.4068     6.9541    
8.7579     22.4388   
10.9444    26.7083   
8.3500     38.9950   
17.8690    6.1368    

# Frame119

# x        y
14.2334    30.2347   
6.4068     6.9541    
8.7579     22.4388   
10.9678    26.6626   
8.3500     38.9950   
17.8690    6.1368    

# Frame120

# x        y
14.1932    30.2221   
6.4068     6.9541    
8.7579     22.4388   
10.9908    26.6177   
8.3500     38.9950   
17.8690    6.1368    

# Frame121

# x        y
14.1536    30.2097   
6.4068     6.9541    
8.7579     22.4388   
11.0134    26.5735   
8.3500     38.9950   
17.8690    6.1368    

# Frame122

# x        y
14.1147    30.1975   
6.4068     6.9541    
8.7579     22.4388   
11.0356    26.5300   
8.3500     38.9950   
17.8690    6.1368    

# Frame123

# x        y
14.0764    30.1855   
6.4068     6.9541    
8.7579     22.4388   
11.0575    26.4873   
8.3500     38.9950   
17.8690    6.1368    

# Frame124

# x        y
14.0388    30.1737   
6.4068     6.9541    
8.7579     22.4388   
11.0790    26.4453   
8.3500     38.9950   
17.8690    6.1368    

# Frame125

# x        y
14.0018    30.1621   
6.4068     6.9541    
8.7579     22.4388   
11.1002    26.4040   
8.3500     38.9950   
17.8690    6.1368    

# Frame126

# x        y
13.9654    30.1507   
6.4068     6.9541    
8.7579     22.4388   
11.1210    26.3633   
8.3500     38.9950   
17.8690    6.1368    

# Frame127

# x        y
13.9297    30.1395   
6.4068     6.9541    
8.7579     22.4388   
11.1414    26.3234   
8.3500     38.9950   
17.8690    6.1368    

# Frame128

# x        y
13.8945    30.1285   
6.4068     6.9541    
8.7579     22.4388   
11.1615    26.2841   
8.3500     38.9950   
17.8690    6.1368    

# Frame129

# x        y
13.8599    30.1176   
6.4068     6.9541    
8.7579     22.4388   
11.1813    26.2455   
8.3500     38.9950   
17.8690    6.1368    

# Frame130

# x        y
13.8259    30.1070   
6.4068     6.9541    
8.7579     22.4388   
11.2007    26.2075   
8.3500     38.9950   
17.8690    6.1368    

# Frame131

# x        y
13.7924    30.0965   
6.4068     6.9541    
8.7579     22.4388   
11.2199    26.1701   
8.3500     38.9950   
17.8690    6.1368    

# Frame132

# x        y
13.7595    30.0862   
6.4068     6.9541    
8.7579     22.4388   
11.2387    26.1334   
8.3500     38.9950   
17.8690    6.1368    

# Frame133

# x        y
13.7272    30.0760   
6.4068     6.9541    
8.7579     22.4388   
11.2572    26.0973   
8.3500     38.9950   
17.8690    6.1368    

# Frame134

# x        y
13.6954    30.0661   
6.4068     6.9541    
8.7579     22.4388   
11.2753    26.0618   
8.3500     38.9950   
17.8690    6.1368    

# Frame135

# x        y
13.6641    30.0562   
6.4068     6.9541    
8.7579     22.4388   
11.2932    26.0268   
8.3500     38.9950   
17.8690    6.1368    

# Frame136

# x        y
13.6334    30.0466   
6.4068     6.9541    
8.7579     22.4388   
11.3108    25.9925   
8.3500     38.9950   
17.8690    6.1368    

# Frame137

# x        y
13.6031    30.0371   
6.4068     6.9541    
8.7579     22.4388   
11.3281    25.9587   
8.3500     38.9950   
17.8690    6.1368    

# Frame138

# x        y
13.5734    30.0278   
6.4068     6.9541    
8.7579     22.4388   
11.3451    25.9255   
8.3500     38.9950   
17.8690    6.1368    

# Frame139

# x        y
13.5441    30.0186   
6.4068     6.9541    
8.7579     22.4388   
11.3618    25.8929   
8.3500     38.9950   
17.8690    6.1368    

# Frame140

# x        y
13.5154    30.0096   
6.4068     6.9541    
8.7579     22.4388   
11.3782    25.8608   
8.3500     38.9950   
17.8690    6.1368    

# Frame141

# x        y
13.4871    30.0008   
6.4068     6.9541    
8.7579     22.4388   
11.3944    25.8292   
8.3500     38.9950   
17.8690    6.1368    

# Frame142

# x        y
13.4593    29.9920   
6.4068     6.9541    
8.7579     22.4388   
11.4103    25.7981   
8.3500     38.9950   
17.8690    6.1368    

# Frame143

# x        y
13.4320    29.9835   
6.4068     6.9541    
8.7579     22.4388   
11.4259    25.7676   
8.3500     38.9950   
17.8690    6.1368    

# Frame144

# x        y
13.4051    29.9750   
6.4068     6.9541    
8.7579     22.4388   
11.4413    25.7376   
8.3500     38.9950   
17.8690    6.1368    

# Frame145

# x        y
13.3787    29.9668   
6.4068     6.9541    
8.7579     22.4388   
11.4564    25.7081   
8.3500     38.9950   
17.8690    6.1368    

# Frame146

# x        y
13.3527    29.9586   
6.4068     6.9541    
8.7579     22.4388   
11.4713    25.6790   
8.3500     38.9950   
17.8690    6.1368    

# Frame147

# x        y
13.3271    29.9506   
6.4068     6.9541    
8.7579     22.4388   
11.4859    25.6505   
8.3500     38.9950   
17.8690    6.1368    

# Frame148

# x        y
13.3020    29.9427   
6.4068     6.9541    
8.7579     22.4388   
11.5002    25.6224   
8.3500     38.9950   
17.8690    6.1368    

# Frame149

# x        y
13.2772    29.9350   
6.4068     6.9541    
8.7579     22.4388   
11.5144    25.5948   
8.3500     38.9950   
17.8690    6.1368    

# Frame150

# x        y
13.2529    29.9273   
6.4068     6.9541    
8.7579     22.4388   
11.5283    25.5677   
8.3500     38.9950   
17.8690    6.1368    

# Frame151

# x        y
13.2290    29.9198   
6.4068     6.9541    
8.7579     22.4388   
11.5419    25.5410   
8.3500     38.9950   
17.8690    6.1368    

# Frame152

# x        y
13.2055    29.9125   
6.4068     6.9541    
8.7579     22.4388   
11.5554    25.5147   
8.3500     38.9950   
17.8690    6.1368    

# Frame153

# x        y
13.1824    29.9052   
6.4068     6.9541    
8.7579     22.4388   
11.5686    25.4889   
8.3500     38.9950   
17.8690    6.1368    

# Frame154

# x        y
13.1597    29.8981   
6.4068     6.9541    
8.7579     22.4388   
11.5816    25.4635   
8.3500     38.9950   
17.8690    6.1368    

# Frame155

# x        y
13.1374    29.8911   
6.4068     6.9541    
8.7579     22.4388   
11.5943    25.4386   
8.3500     38.9950   
17.8690    6.1368    

# Frame156

# x        y
13.1154    29.8842   
6.4068     6.9541    
8.7579     22.4388   
11.6069    25.4140   
8.3500     38.9950   
17.8690    6.1368    

# Frame157

# x        y
13.0938    29.8774   
6.4068     6.9541    
8.7579     22.4388   
11.6193    25.3899   
8.3500     38.9950   
17.8690    6.1368    

# Frame158

# x        y
13.0725    29.8708   
6.4068     6.9541    
8.7579     22.4388   
11.6314    25.3662   
8.3500     38.9950   
17.8690    6.1368    

# Frame159

# x        y
13.0516    29.8642   
6.4068     6.9541    
8.7579     22.4388   
11.6433    25.3428   
8.3500     38.9950   
17.8690    6.1368    

# Frame160

# x        y
13.0311    29.8578   
6.4068     6.9541    
8.7579     22.4388   
11.6551    25.3199   
8.3500     38.9950   
17.8690    6.1368    

# Frame161

# x        y
13.0109    29.8515   
6.4068     6.9541    
8.7579     22.4388   
11.6666    25.2973   
8.3500     38.9950   
17.8690    6.1368    

# Frame162

# x        y
12.9910    29.8452   
6.4068     6.9541    
8.7579     22.4388   
11.6780    25.2752   
8.3500     38.9950   
17.8690    6.1368    

# Frame163

# x        y
12.9715    29.8391   
6.4068     6.9541    
8.7579     22.4388   
11.6892    25.2533   
8.3500     38.9950   
17.8690    6.1368    

# Frame164

# x        y
12.9523    29.8331   
6.4068     6.9541    
8.7579     22.4388   
11.7001    25.2319   
8.3500     38.9950   
17.8690    6.1368    

# Frame165

# x        y
12.9334    29.8272   
6.4068     6.9541    
8.7579     22.4388   
11.7109    25.2108   
8.3500     38.9950   
17.8690    6.1368    

# Frame166

# x        y
12.9148    29.8213   
6.4068     6.9541    
8.7579     22.4388   
11.7216    25.1901   
8.3500     38.9950   
17.8690    6.1368    

# Frame167

# x        y
12.8966    29.8156   
6.4068     6.9541    
8.7579     22.4388   
11.7320    25.1697   
8.3500     38.9950   
17.8690    6.1368    

# Frame168

# x        y
12.8786    29.8100   
6.4068     6.9541    
8.7579     22.4388   
11.7423    25.1496   
8.3500     38.9950   
17.8690    6.1368    

# Frame169

# x        y
12.8609    29.8044   
6.4068     6.9541    
8.7579     22.4388   
11.7524    25.1299   
8.3500     38.9950   
17.8690    6.1368    

# Frame170

# x        y
12.8436    29.7990   
6.4068     6.9541    
8.7579     22.4388   
11.7623    25.1105   
8.3500     38.9950   
17.8690    6.1368    

# Frame171

# x        y
12.8265    29.7936   
6.4068     6.9541    
8.7579     22.4388   
11.7721    25.0914   
8.3500     38.9950   
17.8690    6.1368    

# Frame172

# x        y
12.8097    29.7884   
6.4068     6.9541    
8.7579     22.4388   
11.7817    25.0727   
8.3500     38.9950   
17.8690    6.1368    

# Frame173

# x        y
12.7932    29.7832   
6.4068     6.9541    
8.7579     22.4388   
11.7911    25.0542   
8.3500     38.9950   
17.8690    6.1368    

# Frame174

# x        y
12.7770    29.7781   
6.4068     6.9541    
8.7579     22.4388   
11.8004    25.0361   
8.3500     38.9950   
17.8690    6.1368    

# Frame175

# x        y
12.7610    29.7731   
6.4068     6.9541    
8.7579     22.4388   
11.8095    25.0182   
8.3500     38.9950   
17.8690    6.1368    

# Frame176

# x        y
12.7453    29.7682   
6.4068     6.9541    
8.7579     22.4388   
11.8185    25.0007   
8.3500     38.9950   
17.8690    6.1368    

# Frame177

# x        y
12.7298    29.7633   
6.4068     6.9541    
8.7579     22.4388   
11.8273    24.9835   
8.3500     38.9950   
17.8690    6.1368    

# Frame178

# x        y
12.7147    29.7586   
6.4068     6.9541    
8.7579     22.4388   
11.8360    24.9665   
8.3500     38.9950   
17.8690    6.1368    

# Frame179

# x        y
12.6997    29.7539   
6.4068     6.9541    
8.7579     22.4388   
11.8445    24.9498   
8.3500     38.9950   
17.8690    6.1368    

# Frame180

# x        y
12.6851    29.7493   
6.4068     6.9541    
8.7579     22.4388   
11.8529    24.9335   
8.3500     38.9950   
17.8690    6.1368    

# Frame181

# x        y
12.6706    29.7448   
6.4068     6.9541    
8.7579     22.4388   
11.8612    24.9173   
8.3500     38.9950   
17.8690    6.1368    

# Frame182

# x        y
12.6564    29.7403   
6.4068     6.9541    
8.7579     22.4388   
11.8693    24.9015   
8.3500     38.9950   
17.8690    6.1368    

# Frame183

# x        y
12.6425    29.7359   
6.4068     6.9541    
8.7579     22.4388   
11.8773    24.8859   
8.3500     38.9950   
17.8690    6.1368    

# Frame184

# x        y
12.6287    29.7316   
6.4068     6.9541    
8.7579     22.4388   
11.8851    24.8706   
8.3500     38.9950   
17.8690    6.1368    

# Frame185

# x        y
12.6152    29.7274   
6.4068     6.9541    
8.7579     22.4388   
11.8928    24.8555   
8.3500     38.9950   
17.8690    6.1368    

# Frame186

# x        y
12.6020    29.7233   
6.4068     6.9541    
8.7579     22.4388   
11.9004    24.8407   
8.3500     38.9950   
17.8690    6.1368    

# Frame187

# x        y
12.5889    29.7192   
6.4068     6.9541    
8.7579     22.4388   
11.9079    24.8261   
8.3500     38.9950   
17.8690    6.1368    

# Frame188

# x        y
12.5761    29.7151   
6.4068     6.9541    
8.7579     22.4388   
11.9152    24.8118   
8.3500     38.9950   
17.8690    6.1368    

# Frame189

# x        y
12.5635    29.7112   
6.4068     6.9541    
8.7579     22.4388   
11.9224    24.7977   
8.3500     38.9950   
17.8690    6.1368    

# Frame190

# x        y
12.5511    29.7073   
6.4068     6.9541    
8.7579     22.4388   
11.9295    24.7838   
8.3500     38.9950   
17.8690    6.1368    

# Frame191

# x        y
12.5389    29.7035   
6.4068     6.9541    
8.7579     22.4388   
11.9365    24.7702   
8.3500     38.9950   
17.8690    6.1368    

# Frame192

# x        y
12.5269    29.6997   
6.4068     6.9541    
8.7579     22.4388   
11.9433    24.7568   
8.3500     38.9950   
17.8690    6.1368    

# Frame193

# x        y
12.5151    29.6960   
6.4068     6.9541    
8.7579     22.4388   
11.9501    24.7436   
8.3500     38.9950   
17.8690    6.1368    

# Frame194

# x        y
12.5035    29.6924   
6.4068     6.9541    
8.7579     22.4388   
11.9567    24.7307   
8.3500     38.9950   
17.8690    6.1368    

# Frame195

# x        y
12.4921    29.6888   
6.4068     6.9541    
8.7579     22.4388   
11.9632    24.7179   
8.3500     38.9950   
17.8690    6.1368    

# Frame196

# x        y
12.4808    29.6853   
6.4068     6.9541    
8.7579     22.4388   
11.9697    24.7054   
8.3500     38.9950   
17.8690    6.1368    

# Frame197

# x        y
12.4698    29.6818   
6.4068     6.9541    
8.7579     22.4388   
11.9760    24.6931   
8.3500     38.9950   
17.8690    6.1368    

# Frame198

# x        y
12.4590    29.6784   
6.4068     6.9541    
8.7579     22.4388   
11.9822    24.6810   
8.3500     38.9950   
17.8690    6.1368    

# Frame199

# x        y
12.4483    29.6751   
6.4068     6.9541    
8.7579     22.4388   
11.9883    24.6690   
8.3500     38.9950   
17.8690    6.1368    

# Frame200

# x        y
12.4378    29.6718   
6.4068     6.9541    
8.7579     22.4388   
11.9943    24.6573   
8.3500     38.9950   
17.8690    6.1368    

# Frame201

# x        y
12.4275    29.6686   
6.4068     6.9541    
8.7579     22.4388   
12.0001    24.6458   
8.3500     38.9950   
17.8690    6.1368    

# Frame202

# x        y
12.4173    29.6654   
6.4068     6.9541    
8.7579     22.4388   
12.0059    24.6345   
8.3500     38.9950   
17.8690    6.1368    

# Frame203

# x        y
12.4074    29.6622   
6.4068     6.9541    
8.7579     22.4388   
12.0116    24.6234   
8.3500     38.9950   
17.8690    6.1368    

# Frame204

# x        y
12.3976    29.6592   
6.4068     6.9541    
8.7579     22.4388   
12.0173    24.6124   
8.3500     38.9950   
17.8690    6.1368    

# Frame205

# x        y
12.3879    29.6562   
6.4068     6.9541    
8.7579     22.4388   
12.0228    24.6016   
8.3500     38.9950   
17.8690    6.1368    

# Frame206

# x        y
12.3784    29.6532   
6.4068     6.9541    
8.7579     22.4388   
12.0282    24.5910   
8.3500     38.9950   
17.8690    6.1368    

# Frame207

# x        y
12.3691    29.6503   
6.4068     6.9541    
8.7579     22.4388   
12.0335    24.5806   
8.3500     38.9950   
17.8690    6.1368    

# Frame208

# x        y
12.3599    29.6474   
6.4068     6.9541    
8.7579     22.4388   
12.0388    24.5704   
8.3500     38.9950   
17.8690    6.1368    

# Frame209

# x        y
12.3509    29.6446   
6.4068     6.9541    
8.7579     22.4388   
12.0439    24.5603   
8.3500     38.9950   
17.8690    6.1368    

# Frame210

# x        y
12.3421    29.6418   
6.4068     6.9541    
8.7579     22.4388   
12.0490    24.5504   
8.3500     38.9950   
17.8690    6.1368    

# Frame211

# x        y
12.3333    29.6390   
6.4068     6.9541    
8.7579     22.4388   
12.0540    24.5407   
8.3500     38.9950   
17.8690    6.1368    

# Frame212

# x        y
12.3248    29.6364   
6.4068     6.9541    
8.7579     22.4388   
12.0589    24.5311   
8.3500     38.9950   
17.8690    6.1368    

# Frame213

# x        y
12.3163    29.6337   
6.4068     6.9541    
8.7579     22.4388   
12.0637    24.5217   
8.3500     38.9950   
17.8690    6.1368    

# Frame214

# x        y
12.3081    29.6311   
6.4068     6.9541    
8.7579     22.4388   
12.0684    24.5124   
8.3500     38.9950   
17.8690    6.1368    

# Frame215

# x        y
12.2999    29.6286   
6.4068     6.9541    
8.7579     22.4388   
12.0731    24.5033   
8.3500     38.9950   
17.8690    6.1368    

# Frame216

# x        y
12.2919    29.6260   
6.4068     6.9541    
8.7579     22.4388   
12.0777    24.4944   
8.3500     38.9950   
17.8690    6.1368    

# Frame217

# x        y
12.2840    29.6236   
6.4068     6.9541    
8.7579     22.4388   
12.0822    24.4856   
8.3500     38.9950   
17.8690    6.1368    

# Frame218

# x        y
12.2763    29.6211   
6.4068     6.9541    
8.7579     22.4388   
12.0866    24.4769   
8.3500     38.9950   
17.8690    6.1368    

# Frame219

# x        y
12.2686    29.6187   
6.4068     6.9541    
8.7579     22.4388   
12.0910    24.4684   
8.3500     38.9950   
17.8690    6.1368    

# Frame220

# x        y
12.2611    29.6164   
6.4068     6.9541    
8.7579     22.4388   
12.0952    24.4600   
8.3500     38.9950   
17.8690    6.1368    

# Frame221

# x        y
12.2538    29.6141   
6.4068     6.9541    
8.7579     22.4388   
12.0995    24.4518   
8.3500     38.9950   
17.8690    6.1368    

# Frame222

# x        y
12.2465    29.6118   
6.4068     6.9541    
8.7579     22.4388   
12.1036    24.4437   
8.3500     38.9950   
17.8690    6.1368    

# Frame223

# x        y
12.2394    29.6096   
6.4068     6.9541    
8.7579     22.4388   
12.1077    24.4358   
8.3500     38.9950   
17.8690    6.1368    

# Frame224

# x        y
12.2324    29.6074   
6.4068     6.9541    
8.7579     22.4388   
12.1117    24.4279   
8.3500     38.9950   
17.8690    6.1368    

# Frame225

# x        y
12.2255    29.6052   
6.4068     6.9541    
8.7579     22.4388   
12.1156    24.4202   
8.3500     38.9950   
17.8690    6.1368    

# Frame226

# x        y
12.2187    29.6031   
6.4068     6.9541    
8.7579     22.4388   
12.1195    24.4127   
8.3500     38.9950   
17.8690    6.1368    

# Frame227

# x        y
12.2121    29.6010   
6.4068     6.9541    
8.7579     22.4388   
12.1233    24.4052   
8.3500     38.9950   
17.8690    6.1368    

# Frame228

# x        y
12.2055    29.5990   
6.4068     6.9541    
8.7579     22.4388   
12.1270    24.3979   
8.3500     38.9950   
17.8690    6.1368    

# Frame229

# x        y
12.1991    29.5969   
6.4068     6.9541    
8.7579     22.4388   
12.1307    24.3907   
8.3500     38.9950   
17.8690    6.1368    

# Frame230

# x        y
12.1927    29.5950   
6.4068     6.9541    
8.7579     22.4388   
12.1344    24.3836   
8.3500     38.9950   
17.8690    6.1368    

# Frame231

# x        y
12.1865    29.5930   
6.4068     6.9541    
8.7579     22.4388   
12.1379    24.3767   
8.3500     38.9950   
17.8690    6.1368    

# Frame232

# x        y
12.1804    29.5911   
6.4068     6.9541    
8.7579     22.4388   
12.1414    24.3698   
8.3500     38.9950   
17.8690    6.1368    

# Frame233

# x        y
12.1744    29.5892   
6.4068     6.9541    
8.7579     22.4388   
12.1449    24.3631   
8.3500     38.9950   
17.8690    6.1368    

# Frame234

# x        y
12.1684    29.5873   
6.4068     6.9541    
8.7579     22.4388   
12.1482    24.3565   
8.3500     38.9950   
17.8690    6.1368    

# Frame235

# x        y
12.1626    29.5855   
6.4068     6.9541    
8.7579     22.4388   
12.1516    24.3500   
8.3500     38.9950   
17.8690    6.1368    

# Frame236

# x        y
12.1569    29.5837   
6.4068     6.9541    
8.7579     22.4388   
12.1548    24.3436   
8.3500     38.9950   
17.8690    6.1368    

# Frame237

# x        y
12.1512    29.5819   
6.4068     6.9541    
8.7579     22.4388   
12.1581    24.3373   
8.3500     38.9950   
17.8690    6.1368    

# Frame238

# x        y
12.1457    29.5802   
6.4068     6.9541    
8.7579     22.4388   
12.1612    24.3311   
8.3500     38.9950   
17.8690    6.1368    

# Frame239

# x        y
12.1403    29.5785   
6.4068     6.9541    
8.7579     22.4388   
12.1643    24.3250   
8.3500     38.9950   
17.8690    6.1368    

# Frame240

# x        y
12.1349    29.5768   
6.4068     6.9541    
8.7579     22.4388   
12.1674    24.3191   
8.3500     38.9950   
17.8690    6.1368    

# Frame241

# x        y
12.1296    29.5752   
6.4068     6.9541    
8.7579     22.4388   
12.1704    24.3132   
8.3500     38.9950   
17.8690    6.1368    

# Frame242

# x        y
12.1245    29.5735   
6.4068     6.9541    
8.7579     22.4388   
12.1734    24.3074   
8.3500     38.9950   
17.8690    6.1368    

# Frame243

# x        y
12.1194    29.5720   
6.4068     6.9541    
8.7579     22.4388   
12.1763    24.3017   
8.3500     38.9950   
17.8690    6.1368    

# Frame244

# x        y
12.1144    29.5704   
6.4068     6.9541    
8.7579     22.4388   
12.1792    24.2961   
8.3500     38.9950   
17.8690    6.1368    

# Frame245

# x        y
12.1094    29.5688   
6.4068     6.9541    
8.7579     22.4388   
12.1820    24.2906   
8.3500     38.9950   
17.8690    6.1368    

# Frame246

# x        y
12.1046    29.5673   
6.4068     6.9541    
8.7579     22.4388   
12.1847    24.2852   
8.3500     38.9950   
17.8690    6.1368    

# Frame247

# x        y
12.0998    29.5658   
6.4068     6.9541    
8.7579     22.4388   
12.1875    24.2799   
8.3500     38.9950   
17.8690    6.1368    

# Frame248

# x        y
12.0952    29.5644   
6.4068     6.9541    
8.7579     22.4388   
12.1901    24.2747   
8.3500     38.9950   
17.8690    6.1368    

# Frame249

# x        y
12.0906    29.5629   
6.4068     6.9541    
8.7579     22.4388   
12.1928    24.2695   
8.3500     38.9950   
17.8690    6.1368    

# Frame250

# x        y
12.0860    29.5615   
6.4068     6.9541    
8.7579     22.4388   
12.1953    24.2645   
8.3500     38.9950   
17.8690    6.1368    

# Frame251

# x        y
12.0816    29.5601   
6.4068     6.9541    
8.7579     22.4388   
12.1979    24.2595   
8.3500     38.9950   
17.8690    6.1368    

# Frame252

# x        y
12.0772    29.5587   
6.4068     6.9541    
8.7579     22.4388   
12.2004    24.2546   
8.3500     38.9950   
17.8690    6.1368    

# Frame253

# x        y
12.0729    29.5574   
6.4068     6.9541    
8.7579     22.4388   
12.2029    24.2498   
8.3500     38.9950   
17.8690    6.1368    

# Frame254

# x        y
12.0687    29.5561   
6.4068     6.9541    
8.7579     22.4388   
12.2053    24.2451   
8.3500     38.9950   
17.8690    6.1368    

# Frame255

# x        y
12.0645    29.5548   
6.4068     6.9541    
8.7579     22.4388   
12.2077    24.2404   
8.3500     38.9950   
17.8690    6.1368    

# Frame256

# x        y
12.0604    29.5535   
6.4068     6.9541    
8.7579     22.4388   
12.2100    24.2359   
8.3500     38.9950   
17.8690    6.1368    

# Frame257

# x        y
12.0564    29.5522   
6.4068     6.9541    
8.7579     22.4388   
12.2123    24.2314   
8.3500     38.9950   
17.8690    6.1368    

# Frame258

# x        y
12.0524    29.5510   
6.4068     6.9541    
8.7579     22.4388   
12.2146    24.2270   
8.3500     38.9950   
17.8690    6.1368    

# Frame259

# x        y
12.0485    29.5497   
6.4068     6.9541    
8.7579     22.4388   
12.2168    24.2226   
8.3500     38.9950   
17.8690    6.1368    

# Frame260

# x        y
12.0447    29.5485   
6.4068     6.9541    
8.7579     22.4388   
12.2190    24.2183   
8.3500     38.9950   
17.8690    6.1368    

# Frame261

# x        y
12.0409    29.5474   
6.4068     6.9541    
8.7579     22.4388   
12.2211    24.2141   
8.3500     38.9950   
17.8690    6.1368    

# Frame262

# x        y
12.0372    29.5462   
6.4068     6.9541    
8.7579     22.4388   
12.2232    24.2100   
8.3500     38.9950   
17.8690    6.1368    

# Frame263

# x        y
12.0336    29.5451   
6.4068     6.9541    
8.7579     22.4388   
12.2253    24.2059   
8.3500     38.9950   
17.8690    6.1368    

# Frame264

# x        y
12.0300    29.5439   
6.4068     6.9541    
8.7579     22.4388   
12.2274    24.2019   
8.3500     38.9950   
17.8690    6.1368    

# Frame265

# x        y
12.0265    29.5428   
6.4068     6.9541    
8.7579     22.4388   
12.2294    24.1980   
8.3500     38.9950   
17.8690    6.1368    

# Frame266

# x        y
12.0231    29.5418   
6.4068     6.9541    
8.7579     22.4388   
12.2313    24.1942   
8.3500     38.9950   
17.8690    6.1368    

# Frame267

# x        y
12.0197    29.5407   
6.4068     6.9541    
8.7579     22.4388   
12.2333    24.1904   
8.3500     38.9950   
17.8690    6.1368    

# Frame268

# x        y
12.0163    29.5396   
6.4068     6.9541    
8.7579     22.4388   
12.2352    24.1866   
8.3500     38.9950   
17.8690    6.1368    

# Frame269

# x        y
12.0130    29.5386   
6.4068     6.9541    
8.7579     22.4388   
12.2371    24.1829   
8.3500     38.9950   
17.8690    6.1368    

# Frame270

# x        y
12.0098    29.5376   
6.4068     6.9541    
8.7579     22.4388   
12.2389    24.1793   
8.3500     38.9950   
17.8690    6.1368    

# Frame271

# x        y
12.0066    29.5366   
6.4068     6.9541    
8.7579     22.4388   
12.2408    24.1758   
8.3500     38.9950   
17.8690    6.1368    

# Frame272

# x        y
12.0035    29.5356   
6.4068     6.9541    
8.7579     22.4388   
12.2425    24.1723   
8.3500     38.9950   
17.8690    6.1368    

# Frame273

# x        y
12.0004    29.5347   
6.4068     6.9541    
8.7579     22.4388   
12.2443    24.1689   
8.3500     38.9950   
17.8690    6.1368    

# Frame274

# x        y
11.9974    29.5337   
6.4068     6.9541    
8.7579     22.4388   
12.2460    24.1655   
8.3500     38.9950   
17.8690    6.1368    

# Frame275

# x        y
11.9944    29.5328   
6.4068     6.9541    
8.7579     22.4388   
12.2477    24.1622   
8.3500     38.9950   
17.8690    6.1368    

# Frame276

# x        y
11.9915    29.5319   
6.4068     6.9541    
8.7579     22.4388   
12.2494    24.1589   
8.3500     38.9950   
17.8690    6.1368    

# Frame277

# x        y
11.9886    29.5310   
6.4068     6.9541    
8.7579     22.4388   
12.2510    24.1557   
8.3500     38.9950   
17.8690    6.1368    

# Frame278

# x        y
11.9858    29.5301   
6.4068     6.9541    
8.7579     22.4388   
12.2527    24.1525   
8.3500     38.9950   
17.8690    6.1368    

# Frame279

# x        y
11.9830    29.5292   
6.4068     6.9541    
8.7579     22.4388   
12.2542    24.1494   
8.3500     38.9950   
17.8690    6.1368    

# Frame280

# x        y
11.9803    29.5283   
6.4068     6.9541    
8.7579     22.4388   
12.2558    24.1464   
8.3500     38.9950   
17.8690    6.1368    

# Frame281

# x        y
11.9776    29.5275   
6.4068     6.9541    
8.7579     22.4388   
12.2573    24.1434   
8.3500     38.9950   
17.8690    6.1368    

# Frame282

# x        y
11.9749    29.5267   
6.4068     6.9541    
8.7579     22.4388   
12.2589    24.1404   
8.3500     38.9950   
17.8690    6.1368    

# Frame283

# x        y
11.9723    29.5259   
6.4068     6.9541    
8.7579     22.4388   
12.2603    24.1375   
8.3500     38.9950   
17.8690    6.1368    

# Frame284

# x        y
11.9698    29.5251   
6.4068     6.9541    
8.7579     22.4388   
12.2618    24.1347   
8.3500     38.9950   
17.8690    6.1368    

# Frame285

# x        y
11.9673    29.5243   
6.4068     6.9541    
8.7579     22.4388   
12.2632    24.1318   
8.3500     38.9950   
17.8690    6.1368    

# Frame286

# x        y
11.9648    29.5235   
6.4068     6.9541    
8.7579     22.4388   
12.2647    24.1291   
8.3500     38.9950   
17.8690    6.1368    

# Frame287

# x        y
11.9624    29.5227   
6.4068     6.9541    
8.7579     22.4388   
12.2660    24.1264   
8.3500     38.9950   
17.8690    6.1368    

# Frame288

# x        y
11.9600    29.5220   
6.4068     6.9541    
8.7579     22.4388   
12.2674    24.1237   
8.3500     38.9950   
17.8690    6.1368    

# Frame289

# x        y
11.9576    29.5212   
6.4068     6.9541    
8.7579     22.4388   
12.2688    24.1211   
8.3500     38.9950   
17.8690    6.1368    

# Frame290

# x        y
11.9553    29.5205   
6.4068     6.9541    
8.7579     22.4388   
12.2701    24.1185   
8.3500     38.9950   
17.8690    6.1368    

# Frame291

# x        y
11.9530    29.5198   
6.4068     6.9541    
8.7579     22.4388   
12.2714    24.1160   
8.3500     38.9950   
17.8690    6.1368    

# Frame292

# x        y
11.9508    29.5191   
6.4068     6.9541    
8.7579     22.4388   
12.2727    24.1135   
8.3500     38.9950   
17.8690    6.1368    

# Frame293

# x        y
11.9486    29.5184   
6.4068     6.9541    
8.7579     22.4388   
12.2739    24.1110   
8.3500     38.9950   
17.8690    6.1368    

# Frame294

# x        y
11.9464    29.5177   
6.4068     6.9541    
8.7579     22.4388   
12.2751    24.1086   
8.3500     38.9950   
17.8690    6.1368    

# Frame295

# x        y
11.9443    29.5171   
6.4068     6.9541    
8.7579     22.4388   
12.2764    24.1062   
8.3500     38.9950   
17.8690    6.1368    

# Frame296

# x        y
11.9422    29.5164   
6.4068     6.9541    
8.7579     22.4388   
12.2776    24.1039   
8.3500     38.9950   
17.8690    6.1368    

# Frame297

# x        y
11.9402    29.5158   
6.4068     6.9541    
8.7579     22.4388   
12.2787    24.1016   
8.3500     38.9950   
17.8690    6.1368    

# Frame298

# x        y
11.9382    29.5151   
6.4068     6.9541    
8.7579     22.4388   
12.2799    24.0993   
8.3500     38.9950   
17.8690    6.1368    

# Frame299

# x        y
11.9362    29.5145   
6.4068     6.9541    
8.7579     22.4388   
12.2810    24.0971   
8.3500     38.9950   
17.8690    6.1368    

# Frame300

# x        y
11.9342    29.5139   
6.4068     6.9541    
8.7579     22.4388   
12.2821    24.0949   
8.3500     38.9950   
17.8690    6.1368    

# Frame301

# x        y
11.9323    29.5133   
6.4068     6.9541    
8.7579     22.4388   
12.2832    24.0928   
8.3500     38.9950   
17.8690    6.1368    

# Frame302

# x        y
11.9304    29.5127   
6.4068     6.9541    
8.7579     22.4388   
12.2843    24.0907   
8.3500     38.9950   
17.8690    6.1368    

# Frame303

# x        y
11.9285    29.5121   
6.4068     6.9541    
8.7579     22.4388   
12.2854    24.0886   
8.3500     38.9950   
17.8690    6.1368    

# Frame304

# x        y
11.9267    29.5116   
6.4068     6.9541    
8.7579     22.4388   
12.2864    24.0866   
8.3500     38.9950   
17.8690    6.1368    

# Frame305

# x        y
11.9249    29.5110   
6.4068     6.9541    
8.7579     22.4388   
12.2874    24.0846   
8.3500     38.9950   
17.8690    6.1368    

# Frame306

# x        y
11.9232    29.5104   
6.4068     6.9541    
8.7579     22.4388   
12.2885    24.0826   
8.3500     38.9950   
17.8690    6.1368    

# Frame307

# x        y
11.9214    29.5099   
6.4068     6.9541    
8.7579     22.4388   
12.2894    24.0807   
8.3500     38.9950   
17.8690    6.1368    

# Frame308

# x        y
11.9197    29.5094   
6.4068     6.9541    
8.7579     22.4388   
12.2904    24.0787   
8.3500     38.9950   
17.8690    6.1368    

# Frame309

# x        y
11.9180    29.5088   
6.4068     6.9541    
8.7579     22.4388   
12.2914    24.0769   
8.3500     38.9950   
17.8690    6.1368    

# Frame310

# x        y
11.9164    29.5083   
6.4068     6.9541    
8.7579     22.4388   
12.2923    24.0750   
8.3500     38.9950   
17.8690    6.1368    

# Frame311

# x        y
11.9148    29.5078   
6.4068     6.9541    
8.7579     22.4388   
12.2933    24.0732   
8.3500     38.9950   
17.8690    6.1368    

# Frame312

# x        y
11.9132    29.5073   
6.4068     6.9541    
8.7579     22.4388   
12.2942    24.0714   
8.3500     38.9950   
17.8690    6.1368    

# Frame313

# x        y
11.9116    29.5068   
6.4068     6.9541    
8.7579     22.4388   
12.2951    24.0697   
8.3500     38.9950   
17.8690    6.1368    

# Frame314

# x        y
11.9100    29.5063   
6.4068     6.9541    
8.7579     22.4388   
12.2959    24.0679   
8.3500     38.9950   
17.8690    6.1368    

# Frame315

# x        y
11.9085    29.5059   
6.4068     6.9541    
8.7579     22.4388   
12.2968    24.0663   
8.3500     38.9950   
17.8690    6.1368    

# Frame316

# x        y
11.9070    29.5054   
6.4068     6.9541    
8.7579     22.4388   
12.2977    24.0646   
8.3500     38.9950   
17.8690    6.1368    

# Frame317

# x        y
11.9056    29.5049   
6.4068     6.9541    
8.7579     22.4388   
12.2985    24.0629   
8.3500     38.9950   
17.8690    6.1368    

# Frame318

# x        y
11.9041    29.5045   
6.4068     6.9541    
8.7579     22.4388   
12.2993    24.0613   
8.3500     38.9950   
17.8690    6.1368    

# Frame319

# x        y
11.9027    29.5040   
6.4068     6.9541    
8.7579     22.4388   
12.3001    24.0597   
8.3500     38.9950   
17.8690    6.1368    

# Frame320

# x        y
11.9013    29.5036   
6.4068     6.9541    
8.7579     22.4388   
12.3009    24.0582   
8.3500     38.9950   
17.8690    6.1368    

# Frame321

# x        y
11.8999    29.5032   
6.4068     6.9541    
8.7579     22.4388   
12.3017    24.0567   
8.3500     38.9950   
17.8690    6.1368    

# Frame322

# x        y
11.8986    29.5027   
6.4068     6.9541    
8.7579     22.4388   
12.3025    24.0552   
8.3500     38.9950   
17.8690    6.1368    

# Frame323

# x        y
11.8973    29.5023   
6.4068     6.9541    
8.7579     22.4388   
12.3033    24.0537   
8.3500     38.9950   
17.8690    6.1368    

# Frame324

# x        y
11.8960    29.5019   
6.4068     6.9541    
8.7579     22.4388   
12.3040    24.0522   
8.3500     38.9950   
17.8690    6.1368    

# Frame325

# x        y
11.8947    29.5015   
6.4068     6.9541    
8.7579     22.4388   
12.3047    24.0508   
8.3500     38.9950   
17.8690    6.1368    

# Frame326

# x        y
11.8934    29.5011   
6.4068     6.9541    
8.7579     22.4388   
12.3055    24.0494   
8.3500     38.9950   
17.8690    6.1368    

# Frame327

# x        y
11.8922    29.5007   
6.4068     6.9541    
8.7579     22.4388   
12.3062    24.0480   
8.3500     38.9950   
17.8690    6.1368    

# Frame328

# x        y
11.8910    29.5003   
6.4068     6.9541    
8.7579     22.4388   
12.3069    24.0466   
8.3500     38.9950   
17.8690    6.1368    

# Frame329

# x        y
11.8898    29.5000   
6.4068     6.9541    
8.7579     22.4388   
12.3076    24.0453   
8.3500     38.9950   
17.8690    6.1368    

# Frame330

# x        y
11.8886    29.4996   
6.4068     6.9541    
8.7579     22.4388   
12.3082    24.0440   
8.3500     38.9950   
17.8690    6.1368    

# Frame331

# x        y
11.8874    29.4992   
6.4068     6.9541    
8.7579     22.4388   
12.3089    24.0427   
8.3500     38.9950   
17.8690    6.1368    

# Frame332

# x        y
11.8863    29.4989   
6.4068     6.9541    
8.7579     22.4388   
12.3095    24.0414   
8.3500     38.9950   
17.8690    6.1368    

# Frame333

# x        y
11.8851    29.4985   
6.4068     6.9541    
8.7579     22.4388   
12.3102    24.0401   
8.3500     38.9950   
17.8690    6.1368    

# Frame334

# x        y
11.8840    29.4982   
6.4068     6.9541    
8.7579     22.4388   
12.3108    24.0389   
8.3500     38.9950   
17.8690    6.1368    

# Frame335

# x        y
11.8830    29.4978   
6.4068     6.9541    
8.7579     22.4388   
12.3114    24.0377   
8.3500     38.9950   
17.8690    6.1368    

# Frame336

# x        y
11.8819    29.4975   
6.4068     6.9541    
8.7579     22.4388   
12.3120    24.0365   
8.3500     38.9950   
17.8690    6.1368    

# Frame337

# x        y
11.8808    29.4972   
6.4068     6.9541    
8.7579     22.4388   
12.3126    24.0353   
8.3500     38.9950   
17.8690    6.1368    

# Frame338

# x        y
11.8798    29.4969   
6.4068     6.9541    
8.7579     22.4388   
12.3132    24.0342   
8.3500     38.9950   
17.8690    6.1368    

# Frame339

# x        y
11.8788    29.4965   
6.4068     6.9541    
8.7579     22.4388   
12.3138    24.0330   
8.3500     38.9950   
17.8690    6.1368    

# Frame340

# x        y
11.8778    29.4962   
6.4068     6.9541    
8.7579     22.4388   
12.3144    24.0319   
8.3500     38.9950   
17.8690    6.1368    

# Frame341

# x        y
11.8768    29.4959   
6.4068     6.9541    
8.7579     22.4388   
12.3149    24.0308   
8.3500     38.9950   
17.8690    6.1368    

# Frame342

# x        y
11.8759    29.4956   
6.4068     6.9541    
8.7579     22.4388   
12.3155    24.0298   
8.3500     38.9950   
17.8690    6.1368    

# Frame343

# x        y
11.8749    29.4953   
6.4068     6.9541    
8.7579     22.4388   
12.3160    24.0287   
8.3500     38.9950   
17.8690    6.1368    

# Frame344

# x        y
11.8740    29.4950   
6.4068     6.9541    
8.7579     22.4388   
12.3166    24.0277   
8.3500     38.9950   
17.8690    6.1368    

# Frame345

# x        y
11.8731    29.4947   
6.4068     6.9541    
8.7579     22.4388   
12.3171    24.0266   
8.3500     38.9950   
17.8690    6.1368    

# Frame346

# x        y
11.8722    29.4945   
6.4068     6.9541    
8.7579     22.4388   
12.3176    24.0256   
8.3500     38.9950   
17.8690    6.1368    

# Frame347

# x        y
11.8713    29.4942   
6.4068     6.9541    
8.7579     22.4388   
12.3181    24.0246   
8.3500     38.9950   
17.8690    6.1368    

# Frame348

# x        y
11.8704    29.4939   
6.4068     6.9541    
8.7579     22.4388   
12.3186    24.0237   
8.3500     38.9950   
17.8690    6.1368    

# Frame349

# x        y
11.8695    29.4936   
6.4068     6.9541    
8.7579     22.4388   
12.3191    24.0227   
8.3500     38.9950   
17.8690    6.1368    

# Frame350

# x        y
11.8687    29.4934   
6.4068     6.9541    
8.7579     22.4388   
12.3196    24.0218   
8.3500     38.9950   
17.8690    6.1368    

# Frame351

# x        y
11.8679    29.4931   
6.4068     6.9541    
8.7579     22.4388   
12.3201    24.0208   
8.3500     38.9950   
17.8690    6.1368    

# Frame352

# x        y
11.8671    29.4929   
6.4068     6.9541    
8.7579     22.4388   
12.3205    24.0199   
8.3500     38.9950   
17.8690    6.1368    

# Frame353

# x        y
11.8663    29.4926   
6.4068     6.9541    
8.7579     22.4388   
12.3210    24.0190   
8.3500     38.9950   
17.8690    6.1368    

# Frame354

# x        y
11.8655    29.4924   
6.4068     6.9541    
8.7579     22.4388   
12.3214    24.0182   
8.3500     38.9950   
17.8690    6.1368    

# Frame355

# x        y
11.8647    29.4921   
6.4068     6.9541    
8.7579     22.4388   
12.3219    24.0173   
8.3500     38.9950   
17.8690    6.1368    

# Frame356

# x        y
11.8639    29.4919   
6.4068     6.9541    
8.7579     22.4388   
12.3223    24.0164   
8.3500     38.9950   
17.8690    6.1368    

# Frame357

# x        y
11.8632    29.4916   
6.4068     6.9541    
8.7579     22.4388   
12.3227    24.0156   
8.3500     38.9950   
17.8690    6.1368    

# Frame358

# x        y
11.8624    29.4914   
6.4068     6.9541    
8.7579     22.4388   
12.3232    24.0148   
8.3500     38.9950   
17.8690    6.1368    

# Frame359

# x        y
11.8617    29.4912   
6.4068     6.9541    
8.7579     22.4388   
12.3236    24.0140   
8.3500     38.9950   
17.8690    6.1368    

# Frame360

# x        y
11.8610    29.4910   
6.4068     6.9541    
8.7579     22.4388   
12.3240    24.0132   
8.3500     38.9950   
17.8690    6.1368    

# Frame361

# x        y
11.8603    29.4907   
6.4068     6.9541    
8.7579     22.4388   
12.3244    24.0124   
8.3500     38.9950   
17.8690    6.1368    

# Frame362

# x        y
11.8596    29.4905   
6.4068     6.9541    
8.7579     22.4388   
12.3248    24.0116   
8.3500     38.9950   
17.8690    6.1368    

# Frame363

# x        y
11.8589    29.4903   
6.4068     6.9541    
8.7579     22.4388   
12.3252    24.0109   
8.3500     38.9950   
17.8690    6.1368    

# Frame364

# x        y
11.8583    29.4901   
6.4068     6.9541    
8.7579     22.4388   
12.3255    24.0101   
8.3500     38.9950   
17.8690    6.1368    

# Frame365

# x        y
11.8576    29.4899   
6.4068     6.9541    
8.7579     22.4388   
12.3259    24.0094   
8.3500     38.9950   
17.8690    6.1368    

# Frame366

# x        y
11.8570    29.4897   
6.4068     6.9541    
8.7579     22.4388   
12.3263    24.0087   
8.3500     38.9950   
17.8690    6.1368    

# Frame367

# x        y
11.8563    29.4895   
6.4068     6.9541    
8.7579     22.4388   
12.3267    24.0080   
8.3500     38.9950   
17.8690    6.1368    

# Frame368

# x        y
11.8557    29.4893   
6.4068     6.9541    
8.7579     22.4388   
12.3270    24.0073   
8.3500     38.9950   
17.8690    6.1368    

# Frame369

# x        y
11.8551    29.4891   
6.4068     6.9541    
8.7579     22.4388   
12.3274    24.0066   
8.3500     38.9950   
17.8690    6.1368    

# Frame370

# x        y
11.8545    29.4889   
6.4068     6.9541    
8.7579     22.4388   
12.3277    24.0059   
8.3500     38.9950   
17.8690    6.1368    

# Frame371

# x        y
11.8539    29.4887   
6.4068     6.9541    
8.7579     22.4388   
12.3280    24.0052   
8.3500     38.9950   
17.8690    6.1368    

# Frame372

# x        y
11.8533    29.4885   
6.4068     6.9541    
8.7579     22.4388   
12.3284    24.0046   
8.3500     38.9950   
17.8690    6.1368    

# Frame373

# x        y
11.8528    29.4884   
6.4068     6.9541    
8.7579     22.4388   
12.3287    24.0040   
8.3500     38.9950   
17.8690    6.1368    

# Frame374

# x        y
11.8522    29.4882   
6.4068     6.9541    
8.7579     22.4388   
12.3290    24.0033   
8.3500     38.9950   
17.8690    6.1368    

# Frame375

# x        y
11.8516    29.4880   
6.4068     6.9541    
8.7579     22.4388   
12.3293    24.0027   
8.3500     38.9950   
17.8690    6.1368    

# Frame376

# x        y
11.8511    29.4878   
6.4068     6.9541    
8.7579     22.4388   
12.3296    24.0021   
8.3500     38.9950   
17.8690    6.1368    

# Frame377

# x        y
11.8506    29.4877   
6.4068     6.9541    
8.7579     22.4388   
12.3300    24.0015   
8.3500     38.9950   
17.8690    6.1368    

# Frame378

# x        y
11.8500    29.4875   
6.4068     6.9541    
8.7579     22.4388   
12.3303    24.0009   
8.3500     38.9950   
17.8690    6.1368    

# Frame379

# x        y
11.8495    29.4874   
6.4068     6.9541    
8.7579     22.4388   
12.3306    24.0003   
8.3500     38.9950   
17.8690    6.1368    

# Frame380

# x        y
11.8490    29.4872   
6.4068     6.9541    
8.7579     22.4388   
12.3308    23.9998   
8.3500     38.9950   
17.8690    6.1368    

# Frame381

# x        y
11.8485    29.4870   
6.4068     6.9541    
8.7579     22.4388   
12.3311    23.9992   
8.3500     38.9950   
17.8690    6.1368    

# Frame382

# x        y
11.8480    29.4869   
6.4068     6.9541    
8.7579     22.4388   
12.3314    23.9987   
8.3500     38.9950   
17.8690    6.1368    

# Frame383

# x        y
11.8475    29.4867   
6.4068     6.9541    
8.7579     22.4388   
12.3317    23.9981   
8.3500     38.9950   
17.8690    6.1368    

# Frame384

# x        y
11.8470    29.4866   
6.4068     6.9541    
8.7579     22.4388   
12.3320    23.9976   
8.3500     38.9950   
17.8690    6.1368    

# Frame385

# x        y
11.8466    29.4864   
6.4068     6.9541    
8.7579     22.4388   
12.3322    23.9971   
8.3500     38.9950   
17.8690    6.1368    

# Frame386

# x        y
11.8461    29.4863   
6.4068     6.9541    
8.7579     22.4388   
12.3325    23.9966   
8.3500     38.9950   
17.8690    6.1368    

# Frame387

# x        y
11.8457    29.4861   
6.4068     6.9541    
8.7579     22.4388   
12.3327    23.9960   
8.3500     38.9950   
17.8690    6.1368    

# Frame388

# x        y
11.8452    29.4860   
6.4068     6.9541    
8.7579     22.4388   
12.3330    23.9956   
8.3500     38.9950   
17.8690    6.1368    

# Frame389

# x        y
11.8448    29.4859   
6.4068     6.9541    
8.7579     22.4388   
12.3333    23.9951   
8.3500     38.9950   
17.8690    6.1368    

# Frame390

# x        y
11.8444    29.4857   
6.4068     6.9541    
8.7579     22.4388   
12.3335    23.9946   
8.3500     38.9950   
17.8690    6.1368    

# Frame391

# x        y
11.8439    29.4856   
6.4068     6.9541    
8.7579     22.4388   
12.3337    23.9941   
8.3500     38.9950   
17.8690    6.1368    

# Frame392

# x        y
11.8435    29.4855   
6.4068     6.9541    
8.7579     22.4388   
12.3340    23.9936   
8.3500     38.9950   
17.8690    6.1368    

# Frame393

# x        y
11.8431    29.4853   
6.4068     6.9541    
8.7579     22.4388   
12.3342    23.9932   
8.3500     38.9950   
17.8690    6.1368    

# Frame394

# x        y
11.8427    29.4852   
6.4068     6.9541    
8.7579     22.4388   
12.3344    23.9927   
8.3500     38.9950   
17.8690    6.1368    

# Frame395

# x        y
11.8423    29.4851   
6.4068     6.9541    
8.7579     22.4388   
12.3347    23.9923   
8.3500     38.9950   
17.8690    6.1368    

# Frame396

# x        y
11.8419    29.4850   
6.4068     6.9541    
8.7579     22.4388   
12.3349    23.9919   
8.3500     38.9950   
17.8690    6.1368    

# Frame397

# x        y
11.8415    29.4848   
6.4068     6.9541    
8.7579     22.4388   
12.3351    23.9914   
8.3500     38.9950   
17.8690    6.1368    

# Frame398

# x        y
11.8412    29.4847   
6.4068     6.9541    
8.7579     22.4388   
12.3353    23.9910   
8.3500     38.9950   
17.8690    6.1368    

# Frame399

# x        y
11.8408    29.4846   
6.4068     6.9541    
8.7579     22.4388   
12.3355    23.9906   
8.3500     38.9950   
17.8690    6.1368    

# Frame400

# x        y
11.8404    29.4845   
6.4068     6.9541    
8.7579     22.4388   
12.3357    23.9902   
8.3500     38.9950   
17.8690    6.1368    

# Frame401

# x        y
11.8401    29.4844   
6.4068     6.9541    
8.7579     22.4388   
12.3359    23.9898   
8.3500     38.9950   
17.8690    6.1368    

# Frame402

# x        y
11.8397    29.4843   
6.4068     6.9541    
8.7579     22.4388   
12.3362    23.9894   
8.3500     38.9950   
17.8690    6.1368    

# Frame403

# x        y
11.8394    29.4842   
6.4068     6.9541    
8.7579     22.4388   
12.3363    23.9890   
8.3500     38.9950   
17.8690    6.1368    

# Frame404

# x        y
11.8390    29.4841   
6.4068     6.9541    
8.7579     22.4388   
12.3365    23.9886   
8.3500     38.9950   
17.8690    6.1368    

# Frame405

# x        y
11.8387    29.4840   
6.4068     6.9541    
8.7579     22.4388   
12.3367    23.9883   
8.3500     38.9950   
17.8690    6.1368    

# Frame406

# x        y
11.8384    29.4839   
6.4068     6.9541    
8.7579     22.4388   
12.3369    23.9879   
8.3500     38.9950   
17.8690    6.1368    

# Frame407

# x        y
11.8380    29.4838   
6.4068     6.9541    
8.7579     22.4388   
12.3371    23.9875   
8.3500     38.9950   
17.8690    6.1368    

# Frame408

# x        y
11.8377    29.4837   
6.4068     6.9541    
8.7579     22.4388   
12.3373    23.9872   
8.3500     38.9950   
17.8690    6.1368    

# Frame409

# x        y
11.8374    29.4836   
6.4068     6.9541    
8.7579     22.4388   
12.3375    23.9868   
8.3500     38.9950   
17.8690    6.1368    

# Frame410

# x        y
11.8371    29.4835   
6.4068     6.9541    
8.7579     22.4388   
12.3376    23.9865   
8.3500     38.9950   
17.8690    6.1368    

# Frame411

# x        y
11.8368    29.4834   
6.4068     6.9541    
8.7579     22.4388   
12.3378    23.9861   
8.3500     38.9950   
17.8690    6.1368    

# Frame412

# x        y
11.8365    29.4833   
6.4068     6.9541    
8.7579     22.4388   
12.3380    23.9858   
8.3500     38.9950   
17.8690    6.1368    

# Frame413

# x        y
11.8362    29.4832   
6.4068     6.9541    
8.7579     22.4388   
12.3382    23.9855   
8.3500     38.9950   
17.8690    6.1368    

# Frame414

# x        y
11.8359    29.4831   
6.4068     6.9541    
8.7579     22.4388   
12.3383    23.9852   
8.3500     38.9950   
17.8690    6.1368    

# Frame415

# x        y
11.8356    29.4830   
6.4068     6.9541    
8.7579     22.4388   
12.3385    23.9848   
8.3500     38.9950   
17.8690    6.1368    

# Frame416

# x        y
11.8354    29.4829   
6.4068     6.9541    
8.7579     22.4388   
12.3386    23.9845   
8.3500     38.9950   
17.8690    6.1368    

# Frame417

# x        y
11.8351    29.4828   
6.4068     6.9541    
8.7579     22.4388   
12.3388    23.9842   
8.3500     38.9950   
17.8690    6.1368    

# Frame418

# x        y
11.8348    29.4827   
6.4068     6.9541    
8.7579     22.4388   
12.3389    23.9839   
8.3500     38.9950   
17.8690    6.1368    

# Frame419

# x        y
11.8346    29.4827   
6.4068     6.9541    
8.7579     22.4388   
12.3391    23.9836   
8.3500     38.9950   
17.8690    6.1368    

# Frame420

# x        y
11.8343    29.4826   
6.4068     6.9541    
8.7579     22.4388   
12.3392    23.9833   
8.3500     38.9950   
17.8690    6.1368    

# Frame421

# x        y
11.8340    29.4825   
6.4068     6.9541    
8.7579     22.4388   
12.3394    23.9831   
8.3500     38.9950   
17.8690    6.1368    

# Frame422

# x        y
11.8338    29.4824   
6.4068     6.9541    
8.7579     22.4388   
12.3395    23.9828   
8.3500     38.9950   
17.8690    6.1368    

# Frame423

# x        y
11.8335    29.4823   
6.4068     6.9541    
8.7579     22.4388   
12.3397    23.9825   
8.3500     38.9950   
17.8690    6.1368    

# Frame424

# x        y
11.8333    29.4823   
6.4068     6.9541    
8.7579     22.4388   
12.3398    23.9822   
8.3500     38.9950   
17.8690    6.1368    

# Frame425

# x        y
11.8331    29.4822   
6.4068     6.9541    
8.7579     22.4388   
12.3400    23.9820   
8.3500     38.9950   
17.8690    6.1368    

# Frame426

# x        y
11.8328    29.4821   
6.4068     6.9541    
8.7579     22.4388   
12.3401    23.9817   
8.3500     38.9950   
17.8690    6.1368    

# Frame427

# x        y
11.8326    29.4820   
6.4068     6.9541    
8.7579     22.4388   
12.3402    23.9814   
8.3500     38.9950   
17.8690    6.1368    

# Frame428

# x        y
11.8324    29.4820   
6.4068     6.9541    
8.7579     22.4388   
12.3403    23.9812   
8.3500     38.9950   
17.8690    6.1368    

# Frame429

# x        y
11.8321    29.4819   
6.4068     6.9541    
8.7579     22.4388   
12.3405    23.9809   
8.3500     38.9950   
17.8690    6.1368    

# Frame430

# x        y
11.8319    29.4818   
6.4068     6.9541    
8.7579     22.4388   
12.3406    23.9807   
8.3500     38.9950   
17.8690    6.1368    

# Frame431

# x        y
11.8317    29.4818   
6.4068     6.9541    
8.7579     22.4388   
12.3407    23.9805   
8.3500     38.9950   
17.8690    6.1368    

# Frame432

# x        y
11.8315    29.4817   
6.4068     6.9541    
8.7579     22.4388   
12.3408    23.9802   
8.3500     38.9950   
17.8690    6.1368    

# Frame433

# x        y
11.8313    29.4816   
6.4068     6.9541    
8.7579     22.4388   
12.3410    23.9800   
8.3500     38.9950   
17.8690    6.1368    

# Frame434

# x        y
11.8311    29.4816   
6.4068     6.9541    
8.7579     22.4388   
12.3411    23.9798   
8.3500     38.9950   
17.8690    6.1368    

# Frame435

# x        y
11.8309    29.4815   
6.4068     6.9541    
8.7579     22.4388   
12.3412    23.9795   
8.3500     38.9950   
17.8690    6.1368    

# Frame436

# x        y
11.8307    29.4814   
6.4068     6.9541    
8.7579     22.4388   
12.3413    23.9793   
8.3500     38.9950   
17.8690    6.1368    

# Frame437

# x        y
11.8305    29.4814   
6.4068     6.9541    
8.7579     22.4388   
12.3414    23.9791   
8.3500     38.9950   
17.8690    6.1368    

# Frame438

# x        y
11.8303    29.4813   
6.4068     6.9541    
8.7579     22.4388   
12.3415    23.9789   
8.3500     38.9950   
17.8690    6.1368    

# Frame439

# x        y
11.8301    29.4813   
6.4068     6.9541    
8.7579     22.4388   
12.3416    23.9787   
8.3500     38.9950   
17.8690    6.1368    

# Frame440

# x        y
11.8299    29.4812   
6.4068     6.9541    
8.7579     22.4388   
12.3417    23.9785   
8.3500     38.9950   
17.8690    6.1368    

# Frame441

# x        y
11.8297    29.4811   
6.4068     6.9541    
8.7579     22.4388   
12.3419    23.9783   
8.3500     38.9950   
17.8690    6.1368    

# Frame442

# x        y
11.8296    29.4811   
6.4068     6.9541    
8.7579     22.4388   
12.3420    23.9781   
8.3500     38.9950   
17.8690    6.1368    

# Frame443

# x        y
11.8294    29.4810   
6.4068     6.9541    
8.7579     22.4388   
12.3421    23.9779   
8.3500     38.9950   
17.8690    6.1368    

# Frame444

# x        y
11.8292    29.4810   
6.4068     6.9541    
8.7579     22.4388   
12.3422    23.9777   
8.3500     38.9950   
17.8690    6.1368    

# Frame445

# x        y
11.8290    29.4809   
6.4068     6.9541    
8.7579     22.4388   
12.3423    23.9775   
8.3500     38.9950   
17.8690    6.1368    

# Frame446

# x        y
11.8289    29.4809   
6.4068     6.9541    
8.7579     22.4388   
12.3423    23.9773   
8.3500     38.9950   
17.8690    6.1368    

# Frame447

# x        y
11.8287    29.4808   
6.4068     6.9541    
8.7579     22.4388   
12.3424    23.9771   
8.3500     38.9950   
17.8690    6.1368    

# Frame448

# x        y
11.8285    29.4808   
6.4068     6.9541    
8.7579     22.4388   
12.3425    23.9769   
8.3500     38.9950   
17.8690    6.1368    

# Frame449

# x        y
11.8284    29.4807   
6.4068     6.9541    
8.7579     22.4388   
12.3426    23.9767   
8.3500     38.9950   
17.8690    6.1368    

# Frame450

# x        y
11.8282    29.4807   
6.4068     6.9541    
8.7579     22.4388   
12.3427    23.9766   
8.3500     38.9950   
17.8690    6.1368    

# Frame451

# x        y
11.8281    29.4806   
6.4068     6.9541    
8.7579     22.4388   
12.3428    23.9764   
8.3500     38.9950   
17.8690    6.1368    

# Frame452

# x        y
11.8279    29.4806   
6.4068     6.9541    
8.7579     22.4388   
12.3429    23.9762   
8.3500     38.9950   
17.8690    6.1368    

# Frame453

# x        y
11.8278    29.4805   
6.4068     6.9541    
8.7579     22.4388   
12.3430    23.9761   
8.3500     38.9950   
17.8690    6.1368    

# Frame454

# x        y
11.8276    29.4805   
6.4068     6.9541    
8.7579     22.4388   
12.3431    23.9759   
8.3500     38.9950   
17.8690    6.1368    

# Frame455

# x        y
11.8275    29.4804   
6.4068     6.9541    
8.7579     22.4388   
12.3431    23.9757   
8.3500     38.9950   
17.8690    6.1368    

# Frame456

# x        y
11.8273    29.4804   
6.4068     6.9541    
8.7579     22.4388   
12.3432    23.9756   
8.3500     38.9950   
17.8690    6.1368    

# Frame457

# x        y
11.8272    29.4803   
6.4068     6.9541    
8.7579     22.4388   
12.3433    23.9754   
8.3500     38.9950   
17.8690    6.1368    

# Frame458

# x        y
11.8271    29.4803   
6.4068     6.9541    
8.7579     22.4388   
12.3434    23.9753   
8.3500     38.9950   
17.8690    6.1368    

# Frame459

# x        y
11.8269    29.4803   
6.4068     6.9541    
8.7579     22.4388   
12.3435    23.9751   
8.3500     38.9950   
17.8690    6.1368    

# Frame460

# x        y
11.8268    29.4802   
6.4068     6.9541    
8.7579     22.4388   
12.3435    23.9750   
8.3500     38.9950   
17.8690    6.1368    

# Frame461

# x        y
11.8267    29.4802   
6.4068     6.9541    
8.7579     22.4388   
12.3436    23.9748   
8.3500     38.9950   
17.8690    6.1368    

# Frame462

# x        y
11.8265    29.4801   
6.4068     6.9541    
8.7579     22.4388   
12.3437    23.9747   
8.3500     38.9950   
17.8690    6.1368    

# Frame463

# x        y
11.8264    29.4801   
6.4068     6.9541    
8.7579     22.4388   
12.3438    23.9745   
8.3500     38.9950   
17.8690    6.1368    

# Frame464

# x        y
11.8263    29.4801   
6.4068     6.9541    
8.7579     22.4388   
12.3438    23.9744   
8.3500     38.9950   
17.8690    6.1368    

# Frame465

# x        y
11.8262    29.4800   
6.4068     6.9541    
8.7579     22.4388   
12.3439    23.9743   
8.3500     38.9950   
17.8690    6.1368    

# Frame466

# x        y
11.8260    29.4800   
6.4068     6.9541    
8.7579     22.4388   
12.3440    23.9741   
8.3500     38.9950   
17.8690    6.1368    

# Frame467

# x        y
11.8259    29.4799   
6.4068     6.9541    
8.7579     22.4388   
12.3440    23.9740   
8.3500     38.9950   
17.8690    6.1368    

# Frame468

# x        y
11.8258    29.4799   
6.4068     6.9541    
8.7579     22.4388   
12.3441    23.9739   
8.3500     38.9950   
17.8690    6.1368    

# Frame469

# x        y
11.8257    29.4799   
6.4068     6.9541    
8.7579     22.4388   
12.3442    23.9737   
8.3500     38.9950   
17.8690    6.1368    

# Frame470

# x        y
11.8256    29.4798   
6.4068     6.9541    
8.7579     22.4388   
12.3442    23.9736   
8.3500     38.9950   
17.8690    6.1368    

# Frame471

# x        y
11.8255    29.4798   
6.4068     6.9541    
8.7579     22.4388   
12.3443    23.9735   
8.3500     38.9950   
17.8690    6.1368    

# Frame472

# x        y
11.8254    29.4798   
6.4068     6.9541    
8.7579     22.4388   
12.3444    23.9734   
8.3500     38.9950   
17.8690    6.1368    

# Frame473

# x        y
11.8252    29.4797   
6.4068     6.9541    
8.7579     22.4388   
12.3444    23.9733   
8.3500     38.9950   
17.8690    6.1368    

# Frame474

# x        y
11.8251    29.4797   
6.4068     6.9541    
8.7579     22.4388   
12.3445    23.9731   
8.3500     38.9950   
17.8690    6.1368    

# Frame475

# x        y
11.8250    29.4797   
6.4068     6.9541    
8.7579     22.4388   
12.3445    23.9730   
8.3500     38.9950   
17.8690    6.1368    

# Frame476

# x        y
11.8249    29.4796   
6.4068     6.9541    
8.7579     22.4388   
12.3446    23.9729   
8.3500     38.9950   
17.8690    6.1368    

# Frame477

# x        y
11.8248    29.4796   
6.4068     6.9541    
8.7579     22.4388   
12.3447    23.9728   
8.3500     38.9950   
17.8690    6.1368    

# Frame478

# x        y
11.8247    29.4796   
6.4068     6.9541    
8.7579     22.4388   
12.3447    23.9727   
8.3500     38.9950   
17.8690    6.1368    

# Frame479

# x        y
11.8246    29.4796   
6.4068     6.9541    
8.7579     22.4388   
12.3448    23.9726   
8.3500     38.9950   
17.8690    6.1368    

# Frame480

# x        y
11.8246    29.4796   
6.4068     6.9541    
8.7579     22.4388   
12.3448    23.9725   
8.3500     38.9950   
17.8690    6.1368    

# Frame481

# x        y
11.8246    29.4796   
6.4068     6.9541    
8.7579     22.4388   
12.3449    23.9724   
8.3500     38.9950   
17.8690    6.1368    

# Frame482

# x        y
11.8246    29.4796   
6.4068     6.9541    
8.7579     22.4388   
12.3449    23.9723   
8.3500     38.9950   
17.8690    6.1368    

# Frame483

# x        y
11.8246    29.4796   
6.4068     6.9541    
8.7579     22.4388   
12.3450    23.9722   
8.3500     38.9950   
17.8690    6.1368    

# Frame484

# x        y
11.8246    29.4796   
6.4068     6.9541    
8.7579     22.4388   
12.3450    23.9721   
8.3500     38.9950   
17.8690    6.1368    

# Frame485

# x        y
11.8246    29.4796   
6.4068     6.9541    
8.7579     22.4388   
12.3451    23.9720   
8.3500     38.9950   
17.8690    6.1368    

# Frame486

# x        y
11.8246    29.4796   
6.4068     6.9541    
8.7579     22.4388   
12.3451    23.9719   
8.3500     38.9950   
17.8690    6.1368    

# Frame487

# x        y
11.8246    29.4796   
6.4068     6.9541    
8.7579     22.4388   
12.3452    23.9718   
8.3500     38.9950   
17.8690    6.1368    

# Frame488

# x        y
11.8246    29.4796   
6.4068     6.9541    
8.7579     22.4388   
12.3452    23.9717   
8.3500     38.9950   
17.8690    6.1368    

# Frame489

# x        y
11.8246    29.4796   
6.4068     6.9541    
8.7579     22.4388   
12.3453    23.9716   
8.3500     38.9950   
17.8690    6.1368    

# Frame490

