# x        y
2.0198     15.4025   
14.1127    6.0715    
1.0049     13.6855   
13.9738    29.1924   
11.2096    31.2651   
15.7199    7.2528    

# Frame1

# x        y
1.1947     17.2243   
14.1126    6.0714    
1.0049     13.6855   
13.9738    29.1924   
11.2096    31.2651   
15.7199    7.2529    

# Frame2

# x        y
1.3107     18.5641   
14.1126    6.0714    
1.0049     13.6855   
13.9738    29.1924   
11.2096    31.2651   
15.7199    7.2529    

# Frame3

# x        y
1.7096     19.7365   
14.1126    6.0714    
1.0049     13.6855   
13.9738    29.1924   
11.2096    31.2651   
15.7199    7.2529    

# Frame4

# x        y
2.1019     20.8893   
14.1126    6.0714    
1.0049     13.6855   
13.9738    29.1924   
11.2096    31.2651   
15.7199    7.2529    

# Frame5

# x        y
2.4876     22.0230   
14.1126    6.0714    
1.0050     13.6855   
13.9738    29.1924   
11.2096    31.2651   
15.7199    7.2529    

# Frame6

# x        y
2.8669     23.1378   
14.1126    6.0714    
1.0050     13.6855   
13.9738    29.1924   
11.2096    31.2651   
15.7200    7.2529    

# Frame7

# x        y
3.2399     24.2339   
14.1126    6.0714    
1.0050     13.6855   
13.9738    29.1924   
11.2096    31.2651   
15.7200    7.2529    

# Frame8

# x        y
3.6066     25.3118   
14.1126    6.0714    
1.0050     13.6855   
13.9738    29.1924   
11.2096    31.2651   
15.7200    7.2529    

# Frame9

# x        y
3.9673     26.3718   
14.1126    6.0714    
1.0050     13.6855   
13.9738    29.1924   
11.2096    31.2651   
15.7200    7.2529    

# Frame10

# x        y
4.3219     27.4141   
14.1126    6.0714    
1.0050     13.6855   
13.9738    29.1924   
11.2096    31.2651   
15.7200    7.2529    

# Frame11

# x        y
4.6707     28.4390   
14.1125    6.0714    
1.0050     13.6855   
13.9738    29.1924   
11.2096    31.2651   
15.7200    7.2529    

# Frame12

# x        y
5.0136     29.4468   
14.1125    6.0714    
1.0050     13.6855   
13.9738    29.1924   
11.2096    31.2651   
15.7200    7.2529    

# Frame13

# x        y
5.3508     30.4378   
14.1125    6.0714    
1.0050     13.6855   
13.9738    29.1924   
11.2096    31.2651   
15.7200    7.2529    

# Frame14

# x        y
5.6824     31.4123   
14.1125    6.0714    
1.0050     13.6855   
13.9738    29.1924   
11.2096    31.2651   
15.7200    7.2529    

# Frame15

# x        y
6.0084     32.3706   
14.1125    6.0714    
1.0050     13.6855   
13.9738    29.1924   
11.2096    31.2651   
15.7200    7.2529    

# Frame16

# x        y
6.3290     33.3129   
14.1125    6.0714    
1.0050     13.6855   
13.9738    29.1924   
11.2096    31.2651   
15.7200    7.2529    

# Frame17

# x        y
6.6443     34.2395   
14.1125    6.0714    
1.0050     13.6855   
13.9738    29.1924   
11.2096    31.2651   
15.7200    7.2529    

# Frame18

# x        y
6.9543     35.1506   
14.1125    6.0714    
1.0050     13.6855   
13.9738    29.1924   
11.2096    31.2651   
15.7200    7.2529    

# Frame19

# x        y
7.2592     36.0466   
14.1125    6.0714    
1.0050     13.6855   
13.9738    29.1924   
11.2096    31.2651   
15.7200    7.2529    

# Frame20

# x        y
7.5590     36.9276   
14.1125    6.0714    
1.0050     13.6855   
13.9738    29.1924   
11.2096    31.2651   
15.7200    7.2529    

# Frame21

# x        y
7.8537     37.7940   
14.1125    6.0714    
1.0050     13.6855   
13.9738    29.1924   
11.2096    31.2651   
15.7200    7.2529    

# Frame22

# x        y
8.1436     38.6459   
14.1125    6.0714    
1.0050     13.6855   
13.9738    29.1924   
11.2096    31.2651   
15.7200    7.2529    

# Frame23

# x        y
8.4860     38.7563   
14.1125    6.0714    
1.0050     13.6855   
13.9738    29.1924   
11.2096    31.2651   
15.7200    7.2529    

# Frame24

# x        y
8.8649     38.3444   
14.1125    6.0714    
1.0050     13.6855   
13.9738    29.1924   
11.2096    31.2651   
15.7200    7.2529    

# Frame25

# x        y
9.2375     37.9394   
14.1125    6.0714    
1.0050     13.6855   
13.9738    29.1924   
11.2096    31.2651   
15.7200    7.2529    

# Frame26

# x        y
9.6040     37.5412   
14.1125    6.0714    
1.0050     13.6855   
13.9738    29.1924   
11.2096    31.2651   
15.7200    7.2529    

# Frame27

# x        y
9.9643     37.1496   
14.1125    6.0714    
1.0050     13.6855   
13.9738    29.1924   
11.2096    31.2651   
15.7200    7.2529    

# Frame28

# x        y
10.3186    36.7645   
14.1125    6.0714    
1.0050     13.6855   
13.9738    29.1924   
11.2096    31.2651   
15.7200    7.2529    

# Frame29

# x        y
10.6670    36.3858   
14.1125    6.0714    
1.0050     13.6855   
13.9738    29.1924   
11.2096    31.2651   
15.7200    7.2529    

# Frame30

# x        y
11.0096    36.0134   
14.1125    6.0714    
1.0050     13.6855   
13.9738    29.1924   
11.2096    31.2651   
15.7200    7.2529    

# Frame31

# x        y
11.3464    35.6473   
14.1125    6.0714    
1.0050     13.6855   
13.9738    29.1924   
11.2096    31.2651   
15.7200    7.2529    

# Frame32

# x        y
11.6777    35.2872   
14.1125    6.0714    
1.0050     13.6855   
13.9738    29.1924   
11.2096    31.2651   
15.7200    7.2529    

# Frame33

# x        y
12.0035    34.9331   
14.1125    6.0714    
1.0050     13.6855   
13.9738    29.1924   
11.2096    31.2651   
15.7200    7.2529    

# Frame34

# x        y
12.3238    34.5850   
14.1125    6.0714    
1.0050     13.6855   
13.9738    29.1924   
11.2096    31.2651   
15.7200    7.2529    

# Frame35

# x        y
12.6388    34.2426   
14.1125    6.0714    
1.0050     13.6855   
13.9738    29.1924   
11.2096    31.2651   
15.7200    7.2529    

# Frame36

# x        y
12.9485    33.9060   
14.1125    6.0714    
1.0050     13.6855   
13.9738    29.1924   
11.2096    31.2651   
15.7200    7.2529    

# Frame37

# x        y
13.2531    33.5750   
14.1125    6.0714    
1.0050     13.6855   
13.9738    29.1924   
11.2096    31.2651   
15.7200    7.2529    

# Frame38

# x        y
13.5526    33.2494   
14.1125    6.0714    
1.0050     13.6855   
13.9738    29.1924   
11.2096    31.2651   
15.7200    7.2529    

# Frame39

# x        y
13.8471    32.9293   
14.1125    6.0714    
1.0050     13.6855   
13.9738    29.1924   
11.2096    31.2651   
15.7200    7.2529    

# Frame40

# x        y
14.1367    32.6146   
14.1125    6.0714    
1.0050     13.6855   
13.9738    29.1924   
11.2096    31.2651   
15.7200    7.2529    

# Frame41

# x        y
14.4214    32.3051   
14.1125    6.0714    
1.0050     13.6855   
13.9738    29.1924   
11.2096    31.2651   
15.7200    7.2529    

# Frame42

# x        y
14.7014    32.0007   
14.1125    6.0714    
1.0050     13.6855   
13.9738    29.1924   
11.2096    31.2651   
15.7200    7.2529    

# Frame43

# x        y
14.9768    31.7014   
14.1125    6.0714    
1.0050     13.6855   
13.9738    29.1924   
11.2096    31.2651   
15.7200    7.2529    

# Frame44

# x        y
15.2476    31.4071   
14.1125    6.0714    
1.0050     13.6855   
13.9738    29.1924   
11.2096    31.2651   
15.7200    7.2529    

# Frame45

# x        y
15.5138    31.1178   
14.1125    6.0714    
1.0050     13.6855   
13.9738    29.1924   
11.2096    31.2651   
15.7200    7.2529    

# Frame46

# x        y
15.7756    30.8332   
14.1125    6.0714    
1.0050     13.6855   
13.9738    29.1924   
11.2096    31.2651   
15.7200    7.2529    

# Frame47

# x        y
16.0331    30.5534   
14.1125    6.0714    
1.0050     13.6855   
13.9738    29.1924   
11.2096    31.2651   
15.7200    7.2529    

# Frame48

# x        y
16.2862    30.2782   
14.1125    6.0714    
1.0050     13.6855   
13.9738    29.1924   
11.2096    31.2651   
15.7200    7.2529    

# Frame49

# x        y
16.5352    30.0076   
14.1125    6.0714    
1.0050     13.6855   
13.9738    29.1924   
11.2096    31.2651   
15.7200    7.2529    

# Frame50

# x        y
16.7800    29.7416   
14.1125    6.0714    
1.0050     13.6855   
13.9738    29.1924   
11.2096    31.2651   
15.7200    7.2529    

# Frame51

# x        y
17.0207    29.4799   
14.1125    6.0714    
1.0050     13.6855   
13.9738    29.1924   
11.2096    31.2651   
15.7200    7.2529    

# Frame52

# x        y
17.2574    29.2227   
14.1125    6.0714    
1.0050     13.6855   
13.9738    29.1924   
11.2096    31.2651   
15.7200    7.2529    

# Frame53

# x        y
17.4901    28.9697   
14.1125    6.0714    
1.0050     13.6855   
13.9738    29.1924   
11.2096    31.2651   
15.7200    7.2529    

# Frame54

# x        y
17.7190    28.7209   
14.1125    6.0714    
1.0050     13.6855   
13.9738    29.1924   
11.2096    31.2651   
15.7200    7.2529    

# Frame55

# x        y
17.9441    28.4763   
14.1125    6.0714    
1.0050     13.6855   
13.9738    29.1924   
11.2096    31.2651   
15.7200    7.2529    

# Frame56

# x        y
18.1654    28.2358   
14.1125    6.0714    
1.0050     13.6855   
13.9738    29.1924   
11.2096    31.2651   
15.7200    7.2529    

# Frame57

# x        y
18.3830    27.9992   
14.1125    6.0714    
1.0050     13.6855   
13.9738    29.1924   
11.2096    31.2651   
15.7200    7.2529    

# Frame58

# x        y
18.5970    27.7667   
14.1125    6.0714    
1.0050     13.6855   
13.9738    29.1924   
11.2096    31.2651   
15.7200    7.2529    

# Frame59

# x        y
18.8074    27.5379   
14.1125    6.0714    
1.0050     13.6855   
13.9738    29.1924   
11.2096    31.2651   
15.7200    7.2529    

# Frame60

# x        y
18.9910    27.3148   
14.1125    6.0714    
1.0050     13.6855   
13.9738    29.1924   
11.2096    31.2651   
15.7200    7.2529    

# Frame61

# x        y
18.8892    27.1315   
14.1125    6.0714    
1.0050     13.6855   
13.9738    29.1924   
11.2096    31.2651   
15.7200    7.2529    

# Frame62

# x        y
18.7892    26.9512   
14.1125    6.0714    
1.0050     13.6855   
13.9738    29.1924   
11.2096    31.2651   
15.7200    7.2529    

# Frame63

# x        y
18.6908    26.7739   
14.1125    6.0714    
1.0050     13.6855   
13.9738    29.1924   
11.2096    31.2651   
15.7200    7.2529    

# Frame64

# x        y
18.5941    26.5996   
14.1125    6.0714    
1.0050     13.6855   
13.9738    29.1924   
11.2096    31.2651   
15.7200    7.2529    

# Frame65

# x        y
18.4989    26.4282   
14.1125    6.0714    
1.0050     13.6855   
13.9738    29.1924   
11.2096    31.2651   
15.7200    7.2529    

# Frame66

# x        y
18.4054    26.2596   
14.1125    6.0714    
1.0050     13.6855   
13.9738    29.1924   
11.2096    31.2651   
15.7200    7.2529    

# Frame67

# x        y
18.3134    26.0939   
14.1125    6.0714    
1.0050     13.6855   
13.9738    29.1924   
11.2096    31.2651   
15.7200    7.2529    

# Frame68

# x        y
18.2230    25.9309   
14.1125    6.0714    
1.0050     13.6855   
13.9738    29.1924   
11.2096    31.2651   
15.7200    7.2529    

# Frame69

# x        y
18.1341    25.7707   
14.1125    6.0714    
1.0050     13.6855   
13.9738    29.1924   
11.2096    31.2651   
15.7200    7.2529    

# Frame70

# x        y
18.0466    25.6131   
14.1125    6.0714    
1.0050     13.6855   
13.9738    29.1924   
11.2096    31.2651   
15.7200    7.2529    

# Frame71

# x        y
17.9606    25.4581   
14.1125    6.0714    
1.0050     13.6855   
13.9738    29.1924   
11.2096    31.2651   
15.7200    7.2529    

# Frame72

# x        y
17.8760    25.3057   
14.1125    6.0714    
1.0050     13.6855   
13.9738    29.1924   
11.2096    31.2651   
15.7200    7.2529    

# Frame73

# x        y
17.7929    25.1559   
14.1125    6.0714    
1.0050     13.6855   
13.9738    29.1924   
11.2096    31.2651   
15.7200    7.2529    

# Frame74

# x        y
17.7111    25.0085   
14.1125    6.0714    
1.0050     13.6855   
13.9738    29.1924   
11.2096    31.2651   
15.7200    7.2529    

# Frame75

# x        y
17.6307    24.8636   
14.1125    6.0714    
1.0050     13.6855   
13.9738    29.1924   
11.2096    31.2651   
15.7200    7.2529    

# Frame76

# x        y
17.5516    24.7212   
14.1125    6.0714    
1.0050     13.6855   
13.9738    29.1924   
11.2096    31.2651   
15.7200    7.2529    

# Frame77

# x        y
17.4739    24.5811   
14.1125    6.0714    
1.0050     13.6855   
13.9738    29.1924   
11.2096    31.2651   
15.7200    7.2529    

# Frame78

# x        y
17.3974    24.4433   
14.1125    6.0714    
1.0050     13.6855   
13.9738    29.1924   
11.2096    31.2651   
15.7200    7.2529    

# Frame79

# x        y
17.3223    24.3078   
14.1125    6.0714    
1.0050     13.6855   
13.9738    29.1924   
11.2096    31.2651   
15.7200    7.2529    

# Frame80

# x        y
17.2483    24.1746   
14.1125    6.0714    
1.0050     13.6855   
13.9738    29.1924   
11.2096    31.2651   
15.7200    7.2529    

# Frame81

# x        y
17.1756    24.0436   
14.1125    6.0714    
1.0050     13.6855   
13.9738    29.1924   
11.2096    31.2651   
15.7200    7.2529    

# Frame82

# x        y
17.1042    23.9148   
14.1125    6.0714    
1.0050     13.6855   
13.9738    29.1924   
11.2096    31.2651   
15.7200    7.2529    

# Frame83

# x        y
17.0339    23.7882   
14.1125    6.0714    
1.0050     13.6855   
13.9738    29.1924   
11.2096    31.2651   
15.7200    7.2529    

# Frame84

# x        y
16.9648    23.6636   
14.1125    6.0714    
1.0050     13.6855   
13.9738    29.1924   
11.2096    31.2651   
15.7200    7.2529    

# Frame85

# x        y
16.8968    23.5411   
14.1125    6.0714    
1.0050     13.6855   
13.9738    29.1924   
11.2096    31.2651   
15.7200    7.2529    

# Frame86

# x        y
16.8300    23.4207   
14.1125    6.0714    
1.0050     13.6855   
13.9738    29.1924   
11.2096    31.2651   
15.7200    7.2529    

# Frame87

# x        y
16.7642    23.3023   
14.1125    6.0714    
1.0050     13.6855   
13.9738    29.1924   
11.2096    31.2651   
15.7200    7.2529    

# Frame88

# x        y
16.6996    23.1858   
14.1125    6.0714    
1.0050     13.6855   
13.9738    29.1924   
11.2096    31.2651   
15.7200    7.2529    

# Frame89

# x        y
16.6361    23.0713   
14.1125    6.0714    
1.0050     13.6855   
13.9738    29.1924   
11.2096    31.2651   
15.7200    7.2529    

# Frame90

# x        y
16.5736    22.9587   
14.1125    6.0714    
1.0050     13.6855   
13.9738    29.1924   
11.2096    31.2651   
15.7200    7.2529    

# Frame91

# x        y
16.5121    22.8480   
14.1125    6.0714    
1.0050     13.6855   
13.9738    29.1924   
11.2096    31.2651   
15.7200    7.2529    

# Frame92

# x        y
16.4517    22.7391   
14.1125    6.0714    
1.0050     13.6855   
13.9738    29.1924   
11.2096    31.2651   
15.7200    7.2529    

# Frame93

# x        y
16.3923    22.6321   
14.1125    6.0714    
1.0050     13.6855   
13.9738    29.1924   
11.2096    31.2651   
15.7200    7.2529    

# Frame94

# x        y
16.3339    22.5268   
14.1125    6.0714    
1.0050     13.6855   
13.9738    29.1924   
11.2096    31.2651   
15.7200    7.2529    

# Frame95

# x        y
16.2764    22.4232   
14.1125    6.0714    
1.0050     13.6855   
13.9738    29.1924   
11.2096    31.2651   
15.7200    7.2529    

# Frame96

# x        y
16.2199    22.3214   
14.1125    6.0714    
1.0050     13.6855   
13.9738    29.1924   
11.2096    31.2651   
15.7200    7.2529    

# Frame97

# x        y
16.1644    22.2213   
14.1125    6.0714    
1.0050     13.6855   
13.9738    29.1924   
11.2096    31.2651   
15.7200    7.2529    

# Frame98

# x        y
16.1097    22.1229   
14.1125    6.0714    
1.0050     13.6855   
13.9738    29.1924   
11.2096    31.2651   
15.7200    7.2529    

# Frame99

# x        y
16.0560    22.0261   
14.1125    6.0714    
1.0050     13.6855   
13.9738    29.1924   
11.2096    31.2651   
15.7200    7.2529    

# Frame100

# x        y
16.0032    21.9309   
14.1125    6.0714    
1.0050     13.6855   
13.9738    29.1924   
11.2096    31.2651   
15.7200    7.2529    

# Frame101

# x        y
15.9513    21.8373   
14.1125    6.0714    
1.0050     13.6855   
13.9738    29.1924   
11.2096    31.2651   
15.7200    7.2529    

# Frame102

# x        y
15.9002    21.7453   
14.1125    6.0714    
1.0050     13.6855   
13.9738    29.1924   
11.2096    31.2651   
15.7200    7.2529    

# Frame103

# x        y
15.8500    21.6548   
14.1125    6.0714    
1.0050     13.6855   
13.9738    29.1924   
11.2096    31.2651   
15.7200    7.2529    

# Frame104

# x        y
15.8006    21.5658   
14.1125    6.0714    
1.0050     13.6855   
13.9738    29.1924   
11.2096    31.2651   
15.7200    7.2529    

# Frame105

# x        y
15.7520    21.4783   
14.1125    6.0714    
1.0050     13.6855   
13.9738    29.1924   
11.2096    31.2651   
15.7200    7.2529    

# Frame106

# x        y
15.7043    21.3922   
14.1125    6.0714    
1.0050     13.6855   
13.9738    29.1924   
11.2096    31.2651   
15.7200    7.2529    

# Frame107

# x        y
15.6573    21.3076   
14.1125    6.0714    
1.0050     13.6855   
13.9738    29.1924   
11.2096    31.2651   
15.7200    7.2529    

# Frame108

# x        y
15.6111    21.2244   
14.1125    6.0714    
1.0050     13.6855   
13.9738    29.1924   
11.2096    31.2651   
15.7200    7.2529    

# Frame109

# x        y
15.5657    21.1426   
14.1125    6.0714    
1.0050     13.6855   
13.9738    29.1924   
11.2096    31.2651   
15.7200    7.2529    

# Frame110

# x        y
15.5211    21.0621   
14.1125    6.0714    
1.0050     13.6855   
13.9738    29.1924   
11.2096    31.2651   
15.7200    7.2529    

# Frame111

# x        y
15.4772    20.9830   
14.1125    6.0714    
1.0050     13.6855   
13.9738    29.1924   
11.2096    31.2651   
15.7200    7.2529    

# Frame112

# x        y
15.4340    20.9052   
14.1125    6.0714    
1.0050     13.6855   
13.9738    29.1924   
11.2096    31.2651   
15.7200    7.2529    

# Frame113

# x        y
15.3915    20.8287   
14.1125    6.0714    
1.0050     13.6855   
13.9738    29.1924   
11.2096    31.2651   
15.7200    7.2529    

# Frame114

# x        y
15.3498    20.7535   
14.1125    6.0714    
1.0050     13.6855   
13.9738    29.1924   
11.2096    31.2651   
15.7200    7.2529    

# Frame115

# x        y
15.3088    20.6795   
14.1125    6.0714    
1.0050     13.6855   
13.9738    29.1924   
11.2096    31.2651   
15.7200    7.2529    

# Frame116

# x        y
15.2684    20.6068   
14.1125    6.0714    
1.0050     13.6855   
13.9738    29.1924   
11.2096    31.2651   
15.7200    7.2529    

# Frame117

# x        y
15.2287    20.5353   
14.1125    6.0714    
1.0050     13.6855   
13.9738    29.1924   
11.2096    31.2651   
15.7200    7.2529    

# Frame118

# x        y
15.1897    20.4649   
14.1125    6.0714    
1.0050     13.6855   
13.9738    29.1924   
11.2096    31.2651   
15.7200    7.2529    

# Frame119

# x        y
15.1513    20.3958   
14.1125    6.0714    
1.0050     13.6855   
13.9738    29.1924   
11.2096    31.2651   
15.7200    7.2529    

# Frame120

# x        y
15.1135    20.3278   
14.1125    6.0714    
1.0050     13.6855   
13.9738    29.1924   
11.2096    31.2651   
15.7200    7.2529    

# Frame121

# x        y
15.0764    20.2609   
14.1125    6.0714    
1.0050     13.6855   
13.9738    29.1924   
11.2096    31.2651   
15.7200    7.2529    

# Frame122

# x        y
15.0399    20.1951   
14.1125    6.0714    
1.0050     13.6855   
13.9738    29.1924   
11.2096    31.2651   
15.7200    7.2529    

# Frame123

# x        y
15.0040    20.1304   
14.1125    6.0714    
1.0050     13.6855   
13.9738    29.1924   
11.2096    31.2651   
15.7200    7.2529    

# Frame124

# x        y
14.9688    20.0669   
14.1125    6.0714    
1.0050     13.6855   
13.9738    29.1924   
11.2096    31.2651   
15.7200    7.2529    

# Frame125

# x        y
14.9341    20.0043   
14.1125    6.0714    
1.0050     13.6855   
13.9738    29.1924   
11.2096    31.2651   
15.7200    7.2529    

# Frame126

# x        y
14.8999    19.9428   
14.1125    6.0714    
1.0050     13.6855   
13.9738    29.1924   
11.2096    31.2651   
15.7200    7.2529    

# Frame127

# x        y
14.8664    19.8824   
14.1125    6.0714    
1.0050     13.6855   
13.9738    29.1924   
11.2096    31.2651   
15.7200    7.2529    

# Frame128

# x        y
14.8334    19.8229   
14.1125    6.0714    
1.0050     13.6855   
13.9738    29.1924   
11.2096    31.2651   
15.7200    7.2529    

# Frame129

# x        y
14.8009    19.7645   
14.1125    6.0714    
1.0050     13.6855   
13.9738    29.1924   
11.2096    31.2651   
15.7200    7.2529    

# Frame130

# x        y
14.7690    19.7070   
14.1125    6.0714    
1.0050     13.6855   
13.9738    29.1924   
11.2096    31.2651   
15.7200    7.2529    

# Frame131

# x        y
14.7377    19.6505   
14.1125    6.0714    
1.0050     13.6855   
13.9738    29.1924   
11.2096    31.2651   
15.7200    7.2529    

# Frame132

# x        y
14.7068    19.5949   
14.1125    6.0714    
1.0050     13.6855   
13.9738    29.1924   
11.2096    31.2651   
15.7200    7.2529    

# Frame133

# x        y
14.6765    19.5402   
14.1125    6.0714    
1.0050     13.6855   
13.9738    29.1924   
11.2096    31.2651   
15.7200    7.2529    

# Frame134

# x        y
14.6467    19.4865   
14.1125    6.0714    
1.0050     13.6855   
13.9738    29.1924   
11.2096    31.2651   
15.7200    7.2529    

# Frame135

# x        y
14.6173    19.4336   
14.1125    6.0714    
1.0050     13.6855   
13.9738    29.1924   
11.2096    31.2651   
15.7200    7.2529    

# Frame136

# x        y
14.5885    19.3816   
14.1125    6.0714    
1.0050     13.6855   
13.9738    29.1924   
11.2096    31.2651   
15.7200    7.2529    

# Frame137

# x        y
14.5601    19.3305   
14.1125    6.0714    
1.0050     13.6855   
13.9738    29.1924   
11.2096    31.2651   
15.7200    7.2529    

# Frame138

# x        y
14.5322    19.2803   
14.1125    6.0714    
1.0050     13.6855   
13.9738    29.1924   
11.2096    31.2651   
15.7200    7.2529    

# Frame139

# x        y
14.5048    19.2308   
14.1125    6.0714    
1.0050     13.6855   
13.9738    29.1924   
11.2096    31.2651   
15.7200    7.2529    

# Frame140

# x        y
14.4778    19.1823   
14.1125    6.0714    
1.0050     13.6855   
13.9738    29.1924   
11.2096    31.2651   
15.7200    7.2529    

# Frame141

# x        y
14.4513    19.1345   
14.1125    6.0714    
1.0050     13.6855   
13.9738    29.1924   
11.2096    31.2651   
15.7200    7.2529    

# Frame142

# x        y
14.4253    19.0875   
14.1125    6.0714    
1.0050     13.6855   
13.9738    29.1924   
11.2096    31.2651   
15.7200    7.2529    

# Frame143

# x        y
14.3996    19.0413   
14.1125    6.0714    
1.0050     13.6855   
13.9738    29.1924   
11.2096    31.2651   
15.7200    7.2529    

# Frame144

# x        y
14.3744    18.9958   
14.1125    6.0714    
1.0050     13.6855   
13.9738    29.1924   
11.2096    31.2651   
15.7200    7.2529    

# Frame145

# x        y
14.3496    18.9512   
14.1125    6.0714    
1.0050     13.6855   
13.9738    29.1924   
11.2096    31.2651   
15.7200    7.2529    

# Frame146

# x        y
14.3252    18.9072   
14.1125    6.0714    
1.0050     13.6855   
13.9738    29.1924   
11.2096    31.2651   
15.7200    7.2529    

# Frame147

# x        y
14.3012    18.8640   
14.1125    6.0714    
1.0050     13.6855   
13.9738    29.1924   
11.2096    31.2651   
15.7200    7.2529    

# Frame148

# x        y
14.2777    18.8215   
14.1125    6.0714    
1.0050     13.6855   
13.9738    29.1924   
11.2096    31.2651   
15.7200    7.2529    

# Frame149

# x        y
14.2545    18.7798   
14.1125    6.0714    
1.0050     13.6855   
13.9738    29.1924   
11.2096    31.2651   
15.7200    7.2529    

# Frame150

# x        y
14.2317    18.7387   
14.1125    6.0714    
1.0050     13.6855   
13.9738    29.1924   
11.2096    31.2651   
15.7200    7.2529    

# Frame151

# x        y
14.2093    18.6983   
14.1125    6.0714    
1.0050     13.6855   
13.9738    29.1924   
11.2096    31.2651   
15.7200    7.2529    

# Frame152

# x        y
14.1872    18.6586   
14.1125    6.0714    
1.0050     13.6855   
13.9738    29.1924   
11.2096    31.2651   
15.7200    7.2529    

# Frame153

# x        y
14.1656    18.6195   
14.1125    6.0714    
1.0050     13.6855   
13.9738    29.1924   
11.2096    31.2651   
15.7200    7.2529    

# Frame154

# x        y
14.1443    18.5811   
14.1125    6.0714    
1.0050     13.6855   
13.9738    29.1924   
11.2096    31.2651   
15.7200    7.2529    

# Frame155

# x        y
14.1233    18.5434   
14.1125    6.0714    
1.0050     13.6855   
13.9738    29.1924   
11.2096    31.2651   
15.7200    7.2529    

# Frame156

# x        y
14.1027    18.5062   
14.1125    6.0714    
1.0050     13.6855   
13.9738    29.1924   
11.2096    31.2651   
15.7200    7.2529    

# Frame157

# x        y
14.0824    18.4697   
14.1125    6.0714    
1.0050     13.6855   
13.9738    29.1924   
11.2096    31.2651   
15.7200    7.2529    

# Frame158

# x        y
14.0625    18.4338   
14.1125    6.0714    
1.0050     13.6855   
13.9738    29.1924   
11.2096    31.2651   
15.7200    7.2529    

# Frame159

# x        y
14.0429    18.3985   
14.1125    6.0714    
1.0050     13.6855   
13.9738    29.1924   
11.2096    31.2651   
15.7200    7.2529    

# Frame160

# x        y
14.0236    18.3638   
14.1125    6.0714    
1.0050     13.6855   
13.9738    29.1924   
11.2096    31.2651   
15.7200    7.2529    

# Frame161

# x        y
14.0047    18.3296   
14.1125    6.0714    
1.0050     13.6855   
13.9738    29.1924   
11.2096    31.2651   
15.7200    7.2529    

# Frame162

# x        y
13.9861    18.2960   
14.1125    6.0714    
1.0050     13.6855   
13.9738    29.1924   
11.2096    31.2651   
15.7200    7.2529    

# Frame163

# x        y
13.9677    18.2630   
14.1125    6.0714    
1.0050     13.6855   
13.9738    29.1924   
11.2096    31.2651   
15.7200    7.2529    

# Frame164

# x        y
13.9497    18.2306   
14.1125    6.0714    
1.0050     13.6855   
13.9738    29.1924   
11.2096    31.2651   
15.7200    7.2529    

# Frame165

# x        y
13.9320    18.1986   
14.1125    6.0714    
1.0050     13.6855   
13.9738    29.1924   
11.2096    31.2651   
15.7200    7.2529    

# Frame166

# x        y
13.9146    18.1673   
14.1125    6.0714    
1.0050     13.6855   
13.9738    29.1924   
11.2096    31.2651   
15.7200    7.2529    

# Frame167

# x        y
13.8975    18.1364   
14.1125    6.0714    
1.0050     13.6855   
13.9738    29.1924   
11.2096    31.2651   
15.7200    7.2529    

# Frame168

# x        y
13.8806    18.1060   
14.1125    6.0714    
1.0050     13.6855   
13.9738    29.1924   
11.2096    31.2651   
15.7200    7.2529    

# Frame169

# x        y
13.8640    18.0762   
14.1125    6.0714    
1.0050     13.6855   
13.9738    29.1924   
11.2096    31.2651   
15.7200    7.2529    

# Frame170

# x        y
13.8478    18.0468   
14.1125    6.0714    
1.0050     13.6855   
13.9738    29.1924   
11.2096    31.2651   
15.7200    7.2529    

# Frame171

# x        y
13.8317    18.0180   
14.1125    6.0714    
1.0050     13.6855   
13.9738    29.1924   
11.2096    31.2651   
15.7200    7.2529    

# Frame172

# x        y
13.8160    17.9896   
14.1125    6.0714    
1.0050     13.6855   
13.9738    29.1924   
11.2096    31.2651   
15.7200    7.2529    

# Frame173

# x        y
13.8005    17.9617   
14.1125    6.0714    
1.0050     13.6855   
13.9738    29.1924   
11.2096    31.2651   
15.7200    7.2529    

# Frame174

# x        y
13.7853    17.9342   
14.1125    6.0714    
1.0050     13.6855   
13.9738    29.1924   
11.2096    31.2651   
15.7200    7.2529    

# Frame175

# x        y
13.7703    17.9073   
14.1125    6.0714    
1.0050     13.6855   
13.9738    29.1924   
11.2096    31.2651   
15.7200    7.2529    

# Frame176

# x        y
13.7556    17.8807   
14.1125    6.0714    
1.0050     13.6855   
13.9738    29.1924   
11.2096    31.2651   
15.7200    7.2529    

# Frame177

# x        y
13.7411    17.8546   
14.1125    6.0714    
1.0050     13.6855   
13.9738    29.1924   
11.2096    31.2651   
15.7200    7.2529    

# Frame178

# x        y
13.7269    17.8290   
14.1125    6.0714    
1.0050     13.6855   
13.9738    29.1924   
11.2096    31.2651   
15.7200    7.2529    

# Frame179

# x        y
13.7129    17.8037   
14.1125    6.0714    
1.0050     13.6855   
13.9738    29.1924   
11.2096    31.2651   
15.7200    7.2529    

# Frame180

# x        y
13.6991    17.7789   
14.1125    6.0714    
1.0050     13.6855   
13.9738    29.1924   
11.2096    31.2651   
15.7200    7.2529    

# Frame181

# x        y
13.6855    17.7545   
14.1125    6.0714    
1.0050     13.6855   
13.9738    29.1924   
11.2096    31.2651   
15.7200    7.2529    

# Frame182

# x        y
13.6722    17.7306   
14.1125    6.0714    
1.0050     13.6855   
13.9738    29.1924   
11.2096    31.2651   
15.7200    7.2529    

# Frame183

# x        y
13.6591    17.7070   
14.1125    6.0714    
1.0050     13.6855   
13.9738    29.1924   
11.2096    31.2651   
15.7200    7.2529    

# Frame184

# x        y
13.6463    17.6838   
14.1125    6.0714    
1.0050     13.6855   
13.9738    29.1924   
11.2096    31.2651   
15.7200    7.2529    

# Frame185

# x        y
13.6336    17.6610   
14.1125    6.0714    
1.0050     13.6855   
13.9738    29.1924   
11.2096    31.2651   
15.7200    7.2529    

# Frame186

# x        y
13.6212    17.6385   
14.1125    6.0714    
1.0050     13.6855   
13.9738    29.1924   
11.2096    31.2651   
15.7200    7.2529    

# Frame187

# x        y
13.6089    17.6165   
14.1125    6.0714    
1.0050     13.6855   
13.9738    29.1924   
11.2096    31.2651   
15.7200    7.2529    

# Frame188

# x        y
13.5969    17.5948   
14.1125    6.0714    
1.0050     13.6855   
13.9738    29.1924   
11.2096    31.2651   
15.7200    7.2529    

# Frame189

# x        y
13.5851    17.5735   
14.1125    6.0714    
1.0050     13.6855   
13.9738    29.1924   
11.2096    31.2651   
15.7200    7.2529    

# Frame190

# x        y
13.5734    17.5525   
14.1125    6.0714    
1.0050     13.6855   
13.9738    29.1924   
11.2096    31.2651   
15.7200    7.2529    

# Frame191

# x        y
13.5620    17.5319   
14.1125    6.0714    
1.0050     13.6855   
13.9738    29.1924   
11.2096    31.2651   
15.7200    7.2529    

# Frame192

# x        y
13.5507    17.5116   
14.1125    6.0714    
1.0050     13.6855   
13.9738    29.1924   
11.2096    31.2651   
15.7200    7.2529    

# Frame193

# x        y
13.5397    17.4916   
14.1125    6.0714    
1.0050     13.6855   
13.9738    29.1924   
11.2096    31.2651   
15.7200    7.2529    

# Frame194

# x        y
13.5288    17.4720   
14.1125    6.0714    
1.0050     13.6855   
13.9738    29.1924   
11.2096    31.2651   
15.7200    7.2529    

# Frame195

# x        y
13.5181    17.4528   
14.1125    6.0714    
1.0050     13.6855   
13.9738    29.1924   
11.2096    31.2651   
15.7200    7.2529    

# Frame196

# x        y
13.5076    17.4338   
14.1125    6.0714    
1.0050     13.6855   
13.9738    29.1924   
11.2096    31.2651   
15.7200    7.2529    

# Frame197

# x        y
13.4972    17.4152   
14.1125    6.0714    
1.0050     13.6855   
13.9738    29.1924   
11.2096    31.2651   
15.7200    7.2529    

# Frame198

# x        y
13.4870    17.3968   
14.1125    6.0714    
1.0050     13.6855   
13.9738    29.1924   
11.2096    31.2651   
15.7200    7.2529    

# Frame199

# x        y
13.4770    17.3788   
14.1125    6.0714    
1.0050     13.6855   
13.9738    29.1924   
11.2096    31.2651   
15.7200    7.2529    

# Frame200

# x        y
13.4672    17.3611   
14.1125    6.0714    
1.0050     13.6855   
13.9738    29.1924   
11.2096    31.2651   
15.7200    7.2529    

# Frame201

# x        y
13.4575    17.3436   
14.1125    6.0714    
1.0050     13.6855   
13.9738    29.1924   
11.2096    31.2651   
15.7200    7.2529    

# Frame202

# x        y
13.4480    17.3265   
14.1125    6.0714    
1.0050     13.6855   
13.9738    29.1924   
11.2096    31.2651   
15.7200    7.2529    

# Frame203

# x        y
13.4387    17.3096   
14.1125    6.0714    
1.0050     13.6855   
13.9738    29.1924   
11.2096    31.2651   
15.7200    7.2529    

# Frame204

# x        y
13.4295    17.2931   
14.1125    6.0714    
1.0050     13.6855   
13.9738    29.1924   
11.2096    31.2651   
15.7200    7.2529    

# Frame205

# x        y
13.4204    17.2768   
14.1125    6.0714    
1.0050     13.6855   
13.9738    29.1924   
11.2096    31.2651   
15.7200    7.2529    

# Frame206

# x        y
13.4115    17.2607   
14.1125    6.0714    
1.0050     13.6855   
13.9738    29.1924   
11.2096    31.2651   
15.7200    7.2529    

# Frame207

# x        y
13.4028    17.2450   
14.1125    6.0714    
1.0050     13.6855   
13.9738    29.1924   
11.2096    31.2651   
15.7200    7.2529    

# Frame208

# x        y
13.3942    17.2295   
14.1125    6.0714    
1.0050     13.6855   
13.9738    29.1924   
11.2096    31.2651   
15.7200    7.2529    

# Frame209

# x        y
13.3857    17.2142   
14.1125    6.0714    
1.0050     13.6855   
13.9738    29.1924   
11.2096    31.2651   
15.7200    7.2529    

# Frame210

# x        y
13.3774    17.1993   
14.1125    6.0714    
1.0050     13.6855   
13.9738    29.1924   
11.2096    31.2651   
15.7200    7.2529    

# Frame211

# x        y
13.3692    17.1845   
14.1125    6.0714    
1.0050     13.6855   
13.9738    29.1924   
11.2096    31.2651   
15.7200    7.2529    

# Frame212

# x        y
13.3612    17.1700   
14.1125    6.0714    
1.0050     13.6855   
13.9738    29.1924   
11.2096    31.2651   
15.7200    7.2529    

# Frame213

# x        y
13.3533    17.1558   
14.1125    6.0714    
1.0050     13.6855   
13.9738    29.1924   
11.2096    31.2651   
15.7200    7.2529    

# Frame214

# x        y
13.3455    17.1418   
14.1125    6.0714    
1.0050     13.6855   
13.9738    29.1924   
11.2096    31.2651   
15.7200    7.2529    

# Frame215

# x        y
13.3379    17.1280   
14.1125    6.0714    
1.0050     13.6855   
13.9738    29.1924   
11.2096    31.2651   
15.7200    7.2529    

# Frame216

# x        y
13.3303    17.1145   
14.1125    6.0714    
1.0050     13.6855   
13.9738    29.1924   
11.2096    31.2651   
15.7200    7.2529    

# Frame217

# x        y
13.3229    17.1011   
14.1125    6.0714    
1.0050     13.6855   
13.9738    29.1924   
11.2096    31.2651   
15.7200    7.2529    

# Frame218

# x        y
13.3157    17.0880   
14.1125    6.0714    
1.0050     13.6855   
13.9738    29.1924   
11.2096    31.2651   
15.7200    7.2529    

# Frame219

# x        y
13.3085    17.0752   
14.1125    6.0714    
1.0050     13.6855   
13.9738    29.1924   
11.2096    31.2651   
15.7200    7.2529    

# Frame220

# x        y
13.3015    17.0625   
14.1125    6.0714    
1.0050     13.6855   
13.9738    29.1924   
11.2096    31.2651   
15.7200    7.2529    

# Frame221

# x        y
13.2946    17.0500   
14.1125    6.0714    
1.0050     13.6855   
13.9738    29.1924   
11.2096    31.2651   
15.7200    7.2529    

# Frame222

# x        y
13.2878    17.0378   
14.1125    6.0714    
1.0050     13.6855   
13.9738    29.1924   
11.2096    31.2651   
15.7200    7.2529    

# Frame223

# x        y
13.2811    17.0257   
14.1125    6.0714    
1.0050     13.6855   
13.9738    29.1924   
11.2096    31.2651   
15.7200    7.2529    

# Frame224

# x        y
13.2745    17.0139   
14.1125    6.0714    
1.0050     13.6855   
13.9738    29.1924   
11.2096    31.2651   
15.7200    7.2529    

# Frame225

# x        y
13.2681    17.0023   
14.1125    6.0714    
1.0050     13.6855   
13.9738    29.1924   
11.2096    31.2651   
15.7200    7.2529    

# Frame226

# x        y
13.2617    16.9908   
14.1125    6.0714    
1.0050     13.6855   
13.9738    29.1924   
11.2096    31.2651   
15.7200    7.2529    

# Frame227

# x        y
13.2555    16.9795   
14.1125    6.0714    
1.0050     13.6855   
13.9738    29.1924   
11.2096    31.2651   
15.7200    7.2529    

# Frame228

# x        y
13.2493    16.9685   
14.1125    6.0714    
1.0050     13.6855   
13.9738    29.1924   
11.2096    31.2651   
15.7200    7.2529    

# Frame229

# x        y
13.2433    16.9576   
14.1125    6.0714    
1.0050     13.6855   
13.9738    29.1924   
11.2096    31.2651   
15.7200    7.2529    

# Frame230

# x        y
13.2373    16.9469   
14.1125    6.0714    
1.0050     13.6855   
13.9738    29.1924   
11.2096    31.2651   
15.7200    7.2529    

# Frame231

# x        y
13.2315    16.9363   
14.1125    6.0714    
1.0050     13.6855   
13.9738    29.1924   
11.2096    31.2651   
15.7200    7.2529    

# Frame232

# x        y
13.2258    16.9260   
14.1125    6.0714    
1.0050     13.6855   
13.9738    29.1924   
11.2096    31.2651   
15.7200    7.2529    

# Frame233

# x        y
13.2201    16.9158   
14.1125    6.0714    
1.0050     13.6855   
13.9738    29.1924   
11.2096    31.2651   
15.7200    7.2529    

# Frame234

# x        y
13.2145    16.9058   
14.1125    6.0714    
1.0050     13.6855   
13.9738    29.1924   
11.2096    31.2651   
15.7200    7.2529    

# Frame235

# x        y
13.2091    16.8960   
14.1125    6.0714    
1.0050     13.6855   
13.9738    29.1924   
11.2096    31.2651   
15.7200    7.2529    

# Frame236

# x        y
13.2037    16.8863   
14.1125    6.0714    
1.0050     13.6855   
13.9738    29.1924   
11.2096    31.2651   
15.7200    7.2529    

# Frame237

# x        y
13.1984    16.8768   
14.1125    6.0714    
1.0050     13.6855   
13.9738    29.1924   
11.2096    31.2651   
15.7200    7.2529    

# Frame238

# x        y
13.1932    16.8674   
14.1125    6.0714    
1.0050     13.6855   
13.9738    29.1924   
11.2096    31.2651   
15.7200    7.2529    

# Frame239

# x        y
13.1881    16.8582   
14.1125    6.0714    
1.0050     13.6855   
13.9738    29.1924   
11.2096    31.2651   
15.7200    7.2529    

# Frame240

# x        y
13.1831    16.8492   
14.1125    6.0714    
1.0050     13.6855   
13.9738    29.1924   
11.2096    31.2651   
15.7200    7.2529    

# Frame241

# x        y
13.1782    16.8403   
14.1125    6.0714    
1.0050     13.6855   
13.9738    29.1924   
11.2096    31.2651   
15.7200    7.2529    

# Frame242

# x        y
13.1733    16.8315   
14.1125    6.0714    
1.0050     13.6855   
13.9738    29.1924   
11.2096    31.2651   
15.7200    7.2529    

# Frame243

# x        y
13.1685    16.8229   
14.1125    6.0714    
1.0050     13.6855   
13.9738    29.1924   
11.2096    31.2651   
15.7200    7.2529    

# Frame244

# x        y
13.1638    16.8144   
14.1125    6.0714    
1.0050     13.6855   
13.9738    29.1924   
11.2096    31.2651   
15.7200    7.2529    

# Frame245

# x        y
13.1592    16.8061   
14.1125    6.0714    
1.0050     13.6855   
13.9738    29.1924   
11.2096    31.2651   
15.7200    7.2529    

# Frame246

# x        y
13.1547    16.7979   
14.1125    6.0714    
1.0050     13.6855   
13.9738    29.1924   
11.2096    31.2651   
15.7200    7.2529    

# Frame247

# x        y
13.1502    16.7899   
14.1125    6.0714    
1.0050     13.6855   
13.9738    29.1924   
11.2096    31.2651   
15.7200    7.2529    

# Frame248

# x        y
13.1458    16.7820   
14.1125    6.0714    
1.0050     13.6855   
13.9738    29.1924   
11.2096    31.2651   
15.7200    7.2529    

# Frame249

# x        y
13.1415    16.7742   
14.1125    6.0714    
1.0050     13.6855   
13.9738    29.1924   
11.2096    31.2651   
15.7200    7.2529    

# Frame250

# x        y
13.1373    16.7665   
14.1125    6.0714    
1.0050     13.6855   
13.9738    29.1924   
11.2096    31.2651   
15.7200    7.2529    

# Frame251

# x        y
13.1331    16.7590   
14.1125    6.0714    
1.0050     13.6855   
13.9738    29.1924   
11.2096    31.2651   
15.7200    7.2529    

# Frame252

# x        y
13.1290    16.7516   
14.1125    6.0714    
1.0050     13.6855   
13.9738    29.1924   
11.2096    31.2651   
15.7200    7.2529    

# Frame253

# x        y
13.1249    16.7443   
14.1125    6.0714    
1.0050     13.6855   
13.9738    29.1924   
11.2096    31.2651   
15.7200    7.2529    

# Frame254

# x        y
13.1210    16.7372   
14.1125    6.0714    
1.0050     13.6855   
13.9738    29.1924   
11.2096    31.2651   
15.7200    7.2529    

# Frame255

# x        y
13.1171    16.7302   
14.1125    6.0714    
1.0050     13.6855   
13.9738    29.1924   
11.2096    31.2651   
15.7200    7.2529    

# Frame256

# x        y
13.1132    16.7232   
14.1125    6.0714    
1.0050     13.6855   
13.9738    29.1924   
11.2096    31.2651   
15.7200    7.2529    

# Frame257

# x        y
13.1095    16.7164   
14.1125    6.0714    
1.0050     13.6855   
13.9738    29.1924   
11.2096    31.2651   
15.7200    7.2529    

# Frame258

# x        y
13.1058    16.7098   
14.1125    6.0714    
1.0050     13.6855   
13.9738    29.1924   
11.2096    31.2651   
15.7200    7.2529    

# Frame259

# x        y
13.1021    16.7032   
14.1125    6.0714    
1.0050     13.6855   
13.9738    29.1924   
11.2096    31.2651   
15.7200    7.2529    

# Frame260

# x        y
13.0985    16.6967   
14.1125    6.0714    
1.0050     13.6855   
13.9738    29.1924   
11.2096    31.2651   
15.7200    7.2529    

# Frame261

# x        y
13.0950    16.6904   
14.1125    6.0714    
1.0050     13.6855   
13.9738    29.1924   
11.2096    31.2651   
15.7200    7.2529    

# Frame262

# x        y
13.0915    16.6841   
14.1125    6.0714    
1.0050     13.6855   
13.9738    29.1924   
11.2096    31.2651   
15.7200    7.2529    

# Frame263

# x        y
13.0881    16.6780   
14.1125    6.0714    
1.0050     13.6855   
13.9738    29.1924   
11.2096    31.2651   
15.7200    7.2529    

# Frame264

# x        y
13.0847    16.6719   
14.1125    6.0714    
1.0050     13.6855   
13.9738    29.1924   
11.2096    31.2651   
15.7200    7.2529    

# Frame265

# x        y
13.0814    16.6660   
14.1125    6.0714    
1.0050     13.6855   
13.9738    29.1924   
11.2096    31.2651   
15.7200    7.2529    

# Frame266

# x        y
13.0782    16.6601   
14.1125    6.0714    
1.0050     13.6855   
13.9738    29.1924   
11.2096    31.2651   
15.7200    7.2529    

# Frame267

# x        y
13.0750    16.6544   
14.1125    6.0714    
1.0050     13.6855   
13.9738    29.1924   
11.2096    31.2651   
15.7200    7.2529    

# Frame268

# x        y
13.0719    16.6487   
14.1125    6.0714    
1.0050     13.6855   
13.9738    29.1924   
11.2096    31.2651   
15.7200    7.2529    

# Frame269

# x        y
13.0688    16.6432   
14.1125    6.0714    
1.0050     13.6855   
13.9738    29.1924   
11.2096    31.2651   
15.7200    7.2529    

# Frame270

# x        y
13.0658    16.6377   
14.1125    6.0714    
1.0050     13.6855   
13.9738    29.1924   
11.2096    31.2651   
15.7200    7.2529    

# Frame271

# x        y
13.0628    16.6323   
14.1125    6.0714    
1.0050     13.6855   
13.9738    29.1924   
11.2096    31.2651   
15.7200    7.2529    

# Frame272

# x        y
13.0598    16.6270   
14.1125    6.0714    
1.0050     13.6855   
13.9738    29.1924   
11.2096    31.2651   
15.7200    7.2529    

# Frame273

# x        y
13.0570    16.6218   
14.1125    6.0714    
1.0050     13.6855   
13.9738    29.1924   
11.2096    31.2651   
15.7200    7.2529    

# Frame274

# x        y
13.0541    16.6167   
14.1125    6.0714    
1.0050     13.6855   
13.9738    29.1924   
11.2096    31.2651   
15.7200    7.2529    

# Frame275

# x        y
13.0513    16.6117   
14.1125    6.0714    
1.0050     13.6855   
13.9738    29.1924   
11.2096    31.2651   
15.7200    7.2529    

# Frame276

# x        y
13.0486    16.6068   
14.1125    6.0714    
1.0050     13.6855   
13.9738    29.1924   
11.2096    31.2651   
15.7200    7.2529    

# Frame277

# x        y
13.0459    16.6019   
14.1125    6.0714    
1.0050     13.6855   
13.9738    29.1924   
11.2096    31.2651   
15.7200    7.2529    

# Frame278

# x        y
13.0432    16.5971   
14.1125    6.0714    
1.0050     13.6855   
13.9738    29.1924   
11.2096    31.2651   
15.7200    7.2529    

# Frame279

# x        y
13.0406    16.5924   
14.1125    6.0714    
1.0050     13.6855   
13.9738    29.1924   
11.2096    31.2651   
15.7200    7.2529    

# Frame280

# x        y
13.0381    16.5878   
14.1125    6.0714    
1.0050     13.6855   
13.9738    29.1924   
11.2096    31.2651   
15.7200    7.2529    

# Frame281

# x        y
13.0355    16.5833   
14.1125    6.0714    
1.0050     13.6855   
13.9738    29.1924   
11.2096    31.2651   
15.7200    7.2529    

# Frame282

# x        y
13.0331    16.5788   
14.1125    6.0714    
1.0050     13.6855   
13.9738    29.1924   
11.2096    31.2651   
15.7200    7.2529    

# Frame283

# x        y
13.0306    16.5744   
14.1125    6.0714    
1.0050     13.6855   
13.9738    29.1924   
11.2096    31.2651   
15.7200    7.2529    

# Frame284

# x        y
13.0282    16.5701   
14.1125    6.0714    
1.0050     13.6855   
13.9738    29.1924   
11.2096    31.2651   
15.7200    7.2529    

# Frame285

# x        y
13.0259    16.5658   
14.1125    6.0714    
1.0050     13.6855   
13.9738    29.1924   
11.2096    31.2651   
15.7200    7.2529    

# Frame286

# x        y
13.0236    16.5616   
14.1125    6.0714    
1.0050     13.6855   
13.9738    29.1924   
11.2096    31.2651   
15.7200    7.2529    

# Frame287

# x        y
13.0213    16.5575   
14.1125    6.0714    
1.0050     13.6855   
13.9738    29.1924   
11.2096    31.2651   
15.7200    7.2529    

# Frame288

# x        y
13.0190    16.5535   
14.1125    6.0714    
1.0050     13.6855   
13.9738    29.1924   
11.2096    31.2651   
15.7200    7.2529    

# Frame289

# x        y
13.0168    16.5495   
14.1125    6.0714    
1.0050     13.6855   
13.9738    29.1924   
11.2096    31.2651   
15.7200    7.2529    

# Frame290

# x        y
13.0147    16.5456   
14.1125    6.0714    
1.0050     13.6855   
13.9738    29.1924   
11.2096    31.2651   
15.7200    7.2529    

# Frame291

# x        y
13.0125    16.5418   
14.1125    6.0714    
1.0050     13.6855   
13.9738    29.1924   
11.2096    31.2651   
15.7200    7.2529    

# Frame292

# x        y
13.0104    16.5380   
14.1125    6.0714    
1.0050     13.6855   
13.9738    29.1924   
11.2096    31.2651   
15.7200    7.2529    

# Frame293

# x        y
13.0084    16.5343   
14.1125    6.0714    
1.0050     13.6855   
13.9738    29.1924   
11.2096    31.2651   
15.7200    7.2529    

# Frame294

# x        y
13.0063    16.5306   
14.1125    6.0714    
1.0050     13.6855   
13.9738    29.1924   
11.2096    31.2651   
15.7200    7.2529    

# Frame295

# x        y
13.0044    16.5270   
14.1125    6.0714    
1.0050     13.6855   
13.9738    29.1924   
11.2096    31.2651   
15.7200    7.2529    

# Frame296

# x        y
13.0024    16.5235   
14.1125    6.0714    
1.0050     13.6855   
13.9738    29.1924   
11.2096    31.2651   
15.7200    7.2529    

# Frame297

# x        y
13.0005    16.5200   
14.1125    6.0714    
1.0050     13.6855   
13.9738    29.1924   
11.2096    31.2651   
15.7200    7.2529    

# Frame298

# x        y
12.9986    16.5166   
14.1125    6.0714    
1.0050     13.6855   
13.9738    29.1924   
11.2096    31.2651   
15.7200    7.2529    

# Frame299

# x        y
12.9967    16.5133   
14.1125    6.0714    
1.0050     13.6855   
13.9738    29.1924   
11.2096    31.2651   
15.7200    7.2529    

# Frame300

# x        y
12.9949    16.5100   
14.1125    6.0714    
1.0050     13.6855   
13.9738    29.1924   
11.2096    31.2651   
15.7200    7.2529    

# Frame301

# x        y
12.9931    16.5067   
14.1125    6.0714    
1.0050     13.6855   
13.9738    29.1924   
11.2096    31.2651   
15.7200    7.2529    

# Frame302

# x        y
12.9913    16.5035   
14.1125    6.0714    
1.0050     13.6855   
13.9738    29.1924   
11.2096    31.2651   
15.7200    7.2529    

# Frame303

# x        y
12.9896    16.5004   
14.1125    6.0714    
1.0050     13.6855   
13.9738    29.1924   
11.2096    31.2651   
15.7200    7.2529    

# Frame304

# x        y
12.9879    16.4973   
14.1125    6.0714    
1.0050     13.6855   
13.9738    29.1924   
11.2096    31.2651   
15.7200    7.2529    

# Frame305

# x        y
12.9862    16.4943   
14.1125    6.0714    
1.0050     13.6855   
13.9738    29.1924   
11.2096    31.2651   
15.7200    7.2529    

# Frame306

# x        y
12.9845    16.4913   
14.1125    6.0714    
1.0050     13.6855   
13.9738    29.1924   
11.2096    31.2651   
15.7200    7.2529    

# Frame307

# x        y
12.9829    16.4884   
14.1125    6.0714    
1.0050     13.6855   
13.9738    29.1924   
11.2096    31.2651   
15.7200    7.2529    

# Frame308

# x        y
12.9813    16.4855   
14.1125    6.0714    
1.0050     13.6855   
13.9738    29.1924   
11.2096    31.2651   
15.7200    7.2529    

# Frame309

# x        y
12.9797    16.4826   
14.1125    6.0714    
1.0050     13.6855   
13.9738    29.1924   
11.2096    31.2651   
15.7200    7.2529    

# Frame310

# x        y
12.9782    16.4798   
14.1125    6.0714    
1.0050     13.6855   
13.9738    29.1924   
11.2096    31.2651   
15.7200    7.2529    

# Frame311

# x        y
12.9766    16.4771   
14.1125    6.0714    
1.0050     13.6855   
13.9738    29.1924   
11.2096    31.2651   
15.7200    7.2529    

# Frame312

# x        y
12.9751    16.4744   
14.1125    6.0714    
1.0050     13.6855   
13.9738    29.1924   
11.2096    31.2651   
15.7200    7.2529    

# Frame313

# x        y
12.9737    16.4717   
14.1125    6.0714    
1.0050     13.6855   
13.9738    29.1924   
11.2096    31.2651   
15.7200    7.2529    

# Frame314

# x        y
12.9722    16.4691   
14.1125    6.0714    
1.0050     13.6855   
13.9738    29.1924   
11.2096    31.2651   
15.7200    7.2529    

# Frame315

# x        y
12.9708    16.4666   
14.1125    6.0714    
1.0050     13.6855   
13.9738    29.1924   
11.2096    31.2651   
15.7200    7.2529    

# Frame316

# x        y
12.9694    16.4640   
14.1125    6.0714    
1.0050     13.6855   
13.9738    29.1924   
11.2096    31.2651   
15.7200    7.2529    

# Frame317

# x        y
12.9680    16.4616   
14.1125    6.0714    
1.0050     13.6855   
13.9738    29.1924   
11.2096    31.2651   
15.7200    7.2529    

# Frame318

# x        y
12.9667    16.4591   
14.1125    6.0714    
1.0050     13.6855   
13.9738    29.1924   
11.2096    31.2651   
15.7200    7.2529    

# Frame319

# x        y
12.9653    16.4567   
14.1125    6.0714    
1.0050     13.6855   
13.9738    29.1924   
11.2096    31.2651   
15.7200    7.2529    

# Frame320

# x        y
12.9640    16.4544   
14.1125    6.0714    
1.0050     13.6855   
13.9738    29.1924   
11.2096    31.2651   
15.7200    7.2529    

# Frame321

# x        y
12.9627    16.4520   
14.1125    6.0714    
1.0050     13.6855   
13.9738    29.1924   
11.2096    31.2651   
15.7200    7.2529    

# Frame322

# x        y
12.9615    16.4498   
14.1125    6.0714    
1.0050     13.6855   
13.9738    29.1924   
11.2096    31.2651   
15.7200    7.2529    

# Frame323

# x        y
12.9602    16.4475   
14.1125    6.0714    
1.0050     13.6855   
13.9738    29.1924   
11.2096    31.2651   
15.7200    7.2529    

# Frame324

# x        y
12.9590    16.4453   
14.1125    6.0714    
1.0050     13.6855   
13.9738    29.1924   
11.2096    31.2651   
15.7200    7.2529    

# Frame325

# x        y
12.9578    16.4431   
14.1125    6.0714    
1.0050     13.6855   
13.9738    29.1924   
11.2096    31.2651   
15.7200    7.2529    

# Frame326

# x        y
12.9566    16.4410   
14.1125    6.0714    
1.0050     13.6855   
13.9738    29.1924   
11.2096    31.2651   
15.7200    7.2529    

# Frame327

# x        y
12.9554    16.4389   
14.1125    6.0714    
1.0050     13.6855   
13.9738    29.1924   
11.2096    31.2651   
15.7200    7.2529    

# Frame328

# x        y
12.9543    16.4369   
14.1125    6.0714    
1.0050     13.6855   
13.9738    29.1924   
11.2096    31.2651   
15.7200    7.2529    

# Frame329

# x        y
12.9532    16.4348   
14.1125    6.0714    
1.0050     13.6855   
13.9738    29.1924   
11.2096    31.2651   
15.7200    7.2529    

# Frame330

# x        y
12.9521    16.4328   
14.1125    6.0714    
1.0050     13.6855   
13.9738    29.1924   
11.2096    31.2651   
15.7200    7.2529    

# Frame331

# x        y
12.9510    16.4309   
14.1125    6.0714    
1.0050     13.6855   
13.9738    29.1924   
11.2096    31.2651   
15.7200    7.2529    

# Frame332

# x        y
12.9499    16.4289   
14.1125    6.0714    
1.0050     13.6855   
13.9738    29.1924   
11.2096    31.2651   
15.7200    7.2529    

# Frame333

# x        y
12.9489    16.4270   
14.1125    6.0714    
1.0050     13.6855   
13.9738    29.1924   
11.2096    31.2651   
15.7200    7.2529    

# Frame334

# x        y
12.9478    16.4252   
14.1125    6.0714    
1.0050     13.6855   
13.9738    29.1924   
11.2096    31.2651   
15.7200    7.2529    

# Frame335

# x        y
12.9468    16.4234   
14.1125    6.0714    
1.0050     13.6855   
13.9738    29.1924   
11.2096    31.2651   
15.7200    7.2529    

# Frame336

# x        y
12.9458    16.4215   
14.1125    6.0714    
1.0050     13.6855   
13.9738    29.1924   
11.2096    31.2651   
15.7200    7.2529    

# Frame337

# x        y
12.9448    16.4198   
14.1125    6.0714    
1.0050     13.6855   
13.9738    29.1924   
11.2096    31.2651   
15.7200    7.2529    

# Frame338

# x        y
12.9439    16.4180   
14.1125    6.0714    
1.0050     13.6855   
13.9738    29.1924   
11.2096    31.2651   
15.7200    7.2529    

# Frame339

# x        y
12.9429    16.4163   
14.1125    6.0714    
1.0050     13.6855   
13.9738    29.1924   
11.2096    31.2651   
15.7200    7.2529    

# Frame340

# x        y
12.9420    16.4146   
14.1125    6.0714    
1.0050     13.6855   
13.9738    29.1924   
11.2096    31.2651   
15.7200    7.2529    

# Frame341

# x        y
12.9411    16.4130   
14.1125    6.0714    
1.0050     13.6855   
13.9738    29.1924   
11.2096    31.2651   
15.7200    7.2529    

# Frame342

# x        y
12.9401    16.4113   
14.1125    6.0714    
1.0050     13.6855   
13.9738    29.1924   
11.2096    31.2651   
15.7200    7.2529    

# Frame343

# x        y
12.9393    16.4097   
14.1125    6.0714    
1.0050     13.6855   
13.9738    29.1924   
11.2096    31.2651   
15.7200    7.2529    

# Frame344

# x        y
12.9384    16.4082   
14.1125    6.0714    
1.0050     13.6855   
13.9738    29.1924   
11.2096    31.2651   
15.7200    7.2529    

# Frame345

# x        y
12.9375    16.4066   
14.1125    6.0714    
1.0050     13.6855   
13.9738    29.1924   
11.2096    31.2651   
15.7200    7.2529    

# Frame346

# x        y
12.9367    16.4051   
14.1125    6.0714    
1.0050     13.6855   
13.9738    29.1924   
11.2096    31.2651   
15.7200    7.2529    

# Frame347

# x        y
12.9358    16.4036   
14.1125    6.0714    
1.0050     13.6855   
13.9738    29.1924   
11.2096    31.2651   
15.7200    7.2529    

# Frame348

# x        y
12.9350    16.4021   
14.1125    6.0714    
1.0050     13.6855   
13.9738    29.1924   
11.2096    31.2651   
15.7200    7.2529    

# Frame349

# x        y
12.9342    16.4007   
14.1125    6.0714    
1.0050     13.6855   
13.9738    29.1924   
11.2096    31.2651   
15.7200    7.2529    

# Frame350

# x        y
12.9334    16.3992   
14.1125    6.0714    
1.0050     13.6855   
13.9738    29.1924   
11.2096    31.2651   
15.7200    7.2529    

# Frame351

# x        y
12.9327    16.3978   
14.1125    6.0714    
1.0050     13.6855   
13.9738    29.1924   
11.2096    31.2651   
15.7200    7.2529    

# Frame352

# x        y
12.9319    16.3965   
14.1125    6.0714    
1.0050     13.6855   
13.9738    29.1924   
11.2096    31.2651   
15.7200    7.2529    

# Frame353

# x        y
12.9311    16.3951   
14.1125    6.0714    
1.0050     13.6855   
13.9738    29.1924   
11.2096    31.2651   
15.7200    7.2529    

# Frame354

# x        y
12.9304    16.3938   
14.1125    6.0714    
1.0050     13.6855   
13.9738    29.1924   
11.2096    31.2651   
15.7200    7.2529    

# Frame355

# x        y
12.9297    16.3925   
14.1125    6.0714    
1.0050     13.6855   
13.9738    29.1924   
11.2096    31.2651   
15.7200    7.2529    

# Frame356

# x        y
12.9290    16.3912   
14.1125    6.0714    
1.0050     13.6855   
13.9738    29.1924   
11.2096    31.2651   
15.7200    7.2529    

# Frame357

# x        y
12.9283    16.3899   
14.1125    6.0714    
1.0050     13.6855   
13.9738    29.1924   
11.2096    31.2651   
15.7200    7.2529    

# Frame358

# x        y
12.9276    16.3887   
14.1125    6.0714    
1.0050     13.6855   
13.9738    29.1924   
11.2096    31.2651   
15.7200    7.2529    

# Frame359

# x        y
12.9269    16.3874   
14.1125    6.0714    
1.0050     13.6855   
13.9738    29.1924   
11.2096    31.2651   
15.7200    7.2529    

# Frame360

# x        y
12.9262    16.3862   
14.1125    6.0714    
1.0050     13.6855   
13.9738    29.1924   
11.2096    31.2651   
15.7200    7.2529    

# Frame361

# x        y
12.9256    16.3851   
14.1125    6.0714    
1.0050     13.6855   
13.9738    29.1924   
11.2096    31.2651   
15.7200    7.2529    

# Frame362

# x        y
12.9249    16.3839   
14.1125    6.0714    
1.0050     13.6855   
13.9738    29.1924   
11.2096    31.2651   
15.7200    7.2529    

# Frame363

# x        y
12.9243    16.3828   
14.1125    6.0714    
1.0050     13.6855   
13.9738    29.1924   
11.2096    31.2651   
15.7200    7.2529    

# Frame364

# x        y
12.9237    16.3816   
14.1125    6.0714    
1.0050     13.6855   
13.9738    29.1924   
11.2096    31.2651   
15.7200    7.2529    

# Frame365

# x        y
12.9230    16.3805   
14.1125    6.0714    
1.0050     13.6855   
13.9738    29.1924   
11.2096    31.2651   
15.7200    7.2529    

# Frame366

# x        y
12.9224    16.3794   
14.1125    6.0714    
1.0050     13.6855   
13.9738    29.1924   
11.2096    31.2651   
15.7200    7.2529    

# Frame367

# x        y
12.9218    16.3784   
14.1125    6.0714    
1.0050     13.6855   
13.9738    29.1924   
11.2096    31.2651   
15.7200    7.2529    

# Frame368

# x        y
12.9213    16.3773   
14.1125    6.0714    
1.0050     13.6855   
13.9738    29.1924   
11.2096    31.2651   
15.7200    7.2529    

# Frame369

# x        y
12.9207    16.3763   
14.1125    6.0714    
1.0050     13.6855   
13.9738    29.1924   
11.2096    31.2651   
15.7200    7.2529    

# Frame370

# x        y
12.9201    16.3753   
14.1125    6.0714    
1.0050     13.6855   
13.9738    29.1924   
11.2096    31.2651   
15.7200    7.2529    

# Frame371

# x        y
12.9196    16.3743   
14.1125    6.0714    
1.0050     13.6855   
13.9738    29.1924   
11.2096    31.2651   
15.7200    7.2529    

# Frame372

# x        y
12.9190    16.3733   
14.1125    6.0714    
1.0050     13.6855   
13.9738    29.1924   
11.2096    31.2651   
15.7200    7.2529    

# Frame373

# x        y
12.9185    16.3723   
14.1125    6.0714    
1.0050     13.6855   
13.9738    29.1924   
11.2096    31.2651   
15.7200    7.2529    

# Frame374

# x        y
12.9179    16.3713   
14.1125    6.0714    
1.0050     13.6855   
13.9738    29.1924   
11.2096    31.2651   
15.7200    7.2529    

# Frame375

# x        y
12.9174    16.3704   
14.1125    6.0714    
1.0050     13.6855   
13.9738    29.1924   
11.2096    31.2651   
15.7200    7.2529    

# Frame376

# x        y
12.9169    16.3695   
14.1125    6.0714    
1.0050     13.6855   
13.9738    29.1924   
11.2096    31.2651   
15.7200    7.2529    

# Frame377

# x        y
12.9164    16.3686   
14.1125    6.0714    
1.0050     13.6855   
13.9738    29.1924   
11.2096    31.2651   
15.7200    7.2529    

# Frame378

# x        y
12.9159    16.3677   
14.1125    6.0714    
1.0050     13.6855   
13.9738    29.1924   
11.2096    31.2651   
15.7200    7.2529    

# Frame379

# x        y
12.9154    16.3668   
14.1125    6.0714    
1.0050     13.6855   
13.9738    29.1924   
11.2096    31.2651   
15.7200    7.2529    

# Frame380

# x        y
12.9150    16.3660   
14.1125    6.0714    
1.0050     13.6855   
13.9738    29.1924   
11.2096    31.2651   
15.7200    7.2529    

# Frame381

# x        y
12.9145    16.3651   
14.1125    6.0714    
1.0050     13.6855   
13.9738    29.1924   
11.2096    31.2651   
15.7200    7.2529    

# Frame382

# x        y
12.9140    16.3643   
14.1125    6.0714    
1.0050     13.6855   
13.9738    29.1924   
11.2096    31.2651   
15.7200    7.2529    

# Frame383

# x        y
12.9136    16.3635   
14.1125    6.0714    
1.0050     13.6855   
13.9738    29.1924   
11.2096    31.2651   
15.7200    7.2529    

# Frame384

# x        y
12.9131    16.3627   
14.1125    6.0714    
1.0050     13.6855   
13.9738    29.1924   
11.2096    31.2651   
15.7200    7.2529    

# Frame385

# x        y
12.9127    16.3619   
14.1125    6.0714    
1.0050     13.6855   
13.9738    29.1924   
11.2096    31.2651   
15.7200    7.2529    

# Frame386

# x        y
12.9123    16.3611   
14.1125    6.0714    
1.0050     13.6855   
13.9738    29.1924   
11.2096    31.2651   
15.7200    7.2529    

# Frame387

# x        y
12.9118    16.3603   
14.1125    6.0714    
1.0050     13.6855   
13.9738    29.1924   
11.2096    31.2651   
15.7200    7.2529    

# Frame388

# x        y
12.9114    16.3596   
14.1125    6.0714    
1.0050     13.6855   
13.9738    29.1924   
11.2096    31.2651   
15.7200    7.2529    

# Frame389

# x        y
12.9110    16.3588   
14.1125    6.0714    
1.0050     13.6855   
13.9738    29.1924   
11.2096    31.2651   
15.7200    7.2529    

# Frame390

# x        y
12.9106    16.3581   
14.1125    6.0714    
1.0050     13.6855   
13.9738    29.1924   
11.2096    31.2651   
15.7200    7.2529    

# Frame391

# x        y
12.9102    16.3574   
14.1125    6.0714    
1.0050     13.6855   
13.9738    29.1924   
11.2096    31.2651   
15.7200    7.2529    

# Frame392

# x        y
12.9098    16.3567   
14.1125    6.0714    
1.0050     13.6855   
13.9738    29.1924   
11.2096    31.2651   
15.7200    7.2529    

# Frame393

# x        y
12.9094    16.3560   
14.1125    6.0714    
1.0050     13.6855   
13.9738    29.1924   
11.2096    31.2651   
15.7200    7.2529    

# Frame394

# x        y
12.9091    16.3553   
14.1125    6.0714    
1.0050     13.6855   
13.9738    29.1924   
11.2096    31.2651   
15.7200    7.2529    

# Frame395

# x        y
12.9087    16.3546   
14.1125    6.0714    
1.0050     13.6855   
13.9738    29.1924   
11.2096    31.2651   
15.7200    7.2529    

# Frame396

# x        y
12.9083    16.3540   
14.1125    6.0714    
1.0050     13.6855   
13.9738    29.1924   
11.2096    31.2651   
15.7200    7.2529    

# Frame397

# x        y
12.9080    16.3533   
14.1125    6.0714    
1.0050     13.6855   
13.9738    29.1924   
11.2096    31.2651   
15.7200    7.2529    

# Frame398

# x        y
12.9076    16.3527   
14.1125    6.0714    
1.0050     13.6855   
13.9738    29.1924   
11.2096    31.2651   
15.7200    7.2529    

# Frame399

# x        y
12.9073    16.3521   
14.1125    6.0714    
1.0050     13.6855   
13.9738    29.1924   
11.2096    31.2651   
15.7200    7.2529    

# Frame400

# x        y
12.9069    16.3515   
14.1125    6.0714    
1.0050     13.6855   
13.9738    29.1924   
11.2096    31.2651   
15.7200    7.2529    

# Frame401

# x        y
12.9066    16.3509   
14.1125    6.0714    
1.0050     13.6855   
13.9738    29.1924   
11.2096    31.2651   
15.7200    7.2529    

# Frame402

# x        y
12.9063    16.3503   
14.1125    6.0714    
1.0050     13.6855   
13.9738    29.1924   
11.2096    31.2651   
15.7200    7.2529    

# Frame403

# x        y
12.9059    16.3497   
14.1125    6.0714    
1.0050     13.6855   
13.9738    29.1924   
11.2096    31.2651   
15.7200    7.2529    

# Frame404

# x        y
12.9056    16.3491   
14.1125    6.0714    
1.0050     13.6855   
13.9738    29.1924   
11.2096    31.2651   
15.7200    7.2529    

# Frame405

# x        y
12.9053    16.3485   
14.1125    6.0714    
1.0050     13.6855   
13.9738    29.1924   
11.2096    31.2651   
15.7200    7.2529    

# Frame406

# x        y
12.9050    16.3480   
14.1125    6.0714    
1.0050     13.6855   
13.9738    29.1924   
11.2096    31.2651   
15.7200    7.2529    

# Frame407

# x        y
12.9047    16.3474   
14.1125    6.0714    
1.0050     13.6855   
13.9738    29.1924   
11.2096    31.2651   
15.7200    7.2529    

# Frame408

# x        y
12.9044    16.3469   
14.1125    6.0714    
1.0050     13.6855   
13.9738    29.1924   
11.2096    31.2651   
15.7200    7.2529    

# Frame409

# x        y
12.9041    16.3464   
14.1125    6.0714    
1.0050     13.6855   
13.9738    29.1924   
11.2096    31.2651   
15.7200    7.2529    

# Frame410

# x        y
12.9038    16.3458   
14.1125    6.0714    
1.0050     13.6855   
13.9738    29.1924   
11.2096    31.2651   
15.7200    7.2529    

# Frame411

# x        y
12.9035    16.3453   
14.1125    6.0714    
1.0050     13.6855   
13.9738    29.1924   
11.2096    31.2651   
15.7200    7.2529    

# Frame412

# x        y
12.9032    16.3448   
14.1125    6.0714    
1.0050     13.6855   
13.9738    29.1924   
11.2096    31.2651   
15.7200    7.2529    

# Frame413

# x        y
12.9030    16.3443   
14.1125    6.0714    
1.0050     13.6855   
13.9738    29.1924   
11.2096    31.2651   
15.7200    7.2529    

# Frame414

# x        y
12.9027    16.3439   
14.1125    6.0714    
1.0050     13.6855   
13.9738    29.1924   
11.2096    31.2651   
15.7200    7.2529    

# Frame415

# x        y
12.9024    16.3434   
14.1125    6.0714    
1.0050     13.6855   
13.9738    29.1924   
11.2096    31.2651   
15.7200    7.2529    

# Frame416

# x        y
12.9022    16.3429   
14.1125    6.0714    
1.0050     13.6855   
13.9738    29.1924   
11.2096    31.2651   
15.7200    7.2529    

# Frame417

# x        y
12.9019    16.3424   
14.1125    6.0714    
1.0050     13.6855   
13.9738    29.1924   
11.2096    31.2651   
15.7200    7.2529    

# Frame418

# x        y
12.9017    16.3420   
14.1125    6.0714    
1.0050     13.6855   
13.9738    29.1924   
11.2096    31.2651   
15.7200    7.2529    

# Frame419

# x        y
12.9014    16.3415   
14.1125    6.0714    
1.0050     13.6855   
13.9738    29.1924   
11.2096    31.2651   
15.7200    7.2529    

# Frame420

# x        y
12.9012    16.3411   
14.1125    6.0714    
1.0050     13.6855   
13.9738    29.1924   
11.2096    31.2651   
15.7200    7.2529    

# Frame421

# x        y
12.9009    16.3407   
14.1125    6.0714    
1.0050     13.6855   
13.9738    29.1924   
11.2096    31.2651   
15.7200    7.2529    

# Frame422

# x        y
12.9007    16.3403   
14.1125    6.0714    
1.0050     13.6855   
13.9738    29.1924   
11.2096    31.2651   
15.7200    7.2529    

# Frame423

# x        y
12.9005    16.3398   
14.1125    6.0714    
1.0050     13.6855   
13.9738    29.1924   
11.2096    31.2651   
15.7200    7.2529    

# Frame424

# x        y
12.9002    16.3394   
14.1125    6.0714    
1.0050     13.6855   
13.9738    29.1924   
11.2096    31.2651   
15.7200    7.2529    

# Frame425

# x        y
12.9000    16.3390   
14.1125    6.0714    
1.0050     13.6855   
13.9738    29.1924   
11.2096    31.2651   
15.7200    7.2529    

# Frame426

# x        y
12.8998    16.3386   
14.1125    6.0714    
1.0050     13.6855   
13.9738    29.1924   
11.2096    31.2651   
15.7200    7.2529    

# Frame427

# x        y
12.8996    16.3382   
14.1125    6.0714    
1.0050     13.6855   
13.9738    29.1924   
11.2096    31.2651   
15.7200    7.2529    

# Frame428

# x        y
12.8994    16.3378   
14.1125    6.0714    
1.0050     13.6855   
13.9738    29.1924   
11.2096    31.2651   
15.7200    7.2529    

# Frame429

# x        y
12.8992    16.3375   
14.1125    6.0714    
1.0050     13.6855   
13.9738    29.1924   
11.2096    31.2651   
15.7200    7.2529    

# Frame430

# x        y
12.8989    16.3371   
14.1125    6.0714    
1.0050     13.6855   
13.9738    29.1924   
11.2096    31.2651   
15.7200    7.2529    

# Frame431

# x        y
12.8987    16.3367   
14.1125    6.0714    
1.0050     13.6855   
13.9738    29.1924   
11.2096    31.2651   
15.7200    7.2529    

# Frame432

# x        y
12.8985    16.3364   
14.1125    6.0714    
1.0050     13.6855   
13.9738    29.1924   
11.2096    31.2651   
15.7200    7.2529    

# Frame433

# x        y
12.8983    16.3360   
14.1125    6.0714    
1.0050     13.6855   
13.9738    29.1924   
11.2096    31.2651   
15.7200    7.2529    

# Frame434

# x        y
12.8982    16.3357   
14.1125    6.0714    
1.0050     13.6855   
13.9738    29.1924   
11.2096    31.2651   
15.7200    7.2529    

# Frame435

# x        y
12.8980    16.3353   
14.1125    6.0714    
1.0050     13.6855   
13.9738    29.1924   
11.2096    31.2651   
15.7200    7.2529    

# Frame436

# x        y
12.8978    16.3350   
14.1125    6.0714    
1.0050     13.6855   
13.9738    29.1924   
11.2096    31.2651   
15.7200    7.2529    

# Frame437

# x        y
12.8976    16.3347   
14.1125    6.0714    
1.0050     13.6855   
13.9738    29.1924   
11.2096    31.2651   
15.7200    7.2529    

# Frame438

# x        y
12.8974    16.3343   
14.1125    6.0714    
1.0050     13.6855   
13.9738    29.1924   
11.2096    31.2651   
15.7200    7.2529    

# Frame439

# x        y
12.8972    16.3340   
14.1125    6.0714    
1.0050     13.6855   
13.9738    29.1924   
11.2096    31.2651   
15.7200    7.2529    

# Frame440

# x        y
12.8971    16.3337   
14.1125    6.0714    
1.0050     13.6855   
13.9738    29.1924   
11.2096    31.2651   
15.7200    7.2529    

# Frame441

# x        y
12.8969    16.3334   
14.1125    6.0714    
1.0050     13.6855   
13.9738    29.1924   
11.2096    31.2651   
15.7200    7.2529    

# Frame442

# x        y
12.8967    16.3331   
14.1125    6.0714    
1.0050     13.6855   
13.9738    29.1924   
11.2096    31.2651   
15.7200    7.2529    

# Frame443

# x        y
12.8966    16.3328   
14.1125    6.0714    
1.0050     13.6855   
13.9738    29.1924   
11.2096    31.2651   
15.7200    7.2529    

# Frame444

# x        y
12.8964    16.3325   
14.1125    6.0714    
1.0050     13.6855   
13.9738    29.1924   
11.2096    31.2651   
15.7200    7.2529    

# Frame445

# x        y
12.8962    16.3322   
14.1125    6.0714    
1.0050     13.6855   
13.9738    29.1924   
11.2096    31.2651   
15.7200    7.2529    

# Frame446

# x        y
12.8961    16.3319   
14.1125    6.0714    
1.0050     13.6855   
13.9738    29.1924   
11.2096    31.2651   
15.7200    7.2529    

# Frame447

# x        y
12.8959    16.3317   
14.1125    6.0714    
1.0050     13.6855   
13.9738    29.1924   
11.2096    31.2651   
15.7200    7.2529    

# Frame448

# x        y
12.8958    16.3314   
14.1125    6.0714    
1.0050     13.6855   
13.9738    29.1924   
11.2096    31.2651   
15.7200    7.2529    

# Frame449

# x        y
12.8956    16.3311   
14.1125    6.0714    
1.0050     13.6855   
13.9738    29.1924   
11.2096    31.2651   
15.7200    7.2529    

# Frame450

# x        y
12.8955    16.3308   
14.1125    6.0714    
1.0050     13.6855   
13.9738    29.1924   
11.2096    31.2651   
15.7200    7.2529    

# Frame451

# x        y
12.8953    16.3306   
14.1125    6.0714    
1.0050     13.6855   
13.9738    29.1924   
11.2096    31.2651   
15.7200    7.2529    

# Frame452

# x        y
12.8952    16.3303   
14.1125    6.0714    
1.0050     13.6855   
13.9738    29.1924   
11.2096    31.2651   
15.7200    7.2529    

# Frame453

# x        y
12.8950    16.3301   
14.1125    6.0714    
1.0050     13.6855   
13.9738    29.1924   
11.2096    31.2651   
15.7200    7.2529    

# Frame454

# x        y
12.8949    16.3298   
14.1125    6.0714    
1.0050     13.6855   
13.9738    29.1924   
11.2096    31.2651   
15.7200    7.2529    

# Frame455

# x        y
12.8948    16.3296   
14.1125    6.0714    
1.0050     13.6855   
13.9738    29.1924   
11.2096    31.2651   
15.7200    7.2529    

# Frame456

# x        y
12.8946    16.3293   
14.1125    6.0714    
1.0050     13.6855   
13.9738    29.1924   
11.2096    31.2651   
15.7200    7.2529    

# Frame457

# x        y
12.8945    16.3291   
14.1125    6.0714    
1.0050     13.6855   
13.9738    29.1924   
11.2096    31.2651   
15.7200    7.2529    

# Frame458

# x        y
12.8944    16.3289   
14.1125    6.0714    
1.0050     13.6855   
13.9738    29.1924   
11.2096    31.2651   
15.7200    7.2529    

# Frame459

# x        y
12.8943    16.3286   
14.1125    6.0714    
1.0050     13.6855   
13.9738    29.1924   
11.2096    31.2651   
15.7200    7.2529    

# Frame460

# x        y
12.8941    16.3284   
14.1125    6.0714    
1.0050     13.6855   
13.9738    29.1924   
11.2096    31.2651   
15.7200    7.2529    

# Frame461

# x        y
12.8940    16.3282   
14.1125    6.0714    
1.0050     13.6855   
13.9738    29.1924   
11.2096    31.2651   
15.7200    7.2529    

# Frame462

# x        y
12.8939    16.3280   
14.1125    6.0714    
1.0050     13.6855   
13.9738    29.1924   
11.2096    31.2651   
15.7200    7.2529    

# Frame463

# x        y
12.8938    16.3278   
14.1125    6.0714    
1.0050     13.6855   
13.9738    29.1924   
11.2096    31.2651   
15.7200    7.2529    

# Frame464

# x        y
12.8937    16.3276   
14.1125    6.0714    
1.0050     13.6855   
13.9738    29.1924   
11.2096    31.2651   
15.7200    7.2529    

# Frame465

# x        y
12.8935    16.3274   
14.1125    6.0714    
1.0050     13.6855   
13.9738    29.1924   
11.2096    31.2651   
15.7200    7.2529    

# Frame466

# x        y
12.8934    16.3272   
14.1125    6.0714    
1.0050     13.6855   
13.9738    29.1924   
11.2096    31.2651   
15.7200    7.2529    

# Frame467

# x        y
12.8933    16.3270   
14.1125    6.0714    
1.0050     13.6855   
13.9738    29.1924   
11.2096    31.2651   
15.7200    7.2529    

# Frame468

# x        y
12.8932    16.3268   
14.1125    6.0714    
1.0050     13.6855   
13.9738    29.1924   
11.2096    31.2651   
15.7200    7.2529    

# Frame469

# x        y
12.8931    16.3266   
14.1125    6.0714    
1.0050     13.6855   
13.9738    29.1924   
11.2096    31.2651   
15.7200    7.2529    

# Frame470

# x        y
12.8930    16.3264   
14.1125    6.0714    
1.0050     13.6855   
13.9738    29.1924   
11.2096    31.2651   
15.7200    7.2529    

# Frame471

# x        y
12.8929    16.3262   
14.1125    6.0714    
1.0050     13.6855   
13.9738    29.1924   
11.2096    31.2651   
15.7200    7.2529    

# Frame472

# x        y
12.8928    16.3260   
14.1125    6.0714    
1.0050     13.6855   
13.9738    29.1924   
11.2096    31.2651   
15.7200    7.2529    

# Frame473

# x        y
12.8927    16.3258   
14.1125    6.0714    
1.0050     13.6855   
13.9738    29.1924   
11.2096    31.2651   
15.7200    7.2529    

# Frame474

# x        y
12.8926    16.3256   
14.1125    6.0714    
1.0050     13.6855   
13.9738    29.1924   
11.2096    31.2651   
15.7200    7.2529    

# Frame475

# x        y
12.8925    16.3255   
14.1125    6.0714    
1.0050     13.6855   
13.9738    29.1924   
11.2096    31.2651   
15.7200    7.2529    

# Frame476

# x        y
12.8924    16.3253   
14.1125    6.0714    
1.0050     13.6855   
13.9738    29.1924   
11.2096    31.2651   
15.7200    7.2529    

# Frame477

# x        y
12.8923    16.3251   
14.1125    6.0714    
1.0050     13.6855   
13.9738    29.1924   
11.2096    31.2651   
15.7200    7.2529    

# Frame478

# x        y
12.8922    16.3250   
14.1125    6.0714    
1.0050     13.6855   
13.9738    29.1924   
11.2096    31.2651   
15.7200    7.2529    

# Frame479

# x        y
12.8921    16.3248   
14.1125    6.0714    
1.0050     13.6855   
13.9738    29.1924   
11.2096    31.2651   
15.7200    7.2529    

# Frame480

# x        y
12.8920    16.3246   
14.1125    6.0714    
1.0050     13.6855   
13.9738    29.1924   
11.2096    31.2651   
15.7200    7.2529    

# Frame481

# x        y
12.8919    16.3245   
14.1125    6.0714    
1.0050     13.6855   
13.9738    29.1924   
11.2096    31.2651   
15.7200    7.2529    

# Frame482

# x        y
12.8919    16.3243   
14.1125    6.0714    
1.0050     13.6855   
13.9738    29.1924   
11.2096    31.2651   
15.7200    7.2529    

# Frame483

# x        y
12.8918    16.3242   
14.1125    6.0714    
1.0050     13.6855   
13.9738    29.1924   
11.2096    31.2651   
15.7200    7.2529    

# Frame484

# x        y
12.8917    16.3240   
14.1125    6.0714    
1.0050     13.6855   
13.9738    29.1924   
11.2096    31.2651   
15.7200    7.2529    

# Frame485

# x        y
12.8916    16.3239   
14.1125    6.0714    
1.0050     13.6855   
13.9738    29.1924   
11.2096    31.2651   
15.7200    7.2529    

# Frame486

# x        y
12.8915    16.3237   
14.1125    6.0714    
1.0050     13.6855   
13.9738    29.1924   
11.2096    31.2651   
15.7200    7.2529    

# Frame487

# x        y
12.8915    16.3236   
14.1125    6.0714    
1.0050     13.6855   
13.9738    29.1924   
11.2096    31.2651   
15.7200    7.2529    

# Frame488

# x        y
12.8914    16.3235   
14.1125    6.0714    
1.0050     13.6855   
13.9738    29.1924   
11.2096    31.2651   
15.7200    7.2529    

# Frame489

# x        y
12.8913    16.3233   
14.1125    6.0714    
1.0050     13.6855   
13.9738    29.1924   
11.2096    31.2651   
15.7200    7.2529    

# Frame490

# x        y
12.8912    16.3232   
14.1125    6.0714    
1.0050     13.6855   
13.9738    29.1924   
11.2096    31.2651   
15.7200    7.2529    

# Frame491

# x        y
12.8911    16.3230   
14.1125    6.0714    
1.0050     13.6855   
13.9738    29.1924   
11.2096    31.2651   
15.7200    7.2529    

# Frame492

# x        y
12.8911    16.3229   
14.1125    6.0714    
1.0050     13.6855   
13.9738    29.1924   
11.2096    31.2651   
15.7200    7.2529    

# Frame493

# x        y
12.8910    16.3228   
14.1125    6.0714    
1.0050     13.6855   
13.9738    29.1924   
11.2096    31.2651   
15.7200    7.2529    

# Frame494

# x        y
12.8909    16.3227   
14.1125    6.0714    
1.0050     13.6855   
13.9738    29.1924   
11.2096    31.2651   
15.7200    7.2529    

# Frame495

# x        y
12.8909    16.3225   
14.1125    6.0714    
1.0050     13.6855   
13.9738    29.1924   
11.2096    31.2651   
15.7200    7.2529    

# Frame496

# x        y
12.8908    16.3224   
14.1125    6.0714    
1.0050     13.6855   
13.9738    29.1924   
11.2096    31.2651   
15.7200    7.2529    

# Frame497

# x        y
12.8907    16.3223   
14.1125    6.0714    
1.0050     13.6855   
13.9738    29.1924   
11.2096    31.2651   
15.7200    7.2529    

# Frame498

# x        y
12.8907    16.3222   
14.1125    6.0714    
1.0050     13.6855   
13.9738    29.1924   
11.2096    31.2651   
15.7200    7.2529    

# Frame499

# x        y
12.8906    16.3221   
14.1125    6.0714    
1.0050     13.6855   
13.9738    29.1924   
11.2096    31.2651   
15.7200    7.2529    

# Frame500

# x        y
12.8905    16.3219   
14.1125    6.0714    
1.0050     13.6855   
13.9738    29.1924   
11.2096    31.2651   
15.7200    7.2529    

# Frame501

# x        y
12.8905    16.3218   
14.1125    6.0714    
1.0050     13.6855   
13.9738    29.1924   
11.2096    31.2651   
15.7200    7.2529    

# Frame502

# x        y
12.8904    16.3217   
14.1125    6.0714    
1.0050     13.6855   
13.9738    29.1924   
11.2096    31.2651   
15.7200    7.2529    

# Frame503

# x        y
12.8904    16.3216   
14.1125    6.0714    
1.0050     13.6855   
13.9738    29.1924   
11.2096    31.2651   
15.7200    7.2529    

# Frame504

# x        y
12.8903    16.3215   
14.1125    6.0714    
1.0050     13.6855   
13.9738    29.1924   
11.2096    31.2651   
15.7200    7.2529    

# Frame505

# x        y
12.8902    16.3214   
14.1125    6.0714    
1.0050     13.6855   
13.9738    29.1924   
11.2096    31.2651   
15.7200    7.2529    

# Frame506

# x        y
12.8902    16.3213   
14.1125    6.0714    
1.0050     13.6855   
13.9738    29.1924   
11.2096    31.2651   
15.7200    7.2529    

# Frame507

# x        y
12.8901    16.3212   
14.1125    6.0714    
1.0050     13.6855   
13.9738    29.1924   
11.2096    31.2651   
15.7200    7.2529    

# Frame508

# x        y
12.8901    16.3211   
14.1125    6.0714    
1.0050     13.6855   
13.9738    29.1924   
11.2096    31.2651   
15.7200    7.2529    

# Frame509

# x        y
12.8900    16.3210   
14.1125    6.0714    
1.0050     13.6855   
13.9738    29.1924   
11.2096    31.2651   
15.7200    7.2529    

# Frame510

# x        y
12.8900    16.3209   
14.1125    6.0714    
1.0050     13.6855   
13.9738    29.1924   
11.2096    31.2651   
15.7200    7.2529    

# Frame511

# x        y
12.8899    16.3208   
14.1125    6.0714    
1.0050     13.6855   
13.9738    29.1924   
11.2096    31.2651   
15.7200    7.2529    

# Frame512

# x        y
12.8899    16.3207   
14.1125    6.0714    
1.0050     13.6855   
13.9738    29.1924   
11.2096    31.2651   
15.7200    7.2529    

# Frame513

# x        y
12.8898    16.3206   
14.1125    6.0714    
1.0050     13.6855   
13.9738    29.1924   
11.2096    31.2651   
15.7200    7.2529    

# Frame514

# x        y
12.8898    16.3205   
14.1125    6.0714    
1.0050     13.6855   
13.9738    29.1924   
11.2096    31.2651   
15.7200    7.2529    

# Frame515

# x        y
12.8897    16.3204   
14.1125    6.0714    
1.0050     13.6855   
13.9738    29.1924   
11.2096    31.2651   
15.7200    7.2529    

# Frame516

